165,8519,10117,10958,16514,133341,9840,14550,104332,18819,7812,10700,9520,156867,146571,63506,115159,0,10380,10639,10852,85490,88454,100833,85439,13922,19061,11356,19963,113283,78876,93105,86704,9661,12907,11880,9821,112724,83314,59991,66723,12058,16099,11904,11792,97847,101733,90549,87071,16163,9494,11136,9495,112685,90899,70512,90620,7072,10691,8284,0,104759,91783,102485,83017,
166,9616,11083,13642,26321,139050,16158,25600,103699,38367,8987,14638,10466,163466,142881,97755,129755,0,10328,12691,11019,91906,104371,108625,93553,15611,39007,12190,41082,122560,95187,103054,96025,10702,21117,16036,10387,121596,99590,80548,69885,14002,30018,12198,13659,108806,109086,100082,92143,21212,10722,16825,10604,126066,115282,103641,93766,8001,12206,9312,0,115524,107053,110590,86722,
167,10851,13489,21898,48990,134453,27523,41750,109688,62341,9979,25907,12733,153122,135059,113451,120704,0,11111,20414,11737,98210,111484,116448,100235,23820,64932,17331,66017,129637,102157,109161,101122,12007,38835,28457,12291,129012,107286,90244,73448,21053,53572,14533,20878,114932,115346,105842,97224,35284,13089,31053,11607,122063,121921,134869,105250,9080,15948,10375,0,118150,110892,116031,90597,
168,16549,21713,42055,78942,140883,45856,60817,136157,80691,14806,48172,21754,160509,142869,105097,123556,0,16600,39800,16662,104883,118681,125915,107351,45891,99312,32985,94058,139334,107400,116521,108504,17629,63799,52752,20229,139228,114895,97927,79310,39638,79460,25240,40212,122502,125287,113129,111844,66499,22249,54921,15013,126383,121104,148522,152911,12658,28578,12497,0,124114,116462,125441,98420,
169,31489,42462,67153,102646,173796,64736,85963,254522,90917,28228,69543,41563,186924,168375,105914,135591,0,31736,66454,31226,116524,129358,154383,122162,78734,129626,56963,121551,164119,117748,131877,125895,33219,83690,76207,38537,157270,124459,105616,102381,65978,105581,46535,66489,135321,150621,124839,178891,98874,42539,75439,27051,141932,129016,144940,325130,24836,52605,20090,0,142920,125704,151774,126177,
170,59357,74711,90581,114653,346190,95522,156597,656944,98714,53565,86958,68203,341542,313701,121949,192265,0,65206,104949,62462,180408,171045,298590,201553,130617,125872,94437,120325,299368,155343,207187,217010,63779,98138,102043,66594,248155,154354,120981,228373,99932,116761,79865,102422,196217,295730,178083,441141,119718,69720,88070,56346,225590,178066,157417,735726,48642,79133,44471,0,240618,168815,285897,260536,
171,80569,95089,96700,120788,786277,184021,311012,1355558,106193,69642,93196,82648,815937,787852,195257,435446,0,100919,108486,99370,398080,340670,658278,453100,142393,117909,120273,115145,671122,317528,467226,495057,86174,100408,108153,91860,557251,295870,195615,518932,117557,111585,112995,122874,424413,681382,390422,867216,129372,83685,91644,80916,508020,371157,217695,1228767,64692,90710,68655,0,537757,339079,627688,562346,
172,91004,102673,102630,131496,1476561,347804,488335,1822655,117769,81344,99675,90863,1674358,1630830,451089,1017447,0,109285,99863,121483,763822,708479,1078208,818358,128050,124045,113645,124441,1165075,669321,894434,895941,100451,107102,108971,102239,1020436,644784,429673,797773,114614,116447,121411,116859,845230,1134768,803928,1169448,140902,90380,99669,96478,1014297,760150,428338,1463910,74214,98918,85374,0,1008706,702551,1080136,911118,
173,94182,108428,111486,154664,1988273,520641,677285,1616109,150108,84953,110123,96565,2308073,2123526,1123379,1845092,0,100343,103711,112304,1162936,1199875,1355063,1177345,128447,153758,109449,159995,1491479,1140411,1308245,1235296,105545,122210,117081,98806,1364495,1115435,855844,926688,117819,137607,114583,115752,1302683,1331966,1255510,1215811,157212,96868,109388,101728,1720524,1393713,957861,1312117,79264,106486,92662,0,1544904,1253883,1444055,1168724,
174,104082,127010,141806,292865,1873497,813308,1231592,1491871,334897,94583,147045,109932,2112494,1934708,1900289,1895821,0,104086,137178,112706,1381267,1538940,1511713,1328898,161009,349161,126806,366855,1547120,1376779,1442608,1348994,118008,208759,155791,107779,1548046,1449982,1308208,1118312,146683,268291,125143,142573,1487644,1447107,1519491,1359726,230992,110928,162392,112478,1900366,1847564,1908304,1328835,87759,129873,101812,0,1673813,1686627,1527140,1297171,
175,135824,218052,288402,683112,74084698,69006624,72508178,102297689,742095,129734,320282,175544,91204035,93333369,137901547,82228023,0,141222,296955,143656,73970006,77409781,92635742,102419460,333077,885615,230468,883516,77633578,61965272,70726404,78155774,176318,508471,342157,166224,106909758,107107823,117352724,126664812,303466,648040,202392,281780,83035253,113418423,138764057,126971882,513512,168170,368121,138834,71278215,65268953,73990956,86801165,104021,225879,116161,0,78424757,73942999,119629861,93787337,
176,356656,647708,791174,1343552,214100956,173748354,172695020,230339478,1226473,360652,824183,509122,216239985,228222281,258947609,214843320,52,406307,925394,376469,188498361,204336878,222103565,263663404,1047652,1820104,696861,1717688,195997770,120211417,182563609,202115486,508278,1103853,883926,478761,214452583,219421072,234151103,257551356,830906,1369908,592741,817033,181864751,247665385,282576406,266865238,1210175,478629,908596,333735,202816957,158088168,182371003,224321247,226758,628391,218078,0,204531306,192666267,237609708,228806516,
177,751275,1202973,1268071,1691370,292047264,241146011,255144812,292087071,1481226,723076,1250968,935866,273217827,283598502,242557976,254196788,1776,1023088,1536220,908520,220794622,221800352,224189697,260320395,1804364,2005609,1363888,1852963,211929097,193639226,187322866,194112573,972920,1510924,1391839,929213,168498985,166656002,173764958,179602080,1384357,1727583,1158959,1474521,189202440,175817087,196274147,215346598,1626824,917143,1263146,741658,285262065,248019961,247849922,293157641,537350,1055623,528917,0,262563961,254516402,255416582,245251226,
178,1937265,2394039,2271458,2729601,303900569,289754645,322223087,336409161,2952729,1944456,2263934,2128151,330510427,337531780,281204651,290938186,1684234,3143557,2643206,2541072,213329018,210984956,221588434,302790545,2950532,2721474,2529604,2744980,224896707,190729486,177710981,192048639,2553077,2748620,2576284,2158719,161126777,158648025,162833741,167457377,2576133,2647580,2441813,2715809,206623781,166334646,181401123,203739039,3087713,2026454,2135805,1872246,333600813,276105115,278689663,325947365,2216714,2528975,1790008,0,280837010,278505994,264099593,291244696,
179,164260399,156190098,152591660,158930192,376310676,322519974,354836273,378521620,243421246,291910280,146423998,174836101,392665059,392705855,334797463,336231461,383738911,316159126,233644636,170741543,207699453,242232977,211135511,286459022,212736906,191680112,149992874,180902321,249477926,186828313,184863141,196865794,233933014,192083930,185277317,165967481,160423729,156226820,160188228,169216726,170976084,170460131,160412009,196065706,233466235,163582197,174331876,187568992,325893945,208620443,187430498,139049149,360654611,309602097,300508661,335663074,287649065,282419338,232112491,0,303202616,264266583,266111495,273088635,
180,174185321,173731607,174227586,177632158,404503199,330711288,386130802,427899627,248412494,197790020,163973402,188143097,442674462,452022782,399245758,379533014,349447817,289607648,233442161,174495676,216479480,216104909,212180133,293867670,212164797,215440780,161275254,205891409,212274800,195075181,185029849,199201383,231593851,216117961,197315474,172324608,159139927,157290486,162089376,166477432,175714512,180501436,174723493,212644813,344104921,163203373,170292985,179296783,333907417,223527223,200136609,150061118,380081399,330524276,312811005,349865402,284564527,283075061,261654214,0,316208902,285305786,237332851,247850007,
181,179204208,184833903,178917826,184002938,409903092,338924721,383100389,473067710,154790376,180790685,170940518,160617709,511909467,529367706,509000525,425305755,304460222,257857475,228915748,174444666,202545355,207720989,203535178,272487829,214476584,223158896,184920164,216437090,189499227,193261009,182428225,198197826,229849632,223159728,245248096,204096451,164143077,160673571,164893196,167299218,204476415,211723994,212432805,229371925,221216839,165183883,170139553,173499953,235819133,192668280,187753504,232122496,377402966,347904312,296880524,371632797,218865193,222434047,215102459,0,320123423,291446299,284967198,230165157,
182,186204348,194425513,268417095,182573068,424760126,345741690,395562288,500316983,209318571,201246553,209719543,195711674,576738147,601654346,624661547,539035150,293541022,267534094,273140140,192805455,185646146,180649267,230421139,257159867,254398481,275908933,245445165,258893073,186540570,176301421,170319487,180832297,255682367,249573941,308854768,259069015,158184683,156652621,158718541,161896141,256704729,258851394,267692013,264130541,172849497,159589361,161402657,165401454,185617816,183754268,178457491,195556431,361358540,361751130,316966280,369591016,186264640,183618098,185578323,0,317452685,297698613,239972959,217627144,
183,217138320,199293295,174370639,182412977,347046515,341542173,390103370,501010355,221139807,209629409,179903111,174366872,587199804,614557722,652357314,586796377,317851628,287030697,271684531,231226604,167893294,169369972,192393699,235035916,293519813,348777586,282502251,281350731,162542717,160191194,158569228,174731720,279689862,264232423,346229760,287384142,154619048,153729361,154585734,156297363,148242958,221134196,303116775,291029943,159073600,156750727,154862998,158705052,154203409,170014681,172209437,201483425,335109250,364926343,327424361,336734736,172052381,170278089,182507479,0,304690200,283740975,222452893,208469476,
184,169002121,205722581,171213280,187999858,393547860,336371667,392374865,487586318,211438569,298288280,181193115,172149165,560973814,591247345,630424493,575917382,345643996,316634388,314292063,264443709,159885135,162856803,185734049,221554532,338500617,370385657,315702638,335982291,156652640,156630230,155199129,163648461,298885340,397200661,372565838,312097489,153575046,153042303,153963530,156012283,308179013,297534051,427038143,316463594,156409078,126897478,154214996,158080799,162469461,160583399,164247441,346031496,318017467,347914479,326747806,321254573,162215055,161006894,180765597,0,292948907,280026874,212769779,199972585,
185,180569933,211384091,168832941,189065391,387046936,343665920,425984700,488699036,173625158,214494601,174148792,170384936,545978564,576244032,618439923,577316052,368748606,347888133,355110420,296895228,158674974,161722164,179951698,209349985,376547421,397012889,330265158,351447675,155978785,155653356,153868325,162558909,304372164,274839511,393805013,309884155,152835874,152472831,152419437,155221919,310422662,307688023,348468644,329961171,153882795,162253986,153295666,160662006,160641879,160012675,164078842,214340354,312667193,336932713,324820600,310934256,161929293,159625612,182383120,0,281156256,257446144,207971224,197899899,
186,179561406,220226988,171861284,174052328,391762614,377969922,459682909,494682736,202032291,217513874,168962198,168771069,544036265,575834459,611276120,600560187,414302973,388208689,412055965,334638908,157602699,161929297,172683261,205840104,417317536,412072594,336611740,350263025,154627453,155352925,153017578,161909689,299267123,268020709,399073746,327173253,152639437,152236006,152651772,153404780,319433215,315232363,363195539,338080589,153449434,168697510,153126628,157672377,160996923,160345702,161242361,203714556,315117629,327768527,313347303,338804036,162727748,294292674,177592386,0,269834006,263799228,207821812,204215993,
187,186673926,219255513,178373649,172927230,442152544,427687181,466997048,490262657,201133734,191063190,182802509,164612685,544332956,567870481,587022091,598032799,452499056,422910307,451951038,370734047,155954139,160425260,170048928,205286570,450754374,418390919,337477008,347818107,154082179,154752869,152673668,161759729,302160121,264215339,386004900,329993552,151490779,151765960,151943700,152053303,324057247,322666568,369365297,346294009,152894315,170353865,152733978,155839281,160173736,159930261,162863450,201528859,330999020,322283845,356858259,323170643,160366386,159392722,168854839,0,261498985,247531441,209053619,206974424,
188,175428185,211422867,174913572,171981600,456657740,440184543,444358041,460397617,144437736,194249719,172442696,163735408,504977535,514560205,529940741,551001478,464252707,444716528,452543813,400482776,146940000,150073545,159096371,221015441,457189246,415059970,335787732,348272424,145148700,146530223,145335846,153878220,291094262,269761243,426866094,369484661,144906626,144334429,144515176,144658023,339886234,335791626,364900673,365958618,146168204,158443130,145472802,146140646,156991014,157807299,160318320,192891094,335299086,327029560,308618421,315093720,155574209,155897616,163755429,0,245040245,231742089,196371262,195342615,
189,169582200,209651081,172618570,163460592,283367139,249960813,240872796,251360462,201820489,175606877,167109288,161690901,270579802,273565515,281298383,298050403,476240010,462106734,464070248,416509722,81512567,82415991,88678507,106289177,461161584,435851066,342257252,356560416,82049120,81642183,81059894,84876620,286292435,304968211,391244750,342919264,80851227,80523818,80578239,80510199,346880620,340040958,360843341,373308789,81581103,86040164,81112511,81542529,156512145,157421599,159158000,185012995,207666554,189538496,159362354,181273396,155996583,155550426,162720762,0,135874445,127742243,107437846,106373565,
190,160492437,199643601,160794120,154782123,37185557,32600342,31561564,30207050,169128766,166377802,155690417,278467374,32155683,32206816,33064526,35198859,450686688,433509581,456144543,412853680,10629852,10783971,11453217,13373423,434489489,424640907,340785346,345024517,10931960,10612009,10635643,10856020,254544901,230418165,354654103,298051722,10693679,10604120,10485603,10292658,307375236,302078070,326619298,330846079,10737573,11052526,10656933,10550890,145139976,145742429,147501260,186680257,26222852,25075967,22134876,23253064,143884982,142831182,150250086,0,17488340,16100194,13555296,13246016,
191,76903210,96629572,77488212,73863930,1728506,3808750,3761030,1722904,81634436,77434576,74196339,72565853,2002421,1863655,1662917,1877552,215930858,207776223,216795966,198691852,1377132,1500146,1520515,1371025,214037891,202078026,167709353,167232122,1543715,1345673,1429918,1337187,117968923,113388036,166010421,129765076,1535472,1449313,1321117,1114489,147699617,144283384,155446654,155034114,1486768,1421894,1443079,1357740,69786186,69767655,69654868,90899478,1793616,1682411,1898309,1548352,68997821,68349309,74073562,229896,1582991,1588170,1460231,1328772,
192,3610415,4114826,3580524,4126549,1261629,3164922,2963056,1176449,3831797,3475492,3518925,3402329,1429760,1290915,1065457,1240787,7001949,7883107,7875371,7710226,1197603,1321507,1326918,1141557,7891044,7786353,6835305,6779832,1359297,1162433,1248868,1149147,4811253,4719680,6370451,5542103,1352906,1271164,1137205,934574,6081227,5913808,6257420,6216185,1305649,1229765,1262037,1175342,3696230,3324879,3399977,4135001,1281807,1218332,1465107,1094177,3291037,3341522,3619345,316774,1257878,1295057,1225234,1097806,
193,1356601,1427198,1359260,1459010,1260861,2940768,2395828,1174928,1442647,1238262,1368951,1256055,1428475,1287704,1061852,1240187,438231,1499025,1476382,1585435,1193562,1317717,1326337,1139067,1636436,1657350,1555682,1572095,1359182,1157958,1245781,1149185,1471419,1382045,1549130,1388240,1351030,1268479,1135558,934390,1531397,1515316,1516041,1582885,1300365,1228115,1261269,1174127,1631050,1243923,1304019,1410785,1277085,1215390,1465224,1094001,1246866,1315779,1365026,31566,1257946,1292869,1225861,1100147,
194,1203672,1239899,1208731,1313755,1259365,2269254,1381644,1172319,1277587,1085002,1223755,1115753,1422507,1283954,1060173,1236595,1,1067818,1052014,1181642,1193453,1316389,1322376,1137838,1221562,1242720,1179887,1204282,1356557,1157371,1244319,1145174,1251353,1148341,1236756,1099782,1344808,1264144,1132987,934546,1208595,1209596,1182676,1238370,1294787,1225502,1257340,1171600,1494036,1104752,1165229,1232593,1276263,1212905,1462053,1095533,1104938,1178445,1217182,0,1254055,1292374,1221610,1096224,
195,1199662,1238924,1206089,1312497,1256267,1343665,639635,1174155,1274541,1090233,1222708,1108668,1421103,1282465,1057719,1234893,0,1064663,1051260,1180570,1190597,1311825,1320970,1137912,1218818,1242312,1180468,1202009,1351728,1154356,1240020,1143024,1250708,1146733,1236569,1099805,1342371,1260932,1129363,930790,1207877,1205092,1179039,1235556,1294955,1222878,1255113,1169694,1487140,1103918,1162965,1231837,1276003,1212703,1461159,1091123,1107616,1178254,1216194,0,1252014,1293394,1219462,1096596,
196,1200379,1235814,1204286,1308985,1254193,698101,365542,1172169,1274514,1084053,1218811,1106489,1417928,1277694,1055443,1231694,0,1062674,1050296,1179011,1188628,1311373,1319242,1133476,1215580,1239678,1175036,1200686,1349969,1152319,1237614,1139820,1249183,1143909,1233190,1099610,1339870,1256084,1124696,929688,1204058,1204284,1179082,1233967,1291658,1218473,1251378,1168787,1486102,1104076,1159910,1229577,1274172,1209258,1458596,1092217,1104319,1174659,1216494,0,1251035,1290717,1216267,1094851,
197,1199537,1233361,1203151,1306370,1250489,377611,291505,1169402,1270359,1082207,1216503,1106402,1412363,1274209,1050824,1225042,0,1060681,1048216,1176627,1187003,1306219,1313229,1130958,1217470,1237444,1175543,1196906,1345874,1149032,1232429,1135227,1247268,1142168,1231091,1096839,1334078,1251598,1120184,926687,1201807,1202997,1176979,1230204,1287559,1217859,1246866,1166912,1482300,1100407,1158831,1225168,1268225,1206264,1455048,1089637,1103305,1172295,1213783,0,1246760,1286626,1213029,1094947,
198,1197641,1227866,1197271,1300611,1247702,293077,278233,1167207,1266504,1080128,1212524,1104003,1407089,1267403,1047579,1223818,0,1058053,1044599,1174024,1180437,1297974,1305979,1126586,1210703,1237185,1173236,1196932,1337569,1143873,1230392,1131353,1245266,1139637,1228758,1094893,1330971,1247910,1116763,925119,1201698,1199874,1172074,1230248,1281747,1209561,1242651,1164470,1475790,1098039,1157122,1225357,1266297,1202780,1449318,1085994,1101588,1167838,1211334,0,1242666,1282426,1205560,1093630,
199,1193379,1227005,1197722,1296840,1244813,277125,271233,1164539,1264890,1079633,1212314,1105360,1403718,1268553,1047800,1220486,0,1052359,1042592,1172647,1177401,1296045,1302673,1122349,1207781,1231671,1170064,1190890,1334299,1141442,1223771,1126317,1241501,1137916,1227136,1089260,1325717,1244405,1116875,924771,1198741,1198511,1171871,1226704,1277298,1205911,1237900,1159432,1472583,1093479,1155542,1219945,1259659,1196556,1445702,1082064,1096684,1163903,1208744,0,1237484,1277135,1203800,1091720,
200,1191044,1224242,1191839,1295766,1238754,272019,267146,1161496,1263690,1076195,1209070,1102797,1397042,1262760,1042622,1217141,0,1052171,1037568,1169097,1171774,1292988,1298265,1117948,1205706,1228590,1167193,1189827,1330547,1138599,1220586,1122361,1239002,1134324,1224321,1086354,1323884,1242853,1113606,922289,1196007,1195282,1169896,1225087,1273257,1199896,1236344,1160082,1466002,1091592,1148989,1218071,1257754,1193745,1441870,1080839,1091899,1160279,1200971,0,1234523,1273633,1199957,1088566,
201,1188318,1219965,1188405,1291485,1238774,268240,263652,1159556,1259020,1073643,1205625,1096454,1396506,1259847,1038848,1212580,0,1050847,1034181,1166355,1168314,1287108,1293387,1114027,1203073,1225047,1163990,1181303,1325771,1133203,1216882,1120188,1236868,1130494,1223743,1087640,1318548,1238864,1109883,920885,1189868,1191734,1168398,1220639,1269621,1195568,1231845,1157221,1457889,1086352,1145654,1211587,1253149,1190022,1435496,1079597,1088233,1157122,1196925,0,1227867,1268706,1195914,1085846,
202,1184014,1216074,1186551,1287185,1233413,260619,255422,1157264,1252433,1068848,1202370,1094708,1392211,1255637,1035665,1208012,0,1049023,1032319,1161976,1162047,1283446,1289393,1109370,1197431,1223665,1160996,1182514,1322523,1130970,1210241,1117396,1231748,1128212,1216761,1083466,1310569,1232302,1104436,920474,1184528,1187619,1162146,1217099,1264869,1189477,1228777,1154012,1459388,1081468,1141357,1206623,1249336,1186681,1431702,1076387,1082748,1153745,1194942,0,1224041,1264072,1191845,1082358,
203,1181156,1211540,1178374,1282945,1228426,256415,250586,1154696,1250406,1062504,1197614,1087942,1385153,1252454,1031616,1204283,0,1045321,1030836,1158792,1160143,1276098,1283288,1106321,1193734,1221571,1158016,1176839,1315395,1123051,1204858,1110233,1228159,1125694,1214285,1082677,1302616,1226691,1096975,917331,1183530,1184719,1159647,1211668,1260946,1179015,1220012,1150917,1458362,1079742,1138858,1204862,1243433,1182489,1422447,1073614,1080316,1151575,1191639,0,1217924,1261623,1186110,1079397,
204,1177440,1206907,1177256,1275521,1213406,249924,243457,1153648,1245536,1064163,1192928,1085078,1372647,1245201,1020626,1200673,0,1040219,1026605,1155713,1152175,1260301,1276810,1094747,1191152,1214928,1151018,1173742,1297641,1098225,1182685,1094552,1221731,1120206,1208622,1076100,1292600,1203914,1067101,913104,1176200,1178402,1155355,1207791,1247657,1144991,1213229,1147340,1453246,1074988,1134889,1200222,1237620,1171475,1410529,1070614,1077230,1148440,1189284,0,1209611,1253572,1173100,1080996,
205,1173260,1202616,1172252,1274273,1159417,242476,234657,1146723,1240371,1056406,1189867,1083418,1327932,1227234,976635,1186969,0,1037225,1021834,1152260,1129525,1202416,1237167,1064353,1184940,1210209,1149859,1171007,1222594,1007405,1103473,1030832,1217095,1116728,1203910,1073383,1254044,1126245,967881,900955,1173468,1176737,1153831,1203883,1189739,1020842,1189681,1139118,1443301,1072466,1127929,1194177,1214547,1138363,1356555,1062754,1074327,1140825,1183087,0,1162185,1234484,1119860,1076805,
206,1166804,1190154,1168258,1262128,970372,234093,222290,1111135,1234856,1054360,1183710,1077550,1143571,1143106,812787,1113442,0,1031440,1015900,1145253,1021187,996942,1081547,932180,1179679,1206949,1145099,1162561,978975,754552,853508,826445,1205882,1112156,1201284,1067189,1080847,873309,702824,841964,1166933,1171988,1145738,1200405,979619,712005,1081007,1079906,1430970,1066271,1124752,1187736,1114387,994001,1159545,1013651,1066910,1128741,1176571,0,988769,1143454,939462,1073335,
207,1157635,1142054,1156211,1231807,651261,219680,196597,998178,1227324,1042034,1176050,1057917,788422,915653,533598,903936,0,1018871,997703,1133015,782226,666581,780761,672644,1165428,1195499,1129415,1155608,619736,439709,515880,526585,1172659,1102160,1192804,1056562,751056,523067,390636,683429,1150929,1163355,1129147,1179976,646370,383008,820675,917934,1384305,1047971,1113106,1155446,879575,716288,803631,868565,1049547,1085140,1159163,0,682908,916074,637298,1060383,
208,1112395,937621,1094383,1090127,297066,184530,141118,703110,1188928,973950,1135702,953903,358173,502125,228719,500516,0,940496,906593,1060495,414369,303969,383418,327468,1093487,1144269,1078854,1097178,272357,185872,219088,231603,1015504,1046242,1159855,1006872,345136,216919,160168,387538,1067620,1122322,1040654,1098927,290473,164158,423944,574148,1194089,960936,1050553,1006814,486004,346882,377346,552553,958937,918639,1073556,0,322601,522732,299134,988606,
209,979249,627443,928115,819214,152518,135696,86444,394604,1072104,802458,1014218,738236,176415,235410,113105,229836,0,751011,707796,874134,198157,152606,184089,156488,904302,991178,931712,939527,148382,110133,122806,122416,739150,899783,1062323,859331,170769,122949,99475,183034,868101,998280,829486,896095,147808,109972,196728,292696,861785,765457,883261,730349,264466,167306,183204,286547,752651,640223,871103,0,160358,254117,152236,811601,
210,636351,268481,556921,412436,110385,82276,47503,176743,738053,454784,692594,387125,125624,126796,83522,117579,0,396108,369762,498729,107590,108668,113740,98393,511947,624213,580573,578771,116306,93489,98979,93598,355636,565798,760668,526102,121098,102112,88251,89472,495866,673304,449833,502730,108437,99629,111577,134318,407468,415745,527985,342919,124123,107002,122884,133316,387872,292192,483548,0,108537,128939,106480,498025,
211,326950,129756,271428,197911,104630,49578,34695,107535,400256,213757,375852,178220,118754,107014,79722,99494,0,177569,171170,232919,90898,102183,102580,90156,241553,315809,287850,290974,110530,90474,96562,88822,165894,290743,431366,260103,113521,99294,86303,69801,239609,363476,209174,236602,102735,97893,96547,93105,193862,194390,257627,159623,102954,97778,114007,91594,171473,140220,225335,0,100818,102139,99129,251600,
212,133907,90915,120543,116300,103185,36394,31775,89759,165115,96995,156995,94244,117892,104017,79456,95523,0,87609,90089,106513,87641,100166,99755,87916,114984,135116,121469,129483,109993,89741,95675,87363,98796,128019,178464,112197,112307,98648,85548,65526,116058,153865,104008,111442,101985,97896,93536,84117,126227,97925,114882,97334,98494,95671,112132,81568,85902,94086,107246,0,98715,97754,97669,135759,
213,89545,86519,91099,104119,101662,31630,30354,85629,104601,76581,97810,81539,116443,102740,78980,94834,0,74760,76931,84193,86333,98939,99228,86957,94835,97319,87275,95315,109489,89054,94656,86702,89899,91178,105785,82150,110873,97053,85102,64582,92989,100598,86866,88414,101616,96408,92147,81776,117344,81797,87007,88701,98017,94531,111746,78976,73510,88950,87122,0,98236,96000,96512,92276,
214,79981,85091,85518,100971,102014,30477,29763,84008,90528,73002,84719,79364,114976,101699,77487,93900,0,72639,75491,80693,85306,98866,97576,86299,91062,89640,81374,88716,109192,87889,93369,85951,87589,83602,87379,76559,109338,96005,84537,63896,87962,88978,84487,84850,99999,95799,91320,80621,114660,79179,81315,87349,96227,94139,110238,77503,71559,86807,83348,0,97161,95742,96021,80969,
215,78808,84169,84035,100281,100289,29415,28751,83710,88284,72424,82923,79035,115008,100659,77018,92130,0,72202,74091,80205,84573,97737,96547,86091,90604,88004,80242,88279,107886,87030,92388,85357,87040,82981,86445,76238,109358,95524,83743,63278,87045,86973,83842,83996,100226,94111,90531,79779,112891,77815,80086,85989,96024,92771,109227,77046,70573,85902,82734,0,96541,94430,95372,78570,
216,77726,83553,83396,99445,100024,28974,28175,82415,87281,71150,82107,78151,114102,99191,77118,92168,0,71239,73605,78968,83419,96605,96322,85101,89419,87269,79809,87139,106426,86622,91899,84835,86067,82187,84790,75250,108365,94830,83020,63037,86253,87107,83115,82968,98907,93920,89489,79017,112703,77398,79294,85240,94792,92574,108234,76729,69569,85684,81588,0,95597,93842,94745,77705,
217,77361,83273,82793,98864,98540,28167,27374,82498,86590,71293,81138,77562,112941,98906,75825,91553,0,70738,72777,78234,82830,96178,95211,84501,88947,87271,79151,86314,105545,86033,90517,83273,85447,81816,84100,74674,107174,93965,82298,62647,86054,86054,81908,81726,98514,93181,89327,78680,111638,76879,79039,85261,94454,91628,107302,75777,69401,84932,81386,0,94820,92516,93202,76464,
218,76733,82733,82116,97572,97894,27046,25908,81685,85439,70962,80900,76411,111665,98516,75304,90779,0,70284,72033,77602,82729,95206,94321,83934,87303,86218,78521,85479,104981,85411,90422,82802,84446,80896,83495,73356,106452,93068,81560,62670,84383,85423,81692,81772,96726,92494,87693,78263,110546,75744,77993,84550,93482,91060,106279,75129,68772,84343,80464,0,94153,92611,92989,76535,
219,75877,81591,81444,96918,97119,26264,25297,81476,85548,69676,79737,76201,111469,97461,74504,89609,0,68913,71254,77448,81793,94420,94075,82826,86849,85603,77429,84458,103648,84553,89528,82365,84290,80046,83457,73176,105307,92626,80762,61658,84731,84331,80400,80612,96423,91342,87093,77212,109140,74938,77705,83202,93207,90640,105591,74881,67497,83126,79131,0,93354,92122,92156,76003,
220,75113,81211,80433,96162,96510,24970,23733,80745,84356,69146,78724,75759,110113,96827,73981,88827,0,68962,70342,76307,81537,93337,92727,82318,86533,84260,76882,83706,103274,83943,89154,81780,83019,79555,82242,72601,104283,91539,80462,61095,83989,84159,80370,79563,95303,90895,86475,77003,109106,74883,76943,82666,92069,89340,104946,74567,66900,82560,79301,0,92404,90067,91695,75683,
221,74606,80534,79810,95372,96140,23299,21390,80035,83402,68437,78138,74591,109197,96092,73396,88109,0,68053,70285,75666,80449,93228,91739,81394,85291,83931,76190,83530,101862,83340,87935,81172,82534,78786,81366,72177,103550,91413,79362,61110,82948,83209,79938,79402,93932,89908,86068,76766,107183,73633,75872,81482,91371,88711,103672,73954,67184,81717,78629,0,91167,89870,90593,74604,
222,73688,79241,79314,94369,94919,20767,17615,79464,82393,68124,77574,74058,107934,94735,72400,87574,0,67375,69342,74931,79531,91517,91190,80982,84185,83611,75589,82132,101394,82338,86731,79947,81566,78321,80982,71021,101901,89577,78374,60475,82057,82830,78717,78269,93178,89205,85358,75753,106353,73461,75090,81336,89885,87695,102474,73202,65582,81137,77600,0,90459,89005,89728,74079,
223,73188,78176,77999,94117,93834,16587,12500,78352,81996,67719,76681,74040,106644,94279,71768,86530,0,67114,69001,74534,79146,90285,90429,80118,84410,82976,74974,81483,100129,81258,85725,79505,80839,76976,80342,71017,100954,89017,77795,60269,81226,81818,78073,78325,92073,87938,84475,75473,104926,73226,74472,80061,88866,87225,101388,73114,65467,80176,76994,0,90292,88356,89486,73741,
224,72177,77351,77056,92374,92099,9701,6261,78004,80661,66392,76039,72691,105508,92571,70020,85837,0,65812,67905,73243,77182,89020,89207,78564,83185,81701,73806,80325,98422,79457,84753,77832,79974,76643,79553,69877,99044,86967,76031,58831,79805,80440,76532,77168,90337,86586,82860,74210,104272,71711,73325,79261,87961,85806,100113,72006,64512,78681,75651,0,88508,86872,87328,72627,
225,71210,76188,76161,91524,90642,6886,4876,78232,80613,66374,74879,72079,104880,91270,69703,84601,0,64887,67180,72792,75917,87875,87863,78409,81532,80550,72868,79561,97207,78756,83075,76388,78673,75962,78237,68974,97879,86440,74952,58337,79416,79510,76122,76381,89248,85335,81756,73875,102381,70955,72537,78516,86878,84428,98172,70566,63449,78444,74724,0,86924,85788,86671,72348,
226,71106,75748,75798,89734,89261,4773,4006,76396,79215,65165,73831,70688,102148,90507,68285,82902,0,64397,66647,71315,75449,86167,86459,76540,81110,79966,71684,78851,95296,76891,81782,75909,77569,74824,77829,68355,96589,84762,73215,57760,78225,79206,74681,75014,87999,84001,80358,72809,100587,69906,72336,77342,85973,83783,96741,69977,62184,77446,73903,0,86045,84514,85348,71887,
227,70012,73908,74479,89677,88055,4162,3916,75272,78501,64256,73320,69381,101079,88823,67319,82010,0,63638,65351,70677,74860,85121,85513,75206,80469,78804,71251,78038,94236,76251,80496,74718,76878,73854,76425,67647,94603,83373,72180,57385,77328,78221,74321,74247,87018,82082,79958,72350,98466,68992,71100,76251,84695,82092,94997,69571,61626,76004,72553,0,85049,84051,83939,71009,
228,68551,72986,73604,87698,86808,3930,3791,74717,77536,63127,71566,68460,99862,88452,66341,81603,0,62889,64277,69695,73617,84041,84153,74912,79343,77356,69538,76763,92985,74888,79013,73249,75254,73093,75214,66585,93061,82534,71276,56479,76157,77166,72791,72629,85731,81097,78439,71081,97795,67662,70525,74568,83932,80923,93685,68752,60610,75368,71437,0,83380,82720,82961,70420,
229,67816,71488,72263,86534,85542,3645,3513,74535,76880,62184,71083,67567,98276,86383,64661,79449,0,61682,63647,68240,72400,82760,83122,73633,77639,76744,68682,75901,91113,73085,77833,72515,73956,72159,74679,65815,92084,80313,69138,56023,75258,76186,72351,71837,83284,79180,76965,70634,95521,66618,68873,73362,82925,79801,92058,67730,59480,73538,70227,0,81741,81153,81451,69335,
230,66531,69613,70953,84511,83274,3616,3503,72955,75499,60871,69839,66459,95929,85467,62603,78433,0,60267,61782,66947,70804,80498,80676,71502,76547,75688,67873,73998,88965,70094,75266,70566,72325,70930,73196,64266,89298,77688,64571,54798,73745,74544,70017,70005,81738,76915,75369,69118,92330,64894,67813,70980,80884,77780,88104,67143,57829,71576,68649,0,80701,79519,79234,68844,
231,64368,66734,70055,82925,81129,3574,3454,71994,73973,59463,68101,64432,93464,83194,58784,76775,0,59396,61090,65232,68004,76175,78421,68907,75154,74517,66457,73057,84411,62891,69424,66852,68852,69536,72259,63056,86311,70972,55375,54209,72455,74610,68297,69027,77801,69969,73089,68116,91171,63628,66551,68925,78813,75616,82787,65588,55785,69167,67242,0,77719,77474,77351,68311,
232,62952,60321,68203,80539,76103,3442,3302,70883,72854,57109,66856,61080,88476,81963,50329,74451,0,56580,59088,63088,63993,66044,72422,65117,73330,72647,65034,71789,76473,50214,57254,59924,62608,67873,70720,60970,79960,57228,40173,51945,69570,72780,66505,67084,68543,57539,69212,66788,86986,61444,65527,61701,75617,70451,69824,65089,51024,64559,62325,0,71444,74078,71129,67365,
233,58789,47671,64622,76140,64420,3240,3100,69126,71128,51393,65186,54803,76792,76484,35981,68739,0,51168,54100,57243,54956,49883,61876,55306,69330,71149,61875,69811,60301,33521,40072,46856,50954,65844,68681,57152,66418,38563,24266,47818,64972,70701,60778,62487,52546,38732,60052,63581,78522,56223,62530,48470,68372,58292,49092,63701,42129,55156,52957,0,58969,65634,58226,66244,
234,47101,27737,55813,63093,44508,3055,2839,66885,67711,37378,59930,39377,54265,65300,19912,55657,0,37928,42833,43494,37763,29674,43522,38267,59701,66591,53337,65515,37574,18635,22408,29360,31504,61292,64114,47011,43756,20725,13365,37896,52738,67804,46468,50461,32161,21720,42848,56149,57332,42412,54959,28267,54210,39471,28263,59708,25536,36674,34166,0,39366,49402,39262,65097,
235,32485,15694,42672,46138,26588,2721,2408,61107,62675,23379,50286,24382,32655,48029,12006,37274,0,23650,29036,28186,23079,17480,26338,22758,44618,56667,40363,56586,22215,12103,13765,17160,18237,51926,55149,32996,25632,13261,10043,25809,37990,61780,30006,35142,18532,14198,26448,43676,36889,27637,42416,15861,36379,23211,16968,51965,13970,21541,20245,0,23676,32187,23476,63446,
236,16843,9752,24253,26336,16983,2389,2025,51095,47991,11863,33637,12906,20182,31152,9115,22107,0,11950,15510,14847,14109,12631,16100,14246,24854,39181,23271,39727,15346,10322,11014,11839,10895,34938,38312,18199,16808,11131,9327,15458,21687,47305,15489,19141,13347,11417,16114,29553,19986,14647,25086,9995,22712,14946,13114,41416,7980,12345,10789,0,15254,19428,15265,60994,
237,10141,8642,13631,16133,12777,1879,1484,36224,32091,8127,19892,9055,14849,18368,8433,13459,0,8058,9938,9569,10210,10872,11863,10517,14583,23514,13270,24234,13040,9920,10337,9874,8879,20822,23499,10712,13661,10864,9221,9346,13163,31363,10197,11481,11379,10992,11223,17835,14113,9563,14436,8740,14280,11344,11870,26852,6786,9663,8716,0,11953,12783,11898,54789,
238,7752,8324,9265,11581,11743,1439,1048,21370,16401,7071,10963,7918,13469,12792,8177,10901,0,7089,7896,7860,8950,10565,10832,9405,10154,12915,8684,13313,12426,9528,10048,9294,8649,11658,12466,8006,12881,10551,9136,6952,9566,16398,8598,8604,11237,10763,9790,10943,12001,8189,9230,8552,11050,10242,11936,15328,6480,8946,7979,0,10965,10515,10945,43108,
239,7459,8175,8294,10790,11590,1043,726,13221,10989,6866,8626,7847,13194,11644,7997,9987,0,6845,7464,7570,8761,10246,10393,9275,9434,9813,7901,9993,12302,9435,9986,9330,8293,9005,9269,7358,12617,10239,8897,6475,8962,11092,8403,8211,11033,10724,9602,8796,12069,7830,8234,8392,10449,10244,11301,10263,6322,8840,7838,0,10756,10010,10634,28904,
240,7279,7928,8249,10320,11328,765,560,9786,8944,6775,7782,7849,13212,11005,8157,10145,0,6850,7246,7525,8674,10356,10010,9043,9246,9157,7778,8844,11941,9268,9946,9136,8328,8513,8567,7409,12280,10231,8831,6183,8547,9132,8153,7815,10596,10543,9431,8019,11885,7618,7710,8391,10213,10015,11344,8540,6280,8709,7759,0,10688,9846,10653,16249,
241,7058,7983,8090,10704,11197,601,528,8856,8674,6759,7641,7496,12597,11117,7847,9806,0,6607,7040,7383,8385,10346,9943,9059,9063,8860,7554,8888,11782,9232,9719,9068,8210,8422,8262,7192,12250,10195,8729,6312,8679,9022,8083,7970,10643,10538,9370,7889,11758,7508,7857,8217,10176,9964,11227,8051,6176,8448,7597,0,10449,9605,10367,10675,
242,6955,7745,7957,10260,11031,490,477,8446,8411,6610,7306,7419,12622,11123,7862,9858,0,6682,7039,7274,8355,9935,9779,8980,8803,8632,7480,8673,11711,9269,9630,8820,8048,8249,8167,7055,12077,9936,8615,6161,8442,8844,7854,7713,10503,10106,8995,7809,11256,7507,7506,8023,9980,9867,10977,7835,6146,8538,7641,0,10558,9576,10135,8499,
243,6933,7646,7842,10129,10814,528,500,8549,8401,6531,7575,7266,12718,10917,7709,9624,0,6558,7144,7272,8411,9901,9787,9002,8881,8670,7395,8841,11490,8898,9375,8854,8001,7979,8117,7036,12051,9819,8355,6066,8109,8839,8023,7697,10392,9911,8935,7722,11521,7310,7568,7980,9960,9605,10895,7826,5945,8560,7336,0,10277,9472,9996,8056,
244,6817,7536,7773,9763,10620,479,458,8439,8161,6349,7463,7315,12556,10842,7680,9444,0,6511,6776,7166,8382,9632,9644,8731,8883,8358,7556,8548,11393,8995,9220,8711,7768,8230,8130,6758,11806,9676,8476,6088,8072,8523,7607,7641,10212,10017,8863,7592,11162,7218,7340,7746,9764,9559,10733,7710,5877,8288,7246,0,10281,9377,10068,7804,
245,6797,7577,7669,9966,10638,451,431,8368,8154,6376,7324,7237,12359,10609,7489,9239,0,6435,6868,7050,8216,9628,9594,8440,8599,8429,7335,8432,11297,8886,9207,8563,7739,7989,7782,6657,11482,9595,8311,5952,8129,8621,7601,7551,10224,9951,8815,7448,10904,7286,7361,7667,9576,9514,10636,7627,5881,8067,7183,0,9993,9340,9894,7828,
246,6725,7431,7540,9906,10393,474,447,8147,8033,6313,7256,7011,12233,10426,7481,9061,0,6230,6738,6829,8053,9411,9515,8489,8575,8202,7162,8428,11076,8538,9095,8349,7522,7789,7775,6928,11249,9392,8145,5846,8043,8309,7460,7260,9838,9639,8800,7391,10780,7115,7324,7728,9475,9539,10382,7496,5617,8103,7109,0,9718,9158,9648,7640,
247,6400,7360,7361,9694,10324,411,388,7982,8068,6233,7077,6975,11923,10412,7274,9054,0,6213,6634,7009,7777,9203,9395,8374,8466,8038,6998,8161,10907,8369,8904,8369,7640,7784,7618,6503,11301,9423,7868,5764,7893,8311,7576,7282,9740,9606,8616,7379,10657,6780,7090,7404,9398,9355,10392,7392,5778,7769,6981,0,9748,9094,9716,7517,
248,6478,7218,7317,9561,10257,375,345,8048,7855,6164,6943,6853,11852,10244,7244,8948,0,6062,6526,6887,7726,9335,9238,8264,8263,8064,6829,8011,10824,8305,8818,8323,7310,7684,7640,6555,10935,9418,7773,5756,8030,8224,7444,7123,9676,9341,8411,7351,10473,6885,7009,7456,9198,9079,10218,7284,5593,7878,6872,0,9788,8751,9635,7639,
249,6485,7192,7256,9365,10051,375,337,7981,7880,5895,6900,6843,11786,10102,7185,8770,0,5959,6380,6709,7621,9222,8885,8305,8293,7913,6718,8087,10568,8118,8518,8212,7199,7492,7407,6622,11099,9097,7737,5698,7649,8099,7121,7085,9678,9146,8439,7243,10291,6709,6927,7263,9025,9059,9960,7311,5387,7610,6814,0,9489,8678,9472,7305,
250,6110,6935,7125,9087,9823,300,258,7838,7554,5798,6761,6564,11511,10024,6962,8758,0,5788,6322,6679,7306,8865,8764,8180,8088,8045,6832,7788,10187,8142,8540,8028,7237,7168,7304,6424,10851,8907,7335,5637,7622,7949,7084,6978,9343,9099,7996,7120,10171,6670,6802,7092,8894,8925,9952,7090,5343,7520,6514,0,9288,8631,9232,7357,
251,6187,6855,7217,9182,9684,215,174,7649,7437,5827,6732,6673,11167,9893,6842,8591,0,5714,6421,6459,7353,8657,8852,7826,7939,7666,6594,7888,10249,7909,8408,7666,7061,7367,7255,6206,10540,8625,7374,5565,7459,7867,7123,6767,9143,8847,7958,7006,9954,6493,6781,6936,8761,8783,9637,6944,5293,7468,6471,0,9334,8346,9174,7243,
252,5932,6635,6834,8909,9637,182,146,7602,7398,5510,6441,6390,11221,9843,6738,8383,0,5718,6000,6206,7265,8555,8410,7789,7860,7678,6364,7623,9955,7726,8124,7741,6777,7006,7189,6174,10380,8543,7118,5300,7221,7608,6818,6635,9044,8948,8024,6874,9723,6427,6504,6784,8624,8625,9439,6969,4976,7156,6347,0,8851,8527,8915,7258,
253,5825,6394,6686,8740,9299,169,105,7488,7248,5525,6412,6399,10900,9409,6539,8365,0,5515,6050,5947,7060,8430,8406,7589,7574,7414,6417,7507,9815,7615,8052,7591,6598,7035,6898,5767,10094,8263,6888,5459,7145,7573,6836,6607,8869,8543,7622,6690,9275,6169,6479,6670,8597,8575,9250,6914,4926,7040,6140,0,8761,8307,8866,7134,
254,5695,6249,6629,8594,9266,131,86,7575,7096,5306,6147,5961,10529,9261,6270,8055,0,5396,5741,5729,6962,8203,8118,7326,7477,7358,6270,7222,9610,7251,7705,7213,6436,6848,6932,5911,9805,8200,6917,5261,6879,7394,6524,6425,8787,8091,7509,6652,8961,5981,6266,6445,8412,8191,8875,6860,4789,6732,6048,0,8582,7905,8516,7008,
255,5385,5874,6382,8325,8891,109,90,7380,6970,5242,6134,5861,10537,9010,6162,7807,0,5143,5661,5716,6822,7979,8048,7212,7214,7126,6053,7159,9370,7214,7530,7229,6010,6728,6607,5661,9680,7982,6523,5125,6669,7340,6313,6304,8504,8062,7553,6543,9128,5967,6235,6025,8157,8052,8533,6736,4481,6672,5773,0,8200,7779,8499,6901,
256,5463,5605,6288,8304,8593,82,75,6993,6876,5101,6162,5931,9980,8679,5690,7718,0,5084,5506,5645,6501,7439,7654,6909,7060,7067,5893,7020,9102,6438,6923,6735,5590,6585,6400,5698,9010,7094,5354,4940,6595,7159,6195,6100,7860,7423,6951,6343,8756,5684,6019,5434,7722,7690,7863,6501,4225,6584,5554,0,8031,7660,8019,6648,
257,5110,4877,6084,8026,8269,73,71,6880,6577,4608,5890,5311,9630,8543,5069,7540,0,4790,5278,5392,6286,6888,7436,6606,6937,6960,5742,6994,8355,5398,6214,6390,4968,6542,6326,5315,8593,6128,4162,4833,6436,6979,5993,5916,7364,6769,6754,6320,8271,5489,5829,4704,7613,7296,6869,6553,3580,5900,4716,0,7748,7359,7647,6422,
258,4491,3324,5725,7405,7638,87,81,6851,6629,3929,5634,4514,9086,8355,4020,7018,0,4212,4853,4553,5706,5871,6820,6221,6545,6621,5409,6483,7721,4077,4845,5595,3534,6324,6159,4880,8025,4559,2600,4712,5787,6900,5210,5251,6243,5379,6146,6067,7329,4828,5535,3164,7386,6590,5045,6287,2443,4793,3363,0,6903,6705,6922,6628,
259,3561,2229,5189,6687,6791,66,62,6598,6188,2912,5449,3465,8174,8025,2666,6543,0,3211,4038,3660,4645,4280,5693,5303,5946,6364,4823,6363,6127,2653,3269,4472,2426,6124,5883,4135,6788,2913,1768,4277,5153,6738,4109,4539,4797,3714,5488,5835,5971,3762,5131,1958,6704,5570,3412,5964,1493,3382,2190,0,5952,5994,5861,6364,
260,2324,1397,4148,5559,5471,68,65,6588,6131,1761,4678,2179,6836,7374,1799,5714,0,1910,2904,2304,3551,2872,4563,4212,4795,5811,3908,6129,4403,1862,2138,3286,1458,5384,5198,2942,4958,1985,1282,3643,3749,6245,2715,3220,3298,2599,4321,5424,4004,2541,4386,1207,5731,4152,2325,5787,912,2055,1333,0,4482,5047,4574,6101,
261,1432,1014,2844,3965,3694,58,56,6344,5675,1115,3697,1375,4712,6393,1227,4460,0,1175,1882,1409,2262,1960,3048,2762,3378,5209,2648,5135,2867,1380,1537,2068,1044,4586,4303,1881,3201,1450,1160,2802,2526,5816,1699,2093,2171,1834,2828,4885,2522,1592,3118,994,4334,2732,1716,5659,701,1354,1013,0,2987,3489,2945,6205,
262,915,1030,1737,2486,2472,63,61,5982,4568,830,2413,980,2810,4756,1054,2771,0,819,1193,978,1419,1443,1869,1799,1956,3562,1555,3740,2028,1178,1343,1394,1019,3045,2913,1164,2273,1298,1126,1774,1537,4666,1183,1279,1634,1480,1811,3522,1730,1129,1979,997,2841,1777,1520,5180,696,1109,863,0,1939,2247,1923,5877,
263,791,890,1204,1800,1753,35,30,5387,3352,792,1545,970,2037,3086,1003,1846,0,721,906,924,1175,1365,1482,1389,1322,2311,1073,2606,1712,1209,1268,1248,940,2115,1794,951,1869,1338,1131,1152,1195,3373,933,1031,1407,1393,1308,2598,1522,926,1192,952,2031,1409,1374,4258,658,1126,884,0,1575,1508,1611,5798,
264,762,906,963,1362,1502,35,27,4159,2050,792,1122,864,1829,2066,989,1371,0,767,860,882,1009,1260,1221,1195,1131,1571,871,1710,1600,1154,1225,1222,939,1373,1257,811,1662,1276,1183,861,1009,2241,942,927,1418,1396,1205,1667,1471,870,960,927,1521,1286,1353,3146,686,1011,793,0,1437,1267,1416,5410,
265,730,848,945,1353,1516,31,27,3101,1359,756,867,908,1716,1639,993,1271,0,732,832,860,1089,1312,1280,1143,1079,1197,857,1282,1502,1121,1161,1144,955,1080,972,829,1686,1249,1055,788,1099,1582,916,879,1274,1405,1157,1171,1429,943,892,890,1361,1298,1372,2117,631,975,787,0,1342,1255,1404,4865,
266,714,946,961,1321,1452,30,19,1934,1018,761,849,858,1695,1572,966,1187,0,742,838,806,1014,1270,1202,1031,1138,1051,848,1072,1515,1217,1164,1100,899,1065,944,845,1566,1198,979,741,970,1162,934,796,1347,1347,1126,1010,1380,848,871,876,1249,1239,1350,1441,621,986,853,0,1348,1227,1306,3729,
267,691,881,834,1239,1406,26,13,1330,950,711,833,857,1712,1484,915,1150,0,697,847,775,982,1205,1164,1106,1093,1049,822,1057,1537,1080,1246,1127,819,960,911,774,1639,1209,1036,723,1021,1092,889,885,1287,1289,1117,914,1398,870,864,884,1195,1206,1346,1038,603,982,744,0,1360,1145,1354,2616,
268,723,889,882,1297,1393,22,14,1158,981,708,810,817,1678,1397,923,1184,0,689,795,766,928,1179,1183,1077,1012,981,807,1048,1446,1105,1097,1078,894,938,877,791,1506,1249,1023,714,976,1073,867,848,1298,1274,1068,888,1340,815,866,857,1301,1233,1256,930,626,953,823,0,1345,1150,1260,1763,
269,752,824,847,1247,1413,17,15,1102,958,695,768,820,1596,1433,942,1151,0,699,768,765,920,1164,1186,1072,1100,984,795,1048,1456,1099,1070,1071,872,988,922,727,1503,1184,968,702,926,1102,858,844,1303,1204,1101,902,1349,809,861,862,1279,1197,1282,921,583,978,766,0,1288,1118,1269,1313,
270,666,817,880,1193,1372,11,11,1023,932,650,778,791,1605,1433,931,1143,0,704,755,757,976,1183,1127,1065,992,909,802,1014,1487,1014,1103,1050,795,884,883,766,1454,1107,988,717,911,1001,889,812,1212,1233,1057,854,1270,744,758,825,1223,1171,1239,876,561,942,736,0,1251,1129,1202,982,
271,673,764,831,1191,1350,14,15,950,904,734,801,770,1588,1309,889,1121,0,685,793,716,886,1148,1101,977,933,994,777,1007,1478,1022,1143,1066,822,929,817,714,1394,1211,1014,688,877,1001,885,833,1258,1251,985,870,1322,807,852,850,1181,1196,1224,935,587,928,768,0,1187,1071,1280,985,
272,688,843,782,1141,1319,12,10,940,892,684,818,776,1540,1316,822,1079,0,645,772,723,917,1136,1106,1083,976,976,713,968,1311,1003,1062,1015,817,869,854,719,1426,1094,950,646,944,984,809,800,1217,1269,1009,799,1271,822,795,829,1173,1159,1218,859,528,913,728,0,1196,1059,1208,945,
273,693,813,777,1157,1263,7,6,1009,838,633,775,742,1580,1316,841,1099,0,618,743,732,918,1068,1071,960,933,910,735,887,1350,984,1038,990,772,855,886,640,1484,1108,890,674,882,902,820,725,1192,1135,1008,829,1238,761,759,790,1097,1146,1183,849,539,846,764,0,1195,1026,1126,940,
274,656,774,764,1173,1274,10,10,936,825,678,711,771,1579,1287,810,1093,0,615,695,683,869,1107,1040,986,944,881,698,940,1256,1001,1031,1005,735,846,805,643,1452,1048,896,615,837,1014,809,761,1143,1143,974,824,1154,764,797,742,1055,1154,1177,858,562,883,740,0,1137,1036,1179,876,
275,641,756,800,1086,1274,7,7,997,873,603,707,740,1420,1263,797,1064,0,592,689,711,885,987,988,958,956,866,724,924,1312,964,1005,932,754,860,757,723,1371,1056,845,616,807,956,793,797,1125,1147,950,781,1172,733,752,754,1096,1083,1161,858,516,837,680,0,1181,1013,1132,894,
276,657,720,758,1063,1316,8,8,954,838,546,639,756,1450,1218,769,993,0,627,691,667,857,1022,1020,967,914,903,698,901,1208,946,980,964,775,867,746,672,1300,1069,826,590,835,880,739,710,1166,1136,949,759,1124,763,705,747,1070,1098,1089,844,483,780,655,0,1114,1053,1124,891,
277,621,708,762,1037,1202,5,4,939,746,546,673,652,1416,1223,760,1028,0,563,666,646,828,988,1112,978,892,864,685,833,1269,884,924,997,686,816,733,647,1298,993,796,592,830,886,692,706,1049,1046,926,755,1059,717,758,706,1022,1022,1110,783,473,763,625,0,1104,981,1136,872,
278,529,665,683,987,1245,6,4,879,809,558,691,670,1411,1138,721,915,0,553,639,593,818,998,932,936,843,826,645,866,1178,943,952,892,704,808,677,637,1204,945,806,614,760,843,759,691,1059,1063,841,757,1100,632,733,665,1060,1030,1068,818,432,796,583,0,1104,913,1058,841,
279,540,639,669,919,1196,3,3,885,755,541,654,630,1366,1181,690,983,0,533,643,624,833,974,996,930,810,796,592,840,1196,854,873,864,616,773,704,609,1236,937,834,564,748,855,678,669,1055,1008,869,764,1013,636,742,566,997,927,979,777,438,685,544,0,1017,909,1013,804,
280,536,572,720,968,1127,5,4,903,735,483,650,658,1356,1169,746,962,0,529,613,608,770,961,968,865,849,769,671,805,1176,799,906,865,569,818,679,503,1172,871,683,584,731,802,681,621,1029,974,861,707,990,624,662,516,991,911,954,827,353,700,520,0,928,936,994,798,
281,496,487,632,887,1117,6,5,852,785,489,608,575,1264,1099,619,889,0,495,594,571,730,900,908,910,782,821,616,824,1104,756,828,829,458,747,689,543,1136,806,615,555,702,819,635,600,970,959,799,725,980,592,651,405,933,918,906,757,308,677,391,0,1009,796,1012,847,
282,450,349,630,845,1012,3,3,863,742,378,584,507,1250,1157,627,881,0,405,520,455,719,846,872,802,742,781,591,743,1104,653,769,803,327,684,655,488,1076,740,462,518,589,858,555,548,916,903,818,697,840,543,650,252,926,827,771,767,188,530,297,0,956,863,979,803,
283,341,232,608,807,1010,2,0,781,690,272,580,378,1164,1055,493,802,0,350,442,399,649,724,836,797,694,757,561,712,986,524,651,730,215,709,637,444,1039,634,353,512,596,737,481,507,850,776,738,640,690,412,609,171,900,845,640,682,116,350,202,0,853,857,898,798,
284,231,187,483,715,917,2,2,816,676,178,525,256,1154,1005,413,799,0,239,383,217,648,567,763,743,610,704,416,695,941,408,500,605,152,617,583,296,945,465,281,472,420,752,328,351,718,660,684,609,549,263,517,132,875,731,482,727,73,256,133,0,851,741,830,675,
285,147,136,401,595,831,2,2,775,627,117,483,173,1049,1008,246,753,0,137,252,176,507,453,725,641,479,640,341,657,749,267,338,625,116,558,547,242,851,320,213,455,316,723,240,246,594,430,566,626,381,189,421,114,742,572,329,698,82,197,109,0,710,695,744,767,
286,85,121,261,392,680,1,1,783,628,91,370,119,916,892,177,697,0,124,171,114,373,293,486,527,304,552,208,578,489,201,249,381,103,500,393,148,639,223,155,375,207,667,151,170,382,337,450,600,299,140,266,123,692,460,239,673,77,139,105,0,537,552,544,713,
287,98,116,170,277,507,1,1,726,544,84,222,115,667,856,133,537,0,110,149,109,243,195,350,339,213,407,162,457,419,165,191,277,102,364,305,119,409,186,139,304,171,584,114,132,248,261,332,490,198,105,193,124,549,299,199,652,71,115,101,0,377,446,361,742,
288,100,116,125,188,285,2,2,671,367,89,128,89,376,584,141,293,0,88,105,97,149,160,218,182,164,227,126,276,274,156,143,177,98,207,189,92,262,177,143,182,148,398,117,94,218,182,195,395,189,127,135,98,303,220,198,613,57,134,82,0,234,217,226,697,
289,81,96,102,206,237,1,1,615,262,80,117,112,273,427,122,210,0,101,96,103,123,166,181,170,152,148,104,219,222,147,170,153,126,141,135,111,246,176,150,131,129,298,128,111,204,204,170,284,187,110,120,123,230,191,185,568,79,127,103,0,207,202,189,659,
290,73,114,118,160,184,0,0,535,140,100,97,110,246,301,131,171,0,64,97,104,142,172,170,166,127,149,118,153,195,153,156,148,85,144,122,87,231,163,134,103,103,176,105,97,205,182,146,202,173,104,108,111,175,149,168,429,67,141,87,0,199,163,172,657,
291,94,135,116,154,214,1,1,449,113,83,78,99,256,228,116,164,0,79,103,96,123,161,156,139,136,114,105,145,211,152,155,123,110,136,111,109,245,163,137,83,130,154,123,91,186,191,145,155,160,109,110,110,156,187,172,319,60,118,88,0,184,143,156,538,
292,79,92,92,171,221,1,1,350,136,82,100,108,255,224,121,160,0,92,110,101,113,165,172,152,134,134,102,117,214,146,157,155,85,126,115,96,236,166,136,85,115,120,115,108,190,164,132,141,153,105,106,97,167,157,176,242,64,127,102,0,184,148,173,542,
293,79,79,109,156,168,0,0,227,127,61,93,97,217,197,116,168,0,79,105,82,121,152,185,160,102,109,102,126,197,158,160,161,96,123,117,92,220,198,141,86,113,147,121,107,180,192,141,112,168,93,122,92,155,156,158,182,68,126,93,0,169,155,166,434,
294,67,109,104,161,191,0,0,191,122,73,89,100,219,215,133,153,0,82,80,91,116,180,121,136,126,129,107,119,208,151,149,137,95,125,114,100,229,133,135,86,123,134,108,110,163,166,122,112,161,97,86,103,155,154,163,153,66,133,88,0,145,160,154,324,
295,83,89,114,152,198,0,0,174,117,79,76,100,208,173,121,149,0,82,92,86,127,165,148,155,116,112,99,118,188,131,143,149,101,138,100,92,201,157,130,88,115,155,110,89,146,171,104,119,169,86,98,79,178,155,155,136,74,88,92,0,164,148,161,207,
296,63,88,100,165,198,0,0,124,115,76,84,85,195,186,104,144,0,84,96,98,134,162,143,129,116,110,86,117,184,113,143,115,89,102,91,85,219,150,115,97,113,131,84,96,167,172,123,106,169,77,97,93,137,138,163,106,65,96,77,0,165,160,198,153,
297,72,89,107,143,181,1,1,159,94,74,85,105,240,191,110,141,0,93,89,82,108,133,121,140,111,115,86,115,171,146,126,138,81,105,98,92,226,144,128,96,115,111,101,78,175,184,123,90,141,83,87,86,150,160,163,109,75,119,65,0,181,143,165,132,
298,65,96,93,163,187,0,0,132,109,61,85,70,220,169,99,119,0,58,77,88,114,134,127,134,91,103,101,115,178,134,148,121,84,108,98,87,207,147,101,96,91,132,72,84,144,139,112,98,155,99,104,79,150,176,129,101,59,99,77,0,166,135,152,108,
299,71,86,91,136,148,0,0,118,105,77,87,86,198,177,105,154,0,57,88,78,91,135,161,133,93,120,78,101,176,134,108,142,88,106,107,83,186,145,114,67,109,135,75,66,158,172,125,91,138,94,101,101,155,152,152,99,50,117,92,0,186,125,166,104,
