25.0,1388
25.0,1400
24.99,1412
24.99,1424
25.0,1436
24.99,1449
24.99,1461
24.99,1473
24.98,1485
24.99,1497
24.99,1509
24.99,1522
25.0,1534
24.99,1546
24.99,1558
25.0,1570
24.99,1582
25.0,1595
25.0,1607
25.0,1619
24.99,1631
24.99,1643
25.0,1656
25.0,1668
25.0,1680
25.0,1692
25.0,1704
25.0,1716
25.0,1729
25.0,1741
25.01,1753
25.02,1765
25.01,1777
25.0,1789
25.02,1802
25.01,1814
25.0,1826
25.01,1838
25.01,1850
25.01,1863
25.01,1875
25.02,1887
25.02,1899
25.02,1911
25.03,1923
25.02,1936
25.02,1948
25.02,1960
25.02,1972
25.01,1984
25.02,1996
25.03,2009
25.02,2021
25.02,2033
25.01,2045
25.02,2057
25.03,2070
25.03,2082
25.02,2094
25.01,2106
25.01,2118
25.01,2130
25.0,2143
25.0,2155
25.01,2167
25.0,2179
25.01,2191
25.01,2203
25.01,2216
25.0,2228
25.0,2240
25.0,2252
25.0,2264
25.0,2277
24.99,2289
24.98,2301
24.98,2313
24.99,2325
24.99,2337
24.99,2350
24.99,2362
24.99,2374
24.98,2386
24.99,2398
24.98,2410
24.99,2423
24.99,2435
24.99,2447
24.99,2459
25.0,2471
24.99,2484
25.0,2496
24.99,2508
24.99,2520
25.0,2532
25.0,2544
25.0,2557
25.0,2569
25.0,2581
25.0,2593
25.01,2605
25.01,2617
25.0,2630
24.99,2642
25.0,2654
25.01,2666
25.01,2678
25.01,2691
25.01,2703
25.0,2715
25.0,2727
25.0,2739
25.01,2751
25.0,2764
25.0,2776
25.0,2788
25.0,2800
25.0,2812
24.99,2824
24.98,2837
24.99,2849
25.0,2861
25.01,2873
25.0,2885
25.0,2898
24.99,2910
25.01,2922
25.01,2934
25.01,2946
25.01,2958
25.0,2971
25.01,2983
25.01,2995
25.01,3007
25.01,3019
25.0,3031
25.01,3044
25.02,3056
25.01,3068
25.01,3080
25.0,3092
25.0,3105
25.0,3117
25.01,3129
25.01,3141
25.01,3153
25.01,3165
25.01,3178
25.01,3190
25.0,3202
25.02,3214
25.02,3226
25.01,3238
25.0,3251
25.01,3263
25.01,3275
25.01,3287
25.01,3299
25.01,3312
25.02,3324
25.01,3336
25.01,3348
25.0,3360
25.0,3372
25.02,3385
25.02,3397
25.02,3409
25.0,3421
25.01,3433
25.01,3445
25.01,3458
25.01,3470
25.01,3482
25.01,3494
25.01,3506
25.0,3519
25.0,3531
25.01,3543
25.0,3555
25.01,3567
25.01,3579
25.01,3592
25.0,3604
25.01,3616
25.01,3628
25.0,3640
25.0,3653
25.0,3665
25.0,3677
25.0,3689
25.0,3701
25.0,3713
25.0,3726
24.99,3738
25.0,3750
25.01,3762
25.0,3774
25.0,3786
25.0,3799
25.01,3811
25.0,3823
25.0,3835
25.0,3847
25.0,3860
25.01,3872
25.0,3884
25.01,3896
25.01,3908
25.01,3920
25.01,3933
25.02,3945
25.02,3957
25.02,3969
25.01,3981
25.01,3993
25.02,4006
25.02,4018
25.01,4030
25.01,4042
25.01,4054
25.01,4067
25.01,4079
25.01,4091
25.0,4103
25.0,4115
25.0,4127
25.0,4140
24.99,4152
24.99,4164
25.0,4176
24.99,4188
24.99,4200
24.99,4213
24.99,4225
25.0,4237
24.99,4249
24.99,4261
24.99,4274
24.99,4286
24.99,4298
25.0,4310
24.99,4322
24.99,4334
25.0,4347
25.0,4359
25.0,4371
24.99,4383
25.0,4395
25.0,4407
25.0,4420
25.0,4432
25.0,4444
25.0,4456
25.0,4468
24.99,4481
25.0,4493
25.0,4505
25.0,4517
25.0,4529
25.0,4541
25.0,4554
25.01,4566
25.0,4578
25.0,4590
25.0,4602
25.0,4614
25.0,4627
25.0,4639
25.0,4651
25.0,4663
25.0,4675
25.0,4688
25.0,4700
25.0,4712
25.0,4724
25.01,4736
25.01,4748
25.0,4761
25.01,4773
25.01,4785
25.0,4797
25.01,4809
25.0,4821
25.0,4834
25.0,4846
25.0,4858
25.0,4870
25.0,4882
25.0,4895
25.01,4907
25.01,4919
25.0,4931
25.0,4943
25.0,4955
25.01,4968
25.0,4980
25.0,4992
25.0,5004
25.0,5016
24.99,5028
25.0,5041
25.0,5053
25.0,5065
25.01,5077
25.01,5089
25.0,5102
25.01,5114
25.0,5126
25.0,5138
25.0,5150
25.0,5162
25.0,5175
25.01,5187
25.0,5199
24.99,5211
24.99,5223
25.0,5235
25.0,5248
25.0,5260
25.0,5272
25.01,5284
25.01,5296
25.0,5309
25.01,5321
25.01,5333
25.01,5345
25.01,5357
25.01,5369
25.01,5382
25.01,5394
25.01,5406
25.01,5418
25.01,5430
25.01,5442
25.01,5455
25.01,5467
25.01,5479
25.01,5491
25.01,5503
25.0,5516
24.99,5528
25.0,5540
24.99,5552
25.0,5564
25.01,5576
25.0,5589
24.99,5601
25.0,5613
25.0,5625
24.99,5637
24.98,5649
24.99,5662
25.0,5674
25.0,5686
24.99,5698
24.99,5710
24.99,5723
24.99,5735
24.99,5747
24.99,5759
24.98,5771
24.99,5783
25.0,5796
25.0,5808
25.0,5820
24.99,5832
25.0,5844
25.0,5856
25.0,5869
25.0,5881
25.0,5893
25.0,5905
25.01,5917
25.0,5930
25.0,5942
25.0,5954
24.99,5966
24.99,5978
25.0,5990
25.01,6003
25.01,6015
25.0,6027
25.0,6039
25.0,6051
25.0,6063
25.01,6076
25.01,6088
25.0,6100
25.0,6112
25.0,6124
25.02,6137
25.01,6149
25.0,6161
25.01,6173
25.0,6185
25.0,6197
25.0,6210
25.0,6222
25.0,6234
25.01,6246
25.0,6258
24.99,6270
25.0,6283
25.0,6295
25.0,6307
25.0,6319
25.0,6331
25.0,6344
25.0,6356
25.0,6368
25.0,6380
25.0,6392
25.0,6404
25.0,6417
24.99,6429
25.0,6441
25.01,6453
25.0,6465
25.0,6477
25.0,6490
25.0,6502
24.99,6514
25.01,6526
25.01,6538
25.0,6551
25.0,6563
25.0,6575
25.0,6587
25.0,6599
25.0,6611
25.0,6624
25.01,6636
25.0,6648
25.0,6660
25.0,6672
25.01,6684
25.01,6697
25.01,6709
25.0,6721
25.01,6733
25.02,6745
25.03,6758
25.01,6770
25.01,6782
25.01,6794
25.01,6806
25.01,6818
25.01,6831
25.02,6843
25.01,6855
25.01,6867
25.01,6879
25.01,6892
25.0,6904
25.0,6916
25.0,6928
25.0,6940
25.01,6952
24.99,6965
24.99,6977
25.0,6989
24.99,7001
24.99,7013
24.99,7025
24.98,7038
24.99,7050
24.99,7062
24.99,7074
24.99,7086
24.99,7099
24.98,7111
24.99,7123
24.99,7135
24.99,7147
25.0,7159
24.99,7172
24.99,7184
24.99,7196
25.0,7208
25.0,7220
25.0,7232
25.0,7245
24.99,7257
24.99,7269
25.0,7281
25.0,7293
25.0,7306
25.01,7318
25.01,7330
25.0,7342
25.0,7354
24.99,7366
25.0,7379
25.01,7391
25.01,7403
25.0,7415
25.0,7427
25.0,7439
25.01,7452
25.01,7464
25.0,7476
25.0,7488
25.01,7500
25.01,7513
25.01,7525
25.0,7537
25.01,7549
25.01,7561
25.0,7573
25.0,7586
25.0,7598
25.01,7610
25.0,7622
25.0,7634
25.01,7646
25.0,7659
25.0,7671
25.0,7683
25.0,7695
25.0,7707
25.01,7720
25.0,7732
24.99,7744
24.99,7756
25.0,7768
25.0,7780
25.0,7793
25.0,7805
24.99,7817
24.99,7829
25.0,7841
25.0,7853
24.99,7866
25.0,7878
25.0,7890
25.0,7902
25.0,7914
25.0,7927
25.0,7939
24.99,7951
25.0,7963
24.99,7975
24.99,7987
25.0,8000
25.0,8012
25.0,8024
25.0,8036
25.01,8048
25.01,8060
25.0,8073
25.01,8085
25.01,8097
25.0,8109
25.01,8121
25.01,8134
25.01,8146
25.01,8158
25.02,8170
25.03,8182
25.02,8194
25.02,8207
25.02,8219
25.02,8231
25.01,8243
25.01,8255
25.01,8267
25.01,8280
25.01,8292
25.01,8304
25.0,8316
25.0,8328
25.0,8341
25.0,8353
25.0,8365
25.0,8377
24.99,8389
24.99,8401
24.99,8414
24.98,8426
24.99,8438
24.99,8450
25.0,8462
24.99,8474
24.99,8487
24.98,8499
24.99,8511
24.99,8523
24.99,8535
24.99,8548
24.99,8560
24.99,8572
24.99,8584
24.99,8596
24.99,8608
25.0,8621
25.0,8633
25.0,8645
24.99,8657
24.99,8669
25.0,8681
25.01,8694
25.0,8706
25.0,8718
25.0,8730
25.0,8742
25.01,8755
25.0,8767
25.0,8779
25.0,8791
25.0,8803
25.01,8815
25.0,8828
25.0,8840
25.01,8852
25.01,8864
25.0,8876
25.0,8888
25.0,8901
25.0,8913
25.01,8925
25.01,8937
25.01,8949
25.0,8962
25.0,8974
25.0,8986
25.01,8998
25.0,9010
25.0,9022
25.0,9035
24.99,9047
25.01,9059
25.0,9071
24.99,9083
25.01,9095
25.01,9108
25.0,9120
25.0,9132
24.99,9144
25.0,9156
25.0,9169
25.0,9181
25.0,9193
25.0,9205
25.0,9217
25.0,9229
25.0,9242
25.01,9254
25.0,9266
25.0,9278
25.0,9290
25.0,9302
25.0,9315
25.01,9327
25.01,9339
25.0,9351
25.0,9363
25.0,9376
25.0,9388
25.0,9400
25.01,9412
25.0,9424
25.0,9436
24.99,9449
25.0,9461
25.01,9473
25.01,9485
25.0,9497
25.0,9509
24.99,9522
25.0,9534
25.01,9546
25.01,9558
25.02,9570
25.01,9583
25.01,9595
25.01,9607
25.01,9619
25.02,9631
25.03,9643
25.02,9656
25.01,9668
25.01,9680
25.0,9692
25.0,9704
25.0,9717
25.0,9729
25.0,9741
25.01,9753
25.0,9765
25.0,9777
25.0,9790
25.0,9802
24.99,9814
24.99,9826
24.99,9838
24.99,9850
24.98,9863
24.99,9875
24.99,9887
24.99,9899
24.99,9911
24.99,9924
24.98,9936
24.99,9948
24.98,9960
25.0,9972
24.99,9984
24.99,9997
25.0,10009
25.0,10021
24.99,10033
24.99,10045
24.99,10057
25.01,10070
25.0,10082
25.0,10094
25.0,10106
25.0,10118
25.0,10131
25.01,10143
25.01,10155
25.0,10167
25.0,10179
25.01,10191
25.01,10204
25.01,10216
25.01,10228
25.0,10240
25.0,10252
25.01,10265
25.0,10277
25.01,10289
25.0,10301
25.01,10313
25.01,10325
25.0,10338
25.0,10350
25.0,10362
25.0,10374
25.01,10386
25.0,10398
25.0,10411
25.01,10423
25.0,10435
25.0,10447
25.01,10459
25.0,10472
25.0,10484
25.01,10496
25.0,10508
25.0,10520
25.0,10532
25.0,10545
25.01,10557
25.0,10569
24.99,10581
24.99,10593
25.0,10606
25.01,10618
25.0,10630
24.99,10642
25.01,10654
25.01,10666
25.0,10679
25.0,10691
25.0,10703
25.0,10715
25.0,10727
24.99,10739
25.0,10752
25.0,10764
25.01,10776
25.0,10788
25.0,10800
25.01,10813
25.0,10825
25.0,10837
25.0,10849
25.01,10861
25.01,10873
25.0,10886
25.0,10898
25.0,10910
25.01,10922
25.0,10934
25.01,10947
25.01,10959
25.01,10971
25.01,10983
25.01,10995
25.01,11007
25.01,11020
25.01,11032
25.01,11044
25.01,11056
25.01,11068
25.02,11081
25.02,11093
25.01,11105
25.01,11117
25.01,11129
25.01,11141
25.0,11154
25.0,11166
24.99,11178
24.99,11190
24.99,11202
25.0,11214
24.99,11227
24.99,11239
24.99,11251
25.0,11263
24.99,11275
24.99,11288
24.99,11300
24.99,11312
24.98,11324
24.98,11336
24.99,11348
24.99,11361
24.99,11373
24.99,11385
24.99,11397
24.99,11409
24.98,11422
24.99,11434
24.99,11446
24.99,11458
24.99,11470
24.99,11482
25.0,11495
25.0,11507
25.0,11519
25.0,11531
25.0,11543
25.0,11555
25.0,11568
25.0,11580
25.0,11592
25.0,11604
25.0,11616
25.0,11629
25.0,11641
25.01,11653
25.01,11665
25.01,11677
25.0,11689
25.01,11702
25.01,11714
25.01,11726
25.01,11738
25.01,11750
25.01,11763
25.01,11775
25.0,11787
25.0,11799
25.0,11811
25.0,11823
25.0,11836
25.0,11848
25.0,11860
25.0,11872
25.0,11884
25.0,11896
25.0,11909
25.0,11921
25.0,11933
25.0,11945
24.99,11957
25.0,11970
25.0,11982
25.0,11994
25.0,12006
25.0,12018
25.0,12030
25.0,12043
25.0,12055
25.0,12067
25.01,12079
25.0,12091
24.99,12104
25.0,12116
25.0,12128
25.0,12140
25.0,12152
25.0,12164
25.0,12177
25.0,12189
25.0,12201
25.01,12213
25.0,12225
25.0,12238
25.0,12250
25.0,12262
25.0,12274
25.0,12286
24.99,12298
25.0,12311
25.01,12323
25.0,12335
25.01,12347
25.0,12359
25.01,12371
25.0,12384
25.01,12396
25.02,12408
25.01,12420
25.01,12432
25.02,12445
25.02,12457
25.01,12469
25.01,12481
25.02,12493
25.01,12505
25.01,12518
25.01,12530
25.02,12542
25.0,12554
25.0,12566
24.99,12579
25.0,12591
24.99,12603
25.0,12615
24.99,12627
24.99,12639
24.99,12652
24.99,12664
25.0,12676
25.0,12688
24.99,12700
24.98,12713
24.98,12725
25.0,12737
24.99,12749
24.99,12761
24.99,12773
24.99,12786
25.0,12798
25.0,12810
24.99,12822
24.99,12834
25.0,12846
25.0,12859
25.0,12871
25.0,12883
25.0,12895
25.0,12907
24.99,12920
24.99,12932
25.0,12944
25.0,12956
24.99,12968
25.0,12980
25.0,12993
25.0,13005
25.0,13017
25.01,13029
25.01,13041
25.01,13054
25.0,13066
25.0,13078
25.0,13090
25.01,13102
25.0,13114
25.0,13127
25.0,13139
25.01,13151
25.01,13163
25.01,13175
25.01,13187
25.01,13200
25.0,13212
25.0,13224
25.0,13236
25.0,13248
25.0,13261
25.0,13273
25.0,13285
24.99,13297
24.99,13309
25.0,13321
25.0,13334
25.0,13346
25.0,13358
25.0,13370
25.01,13382
25.0,13395
25.0,13407
25.0,13419
25.0,13431
24.99,13443
25.0,13455
25.01,13468
25.01,13480
25.0,13492
25.0,13504
25.0,13516
25.0,13529
24.99,13541
25.0,13553
25.0,13565
25.0,13577
25.0,13589
25.0,13602
25.0,13614
25.0,13626
25.01,13638
25.0,13650
25.0,13662
25.0,13675
25.0,13687
25.0,13699
25.0,13711
25.0,13723
25.0,13736
25.01,13748
25.01,13760
25.01,13772
25.01,13784
25.01,13796
25.01,13809
25.01,13821
25.02,13833
25.01,13845
25.01,13857
25.01,13870
25.01,13882
25.0,13894
25.0,13906
25.01,13918
25.0,13930
24.99,13943
25.0,13955
25.0,13967
25.0,13979
24.99,13991
24.98,14003
24.99,14016
24.99,14028
24.99,14040
24.99,14052
24.99,14064
24.99,14077
24.99,14089
24.98,14101
24.99,14113
24.99,14125
24.98,14137
24.98,14150
24.98,14162
24.99,14174
25.0,14186
24.99,14198
24.99,14211
24.99,14223
25.0,14235
24.99,14247
25.0,14259
25.0,14271
25.0,14284
24.99,14296
25.0,14308
25.0,14320
24.99,14332
25.0,14345
25.0,14357
25.0,14369
25.0,14381
25.0,14393
25.01,14405
25.0,14418
24.99,14430
25.0,14442
25.0,14454
25.0,14466
25.0,14478
25.0,14491
25.0,14503
25.0,14515
25.0,14527
25.0,14539
25.0,14552
25.0,14564
25.0,14576
25.0,14588
25.01,14600
25.01,14612
25.0,14625
25.0,14637
25.01,14649
25.01,14661
25.01,14673
25.0,14686
25.0,14698
24.99,14710
25.0,14722
25.0,14734
25.0,14746
25.0,14759
24.99,14771
25.0,14783
25.0,14795
25.0,14807
24.99,14819
25.0,14832
25.0,14844
25.01,14856
25.0,14868
25.0,14880
25.0,14893
25.0,14905
25.0,14917
25.01,14929
25.01,14941
25.0,14953
25.0,14966
25.0,14978
25.0,14990
25.0,15002
25.0,15014
25.0,15027
25.0,15039
25.01,15051
24.99,15063
25.0,15075
25.0,15087
25.0,15100
25.0,15112
25.0,15124
25.0,15136
25.0,15148
25.0,15160
25.01,15173
25.01,15185
25.01,15197
25.01,15209
25.02,15221
25.01,15234
25.01,15246
25.01,15258
25.0,15270
25.01,15282
25.02,15294
25.01,15307
25.01,15319
24.99,15331
25.0,15343
25.01,15355
25.0,15368
25.0,15380
25.01,15392
25.0,15404
25.0,15416
24.99,15428
24.99,15441
25.0,15453
25.0,15465
25.0,15477
24.99,15489
25.0,15502
24.99,15514
24.99,15526
24.99,15538
24.99,15550
25.0,15562
25.0,15575
25.0,15587
24.99,15599
24.99,15611
24.99,15623
25.0,15635
24.99,15648
25.0,15660
24.99,15672
24.99,15684
24.99,15696
25.0,15709
24.99,15721
24.99,15733
25.0,15745
25.0,15757
25.0,15769
25.0,15782
25.0,15794
25.0,15806
25.0,15818
25.0,15830
25.0,15843
25.0,15855
25.0,15867
25.0,15879
25.0,15891
25.01,15903
25.02,15916
25.0,15928
25.0,15940
25.0,15952
25.0,15964
25.0,15976
25.0,15989
25.0,16001
25.0,16013
25.01,16025
25.01,16037
25.01,16050
25.01,16062
25.0,16074
24.99,16086
25.0,16098
25.0,16110
25.0,16123
25.01,16135
25.01,16147
25.01,16159
25.0,16171
24.99,16184
25.0,16196
25.0,16208
25.0,16220
24.99,16232
24.99,16244
25.0,16257
24.99,16269
25.01,16281
25.0,16293
24.99,16305
24.99,16318
25.0,16330
25.0,16342
25.0,16354
25.0,16366
25.01,16378
25.0,16391
25.0,16403
25.0,16415
25.0,16427
25.0,16439
25.0,16451
25.0,16464
25.01,16476
25.02,16488
25.01,16500
25.0,16512
25.0,16525
25.0,16537
25.0,16549
25.0,16561
25.0,16573
25.0,16585
25.0,16598
25.01,16610
25.01,16622
25.01,16634
25.02,16646
25.01,16659
25.01,16671
25.02,16683
25.01,16695
25.01,16707
25.01,16719
25.01,16732
25.01,16744
25.01,16756
24.99,16768
25.0,16780
25.0,16793
25.01,16805
25.0,16817
25.0,16829
24.99,16841
24.99,16853
24.99,16866
24.98,16878
24.99,16890
24.99,16902
25.0,16914
24.99,16926
24.99,16939
24.99,16951
24.98,16963
24.99,16975
25.0,16987
24.99,17000
24.99,17012
25.0,17024
25.0,17036
25.0,17048
25.0,17060
25.0,17073
24.99,17085
24.99,17097
24.99,17109
25.0,17121
25.0,17134
25.0,17146
25.0,17158
25.0,17170
25.0,17182
25.01,17194
25.01,17207
25.0,17219
25.01,17231
25.0,17243
24.99,17255
25.0,17267
25.0,17280
25.0,17292
25.0,17304
25.0,17316
25.01,17328
25.0,17341
25.0,17353
25.0,17365
25.01,17377
25.01,17389
25.01,17401
25.0,17414
25.0,17426
25.0,17438
25.0,17450
25.01,17462
25.0,17475
25.0,17487
25.0,17499
25.0,17511
25.0,17523
25.0,17535
25.0,17548
25.0,17560
25.0,17572
25.0,17584
25.0,17596
25.0,17609
25.0,17621
25.0,17633
25.0,17645
25.0,17657
25.0,17669
25.0,17682
25.0,17694
25.0,17706
25.0,17718
24.99,17730
25.0,17742
24.99,17755
25.0,17767
25.0,17779
24.99,17791
25.0,17803
24.99,17816
25.0,17828
25.0,17840
24.99,17852
25.0,17864
24.99,17876
25.0,17889
25.0,17901
25.0,17913
24.99,17925
25.0,17937
25.0,17950
25.0,17962
25.0,17974
25.0,17986
25.0,17998
25.0,18010
25.0,18023
25.01,18035
25.01,18047
25.02,18059
25.02,18071
25.01,18083
25.0,18096
25.02,18108
25.02,18120
25.01,18132
25.01,18144
25.02,18157
25.01,18169
25.0,18181
25.0,18193
25.0,18205
25.0,18217
24.99,18230
24.99,18242
24.98,18254
24.99,18266
24.99,18278
24.98,18291
24.98,18303
24.98,18315
24.98,18327
24.99,18339
24.99,18351
24.99,18364
24.99,18376
24.99,18388
24.98,18400
24.99,18412
25.0,18425
25.0,18437
25.0,18449
24.99,18461
24.99,18473
25.0,18485
25.01,18498
25.01,18510
25.01,18522
25.0,18534
25.0,18546
25.0,18558
25.0,18571
25.0,18583
25.0,18595
25.01,18607
25.01,18619
25.0,18632
25.0,18644
25.0,18656
25.0,18668
25.01,18680
25.01,18692
25.01,18705
25.01,18717
25.0,18729
25.0,18741
25.01,18753
25.0,18766
25.01,18778
25.01,18790
25.0,18802
25.0,18814
25.01,18826
25.0,18839
25.0,18851
25.0,18863
25.01,18875
25.0,18887
25.0,18899
25.0,18912
25.0,18924
25.0,18936
24.99,18948
25.0,18960
25.0,18973
24.99,18985
25.0,18997
25.0,19009
24.99,19021
25.0,19033
24.99,19046
24.99,19058
25.0,19070
25.0,19082
25.0,19094
25.01,19107
25.01,19119
25.0,19131
25.0,19143
25.0,19155
24.99,19167
25.0,19180
25.0,19192
25.0,19204
25.0,19216
25.0,19228
24.99,19241
25.0,19253
25.0,19265
25.0,19277
25.0,19289
25.0,19301
25.0,19314
25.01,19326
25.0,19338
25.01,19350
25.0,19362
25.0,19374
25.01,19387
25.01,19399
25.01,19411
25.01,19423
25.0,19435
25.01,19448
25.02,19460
25.01,19472
25.01,19484
25.01,19496
25.01,19508
25.02,19521
25.01,19533
25.02,19545
25.02,19557
25.02,19569
25.0,19582
25.0,19594
25.0,19606
25.01,19618
25.0,19630
25.0,19642
24.99,19655
24.99,19667
24.99,19679
24.99,19691
24.99,19703
24.98,19716
24.98,19728
24.99,19740
24.99,19752
24.98,19764
24.99,19776
24.99,19789
25.0,19801
24.99,19813
24.99,19825
24.99,19837
25.0,19849
24.99,19862
24.99,19874
24.99,19886
25.0,19898
25.0,19910
25.0,19923
24.99,19935
24.99,19947
25.0,19959
25.0,19971
24.99,19983
24.99,19996
25.0,20008
25.0,20020
25.0,20032
25.0,20044
25.0,20057
25.0,20069
25.01,20081
25.0,20093
25.0,20105
25.01,20117
25.0,20130
25.0,20142
25.01,20154
25.01,20166
25.01,20178
25.01,20190
25.0,20203
25.0,20215
25.0,20227
25.0,20239
25.01,20251
25.01,20264
25.0,20276
24.99,20288
25.0,20300
25.0,20312
25.01,20324
25.0,20337
25.0,20349
25.0,20361
25.01,20373
25.01,20385
25.0,20398
25.0,20410
25.0,20422
24.99,20434
25.0,20446
25.0,20458
25.0,20471
25.0,20483
25.0,20495
24.99,20507
24.99,20519
24.99,20531
25.0,20544
25.0,20556
25.0,20568
25.0,20580
25.01,20592
25.0,20605
25.0,20617
24.99,20629
24.99,20641
25.0,20653
25.0,20665
25.01,20678
25.0,20690
25.0,20702
25.0,20714
25.0,20726
25.0,20739
25.0,20751
25.0,20763
25.01,20775
25.0,20787
25.0,20799
25.0,20812
25.0,20824
25.0,20836
25.0,20848
25.02,20860
25.02,20873
25.01,20885
25.01,20897
25.01,20909
25.02,20921
25.02,20933
25.01,20946
25.02,20958
25.01,20970
25.01,20982
25.01,20994
25.0,21006
25.0,21019
25.0,21031
25.0,21043
25.0,21055
25.0,21067
24.99,21080
25.0,21092
24.99,21104
24.98,21116
24.98,21128
24.99,21140
24.99,21153
24.99,21165
24.98,21177
24.99,21189
25.0,21201
25.0,21214
25.0,21226
24.99,21238
24.98,21250
24.99,21262
24.99,21274
25.0,21287
25.0,21299
24.99,21311
24.99,21323
24.99,21335
24.99,21348
25.0,21360
25.0,21372
25.0,21384
25.0,21396
25.0,21408
25.0,21421
25.0,21433
25.0,21445
25.01,21457
24.99,21469
25.01,21481
25.0,21494
25.0,21506
25.01,21518
25.0,21530
25.01,21542
25.01,21555
25.01,21567
25.01,21579
25.01,21591
25.01,21603
25.0,21615
24.99,21628
25.0,21640
25.0,21652
25.0,21664
25.0,21676
25.0,21689
25.0,21701
25.0,21713
25.0,21725
25.0,21737
25.0,21749
25.0,21762
25.01,21774
25.0,21786
24.99,21798
25.0,21810
25.0,21822
25.0,21835
25.0,21847
25.0,21859
25.0,21871
24.99,21883
25.0,21896
25.0,21908
25.0,21920
25.0,21932
25.0,21944
25.0,21956
25.0,21969
24.99,21981
25.0,21993
25.0,22005
24.99,22017
25.0,22030
25.0,22042
25.0,22054
25.0,22066
25.0,22078
25.0,22090
25.0,22103
25.0,22115
24.99,22127
25.0,22139
25.0,22151
25.0,22164
25.0,22176
25.0,22188
25.01,22200
25.0,22212
25.01,22224
25.01,22237
25.0,22249
25.01,22261
25.02,22273
25.01,22285
25.01,22297
25.02,22310
25.02,22322
25.01,22334
25.01,22346
25.01,22358
25.01,22371
25.01,22383
25.01,22395
25.01,22407
25.0,22419
25.0,22431
25.01,22444
25.0,22456
25.0,22468
24.99,22480
24.99,22492
25.0,22505
25.0,22517
24.99,22529
24.99,22541
24.99,22553
24.99,22565
25.0,22578
24.99,22590
24.99,22602
24.99,22614
24.98,22626
24.99,22639
24.99,22651
25.0,22663
24.99,22675
24.98,22687
24.99,22699
24.99,22712
24.99,22724
24.99,22736
24.99,22748
24.99,22760
25.0,22772
24.99,22785
24.99,22797
24.99,22809
24.99,22821
25.0,22833
25.0,22846
25.01,22858
25.0,22870
25.0,22882
25.01,22894
25.01,22906
24.99,22919
25.0,22931
25.0,22943
25.01,22955
25.01,22967
25.01,22980
25.01,22992
25.0,23004
25.01,23016
25.01,23028
25.01,23040
25.0,23053
25.0,23065
25.0,23077
25.0,23089
25.01,23101
25.01,23113
25.0,23126
25.0,23138
25.0,23150
25.0,23162
24.99,23174
25.0,23187
25.0,23199
25.0,23211
25.0,23223
25.0,23235
25.0,23247
25.01,23260
25.01,23272
25.0,23284
25.0,23296
24.99,23308
24.99,23321
25.0,23333
25.0,23345
25.0,23357
25.01,23369
25.0,23381
25.0,23394
24.99,23406
25.0,23418
25.0,23430
25.0,23442
24.99,23455
25.0,23467
25.0,23479
25.0,23491
25.0,23503
25.0,23515
25.01,23528
25.01,23540
25.0,23552
25.01,23564
24.99,23576
24.99,23588
25.0,23601
25.0,23613
25.01,23625
25.01,23637
25.01,23649
25.01,23662
25.0,23674
25.0,23686
25.01,23698
25.02,23710
25.02,23722
25.02,23735
25.01,23747
25.01,23759
25.01,23771
25.01,23783
25.01,23796
25.0,23808
25.0,23820
25.0,23832
25.0,23844
24.99,23856
24.99,23869
25.0,23881
24.99,23893
25.0,23905
25.0,23917
25.0,23929
24.99,23942
25.0,23954
25.0,23966
24.98,23978
24.98,23990
24.99,24003
24.99,24015
25.0,24027
25.0,24039
24.99,24051
24.99,24063
24.99,24076
25.0,24088
25.0,24100
25.0,24112
24.99,24124
24.99,24137
24.99,24149
24.99,24161
25.0,24173
25.0,24185
25.0,24197
24.99,24210
25.0,24222
25.0,24234
25.0,24246
25.0,24258
25.0,24271
25.0,24283
25.0,24295
25.01,24307
25.01,24319
25.01,24331
25.0,24344
24.99,24356
25.0,24368
25.01,24380
25.0,24392
25.01,24404
25.0,24417
25.0,24429
25.01,24441
25.0,24453
25.0,24465
25.0,24478
25.0,24490
25.0,24502
25.01,24514
25.0,24526
25.0,24538
25.01,24551
25.0,24563
25.0,24575
25.0,24587
25.0,24599
24.99,24612
25.0,24624
25.0,24636
25.0,24648
25.0,24660
25.01,24672
24.99,24685
25.0,24697
25.0,24709
25.0,24721
25.01,24733
25.0,24746
25.0,24758
25.0,24770
25.0,24782
25.0,24794
25.0,24806
25.0,24819
25.0,24831
25.0,24843
25.0,24855
25.0,24867
25.0,24879
25.01,24892
25.0,24904
25.0,24916
25.0,24928
25.0,24940
25.0,24953
25.0,24965
25.0,24977
24.99,24989
25.0,25001
25.0,25013
25.01,25026
25.01,25038
25.01,25050
25.01,25062
25.0,25074
25.01,25087
25.01,25099
25.02,25111
25.02,25123
25.01,25135
25.02,25147
25.02,25160
25.01,25172
25.0,25184
25.02,25196
25.01,25208
25.01,25220
25.01,25233
25.0,25245
25.0,25257
24.99,25269
25.0,25281
24.99,25294
25.0,25306
24.99,25318
24.99,25330
24.99,25342
24.99,25354
24.98,25367
24.99,25379
24.99,25391
24.99,25403
24.97,25415
24.98,25428
24.98,25440
24.99,25452
24.99,25464
24.99,25476
24.99,25488
24.98,25501
24.99,25513
24.99,25525
24.99,25537
25.0,25549
25.0,25562
25.0,25574
25.0,25586
25.0,25598
24.99,25610
25.0,25622
25.0,25635
25.0,25647
25.01,25659
25.01,25671
25.0,25683
25.0,25695
25.0,25708
25.0,25720
25.0,25732
25.0,25744
25.0,25756
25.0,25769
25.0,25781
25.01,25793
25.0,25805
25.0,25817
25.01,25829
25.0,25842
25.0,25854
25.01,25866
25.0,25878
25.0,25890
25.01,25903
25.01,25915
25.01,25927
25.01,25939
25.01,25951
25.01,25963
25.0,25976
25.0,25988
24.99,26000
25.0,26012
25.01,26024
25.0,26036
25.0,26049
25.0,26061
25.0,26073
25.0,26085
25.0,26097
25.01,26110
25.0,26122
25.0,26134
25.0,26146
25.0,26158
24.99,26170
25.0,26183
25.0,26195
25.0,26207
25.0,26219
25.0,26231
25.0,26244
25.0,26256
25.0,26268
25.0,26280
24.99,26292
25.0,26304
24.99,26317
25.0,26329
25.0,26341
25.0,26353
24.99,26365
25.0,26378
25.0,26390
25.0,26402
25.0,26414
25.0,26426
25.0,26438
25.0,26451
25.0,26463
25.0,26475
25.0,26487
25.0,26499
25.01,26511
25.01,26524
25.01,26536
25.01,26548
25.01,26560
25.02,26572
25.02,26585
25.01,26597
25.0,26609
25.0,26621
25.0,26633
25.01,26645
25.01,26658
25.01,26670
25.0,26682
25.0,26694
25.0,26706
24.99,26719
25.0,26731
25.0,26743
25.0,26755
25.0,26767
24.99,26779
24.98,26792
24.98,26804
24.98,26816
24.99,26828
24.99,26840
25.0,26853
24.99,26865
24.99,26877
24.99,26889
24.99,26901
24.99,26913
24.99,26926
24.97,26938
24.99,26950
25.01,26962
25.0,26974
24.99,26986
25.0,26999
24.99,27011
25.0,27023
25.0,27035
25.0,27047
25.0,27060
25.0,27072
25.01,27084
25.0,27096
24.99,27108
25.0,27120
25.0,27133
25.01,27145
25.01,27157
25.0,27169
25.0,27181
25.01,27194
25.0,27206
25.01,27218
25.0,27230
25.0,27242
25.0,27254
25.01,27267
25.01,27279
25.01,27291
25.0,27303
25.0,27315
25.0,27328
25.0,27340
25.0,27352
25.0,27364
25.0,27376
25.0,27388
25.01,27401
25.0,27413
24.99,27425
25.0,27437
25.01,27449
25.0,27461
24.99,27474
24.99,27486
24.99,27498
24.99,27510
24.99,27522
24.99,27535
25.01,27547
25.01,27559
25.0,27571
25.0,27583
25.0,27595
24.99,27608
25.0,27620
25.01,27632
25.01,27644
25.0,27656
25.0,27669
25.0,27681
25.0,27693
25.0,27705
25.0,27717
25.0,27729
25.01,27742
25.0,27754
25.0,27766
25.0,27778
25.0,27790
24.99,27802
25.0,27815
24.99,27827
24.99,27839
25.0,27851
25.01,27863
25.01,27876
25.01,27888
25.01,27900
25.01,27912
25.01,27924
25.01,27936
25.02,27949
25.01,27961
25.01,27973
25.01,27985
25.01,27997
25.01,28010
25.01,28022
25.01,28034
25.0,28046
25.0,28058
25.0,28070
25.0,28083
25.0,28095
25.0,28107
25.0,28119
25.0,28131
24.99,28144
24.99,28156
24.99,28168
24.99,28180
24.99,28192
24.99,28204
25.0,28217
25.0,28229
24.99,28241
24.99,28253
24.99,28265
24.99,28277
24.99,28290
24.99,28302
24.99,28314
25.0,28326
25.0,28338
25.0,28351
24.99,28363
25.0,28375
25.0,28387
25.0,28399
25.0,28411
24.99,28424
25.0,28436
25.01,28448
25.0,28460
24.99,28472
25.0,28485
24.99,28497
25.0,28509
25.0,28521
25.0,28533
25.0,28545
25.0,28558
25.0,28570
25.0,28582
25.0,28594
25.0,28606
25.01,28619
25.0,28631
24.99,28643
24.99,28655
25.0,28667
25.0,28679
25.0,28692
25.0,28704
25.01,28716
25.01,28728
25.01,28740
25.0,28752
25.01,28765
25.0,28777
25.0,28789
25.0,28801
25.0,28813
25.0,28826
25.0,28838
25.0,28850
25.0,28862
25.0,28874
25.0,28886
24.99,28899
25.0,28911
24.99,28923
25.0,28935
25.0,28947
25.0,28960
25.0,28972
25.0,28984
25.0,28996
24.99,29008
24.99,29020
25.0,29033
25.01,29045
25.0,29057
25.0,29069
25.0,29081
25.0,29093
25.01,29106
25.0,29118
24.99,29130
24.99,29142
25.0,29154
25.0,29167
25.0,29179
25.0,29191
25.01,29203
25.01,29215
25.0,29227
25.0,29240
25.0,29252
25.01,29264
25.0,29276
25.0,29288
25.01,29301
25.01,29313
25.01,29325
25.01,29337
25.01,29349
25.01,29361
25.01,29374
25.02,29386
25.01,29398
25.01,29410
25.01,29422
25.0,29435
25.01,29447
25.01,29459
25.0,29471
25.0,29483
25.0,29495
25.0,29508
25.0,29520
24.99,29532
25.0,29544
25.0,29556
24.99,29568
24.99,29581
24.99,29593
24.99,29605
24.98,29617
24.99,29629
24.99,29642
24.99,29654
24.99,29666
25.0,29678
24.99,29690
24.99,29702
24.99,29715
24.99,29727
25.0,29739
25.0,29751
24.99,29763
24.98,29776
24.99,29788
25.0,29800
25.0,29812
25.0,29824
25.0,29836
25.0,29849
25.0,29861
25.0,29873
25.0,29885
25.0,29897
25.0,29910
25.01,29922
25.01,29934
25.01,29946
25.0,29958
25.0,29970
25.01,29983
25.0,29995
25.0,30007
25.0,30019
25.0,30031
25.01,30043
25.0,30056
24.99,30068
24.99,30080
25.0,30092
25.01,30104
25.0,30117
25.0,30129
25.0,30141
25.01,30153
25.01,30165
25.01,30177
25.0,30190
24.99,30202
25.0,30214
24.99,30226
24.99,30238
25.0,30251
25.0,30263
25.0,30275
25.0,30287
25.01,30299
25.0,30311
25.0,30324
25.01,30336
25.0,30348
25.0,30360
25.0,30372
25.0,30385
24.99,30397
24.99,30409
24.99,30421
25.0,30433
25.0,30445
25.0,30458
25.01,30470
25.0,30482
25.0,30494
25.0,30506
25.0,30518
25.01,30531
25.0,30543
25.0,30555
24.99,30567
24.99,30579
24.99,30592
25.0,30604
25.01,30616
25.01,30628
25.01,30640
25.0,30652
25.0,30665
25.0,30677
25.01,30689
25.01,30701
25.01,30713
25.02,30726
25.02,30738
25.01,30750
25.0,30762
25.01,30774
25.02,30786
25.03,30799
25.01,30811
25.01,30823
25.01,30835
25.0,30847
25.0,30860
25.01,30872
25.01,30884
25.0,30896
25.0,30908
25.0,30920
25.0,30933
24.99,30945
24.98,30957
24.99,30969
24.99,30981
25.0,30993
25.0,31006
24.99,31018
24.98,31030
24.98,31042
24.99,31054
24.99,31067
25.0,31079
24.99,31091
24.99,31103
24.98,31115
24.99,31127
24.99,31140
25.0,31152
25.0,31164
24.99,31176
24.99,31188
25.0,31201
24.99,31213
24.99,31225
24.99,31237
25.0,31249
24.99,31261
24.99,31274
24.99,31286
25.0,31298
25.0,31310
25.0,31322
24.99,31334
25.0,31347
25.0,31359
25.0,31371
25.0,31383
25.0,31395
25.0,31408
25.01,31420
25.0,31432
25.01,31444
25.01,31456
25.0,31468
25.0,31481
25.01,31493
25.0,31505
25.0,31517
25.0,31529
25.0,31542
25.0,31554
25.0,31566
25.0,31578
25.01,31590
24.99,31602
25.0,31615
25.0,31627
25.0,31639
25.0,31651
25.0,31663
25.0,31676
25.0,31688
25.0,31700
25.0,31712
25.01,31724
25.01,31736
25.0,31749
25.0,31761
24.99,31773
25.0,31785
25.0,31797
25.0,31809
25.0,31822
25.01,31834
25.0,31846
24.99,31858
24.99,31870
24.99,31883
25.0,31895
25.01,31907
25.01,31919
25.0,31931
24.99,31943
24.99,31956
25.0,31968
25.01,31980
25.0,31992
25.0,32004
25.0,32017
25.0,32029
24.99,32041
24.99,32053
25.0,32065
25.0,32077
25.01,32090
25.01,32102
25.01,32114
25.01,32126
25.01,32138
25.01,32151
25.01,32163
25.01,32175
25.02,32187
25.03,32199
25.03,32211
25.02,32224
25.01,32236
25.0,32248
25.0,32260
25.01,32272
24.99,32284
25.0,32297
25.01,32309
25.0,32321
25.0,32333
24.99,32345
24.98,32358
24.98,32370
24.99,32382
24.99,32394
25.0,32406
24.99,32418
24.99,32431
24.98,32443
24.98,32455
24.98,32467
24.99,32479
24.99,32492
25.0,32504
25.0,32516
25.0,32528
25.0,32540
25.0,32552
25.0,32565
24.99,32577
24.99,32589
24.98,32601
24.99,32613
25.0,32626
25.0,32638
24.99,32650
25.0,32662
25.01,32674
25.01,32686
25.0,32699
25.01,32711
25.0,32723
25.0,32735
25.0,32747
25.0,32759
25.0,32772
25.01,32784
25.01,32796
25.01,32808
25.0,32820
25.0,32833
25.0,32845
25.0,32857
25.0,32869
25.0,32881
25.01,32893
25.0,32906
25.01,32918
25.01,32930
25.0,32942
25.0,32954
25.0,32967
25.0,32979
25.0,32991
25.0,33003
25.0,33015
25.01,33027
25.0,33040
25.01,33052
25.0,33064
25.0,33076
25.0,33088
25.0,33100
25.0,33113
25.01,33125
25.0,33137
25.01,33149
25.0,33161
25.0,33174
24.99,33186
25.0,33198
25.0,33210
25.0,33222
24.99,33234
25.0,33247
25.0,33259
25.0,33271
25.01,33283
25.0,33295
24.99,33308
25.0,33320
25.01,33332
25.01,33344
25.0,33356
25.01,33368
25.01,33381
25.01,33393
25.0,33405
25.0,33417
25.0,33429
24.99,33442
24.99,33454
25.0,33466
25.0,33478
25.0,33490
25.0,33502
25.0,33515
25.0,33527
25.01,33539
25.01,33551
25.02,33563
25.01,33575
25.02,33588
25.02,33600
25.01,33612
25.0,33624
25.01,33636
25.01,33649
25.01,33661
25.0,33673
25.0,33685
25.0,33697
25.0,33709
25.0,33722
25.0,33734
24.99,33746
25.0,33758
25.0,33770
25.0,33783
24.99,33795
24.99,33807
24.99,33819
24.99,33831
24.99,33843
24.99,33856
24.99,33868
24.99,33880
24.99,33892
24.99,33904
24.99,33917
24.99,33929
25.0,33941
25.0,33953
24.99,33965
24.98,33977
24.99,33990
25.0,34002
25.0,34014
25.0,34026
24.99,34038
24.99,34050
24.99,34063
25.0,34075
25.0,34087
24.99,34099
25.0,34111
25.0,34124
25.01,34136
25.0,34148
25.0,34160
24.99,34172
24.99,34184
25.01,34197
25.01,34209
25.01,34221
25.0,34233
25.01,34245
25.0,34258
25.01,34270
25.01,34282
25.0,34294
25.0,34306
25.01,34318
25.01,34331
25.0,34343
25.01,34355
25.01,34367
25.0,34379
25.0,34392
25.0,34404
25.0,34416
25.0,34428
25.0,34440
25.0,34452
25.0,34465
24.99,34477
25.0,34489
25.0,34501
25.01,34513
25.0,34525
25.0,34538
25.01,34550
25.0,34562
25.0,34574
25.0,34586
25.01,34599
25.0,34611
25.0,34623
25.0,34635
25.0,34647
25.0,34659
25.01,34672
25.0,34684
25.0,34696
25.0,34708
25.0,34720
25.0,34733
25.0,34745
25.0,34757
25.0,34769
24.99,34781
24.99,34793
24.99,34806
25.0,34818
25.0,34830
25.0,34842
25.01,34854
25.01,34866
25.01,34879
25.01,34891
25.0,34903
25.01,34915
25.01,34927
25.0,34940
25.01,34952
25.0,34964
25.01,34976
25.01,34988
25.01,35000
25.02,35013
25.01,35025
25.01,35037
25.0,35049
25.01,35061
25.01,35074
25.01,35086
25.01,35098
25.0,35110
24.99,35122
24.99,35134
25.0,35147
25.0,35159
25.0,35171
25.0,35183
24.98,35195
24.98,35208
24.98,35220
24.98,35232
24.98,35244
24.98,35256
24.98,35268
24.97,35281
24.98,35293
24.99,35305
24.99,35317
24.99,35329
24.99,35341
24.99,35354
24.99,35366
25.0,35378
24.99,35390
24.99,35402
25.0,35415
25.0,35427
25.0,35439
25.0,35451
24.99,35463
24.99,35475
24.99,35488
25.01,35500
25.0,35512
25.0,35524
25.01,35536
25.0,35549
25.0,35561
25.0,35573
25.01,35585
25.01,35597
25.01,35609
25.01,35622
25.0,35634
25.0,35646
25.0,35658
25.0,35670
25.01,35683
25.0,35695
25.01,35707
25.01,35719
24.99,35731
25.0,35743
25.0,35756
25.0,35768
25.0,35780
25.01,35792
25.0,35804
25.01,35816
25.01,35829
25.0,35841
25.0,35853
24.99,35865
25.0,35877
24.99,35890
25.0,35902
25.0,35914
25.0,35926
25.0,35938
25.0,35950
24.99,35963
24.99,35975
25.0,35987
25.0,35999
25.0,36011
25.0,36024
24.99,36036
25.0,36048
25.0,36060
24.99,36072
25.0,36084
24.99,36097
24.99,36109
24.99,36121
24.99,36133
25.0,36145
25.0,36158
25.0,36170
24.99,36182
25.0,36194
24.99,36206
25.0,36218
25.0,36231
25.0,36243
25.0,36255
25.0,36267
25.0,36279
25.0,36291
25.0,36304
25.01,36316
25.01,36328
25.01,36340
25.0,36352
25.01,36365
25.01,36377
25.02,36389
25.02,36401
25.01,36413
25.01,36425
25.01,36438
25.02,36450
25.02,36462
25.02,36474
25.01,36486
25.0,36499
25.0,36511
25.0,36523
25.0,36535
25.0,36547
24.99,36559
24.99,36572
24.99,36584
25.01,36596
25.0,36608
24.99,36620
24.99,36633
24.98,36645
24.98,36657
24.99,36669
24.99,36681
24.98,36693
24.99,36706
24.99,36718
24.99,36730
24.98,36742
24.99,36754
24.99,36766
24.99,36779
25.0,36791
25.0,36803
25.0,36815
24.99,36827
24.99,36840
25.0,36852
25.0,36864
25.0,36876
25.0,36888
25.0,36900
25.0,36913
25.0,36925
25.0,36937
25.01,36949
25.01,36961
25.01,36974
25.01,36986
25.0,36998
25.0,37010
25.0,37022
25.0,37034
25.0,37047
25.0,37059
25.01,37071
25.01,37083
25.0,37095
25.0,37107
25.01,37120
25.0,37132
25.01,37144
25.0,37156
25.0,37168
25.01,37181
25.0,37193
24.99,37205
25.0,37217
25.0,37229
25.0,37241
24.99,37254
25.0,37266
25.0,37278
25.01,37290
25.01,37302
25.0,37315
25.0,37327
25.0,37339
25.0,37351
25.0,37363
25.0,37375
25.0,37388
25.0,37400
25.0,37412
25.0,37424
25.0,37436
25.0,37449
25.0,37461
24.99,37473
24.99,37485
24.99,37497
25.0,37509
24.98,37522
24.99,37534
25.0,37546
24.99,37558
24.99,37570
25.01,37582
25.0,37595
25.0,37607
25.01,37619
25.0,37631
25.0,37643
25.0,37656
25.0,37668
25.0,37680
25.0,37692
25.0,37704
25.0,37716
25.01,37729
25.01,37741
25.02,37753
25.01,37765
25.02,37777
25.01,37790
25.01,37802
25.01,37814
25.01,37826
25.01,37838
25.01,37850
25.02,37863
25.02,37875
25.02,37887
25.01,37899
25.0,37911
25.0,37923
25.0,37936
24.99,37948
24.99,37960
25.0,37972
25.0,37984
24.99,37997
25.0,38009
24.99,38021
25.0,38033
24.99,38045
24.99,38057
24.99,38070
24.99,38082
24.99,38094
24.99,38106
24.99,38118
24.98,38131
24.99,38143
25.0,38155
24.99,38167
24.99,38179
24.98,38191
24.99,38204
24.99,38216
24.99,38228
25.0,38240
25.0,38252
25.0,38265
25.0,38277
25.0,38289
25.0,38301
24.99,38313
24.99,38325
25.0,38338
25.0,38350
25.0,38362
25.0,38374
25.0,38386
25.0,38398
25.0,38411
25.0,38423
25.0,38435
25.0,38447
24.99,38459
25.0,38472
25.0,38484
25.0,38496
25.0,38508
25.01,38520
25.0,38532
25.0,38545
25.0,38557
25.0,38569
25.01,38581
25.0,38593
25.0,38606
25.0,38618
25.0,38630
25.0,38642
25.0,38654
25.0,38666
25.0,38679
25.0,38691
25.01,38703
25.0,38715
25.0,38727
24.99,38740
24.99,38752
25.0,38764
25.0,38776
25.01,38788
25.0,38800
25.01,38813
25.0,38825
25.0,38837
25.0,38849
25.01,38861
25.0,38873
24.99,38886
25.0,38898
25.0,38910
25.01,38922
25.0,38934
25.0,38947
25.0,38959
25.0,38971
25.0,38983
24.99,38995
25.0,39007
24.99,39020
25.0,39032
25.0,39044
25.0,39056
25.0,39068
25.0,39081
25.0,39093
25.0,39105
25.01,39117
25.01,39129
25.01,39141
25.01,39154
25.01,39166
25.0,39178
25.0,39190
25.01,39202
25.01,39214
25.01,39227
25.01,39239
25.01,39251
25.0,39263
25.01,39275
25.01,39288
25.02,39300
25.02,39312
25.0,39324
25.0,39336
25.01,39348
25.0,39361
24.99,39373
24.99,39385
25.0,39397
25.0,39409
24.99,39422
24.99,39434
25.0,39446
25.0,39458
25.0,39470
24.99,39482
24.98,39495
24.99,39507
24.99,39519
24.98,39531
24.99,39543
25.0,39556
24.99,39568
24.99,39580
24.98,39592
24.98,39604
25.0,39616
25.0,39629
24.99,39641
25.0,39653
24.99,39665
24.99,39677
25.0,39689
25.0,39702
25.0,39714
25.0,39726
25.0,39738
25.0,39750
25.0,39763
25.0,39775
25.0,39787
25.0,39799
25.0,39811
25.0,39823
25.01,39836
25.0,39848
25.0,39860
25.01,39872
25.0,39884
25.0,39897
25.0,39909
25.0,39921
25.0,39933
25.0,39945
25.0,39957
24.99,39970
24.99,39982
25.0,39994
25.0,40006
25.0,40018
25.0,40031
24.99,40043
25.0,40055
25.01,40067
25.0,40079
25.0,40091
25.01,40104
25.0,40116
25.01,40128
25.0,40140
25.0,40152
25.0,40164
25.0,40177
25.0,40189
25.01,40201
25.01,40213
25.0,40225
25.0,40238
25.0,40250
25.0,40262
25.0,40274
25.0,40286
25.0,40298
25.0,40311
25.0,40323
25.01,40335
25.0,40347
25.0,40359
24.99,40372
25.0,40384
25.0,40396
25.01,40408
25.0,40420
25.0,40432
25.0,40445
25.0,40457
25.0,40469
25.01,40481
25.01,40493
25.0,40506
25.0,40518
25.0,40530
25.0,40542
25.01,40554
25.01,40566
25.01,40579
25.01,40591
25.0,40603
25.02,40615
25.04,40627
25.02,40639
25.01,40652
25.01,40664
25.01,40676
25.01,40688
25.02,40700
25.02,40713
25.01,40725
25.01,40737
25.01,40749
25.01,40761
25.0,40773
25.0,40786
24.99,40798
24.99,40810
24.99,40822
24.99,40834
24.99,40847
24.98,40859
24.98,40871
24.98,40883
24.99,40895
24.99,40907
24.98,40920
24.99,40932
24.98,40944
24.98,40956
24.99,40968
24.99,40980
24.99,40993
24.99,41005
24.99,41017
24.98,41029
24.98,41041
24.99,41054
25.0,41066
25.01,41078
25.0,41090
24.99,41102
25.0,41114
25.0,41127
25.0,41139
25.0,41151
25.0,41163
25.0,41175
25.01,41188
25.0,41200
25.0,41212
25.0,41224
25.01,41236
25.0,41248
25.0,41261
25.0,41273
25.0,41285
25.01,41297
25.01,41309
25.0,41322
25.0,41334
25.0,41346
25.01,41358
25.01,41370
25.01,41382
25.01,41395
25.0,41407
25.0,41419
25.01,41431
25.01,41443
25.0,41455
25.0,41468
25.0,41480
25.0,41492
25.0,41504
25.0,41516
25.0,41529
25.0,41541
25.0,41553
25.0,41565
25.0,41577
25.0,41589
25.0,41602
24.99,41614
24.99,41626
24.99,41638
25.0,41650
25.0,41663
25.0,41675
24.98,41687
24.99,41699
25.0,41711
24.99,41723
25.0,41736
25.0,41748
24.99,41760
25.0,41772
24.99,41784
25.0,41797
25.0,41809
25.0,41821
25.0,41833
25.0,41845
25.0,41857
25.0,41870
24.99,41882
25.0,41894
24.99,41906
25.0,41918
25.01,41930
25.01,41943
25.01,41955
25.01,41967
25.01,41979
25.01,41991
25.01,42004
25.01,42016
25.01,42028
25.02,42040
25.03,42052
25.02,42064
25.02,42077
25.01,42089
25.02,42101
25.01,42113
25.01,42125
25.01,42138
25.01,42150
25.01,42162
25.01,42174
25.0,42186
25.0,42198
25.0,42211
25.0,42223
24.99,42235
24.99,42247
24.99,42259
24.99,42271
24.99,42284
25.0,42296
24.99,42308
24.98,42320
24.97,42332
24.98,42345
24.98,42357
24.99,42369
24.99,42381
24.99,42393
24.99,42405
24.99,42418
24.99,42430
24.99,42442
24.99,42454
25.0,42466
25.0,42479
25.0,42491
25.0,42503
24.99,42515
24.99,42527
25.0,42539
25.0,42552
25.0,42564
25.01,42576
25.01,42588
25.01,42600
25.01,42613
25.0,42625
25.01,42637
25.01,42649
25.0,42661
25.0,42673
25.01,42686
25.0,42698
25.0,42710
25.0,42722
25.0,42734
25.01,42746
25.01,42759
25.0,42771
25.0,42783
24.99,42795
24.99,42807
25.0,42820
25.0,42832
25.01,42844
25.0,42856
25.01,42868
25.0,42880
25.0,42893
25.01,42905
25.0,42917
25.0,42929
25.0,42941
24.99,42954
24.99,42966
25.0,42978
25.0,42990
25.0,43002
25.0,43014
25.0,43027
24.99,43039
24.99,43051
25.0,43063
25.0,43075
25.0,43088
25.0,43100
25.0,43112
25.0,43124
25.0,43136
25.0,43148
25.0,43161
25.0,43173
25.0,43185
25.01,43197
25.0,43209
24.99,43221
24.99,43234
24.99,43246
25.0,43258
25.0,43270
25.0,43282
25.01,43295
25.0,43307
25.0,43319
25.0,43331
25.0,43343
25.0,43355
24.99,43368
25.01,43380
25.01,43392
25.01,43404
25.01,43416
25.01,43429
25.01,43441
25.01,43453
25.01,43465
25.02,43477
25.03,43489
25.02,43502
25.01,43514
25.0,43526
25.0,43538
25.0,43550
25.0,43563
25.0,43575
25.0,43587
25.0,43599
24.99,43611
24.99,43623
25.0,43636
24.99,43648
25.0,43660
25.0,43672
24.99,43684
24.99,43696
24.99,43709
24.98,43721
24.99,43733
24.99,43745
24.99,43757
24.99,43770
24.98,43782
24.99,43794
24.99,43806
24.99,43818
25.0,43830
25.0,43843
25.0,43855
24.99,43867
25.0,43879
25.0,43891
24.99,43904
25.0,43916
25.0,43928
25.0,43940
25.0,43952
24.99,43964
25.0,43977
25.0,43989
25.0,44001
25.01,44013
25.01,44025
25.0,44037
25.0,44050
25.0,44062
25.0,44074
25.0,44086
24.99,44098
24.99,44111
25.0,44123
25.0,44135
25.0,44147
25.0,44159
25.0,44171
25.0,44184
25.0,44196
24.99,44208
25.0,44220
25.01,44232
25.0,44245
25.01,44257
25.0,44269
25.0,44281
25.0,44293
25.0,44305
25.01,44318
25.01,44330
25.0,44342
25.0,44354
25.01,44366
25.0,44379
25.0,44391
25.0,44403
25.0,44415
25.0,44427
25.0,44439
24.99,44452
25.0,44464
25.0,44476
24.99,44488
24.99,44500
24.99,44512
25.0,44525
25.01,44537
25.0,44549
25.0,44561
25.01,44573
25.01,44586
25.0,44598
25.0,44610
25.0,44622
25.0,44634
24.99,44646
25.0,44659
25.0,44671
25.01,44683
25.0,44695
25.0,44707
25.0,44720
25.0,44732
24.99,44744
25.0,44756
25.01,44768
25.02,44780
25.0,44793
25.01,44805
25.0,44817
25.0,44829
25.02,44841
25.01,44854
25.02,44866
25.01,44878
25.01,44890
25.02,44902
25.01,44914
25.01,44927
25.01,44939
25.01,44951
25.01,44963
25.0,44975
25.0,44987
25.0,45000
24.99,45012
24.99,45024
24.99,45036
24.99,45048
24.98,45061
24.98,45073
24.99,45085
24.99,45097
24.99,45109
24.99,45121
24.98,45134
24.97,45146
24.98,45158
24.99,45170
24.98,45182
24.97,45195
24.99,45207
24.99,45219
24.99,45231
24.99,45243
24.99,45255
24.99,45268
25.0,45280
25.0,45292
25.0,45304
25.0,45316
25.0,45329
25.01,45341
25.0,45353
25.0,45365
25.0,45377
25.0,45389
25.01,45402
25.01,45414
25.0,45426
25.0,45438
25.0,45450
25.01,45462
25.01,45475
25.01,45487
25.0,45499
25.01,45511
25.0,45523
25.0,45536
25.01,45548
25.01,45560
25.01,45572
25.01,45584
25.0,45596
25.0,45609
25.0,45621
25.0,45633
25.01,45645
25.01,45657
25.0,45670
25.0,45682
25.0,45694
25.0,45706
25.0,45718
25.0,45730
24.99,45743
24.99,45755
25.0,45767
25.0,45779
25.0,45791
24.99,45803
24.98,45816
24.99,45828
25.0,45840
25.01,45852
25.0,45864
24.99,45877
24.99,45889
25.0,45901
25.01,45913
25.0,45925
25.01,45937
25.01,45950
25.0,45962
24.99,45974
25.0,45986
25.01,45998
25.0,46011
25.0,46023
25.0,46035
25.0,46047
25.0,46059
25.0,46071
25.0,46084
24.99,46096
25.0,46108
25.0,46120
25.0,46132
25.01,46145
25.01,46157
25.0,46169
24.99,46181
25.0,46193
25.0,46205
25.01,46218
25.01,46230
25.01,46242
25.01,46254
25.01,46266
25.01,46278
25.01,46291
25.01,46303
25.01,46315
25.0,46327
25.01,46339
25.01,46352
25.0,46364
25.0,46376
25.02,46388
25.01,46400
25.0,46412
25.0,46425
25.0,46437
25.01,46449
25.0,46461
24.99,46473
24.99,46486
24.98,46498
24.99,46510
24.99,46522
24.99,46534
24.98,46546
24.99,46559
25.0,46571
25.0,46583
24.98,46595
24.99,46607
24.99,46619
25.0,46632
25.0,46644
24.99,46656
24.99,46668
24.99,46680
24.99,46693
25.0,46705
24.99,46717
24.99,46729
24.99,46741
25.0,46753
25.0,46766
25.01,46778
25.0,46790
25.0,46802
25.0,46814
25.01,46827
25.01,46839
25.0,46851
25.0,46863
25.01,46875
25.0,46887
25.0,46900
25.01,46912
25.0,46924
25.01,46936
25.0,46948
25.01,46961
25.0,46973
25.01,46985
25.0,46997
25.0,47009
25.0,47021
25.0,47034
25.0,47046
25.01,47058
25.01,47070
25.01,47082
25.0,47094
25.0,47107
25.0,47119
25.0,47131
25.0,47143
25.0,47155
25.0,47168
25.01,47180
24.99,47192
24.99,47204
25.0,47216
25.0,47228
25.01,47241
25.01,47253
25.0,47265
25.0,47277
25.0,47289
25.0,47302
25.0,47314
25.0,47326
25.01,47338
25.0,47350
24.99,47362
25.0,47375
25.0,47387
25.01,47399
25.0,47411
25.0,47423
25.0,47435
25.0,47448
24.99,47460
25.0,47472
24.99,47484
25.0,47496
25.0,47509
25.01,47521
25.0,47533
25.0,47545
25.0,47557
25.0,47569
24.99,47582
25.0,47594
25.01,47606
25.02,47618
25.0,47630
25.0,47643
25.0,47655
25.01,47667
25.02,47679
25.02,47691
25.01,47703
25.01,47716
25.01,47728
25.01,47740
25.01,47752
25.01,47764
25.0,47777
24.99,47789
24.99,47801
24.99,47813
25.0,47825
24.99,47837
24.99,47850
25.0,47862
25.0,47874
24.99,47886
24.99,47898
24.99,47910
24.99,47923
24.99,47935
25.0,47947
24.99,47959
24.98,47971
24.97,47984
24.98,47996
24.99,48008
24.99,48020
24.99,48032
24.99,48044
25.0,48057
24.99,48069
24.99,48081
24.99,48093
25.0,48105
24.99,48118
24.99,48130
25.0,48142
25.0,48154
25.0,48166
25.0,48178
25.0,48191
25.01,48203
25.0,48215
25.0,48227
25.0,48239
25.0,48252
25.0,48264
25.0,48276
25.0,48288
25.01,48300
25.0,48312
25.0,48325
24.99,48337
25.0,48349
25.01,48361
25.0,48373
25.01,48385
25.01,48398
25.01,48410
25.0,48422
25.0,48434
25.0,48446
25.01,48459
25.0,48471
25.0,48483
25.01,48495
25.0,48507
25.0,48519
25.01,48532
25.0,48544
25.0,48556
24.99,48568
25.0,48580
25.0,48593
25.0,48605
25.0,48617
25.0,48629
25.0,48641
25.0,48653
25.0,48666
24.99,48678
25.0,48690
25.0,48702
25.0,48714
25.0,48726
25.0,48739
25.0,48751
25.01,48763
25.0,48775
25.0,48787
25.0,48800
25.0,48812
25.0,48824
25.0,48836
25.0,48848
25.0,48860
25.0,48873
25.0,48885
25.0,48897
25.0,48909
25.0,48921
25.0,48934
25.0,48946
25.01,48958
25.01,48970
25.01,48982
25.01,48994
25.0,49007
25.01,49019
25.01,49031
25.01,49043
25.01,49055
25.01,49068
25.01,49080
25.01,49092
25.01,49104
25.02,49116
25.01,49128
25.01,49141
25.01,49153
25.01,49165
25.0,49177
25.0,49189
25.0,49201
24.99,49214
25.0,49226
25.0,49238
25.0,49250
25.0,49262
25.0,49275
25.01,49287
24.99,49299
24.99,49311
24.99,49323
24.99,49335
24.99,49348
25.0,49360
25.0,49372
24.99,49384
24.99,49396
24.97,49409
24.96,49421
24.99,49433
25.0,49445
25.0,49457
24.99,49469
24.98,49482
24.99,49494
24.99,49506
24.99,49518
24.99,49530
25.0,49543
25.01,49555
25.0,49567
25.0,49579
25.0,49591
25.01,49603
25.0,49616
25.0,49628
25.0,49640
25.01,49652
25.0,49664
25.0,49676
25.0,49689
25.0,49701
25.01,49713
25.01,49725
25.0,49737
25.0,49750
25.01,49762
25.0,49774
25.01,49786
25.01,49798
25.0,49810
25.0,49823
25.0,49835
25.0,49847
25.01,49859
25.0,49871
25.0,49884
25.0,49896
25.0,49908
25.01,49920
25.0,49932
24.99,49944
25.0,49957
24.99,49969
25.01,49981
25.0,49993
25.0,50005
25.0,50018
24.99,50030
24.98,50042
25.0,50054
25.01,50066
25.0,50078
25.0,50091
24.99,50103
24.99,50115
24.99,50127
24.99,50139
25.0,50151
25.0,50164
25.0,50176
25.0,50188
25.0,50200
25.01,50212
25.01,50225
25.0,50237
25.0,50249
25.0,50261
25.01,50273
25.01,50285
25.0,50298
24.99,50310
25.0,50322
25.0,50334
25.01,50346
25.0,50359
25.0,50371
25.01,50383
25.0,50395
25.0,50407
25.0,50419
25.0,50432
25.01,50444
25.0,50456
25.01,50468
25.02,50480
25.01,50492
25.01,50505
25.02,50517
25.01,50529
25.01,50541
25.01,50553
25.01,50566
25.0,50578
25.0,50590
25.0,50602
25.0,50614
25.01,50626
25.0,50639
25.0,50651
25.0,50663
24.99,50675
24.99,50687
24.99,50700
24.99,50712
24.99,50724
24.98,50736
24.99,50748
24.99,50760
24.99,50773
24.99,50785
24.99,50797
25.0,50809
24.99,50821
25.0,50834
24.99,50846
24.99,50858
24.99,50870
24.99,50882
25.0,50894
25.0,50907
25.0,50919
25.01,50931
25.0,50943
24.99,50955
24.99,50967
25.0,50980
25.0,50992
24.99,51004
25.0,51016
25.0,51028
25.0,51041
25.0,51053
25.0,51065
25.0,51077
25.0,51089
25.0,51101
25.0,51114
25.0,51126
25.0,51138
25.0,51150
25.0,51162
25.0,51175
25.0,51187
25.01,51199
25.01,51211
25.01,51223
25.0,51235
25.0,51248
25.0,51260
25.01,51272
25.01,51284
25.0,51296
25.0,51308
25.01,51321
25.0,51333
25.0,51345
25.01,51357
25.01,51369
25.0,51382
25.0,51394
25.0,51406
25.0,51418
24.99,51430
24.99,51442
24.99,51455
25.0,51467
25.0,51479
25.0,51491
24.99,51503
24.99,51516
25.0,51528
25.0,51540
25.0,51552
25.0,51564
25.01,51576
25.01,51589
25.0,51601
24.99,51613
24.98,51625
24.99,51637
24.99,51650
25.0,51662
25.0,51674
24.99,51686
24.99,51698
24.99,51710
24.99,51723
25.0,51735
25.0,51747
25.0,51759
25.0,51771
24.99,51783
25.0,51796
25.0,51808
25.0,51820
25.0,51832
25.01,51844
25.01,51857
25.01,51869
25.01,51881
25.0,51893
25.0,51905
25.0,51917
25.0,51930
25.0,51942
25.0,51954
25.0,51966
25.0,51978
25.0,51991
25.0,52003
24.99,52015
25.0,52027
24.99,52039
24.99,52051
25.0,52064
24.99,52076
25.0,52088
25.01,52100
25.0,52112
25.01,52124
25.01,52137
25.0,52149
25.0,52161
25.0,52173
24.99,52185
25.0,52198
25.01,52210
25.0,52222
25.0,52234
25.0,52246
25.01,52258
25.0,52271
25.01,52283
25.01,52295
25.0,52307
25.0,52319
24.99,52332
25.0,52344
25.01,52356
25.0,52368
25.0,52380
25.0,52392
25.01,52405
25.01,52417
25.0,52429
25.0,52441
24.99,52453
25.0,52466
25.0,52478
24.99,52490
25.0,52502
25.01,52514
25.0,52526
25.0,52539
25.0,52551
25.0,52563
24.99,52575
25.0,52587
25.0,52599
24.99,52612
24.99,52624
25.0,52636
25.01,52648
25.01,52660
25.0,52673
25.0,52685
25.0,52697
25.0,52709
24.99,52721
25.0,52733
25.01,52746
25.01,52758
25.01,52770
25.0,52782
24.99,52794
25.01,52807
25.01,52819
25.0,52831
25.0,52843
24.99,52855
25.0,52867
25.0,52880
25.0,52892
25.0,52904
25.0,52916
25.0,52928
25.01,52941
25.01,52953
25.0,52965
25.0,52977
25.0,52989
25.0,53001
24.99,53014
25.0,53026
25.01,53038
25.0,53050
25.0,53062
25.0,53074
25.0,53087
25.0,53099
24.99,53111
25.0,53123
25.0,53135
25.0,53148
25.0,53160
24.99,53172
24.99,53184
25.0,53196
25.0,53208
25.0,53221
25.0,53233
25.0,53245
25.0,53257
25.01,53269
25.01,53282
25.0,53294
25.0,53306
25.0,53318
25.0,53330
25.0,53342
25.0,53355
25.0,53367
25.0,53379
25.0,53391
25.01,53403
25.0,53415
25.0,53428
25.0,53440
25.0,53452
25.0,53464
25.0,53476
25.0,53489
25.0,53501
25.0,53513
24.99,53525
25.0,53537
25.0,53549
25.0,53562
25.0,53574
25.0,53586
25.0,53598
24.99,53610
25.0,53623
25.0,53635
25.0,53647
25.0,53659
25.0,53671
25.0,53683
25.0,53696
25.01,53708
25.0,53720
25.0,53732
25.0,53744
25.0,53757
25.01,53769
25.0,53781
25.01,53793
25.0,53805
25.0,53817
25.0,53830
25.0,53842
25.0,53854
25.0,53866
25.0,53878
25.0,53890
25.0,53903
25.0,53915
24.99,53927
25.0,53939
25.0,53951
25.01,53964
25.01,53976
25.0,53988
25.0,54000
25.0,54012
25.0,54024
25.0,54037
25.01,54049
25.0,54061
24.99,54073
25.0,54085
25.01,54098
25.0,54110
25.0,54122
25.0,54134
25.0,54146
25.0,54158
25.02,54171
25.01,54183
25.0,54195
24.99,54207
25.0,54219
25.0,54231
25.01,54244
25.0,54256
25.0,54268
25.0,54280
25.0,54292
24.99,54305
24.99,54317
24.99,54329
25.0,54341
25.0,54353
25.0,54365
24.99,54378
25.0,54390
25.0,54402
25.0,54414
24.99,54426
24.99,54439
25.0,54451
25.0,54463
25.0,54475
25.0,54487
25.0,54499
25.0,54512
25.0,54524
25.0,54536
25.0,54548
25.0,54560
24.99,54573
25.0,54585
25.0,54597
25.0,54609
25.01,54621
25.0,54633
25.0,54646
25.0,54658
24.99,54670
25.0,54682
25.0,54694
25.0,54706
25.0,54719
25.0,54731
25.01,54743
25.0,54755
25.0,54767
25.0,54780
25.0,54792
25.0,54804
25.01,54816
25.0,54828
25.0,54840
25.0,54853
25.01,54865
25.0,54877
25.01,54889
25.01,54901
25.01,54914
25.01,54926
25.0,54938
24.99,54950
24.99,54962
24.99,54974
25.0,54987
24.99,54999
25.0,55011
25.0,55023
25.0,55035
25.0,55047
24.99,55060
24.99,55072
24.99,55084
25.0,55096
25.0,55108
25.0,55121
24.99,55133
24.99,55145
24.99,55157
24.99,55169
25.0,55181
25.01,55194
25.01,55206
25.0,55218
24.99,55230
25.0,55242
25.0,55255
25.0,55267
24.99,55279
25.0,55291
25.01,55303
25.0,55315
25.0,55328
24.99,55340
25.0,55352
25.01,55364
25.01,55376
25.0,55389
25.0,55401
24.99,55413
25.0,55425
25.01,55437
25.0,55449
24.99,55462
25.0,55474
25.01,55486
25.0,55498
25.0,55510
25.0,55522
25.0,55535
25.0,55547
25.0,55559
25.0,55571
25.0,55583
24.99,55596
25.01,55608
25.01,55620
25.0,55632
25.0,55644
25.01,55656
25.01,55669
25.0,55681
25.0,55693
24.99,55705
24.99,55717
24.99,55730
25.0,55742
24.99,55754
25.0,55766
25.01,55778
25.01,55790
25.01,55803
24.99,55815
24.99,55827
25.0,55839
25.01,55851
24.99,55864
25.0,55876
25.0,55888
25.0,55900
24.99,55912
25.0,55924
25.0,55937
25.0,55949
25.01,55961
25.01,55973
25.0,55985
25.0,55997
25.01,56010
25.0,56022
25.0,56034
25.0,56046
25.0,56058
25.0,56071
25.0,56083
25.0,56095
25.0,56107
25.0,56119
25.0,56131
25.0,56144
25.0,56156
25.0,56168
25.0,56180
25.01,56192
25.01,56205
25.0,56217
24.99,56229
24.99,56241
25.0,56253
25.0,56265
25.0,56278
25.0,56290
25.0,56302
25.0,56314
25.0,56326
25.0,56338
25.0,56351
24.99,56363
25.0,56375
25.0,56387
25.0,56399
24.99,56412
25.0,56424
25.0,56436
25.0,56448
24.99,56460
24.99,56472
25.0,56485
25.01,56497
25.0,56509
24.99,56521
25.0,56533
25.0,56546
24.99,56558
25.0,56570
25.0,56582
24.99,56594
25.01,56606
25.01,56619
25.01,56631
25.01,56643
25.0,56655
25.0,56667
25.01,56680
25.0,56692
24.99,56704
25.0,56716
25.01,56728
25.0,56740
25.01,56753
25.0,56765
25.0,56777
25.01,56789
25.0,56801
25.0,56813
25.0,56826
25.0,56838
25.0,56850
25.0,56862
25.0,56874
24.99,56887
25.0,56899
25.0,56911
25.0,56923
25.0,56935
25.0,56947
25.0,56960
24.99,56972
24.99,56984
25.0,56996
25.01,57008
25.0,57021
25.0,57033
24.99,57045
24.99,57057
25.0,57069
25.0,57081
25.0,57094
25.0,57106
25.0,57118
25.0,57130
25.0,57142
25.01,57155
25.0,57167
25.0,57179
24.99,57191
25.0,57203
25.01,57215
25.0,57228
25.0,57240
25.0,57252
25.01,57264
25.0,57276
25.0,57288
24.99,57301
25.0,57313
25.0,57325
25.0,57337
24.99,57349
24.99,57362
25.0,57374
25.0,57386
24.99,57398
25.0,57410
24.99,57422
25.0,57435
25.0,57447
25.0,57459
25.01,57471
25.0,57483
25.0,57496
25.0,57508
25.0,57520
25.0,57532
25.0,57544
25.0,57556
25.0,57569
25.0,57581
25.0,57593
25.0,57605
25.0,57617
25.0,57629
25.01,57642
25.0,57654
25.0,57666
25.01,57678
25.0,57690
25.0,57703
25.01,57715
25.0,57727
25.0,57739
25.0,57751
25.01,57763
25.01,57776
25.0,57788
25.0,57800
24.99,57812
25.0,57824
25.0,57837
25.0,57849
25.0,57861
25.0,57873
25.0,57885
25.0,57897
24.99,57910
24.99,57922
25.0,57934
25.0,57946
25.0,57958
25.0,57970
25.0,57983
24.99,57995
24.99,58007
24.99,58019
25.0,58031
24.99,58044
25.01,58056
25.01,58068
25.0,58080
25.01,58092
25.0,58104
25.0,58117
25.0,58129
25.0,58141
25.0,58153
25.0,58165
25.0,58178
25.0,58190
24.99,58202
24.99,58214
24.99,58226
25.0,58238
25.01,58251
25.0,58263
24.99,58275
25.0,58287
25.0,58299
25.0,58312
25.0,58324
25.0,58336
25.0,58348
25.0,58360
25.0,58372
25.0,58385
24.99,58397
25.01,58409
25.01,58421
25.01,58433
25.0,58445
25.0,58458
25.01,58470
25.0,58482
25.0,58494
25.0,58506
25.0,58519
25.0,58531
25.0,58543
25.0,58555
25.0,58567
24.99,58579
25.0,58592
25.01,58604
25.0,58616
25.0,58628
25.0,58640
25.0,58653
24.99,58665
24.99,58677
25.0,58689
25.0,58701
25.0,58713
25.0,58726
25.0,58738
24.99,58750
25.0,58762
25.0,58774
25.0,58787
25.0,58799
25.0,58811
25.0,58823
25.01,58835
25.0,58847
25.0,58860
24.99,58872
25.0,58884
25.0,58896
25.0,58908
25.0,58920
25.0,58933
25.0,58945
25.0,58957
25.0,58969
25.0,58981
25.0,58994
25.01,59006
25.0,59018
25.0,59030
25.0,59042
25.01,59054
25.01,59067
25.01,59079
25.0,59091
25.0,59103
25.0,59115
25.0,59128
24.99,59140
25.0,59152
25.0,59164
25.01,59176
25.0,59188
25.0,59201
25.0,59213
24.99,59225
25.0,59237
25.01,59249
25.01,59261
25.0,59274
25.0,59286
25.0,59298
25.0,59310
25.0,59322
25.0,59335
24.99,59347
24.99,59359
25.0,59371
25.0,59383
25.0,59395
25.0,59408
25.0,59420
25.0,59432
25.0,59444
25.0,59456
25.0,59469
25.0,59481
25.01,59493
25.0,59505
25.0,59517
25.0,59529
25.01,59542
25.01,59554
25.0,59566
25.0,59578
25.01,59590
25.0,59603
24.99,59615
25.0,59627
25.0,59639
25.0,59651
25.0,59663
25.0,59676
24.99,59688
25.0,59700
25.0,59712
25.0,59724
25.0,59736
25.0,59749
25.0,59761
25.0,59773
25.0,59785
24.99,59797
25.0,59810
25.0,59822
25.01,59834
25.01,59846
25.0,59858
25.0,59870
25.0,59883
25.0,59895
24.99,59907
24.99,59919
25.0,59931
25.0,59944
25.0,59956
25.01,59968
25.0,59980
25.0,59992
25.01,60004
25.0,60017
24.99,60029
24.99,60041
25.0,60053
25.0,60065
25.01,60077
25.0,60090
25.0,60102
25.0,60114
25.0,60126
25.0,60138
24.99,60151
24.99,60163
25.0,60175
24.99,60187
25.0,60199
25.01,60211
25.01,60224
25.0,60236
25.0,60248
25.0,60260
25.0,60272
25.0,60285
25.0,60297
25.0,60309
25.0,60321
25.01,60333
25.01,60345
25.0,60358
24.99,60370
24.99,60382
25.0,60394
24.99,60406
24.99,60419
24.99,60431
25.0,60443
25.01,60455
25.0,60467
24.99,60479
24.99,60492
25.01,60504
25.01,60516
25.0,60528
25.0,60540
25.0,60552
25.0,60565
25.0,60577
25.0,60589
25.01,60601
25.01,60613
24.99,60626
24.98,60638
25.0,60650
25.01,60662
25.01,60674
25.01,60686
25.0,60699
24.99,60711
25.0,60723
25.0,60735
25.0,60747
25.0,60760
24.99,60772
25.0,60784
25.0,60796
25.0,60808
25.01,60820
25.01,60833
25.0,60845
25.0,60857
24.99,60869
25.0,60881
25.01,60894
25.0,60906
25.01,60918
25.0,60930
25.0,60942
25.0,60954
25.0,60967
24.99,60979
24.99,60991
25.0,61003
25.0,61015
25.0,61027
25.0,61040
25.0,61052
25.0,61064
25.01,61076
25.0,61088
25.0,61101
25.0,61113
25.0,61125
25.0,61137
24.99,61149
24.99,61161
25.0,61174
25.0,61186
24.99,61198
24.99,61210
24.99,61222
25.0,61235
25.0,61247
25.01,61259
25.01,61271
25.0,61283
25.0,61295
25.0,61308
25.01,61320
25.0,61332
25.0,61344
25.0,61356
24.99,61368
25.0,61381
24.99,61393
25.0,61405
25.01,61417
25.01,61429
25.01,61442
25.01,61454
25.0,61466
24.99,61478
25.0,61490
25.0,61502
24.99,61515
25.0,61527
25.0,61539
25.0,61551
25.0,61563
25.0,61576
25.0,61588
25.0,61600
25.0,61612
24.99,61624
25.0,61636
25.01,61649
25.01,61661
25.0,61673
25.0,61685
24.99,61697
25.0,61710
25.0,61722
25.0,61734
25.0,61746
25.0,61758
25.0,61770
25.0,61783
25.0,61795
25.0,61807
25.0,61819
25.0,61831
25.0,61843
25.0,61856
25.0,61868
25.0,61880
25.01,61892
25.0,61904
25.0,61917
25.01,61929
25.01,61941
25.0,61953
25.0,61965
25.0,61977
25.0,61990
25.0,62002
25.0,62014
25.0,62026
25.0,62038
25.0,62051
25.0,62063
25.0,62075
25.0,62087
25.0,62099
25.0,62111
25.0,62124
25.0,62136
25.0,62148
25.0,62160
25.0,62172
24.99,62184
25.0,62197
24.99,62209
24.99,62221
25.0,62233
25.0,62245
25.0,62258
25.0,62270
25.0,62282
25.0,62294
25.0,62306
25.0,62318
25.0,62331
25.0,62343
25.01,62355
25.0,62367
25.0,62379
25.0,62392
25.01,62404
25.01,62416
25.0,62428
25.0,62440
25.0,62452
25.0,62465
25.0,62477
25.01,62489
25.0,62501
25.0,62513
25.0,62526
25.0,62538
25.0,62550
25.0,62562
25.0,62574
24.99,62586
25.0,62599
25.0,62611
25.0,62623
25.0,62635
25.0,62647
25.0,62659
25.0,62672
25.0,62684
25.0,62696
25.0,62708
25.0,62720
25.01,62733
25.0,62745
25.0,62757
25.0,62769
25.0,62781
25.0,62793
25.0,62806
25.0,62818
25.0,62830
25.0,62842
25.0,62854
25.0,62867
25.0,62879
25.01,62891
25.0,62903
25.0,62915
25.0,62927
24.99,62940
24.99,62952
24.99,62964
25.0,62976
25.0,62988
25.0,63000
25.01,63013
25.01,63025
25.01,63037
25.0,63049
24.99,63061
25.0,63074
25.01,63086
25.01,63098
25.01,63110
25.0,63122
25.01,63134
25.01,63147
25.0,63159
25.0,63171
24.99,63183
24.99,63195
25.0,63208
25.0,63220
24.99,63232
24.99,63244
25.0,63256
25.0,63268
25.01,63281
25.0,63293
25.0,63305
25.0,63317
25.0,63329
24.99,63342
25.0,63354
25.0,63366
25.0,63378
25.01,63390
25.0,63402
25.0,63415
25.0,63427
25.0,63439
25.01,63451
25.01,63463
25.0,63475
25.01,63488
25.01,63500
25.0,63512
24.99,63524
25.0,63536
25.0,63549
25.0,63561
24.99,63573
24.99,63585
25.0,63597
25.0,63609
25.0,63622
25.0,63634
25.0,63646
25.0,63658
25.0,63670
24.99,63683
24.99,63695
25.0,63707
25.0,63719
25.0,63731
24.99,63743
24.99,63756
24.99,63768
25.0,63780
25.0,63792
25.0,63804
25.01,63816
25.01,63829
25.0,63841
24.99,63853
25.0,63865
24.99,63877
24.99,63890
24.99,63902
24.99,63914
25.0,63926
25.0,63938
25.0,63950
25.0,63963
25.0,63975
25.0,63987
25.0,63999
25.0,64011
25.0,64024
25.01,64036
25.0,64048
25.0,64060
24.99,64072
25.0,64084
25.0,64097
25.0,64109
25.0,64121
25.01,64133
25.01,64145
25.01,64158
25.01,64170
25.0,64182
24.99,64194
25.01,64206
25.01,64218
25.0,64231
25.0,64243
25.0,64255
25.0,64267
24.99,64279
24.99,64291
25.0,64304
25.0,64316
25.0,64328
25.0,64340
25.01,64352
25.0,64365
25.0,64377
25.0,64389
25.0,64401
25.01,64413
25.01,64425
25.0,64438
25.0,64450
24.99,64462
24.99,64474
25.0,64486
25.0,64499
25.0,64511
25.0,64523
24.99,64535
25.0,64547
25.0,64559
25.0,64572
24.99,64584
25.0,64596
25.01,64608
25.01,64620
25.0,64633
25.0,64645
25.0,64657
25.0,64669
25.0,64681
25.0,64693
25.0,64706
25.0,64718
25.0,64730
25.0,64742
25.0,64754
25.0,64766
25.0,64779
25.0,64791
25.0,64803
24.99,64815
24.99,64827
25.0,64840
25.01,64852
25.01,64864
25.0,64876
25.01,64888
25.01,64900
25.0,64913
25.0,64925
25.0,64937
25.0,64949
25.0,64961
25.0,64974
25.0,64986
25.0,64998
25.01,65010
25.0,65022
24.99,65034
25.0,65047
24.99,65059
24.99,65071
25.01,65083
25.01,65095
24.99,65107
25.0,65120
25.01,65132
25.0,65144
25.0,65156
25.01,65168
25.01,65181
25.02,65193
25.01,65205
25.0,65217
25.01,65229
25.01,65241
24.99,65254
25.0,65266
25.0,65278
24.99,65290
24.99,65302
25.0,65315
25.0,65327
25.0,65339
25.0,65351
24.99,65363
25.0,65375
25.0,65388
25.0,65400
24.99,65412
25.0,65424
25.0,65436
25.0,65449
24.99,65461
24.99,65473
25.0,65485
25.0,65497
25.0,65509
25.01,65522
25.0,65534
25.0,65546
25.0,65558
25.0,65570
25.0,65582
24.99,65595
24.99,65607
24.99,65619
24.99,65631
25.0,65643
25.0,65656
25.0,65668
25.0,65680
25.0,65692
25.0,65704
25.0,65716
25.0,65729
24.99,65741
25.0,65753
25.01,65765
25.0,65777
25.0,65790
25.0,65802
25.0,65814
25.0,65826
25.0,65838
25.0,65850
25.01,65863
25.01,65875
25.0,65887
25.0,65899
25.0,65911
25.0,65924
25.01,65936
25.0,65948
25.0,65960
25.0,65972
25.0,65984
25.0,65997
25.01,66009
25.01,66021
25.0,66033
25.0,66045
24.99,66057
25.0,66070
25.0,66082
25.0,66094
24.99,66106
25.0,66118
25.0,66131
25.0,66143
25.0,66155
25.0,66167
25.0,66179
24.99,66191
25.0,66204
25.01,66216
25.0,66228
25.0,66240
25.0,66252
25.0,66265
25.0,66277
25.0,66289
25.0,66301
25.01,66313
25.0,66325
25.0,66338
25.0,66350
25.0,66362
25.01,66374
25.0,66386
24.99,66398
25.0,66411
24.99,66423
24.99,66435
24.99,66447
24.99,66459
25.0,66472
25.0,66484
25.0,66496
25.0,66508
25.0,66520
24.99,66532
24.99,66545
24.99,66557
25.0,66569
25.0,66581
24.99,66593
25.0,66606
25.0,66618
25.0,66630
25.0,66642
25.0,66654
25.0,66666
25.01,66679
25.0,66691
25.0,66703
25.01,66715
25.0,66727
25.0,66740
25.0,66752
24.99,66764
25.0,66776
25.0,66788
24.99,66800
25.0,66813
25.0,66825
25.0,66837
25.01,66849
25.02,66861
25.02,66873
25.0,66886
25.0,66898
24.99,66910
25.0,66922
25.0,66934
25.0,66947
25.0,66959
25.0,66971
25.0,66983
25.0,66995
25.01,67007
25.01,67020
25.0,67032
24.99,67044
24.99,67056
25.01,67068
25.0,67081
25.0,67093
25.0,67105
25.01,67117
25.0,67129
24.99,67141
24.99,67154
24.99,67166
25.0,67178
25.0,67190
25.0,67202
25.01,67214
25.01,67227
25.01,67239
25.0,67251
25.0,67263
24.99,67275
24.99,67288
24.99,67300
24.99,67312
24.99,67324
25.0,67336
25.0,67348
25.0,67361
25.01,67373
25.01,67385
25.01,67397
25.0,67409
25.0,67422
25.0,67434
25.0,67446
25.0,67458
25.0,67470
24.99,67482
25.0,67495
25.0,67507
25.0,67519
25.0,67531
25.0,67543
25.0,67556
25.0,67568
25.0,67580
25.01,67592
25.0,67604
25.0,67616
25.0,67629
25.0,67641
24.99,67653
25.0,67665
25.01,67677
25.0,67689
25.0,67702
25.0,67714
25.0,67726
25.0,67738
25.0,67750
25.0,67763
25.01,67775
25.0,67787
25.0,67799
24.99,67811
25.0,67823
25.0,67836
25.0,67848
25.0,67860
25.0,67872
25.0,67884
25.0,67897
25.0,67909
25.0,67921
25.0,67933
25.0,67945
24.99,67957
25.0,67970
25.0,67982
25.0,67994
25.0,68006
25.0,68018
25.01,68030
25.01,68043
25.0,68055
25.0,68067
25.0,68079
25.0,68091
25.0,68104
25.0,68116
25.0,68128
25.0,68140
25.0,68152
25.0,68164
24.99,68177
24.99,68189
24.99,68201
25.0,68213
24.99,68225
25.0,68238
25.0,68250
24.99,68262
25.0,68274
25.0,68286
24.99,68298
25.0,68311
25.01,68323
25.01,68335
25.0,68347
25.0,68359
25.01,68372
25.01,68384
25.02,68396
25.01,68408
24.99,68420
25.0,68432
25.0,68445
25.0,68457
25.0,68469
25.0,68481
25.0,68493
25.01,68505
25.0,68518
25.01,68530
25.0,68542
25.0,68554
25.0,68566
25.01,68579
25.0,68591
24.99,68603
24.99,68615
25.0,68627
25.01,68639
25.0,68652
25.0,68664
25.0,68676
25.0,68688
25.0,68700
24.99,68713
24.99,68725
25.0,68737
25.0,68749
25.0,68761
25.0,68773
25.0,68786
25.0,68798
25.0,68810
25.0,68822
25.0,68834
25.01,68847
25.0,68859
24.99,68871
24.99,68883
25.0,68895
25.01,68907
25.0,68920
24.99,68932
24.99,68944
24.99,68956
25.0,68968
25.0,68980
25.01,68993
25.0,69005
24.99,69017
25.0,69029
25.0,69041
25.0,69054
25.0,69066
25.0,69078
25.0,69090
25.0,69102
25.0,69114
25.0,69127
25.0,69139
25.0,69151
25.0,69163
25.0,69175
25.0,69188
25.01,69200
25.0,69212
25.0,69224
25.0,69236
24.99,69248
25.0,69261
25.01,69273
25.01,69285
25.0,69297
25.0,69309
24.99,69321
25.0,69334
25.01,69346
25.01,69358
25.0,69370
24.99,69382
24.99,69395
24.98,69407
25.0,69419
25.01,69431
25.01,69443
25.0,69455
25.01,69468
25.0,69480
24.99,69492
24.99,69504
24.99,69516
25.0,69529
25.01,69541
25.01,69553
25.0,69565
25.01,69577
25.01,69589
25.0,69602
25.0,69614
25.0,69626
25.0,69638
25.0,69650
25.0,69663
25.0,69675
25.0,69687
25.0,69699
25.0,69711
24.99,69723
24.99,69736
25.0,69748
25.0,69760
24.98,69772
24.99,69784
25.01,69796
25.0,69809
25.0,69821
25.0,69833
25.0,69845
25.0,69857
25.0,69870
24.99,69882
25.0,69894
25.0,69906
25.01,69918
25.01,69930
25.01,69943
25.01,69955
25.0,69967
25.0,69979
24.99,69991
25.0,70004
25.0,70016
25.0,70028
25.01,70040
25.0,70052
25.0,70064
25.01,70077
25.0,70089
25.0,70101
24.99,70113
25.0,70125
25.01,70138
25.01,70150
25.02,70162
25.0,70174
25.0,70186
24.99,70198
25.0,70211
25.0,70223
25.0,70235
24.99,70247
24.99,70259
25.0,70271
25.01,70284
25.0,70296
25.0,70308
25.0,70320
24.99,70332
25.0,70345
25.0,70357
25.0,70369
25.0,70381
25.0,70393
24.99,70405
25.0,70418
25.0,70430
25.0,70442
25.0,70454
25.0,70466
25.0,70479
25.01,70491
25.0,70503
25.0,70515
25.0,70527
25.01,70539
25.01,70552
25.0,70564
24.99,70576
24.99,70588
25.0,70600
25.0,70612
25.0,70625
25.0,70637
25.0,70649
25.0,70661
25.01,70673
25.0,70686
24.99,70698
25.0,70710
25.01,70722
25.0,70734
25.0,70746
25.01,70759
25.0,70771
25.0,70783
24.99,70795
24.99,70807
25.0,70820
25.0,70832
25.0,70844
25.0,70856
24.99,70868
25.0,70880
25.0,70893
25.0,70905
25.01,70917
25.01,70929
24.99,70941
25.0,70954
25.0,70966
25.01,70978
25.0,70990
25.0,71002
25.01,71014
25.0,71027
24.99,71039
24.99,71051
25.0,71063
25.0,71075
25.0,71087
25.0,71100
25.01,71112
25.0,71124
25.01,71136
24.99,71148
25.0,71161
25.0,71173
24.99,71185
25.0,71197
25.0,71209
25.0,71221
25.0,71234
24.99,71246
24.99,71258
25.0,71270
25.0,71282
25.0,71295
25.0,71307
25.01,71319
25.01,71331
25.0,71343
25.0,71355
25.0,71368
25.01,71380
25.0,71392
25.0,71404
25.0,71416
25.0,71429
25.0,71441
25.0,71453
25.0,71465
24.99,71477
25.0,71489
24.99,71502
25.0,71514
25.01,71526
25.0,71538
25.0,71550
25.0,71562
25.0,71575
25.0,71587
24.99,71599
24.99,71611
25.0,71623
25.0,71636
25.01,71648
25.01,71660
25.01,71672
25.01,71684
25.01,71696
25.0,71709
24.99,71721
25.0,71733
25.01,71745
25.0,71757
25.0,71770
25.0,71782
25.0,71794
25.0,71806
24.99,71818
25.0,71830
25.0,71843
25.0,71855
25.0,71867
24.99,71879
25.0,71891
25.0,71903
25.0,71916
25.0,71928
25.01,71940
25.01,71952
25.0,71964
25.0,71977
25.0,71989
25.0,72001
25.0,72013
25.0,72025
24.99,72037
25.0,72050
24.99,72062
25.0,72074
24.99,72086
25.01,72098
25.0,72111
25.0,72123
25.01,72135
25.0,72147
25.01,72159
25.0,72171
25.0,72184
24.99,72196
25.0,72208
25.0,72220
25.0,72232
25.0,72245
25.0,72257
25.0,72269
25.0,72281
25.0,72293
25.0,72305
25.0,72318
24.99,72330
25.0,72342
25.01,72354
25.0,72366
25.0,72378
25.0,72391
24.99,72403
25.0,72415
25.0,72427
25.0,72439
24.99,72452
24.99,72464
25.01,72476
25.01,72488
25.01,72500
25.0,72512
24.99,72525
25.0,72537
25.01,72549
25.01,72561
25.0,72573
25.0,72586
25.01,72598
25.0,72610
25.0,72622
24.99,72634
25.0,72646
25.0,72659
25.0,72671
25.0,72683
25.01,72695
25.01,72707
25.01,72719
25.0,72732
25.0,72744
25.0,72756
25.01,72768
25.0,72780
25.0,72793
25.01,72805
25.0,72817
25.01,72829
25.0,72841
25.0,72853
25.0,72866
25.0,72878
24.99,72890
24.99,72902
25.0,72914
24.99,72927
24.99,72939
25.0,72951
24.99,72963
24.99,72975
25.01,72987
25.0,73000
24.99,73012
25.0,73024
25.0,73036
25.0,73048
25.0,73061
25.01,73073
25.0,73085
24.99,73097
24.99,73109
25.0,73121
24.99,73134
24.99,73146
25.01,73158
25.0,73170
25.0,73182
25.0,73194
25.0,73207
25.0,73219
25.0,73231
25.0,73243
25.0,73255
25.0,73268
24.99,73280
25.0,73292
25.0,73304
25.01,73316
25.0,73328
25.0,73341
25.0,73353
25.0,73365
25.0,73377
25.0,73389
25.0,73402
25.0,73414
25.01,73426
25.01,73438
25.01,73450
25.0,73462
25.0,73475
25.01,73487
25.0,73499
25.0,73511
25.01,73523
25.0,73536
25.0,73548
25.0,73560
24.99,73572
25.0,73584
25.0,73596
25.0,73609
25.0,73621
25.01,73633
24.99,73645
25.0,73657
25.0,73669
25.0,73682
24.99,73694
25.0,73706
25.0,73718
24.99,73730
25.0,73743
25.0,73755
25.0,73767
24.99,73779
25.0,73791
25.0,73803
25.01,73816
25.01,73828
25.0,73840
25.0,73852
25.0,73864
25.01,73877
25.01,73889
25.0,73901
25.0,73913
25.0,73925
25.01,73937
25.0,73950
24.99,73962
25.0,73974
25.0,73986
25.0,73998
25.01,74010
25.01,74023
25.01,74035
25.0,74047
25.0,74059
25.0,74071
24.99,74084
25.0,74096
25.0,74108
25.0,74120
25.0,74132
25.0,74144
24.99,74157
25.0,74169
25.0,74181
25.0,74193
24.99,74205
24.99,74218
25.0,74230
25.0,74242
25.0,74254
25.0,74266
24.99,74278
25.0,74291
25.0,74303
25.0,74315
25.01,74327
25.0,74339
25.0,74352
25.0,74364
25.0,74376
25.0,74388
25.0,74400
25.01,74412
25.01,74425
25.01,74437
25.0,74449
25.0,74461
24.99,74473
24.99,74485
25.0,74498
25.0,74510
25.01,74522
24.99,74534
24.99,74546
25.0,74559
25.0,74571
24.99,74583
24.99,74595
25.0,74607
25.0,74619
25.0,74632
25.0,74644
25.0,74656
25.01,74668
25.01,74680
25.0,74693
25.0,74705
25.0,74717
25.0,74729
25.0,74741
25.01,74753
25.01,74766
25.0,74778
24.99,74790
25.0,74802
25.0,74814
25.0,74826
25.0,74839
25.01,74851
25.01,74863
25.0,74875
25.01,74887
25.0,74900
24.99,74912
25.0,74924
25.0,74936
25.0,74948
25.0,74960
25.0,74973
25.0,74985
25.01,74997
25.0,75009
25.0,75021
24.99,75034
24.99,75046
24.99,75058
24.99,75070
24.99,75082
25.0,75094
25.0,75107
25.0,75119
25.0,75131
25.0,75143
25.0,75155
25.0,75168
25.0,75180
25.01,75192
25.01,75204
25.0,75216
25.0,75228
25.0,75241
25.0,75253
25.0,75265
25.01,75277
25.0,75289
24.99,75301
24.99,75314
25.0,75326
25.0,75338
25.0,75350
25.0,75362
24.99,75375
25.0,75387
25.01,75399
25.0,75411
25.0,75423
25.0,75435
25.01,75448
25.0,75460
25.0,75472
25.01,75484
25.01,75496
25.0,75509
25.0,75521
25.0,75533
25.0,75545
25.01,75557
25.0,75569
25.0,75582
25.0,75594
25.0,75606
25.0,75618
25.0,75630
25.01,75642
25.0,75655
25.0,75667
25.0,75679
25.0,75691
25.0,75703
25.0,75716
25.01,75728
25.01,75740
25.0,75752
25.01,75764
25.01,75776
25.01,75789
25.0,75801
25.0,75813
25.0,75825
25.0,75837
25.01,75850
25.0,75862
25.0,75874
25.01,75886
25.0,75898
25.0,75910
25.0,75923
25.0,75935
25.01,75947
25.0,75959
25.01,75971
25.01,75984
24.99,75996
25.0,76008
25.01,76020
25.0,76032
25.0,76044
25.0,76057
24.99,76069
24.99,76081
24.99,76093
25.0,76105
25.0,76117
25.0,76130
25.0,76142
25.0,76154
25.0,76166
25.0,76178
25.0,76191
25.0,76203
24.99,76215
24.98,76227
24.99,76239
25.0,76251
25.0,76264
25.0,76276
25.0,76288
24.99,76300
25.0,76312
25.0,76325
25.0,76337
25.0,76349
25.0,76361
25.0,76373
25.01,76385
25.0,76398
24.99,76410
25.01,76422
25.01,76434
25.01,76446
25.0,76459
25.01,76471
25.0,76483
25.01,76495
25.0,76507
25.0,76519
25.0,76532
25.01,76544
25.01,76556
25.0,76568
25.0,76580
25.0,76592
25.0,76605
25.0,76617
25.0,76629
24.99,76641
25.0,76653
25.0,76666
25.0,76678
25.0,76690
25.0,76702
25.0,76714
25.0,76726
25.0,76739
25.0,76751
25.0,76763
25.0,76775
25.01,76787
25.0,76800
25.0,76812
25.0,76824
25.0,76836
25.01,76848
25.0,76860
25.0,76873
25.0,76885
25.0,76897
25.01,76909
25.01,76921
25.0,76934
25.0,76946
25.0,76958
25.01,76970
25.0,76982
25.0,76994
25.0,77007
25.01,77019
25.01,77031
25.0,77043
24.99,77055
25.0,77067
25.0,77080
25.0,77092
25.01,77104
25.0,77116
25.0,77128
25.0,77141
25.0,77153
25.0,77165
24.99,77177
24.99,77189
25.0,77201
25.0,77214
24.99,77226
25.0,77238
24.99,77250
25.0,77262
25.01,77275
25.0,77287
24.99,77299
25.0,77311
25.0,77323
25.0,77335
25.01,77348
25.01,77360
25.0,77372
25.01,77384
25.0,77396
25.01,77408
25.0,77421
25.0,77433
25.0,77445
24.99,77457
24.99,77469
25.0,77482
25.01,77494
25.0,77506
25.01,77518
25.0,77530
24.99,77542
25.0,77555
25.0,77567
25.0,77579
25.0,77591
25.01,77603
25.0,77616
24.99,77628
25.0,77640
25.01,77652
25.01,77664
25.0,77676
25.0,77689
24.99,77701
24.99,77713
24.99,77725
24.99,77737
25.0,77750
25.0,77762
25.0,77774
25.0,77786
25.0,77798
25.0,77810
25.0,77823
25.0,77835
25.0,77847
25.0,77859
25.0,77871
25.0,77883
25.01,77896
25.0,77908
25.0,77920
25.0,77932
25.0,77944
25.0,77957
25.0,77969
25.0,77981
25.0,77993
25.0,78005
25.0,78017
25.0,78030
25.0,78042
25.0,78054
25.0,78066
24.99,78078
25.0,78091
25.01,78103
25.0,78115
25.0,78127
25.0,78139
25.0,78151
24.99,78164
24.99,78176
24.99,78188
24.99,78200
25.0,78212
24.99,78224
25.0,78237
25.01,78249
25.0,78261
25.0,78273
25.0,78285
25.01,78298
25.0,78310
25.0,78322
25.01,78334
25.0,78346
