25.0,1375
25.0,1388
24.94,1400
25.0,1412
24.94,1424
25.0,1436
24.94,1449
24.94,1461
25.0,1473
25.0,1485
25.0,1497
24.94,1509
25.0,1522
24.94,1534
25.0,1546
24.94,1558
25.0,1570
24.94,1582
25.0,1595
25.0,1607
25.0,1619
24.94,1631
24.94,1643
25.0,1656
25.0,1668
25.0,1680
25.0,1692
25.0,1704
25.0,1716
25.0,1729
25.0,1741
25.0,1753
25.0,1765
25.0,1777
25.0,1789
25.0,1802
25.0,1814
25.0,1826
25.0,1838
25.0,1850
25.0,1863
25.0,1875
25.0,1887
25.0,1899
25.0,1911
25.0,1923
25.0,1936
25.0,1948
25.0,1960
25.0,1972
25.0,1984
25.0,1996
25.0,2009
25.0,2021
25.0,2033
25.0,2045
25.0,2057
25.0,2070
25.0,2082
25.0,2094
25.0,2106
25.0,2118
25.0,2130
24.94,2143
25.0,2155
25.0,2167
25.0,2179
25.0,2191
25.0,2203
25.0,2216
25.0,2228
24.94,2240
25.0,2252
25.0,2264
25.0,2277
24.94,2289
25.0,2301
24.94,2313
24.94,2325
25.0,2337
24.94,2350
25.0,2362
25.0,2374
24.94,2386
24.94,2398
25.0,2410
24.94,2423
25.0,2435
24.94,2447
25.0,2459
25.0,2471
25.0,2484
24.94,2496
25.0,2508
25.0,2520
25.0,2532
25.0,2544
25.0,2557
25.0,2569
25.0,2581
25.0,2593
25.0,2605
25.0,2617
25.0,2630
25.0,2642
25.0,2654
25.0,2666
25.0,2678
25.0,2691
25.0,2703
25.0,2715
25.0,2727
25.0,2739
25.0,2751
25.0,2764
25.0,2776
24.94,2788
25.0,2800
25.0,2812
25.0,2824
25.0,2837
25.0,2849
25.0,2861
25.0,2873
25.0,2885
24.94,2898
25.0,2910
25.0,2922
25.0,2934
25.0,2946
25.0,2958
25.0,2971
25.0,2983
25.0,2995
25.0,3007
25.0,3019
25.0,3031
25.0,3044
25.0,3056
25.0,3068
25.0,3080
25.0,3092
25.0,3105
25.0,3117
25.0,3129
25.0,3141
25.0,3153
25.0,3165
25.0,3178
25.0,3190
25.0,3202
25.0,3214
25.0,3226
25.0,3238
25.0,3251
25.0,3263
25.0,3275
25.0,3287
25.0,3299
25.0,3312
25.0,3324
25.0,3336
25.0,3348
25.0,3360
25.0,3372
25.0,3385
25.0,3397
25.0,3409
24.94,3421
25.0,3433
25.0,3445
25.0,3458
25.0,3470
25.0,3482
25.0,3494
25.0,3506
25.0,3519
25.0,3531
25.0,3543
25.0,3555
25.0,3567
25.0,3579
25.0,3592
24.94,3604
25.0,3616
25.0,3628
24.94,3640
25.0,3653
25.0,3665
24.94,3677
25.0,3689
24.94,3701
25.0,3713
24.94,3726
25.0,3738
24.94,3750
25.0,3762
25.0,3774
25.0,3786
25.0,3799
25.0,3811
24.94,3823
25.0,3835
25.0,3847
25.0,3860
25.0,3872
25.0,3884
25.0,3896
25.0,3908
25.0,3920
25.0,3933
25.0,3945
25.0,3957
25.0,3969
25.0,3981
25.0,3993
25.0,4006
25.0,4018
25.0,4030
25.0,4042
25.0,4054
25.0,4067
25.0,4079
25.0,4091
25.0,4103
25.0,4115
24.94,4127
24.94,4140
25.0,4152
25.0,4164
24.94,4176
25.0,4188
25.0,4200
25.0,4213
25.0,4225
25.0,4237
25.0,4249
25.0,4261
25.0,4274
24.94,4286
25.0,4298
25.0,4310
25.0,4322
25.0,4334
25.0,4347
25.0,4359
25.0,4371
25.0,4383
25.0,4395
25.0,4407
25.0,4420
25.0,4432
25.0,4444
25.0,4456
25.0,4468
25.0,4481
25.0,4493
25.0,4505
25.0,4517
25.0,4529
25.0,4541
25.0,4554
24.94,4566
25.0,4578
25.0,4590
25.0,4602
25.0,4614
25.0,4627
25.0,4639
25.0,4651
25.0,4663
25.0,4675
25.0,4688
24.94,4700
25.0,4712
25.0,4724
25.0,4736
25.0,4748
25.0,4761
25.0,4773
25.0,4785
24.94,4797
25.0,4809
25.0,4821
25.0,4834
25.0,4846
25.0,4858
25.0,4870
25.0,4882
25.0,4895
25.0,4907
25.0,4919
25.0,4931
25.0,4943
25.0,4955
25.0,4968
25.0,4980
25.0,4992
25.0,5004
25.0,5016
25.0,5028
25.0,5041
25.0,5053
25.0,5065
25.0,5077
25.0,5089
24.94,5102
25.0,5114
24.94,5126
25.0,5138
25.0,5150
25.0,5162
25.0,5175
25.0,5187
25.0,5199
24.94,5211
25.0,5223
25.0,5235
24.94,5248
25.0,5260
25.0,5272
25.0,5284
25.0,5296
24.94,5309
25.0,5321
25.0,5333
25.0,5345
25.0,5357
25.0,5369
25.0,5382
25.0,5394
25.0,5406
25.0,5418
25.0,5430
25.0,5442
25.0,5455
25.0,5467
25.0,5479
25.0,5491
25.0,5503
25.0,5516
24.94,5528
25.0,5540
25.0,5552
25.0,5564
25.0,5576
24.94,5589
24.94,5601
25.0,5613
25.0,5625
24.94,5637
24.94,5649
24.94,5662
25.0,5674
24.94,5686
25.0,5698
25.0,5710
25.0,5723
24.94,5735
24.94,5747
24.94,5759
24.94,5771
25.0,5783
25.0,5796
25.0,5808
24.94,5820
25.0,5832
25.0,5844
25.0,5856
25.0,5869
25.0,5881
24.94,5893
24.94,5905
25.0,5917
25.0,5930
25.0,5942
25.0,5954
24.94,5966
25.0,5978
25.0,5990
25.0,6003
25.0,6015
24.94,6027
25.0,6039
25.0,6051
25.0,6063
25.0,6076
25.0,6088
24.94,6100
25.0,6112
25.0,6124
25.0,6137
24.94,6149
25.0,6161
25.0,6173
25.0,6185
25.0,6197
25.0,6210
25.0,6222
25.0,6234
25.0,6246
24.94,6258
25.0,6270
25.0,6283
24.94,6295
25.0,6307
25.0,6319
25.0,6331
25.0,6344
25.0,6356
25.0,6368
24.94,6380
25.0,6392
25.0,6404
25.0,6417
24.94,6429
25.0,6441
25.0,6453
25.0,6465
25.0,6477
25.0,6490
25.0,6502
25.0,6514
25.0,6526
25.0,6538
24.94,6551
25.0,6563
24.94,6575
25.0,6587
25.0,6599
25.0,6611
25.0,6624
25.0,6636
24.94,6648
25.0,6660
24.94,6672
25.0,6684
25.0,6697
25.0,6709
25.0,6721
25.0,6733
25.0,6745
25.0,6758
25.0,6770
25.0,6782
25.0,6794
25.0,6806
25.0,6818
25.0,6831
25.0,6843
25.0,6855
25.0,6867
25.0,6879
25.0,6892
25.0,6904
25.0,6916
25.0,6928
24.94,6940
25.0,6952
25.0,6965
24.94,6977
25.0,6989
24.94,7001
24.94,7013
25.0,7025
25.0,7038
25.0,7050
24.94,7062
25.0,7074
25.0,7086
24.94,7099
24.94,7111
25.0,7123
25.0,7135
25.0,7147
25.0,7159
25.0,7172
24.94,7184
24.94,7196
24.94,7208
25.0,7220
25.0,7232
25.0,7245
25.0,7257
25.0,7269
25.0,7281
25.0,7293
25.0,7306
25.0,7318
25.0,7330
25.0,7342
25.0,7354
25.0,7366
24.94,7379
25.0,7391
25.0,7403
25.0,7415
24.94,7427
25.0,7439
25.0,7452
25.0,7464
25.0,7476
25.0,7488
25.0,7500
25.0,7513
25.0,7525
25.0,7537
25.0,7549
25.0,7561
25.0,7573
25.0,7586
24.94,7598
25.0,7610
25.0,7622
24.94,7634
25.0,7646
25.0,7659
25.0,7671
25.0,7683
25.0,7695
24.94,7707
25.0,7720
24.94,7732
25.0,7744
25.0,7756
25.0,7768
25.0,7780
25.0,7793
24.94,7805
24.94,7817
25.0,7829
25.0,7841
25.0,7853
25.0,7866
25.0,7878
25.0,7890
25.0,7902
25.0,7914
25.0,7927
25.0,7939
25.0,7951
25.0,7963
25.0,7975
25.0,7987
24.94,8000
25.0,8012
25.0,8024
25.0,8036
25.0,8048
25.0,8060
25.0,8073
25.0,8085
25.0,8097
25.0,8109
25.0,8121
25.0,8134
25.0,8146
25.0,8158
25.0,8170
25.0,8182
25.0,8194
25.0,8207
25.0,8219
25.0,8231
25.0,8243
25.0,8255
25.0,8267
25.0,8280
25.0,8292
25.0,8304
25.0,8316
25.0,8328
25.0,8341
25.0,8353
24.94,8365
25.0,8377
25.0,8389
25.0,8401
24.94,8414
25.0,8426
25.0,8438
25.0,8450
25.0,8462
24.94,8474
24.94,8487
25.0,8499
24.94,8511
24.94,8523
25.0,8535
24.94,8548
24.94,8560
25.0,8572
24.94,8584
25.0,8596
25.0,8608
25.0,8621
24.94,8633
25.0,8645
25.0,8657
25.0,8669
25.0,8681
25.0,8694
25.0,8706
25.0,8718
25.0,8730
25.0,8742
25.0,8755
25.0,8767
25.0,8779
25.0,8791
24.94,8803
25.0,8815
25.0,8828
25.0,8840
25.0,8852
25.0,8864
25.0,8876
24.94,8888
25.0,8901
25.0,8913
25.0,8925
25.0,8937
25.0,8949
25.0,8962
25.0,8974
25.0,8986
25.0,8998
25.0,9010
25.0,9022
24.94,9035
25.0,9047
25.0,9059
25.0,9071
25.0,9083
25.0,9095
25.0,9108
25.0,9120
25.0,9132
24.94,9144
25.0,9156
25.0,9169
25.0,9181
25.0,9193
25.0,9205
25.0,9217
25.0,9229
25.0,9242
25.0,9254
25.0,9266
25.0,9278
25.0,9290
25.0,9302
24.94,9315
25.0,9327
25.0,9339
25.0,9351
24.94,9363
25.0,9376
25.0,9388
25.0,9400
25.0,9412
25.0,9424
25.0,9436
25.0,9449
25.0,9461
25.0,9473
25.0,9485
24.94,9497
25.0,9509
25.0,9522
25.0,9534
25.0,9546
25.0,9558
25.0,9570
25.0,9583
25.0,9595
25.0,9607
25.0,9619
25.0,9631
25.0,9643
25.0,9656
25.0,9668
25.0,9680
25.0,9692
25.0,9704
25.0,9717
25.0,9729
25.0,9741
25.0,9753
24.94,9765
25.0,9777
24.94,9790
25.0,9802
25.0,9814
24.94,9826
24.94,9838
25.0,9850
24.94,9863
24.94,9875
25.0,9887
25.0,9899
24.94,9911
24.94,9924
25.0,9936
25.0,9948
25.0,9960
24.94,9972
25.0,9984
25.0,9997
25.0,10009
25.0,10021
25.0,10033
24.94,10045
25.0,10057
25.0,10070
25.0,10082
25.0,10094
24.94,10106
24.94,10118
25.0,10131
25.0,10143
25.0,10155
25.0,10167
25.0,10179
25.0,10191
25.0,10204
25.0,10216
25.0,10228
25.0,10240
25.0,10252
25.0,10265
25.0,10277
25.0,10289
25.0,10301
25.0,10313
25.0,10325
25.0,10338
25.0,10350
25.0,10362
25.0,10374
25.0,10386
25.0,10398
25.0,10411
25.0,10423
25.0,10435
25.0,10447
24.94,10459
25.0,10472
25.0,10484
25.0,10496
25.0,10508
25.0,10520
25.0,10532
25.0,10545
25.0,10557
25.0,10569
24.94,10581
24.94,10593
25.0,10606
25.0,10618
24.94,10630
25.0,10642
25.0,10654
25.0,10666
25.0,10679
25.0,10691
25.0,10703
25.0,10715
25.0,10727
24.94,10739
25.0,10752
25.0,10764
25.0,10776
25.0,10788
24.94,10800
24.94,10813
25.0,10825
25.0,10837
25.0,10849
25.0,10861
24.94,10873
25.0,10886
25.0,10898
25.0,10910
25.0,10922
25.0,10934
25.0,10947
25.0,10959
25.0,10971
25.0,10983
25.0,10995
25.0,11007
25.0,11020
25.0,11032
25.0,11044
25.0,11056
25.0,11068
25.0,11081
25.0,11093
25.0,11105
25.0,11117
25.0,11129
25.0,11141
25.0,11154
25.0,11166
24.94,11178
24.94,11190
24.94,11202
24.94,11214
25.0,11227
24.94,11239
25.0,11251
25.0,11263
24.94,11275
24.94,11288
24.94,11300
24.94,11312
24.94,11324
24.94,11336
25.0,11348
24.94,11361
25.0,11373
24.94,11385
24.94,11397
25.0,11409
25.0,11422
24.94,11434
25.0,11446
25.0,11458
25.0,11470
25.0,11482
24.94,11495
25.0,11507
25.0,11519
25.0,11531
25.0,11543
25.0,11555
25.0,11568
25.0,11580
25.0,11592
25.0,11604
25.0,11616
25.0,11629
25.0,11641
25.0,11653
25.0,11665
25.0,11677
25.0,11689
25.0,11702
25.0,11714
25.0,11726
25.0,11738
25.0,11750
25.0,11763
25.0,11775
25.0,11787
25.0,11799
25.0,11811
25.0,11823
25.0,11836
25.0,11848
25.0,11860
25.0,11872
25.0,11884
25.0,11896
24.94,11909
25.0,11921
25.0,11933
25.0,11945
25.0,11957
25.0,11970
25.0,11982
25.0,11994
25.0,12006
25.0,12018
25.0,12030
24.94,12043
25.0,12055
25.0,12067
25.0,12079
25.0,12091
25.0,12104
25.0,12116
25.0,12128
24.94,12140
25.0,12152
25.0,12164
24.94,12177
25.0,12189
25.0,12201
24.94,12213
25.0,12225
25.0,12238
24.94,12250
25.0,12262
25.0,12274
25.0,12286
25.0,12298
25.0,12311
24.94,12323
25.0,12335
25.0,12347
25.0,12359
25.0,12371
25.0,12384
25.0,12396
25.0,12408
25.0,12420
25.0,12432
25.0,12445
25.0,12457
25.0,12469
25.0,12481
25.0,12493
25.0,12505
25.0,12518
25.0,12530
25.0,12542
25.0,12554
25.0,12566
25.0,12579
24.94,12591
25.0,12603
25.0,12615
24.94,12627
24.94,12639
24.94,12652
25.0,12664
25.0,12676
24.94,12688
24.94,12700
24.94,12713
24.94,12725
25.0,12737
25.0,12749
25.0,12761
24.94,12773
24.94,12786
25.0,12798
24.94,12810
25.0,12822
24.94,12834
25.0,12846
25.0,12859
25.0,12871
24.94,12883
25.0,12895
25.0,12907
25.0,12920
25.0,12932
25.0,12944
25.0,12956
24.94,12968
25.0,12980
25.0,12993
25.0,13005
24.94,13017
25.0,13029
25.0,13041
25.0,13054
25.0,13066
25.0,13078
25.0,13090
25.0,13102
25.0,13114
25.0,13127
25.0,13139
24.94,13151
25.0,13163
25.0,13175
25.0,13187
25.0,13200
25.0,13212
25.0,13224
25.0,13236
25.0,13248
25.0,13261
25.0,13273
25.0,13285
24.94,13297
25.0,13309
24.94,13321
25.0,13334
25.0,13346
25.0,13358
25.0,13370
24.94,13382
25.0,13395
25.0,13407
25.0,13419
25.0,13431
25.0,13443
24.94,13455
25.0,13468
25.0,13480
25.0,13492
24.94,13504
25.0,13516
25.0,13529
25.0,13541
25.0,13553
25.0,13565
25.0,13577
25.0,13589
24.94,13602
25.0,13614
24.94,13626
25.0,13638
25.0,13650
25.0,13662
25.0,13675
25.0,13687
24.94,13699
24.94,13711
25.0,13723
25.0,13736
25.0,13748
25.0,13760
25.0,13772
25.0,13784
25.0,13796
25.0,13809
25.0,13821
25.0,13833
25.0,13845
24.94,13857
25.0,13870
25.0,13882
25.0,13894
24.94,13906
25.0,13918
25.0,13930
24.94,13943
25.0,13955
25.0,13967
24.94,13979
24.94,13991
24.94,14003
24.94,14016
24.94,14028
24.94,14040
24.94,14052
25.0,14064
24.94,14077
25.0,14089
24.94,14101
24.94,14113
25.0,14125
25.0,14137
24.94,14150
24.94,14162
25.0,14174
24.94,14186
25.0,14198
25.0,14211
24.94,14223
24.94,14235
24.94,14247
25.0,14259
25.0,14271
25.0,14284
25.0,14296
24.94,14308
25.0,14320
25.0,14332
25.0,14345
25.0,14357
25.0,14369
24.94,14381
25.0,14393
24.94,14405
25.0,14418
25.0,14430
25.0,14442
25.0,14454
25.0,14466
25.0,14478
24.94,14491
25.0,14503
25.0,14515
25.0,14527
25.0,14539
25.0,14552
25.0,14564
25.0,14576
25.0,14588
25.0,14600
25.0,14612
25.0,14625
25.0,14637
24.94,14649
24.94,14661
24.94,14673
25.0,14686
24.94,14698
25.0,14710
25.0,14722
25.0,14734
25.0,14746
25.0,14759
25.0,14771
25.0,14783
24.94,14795
25.0,14807
25.0,14819
25.0,14832
25.0,14844
25.0,14856
24.94,14868
25.0,14880
25.0,14893
24.94,14905
25.0,14917
25.0,14929
25.0,14941
25.0,14953
25.0,14966
24.94,14978
25.0,14990
25.0,15002
25.0,15014
25.0,15027
25.0,15039
25.0,15051
24.94,15063
25.0,15075
24.94,15087
25.0,15100
25.0,15112
25.0,15124
25.0,15136
25.0,15148
25.0,15160
25.0,15173
25.0,15185
25.0,15197
25.0,15209
25.0,15221
25.0,15234
25.0,15246
25.0,15258
25.0,15270
25.0,15282
25.0,15294
25.0,15307
25.0,15319
25.0,15331
25.0,15343
25.0,15355
25.0,15368
25.0,15380
25.0,15392
25.0,15404
25.0,15416
25.0,15428
25.0,15441
25.0,15453
25.0,15465
24.94,15477
25.0,15489
25.0,15502
24.94,15514
25.0,15526
25.0,15538
25.0,15550
25.0,15562
24.94,15575
25.0,15587
25.0,15599
24.94,15611
25.0,15623
25.0,15635
25.0,15648
25.0,15660
25.0,15672
25.0,15684
25.0,15696
24.94,15709
24.94,15721
24.94,15733
25.0,15745
25.0,15757
24.94,15769
25.0,15782
25.0,15794
25.0,15806
24.94,15818
25.0,15830
25.0,15843
25.0,15855
25.0,15867
25.0,15879
25.0,15891
25.0,15903
25.0,15916
25.0,15928
25.0,15940
25.0,15952
25.0,15964
25.0,15976
25.0,15989
25.0,16001
25.0,16013
25.0,16025
24.94,16037
25.0,16050
25.0,16062
25.0,16074
25.0,16086
25.0,16098
25.0,16110
25.0,16123
24.94,16135
25.0,16147
25.0,16159
25.0,16171
24.94,16184
25.0,16196
25.0,16208
24.94,16220
25.0,16232
25.0,16244
24.94,16257
25.0,16269
25.0,16281
25.0,16293
25.0,16305
25.0,16318
25.0,16330
25.0,16342
24.94,16354
24.94,16366
25.0,16378
25.0,16391
25.0,16403
25.0,16415
25.0,16427
25.0,16439
25.0,16451
25.0,16464
25.0,16476
25.0,16488
25.0,16500
25.0,16512
25.0,16525
25.0,16537
25.0,16549
25.0,16561
25.0,16573
25.0,16585
25.0,16598
25.0,16610
25.0,16622
25.0,16634
25.0,16646
25.0,16659
25.0,16671
25.0,16683
25.0,16695
25.0,16707
25.0,16719
24.94,16732
24.94,16744
25.0,16756
25.0,16768
25.0,16780
25.0,16793
25.0,16805
24.94,16817
24.94,16829
25.0,16841
24.94,16853
25.0,16866
24.94,16878
25.0,16890
25.0,16902
24.94,16914
25.0,16926
25.0,16939
24.94,16951
24.94,16963
25.0,16975
25.0,16987
25.0,17000
25.0,17012
25.0,17024
25.0,17036
25.0,17048
24.94,17060
24.94,17073
25.0,17085
24.94,17097
25.0,17109
24.94,17121
24.94,17134
25.0,17146
25.0,17158
25.0,17170
25.0,17182
25.0,17194
25.0,17207
25.0,17219
25.0,17231
25.0,17243
25.0,17255
25.0,17267
25.0,17280
24.94,17292
25.0,17304
24.94,17316
25.0,17328
25.0,17341
25.0,17353
25.0,17365
25.0,17377
25.0,17389
25.0,17401
25.0,17414
25.0,17426
25.0,17438
25.0,17450
25.0,17462
25.0,17475
25.0,17487
25.0,17499
25.0,17511
25.0,17523
25.0,17535
25.0,17548
24.94,17560
25.0,17572
25.0,17584
25.0,17596
25.0,17609
25.0,17621
25.0,17633
25.0,17645
25.0,17657
25.0,17669
25.0,17682
25.0,17694
25.0,17706
25.0,17718
24.94,17730
25.0,17742
25.0,17755
25.0,17767
25.0,17779
25.0,17791
25.0,17803
25.0,17816
25.0,17828
25.0,17840
25.0,17852
25.0,17864
24.94,17876
25.0,17889
25.0,17901
24.94,17913
24.94,17925
25.0,17937
25.0,17950
25.0,17962
25.0,17974
25.0,17986
25.0,17998
25.0,18010
25.0,18023
25.0,18035
25.0,18047
25.0,18059
25.0,18071
25.0,18083
25.0,18096
25.0,18108
25.0,18120
25.0,18132
25.0,18144
25.0,18157
25.0,18169
24.94,18181
25.0,18193
24.94,18205
25.0,18217
24.94,18230
24.94,18242
25.0,18254
25.0,18266
24.94,18278
24.94,18291
24.94,18303
24.94,18315
25.0,18327
25.0,18339
24.94,18351
25.0,18364
25.0,18376
24.94,18388
25.0,18400
25.0,18412
24.94,18425
24.94,18437
25.0,18449
25.0,18461
25.0,18473
25.0,18485
25.0,18498
25.0,18510
25.0,18522
25.0,18534
25.0,18546
25.0,18558
25.0,18571
25.0,18583
25.0,18595
25.0,18607
25.0,18619
25.0,18632
25.0,18644
25.0,18656
25.0,18668
25.0,18680
25.0,18692
24.94,18705
25.0,18717
25.0,18729
25.0,18741
25.0,18753
25.0,18766
25.0,18778
25.0,18790
25.0,18802
25.0,18814
25.0,18826
24.94,18839
25.0,18851
25.0,18863
25.0,18875
25.0,18887
25.0,18899
24.94,18912
25.0,18924
25.0,18936
24.94,18948
25.0,18960
25.0,18973
24.94,18985
24.94,18997
24.94,19009
25.0,19021
25.0,19033
25.0,19046
25.0,19058
25.0,19070
25.0,19082
25.0,19094
25.0,19107
25.0,19119
25.0,19131
24.94,19143
25.0,19155
25.0,19167
25.0,19180
25.0,19192
25.0,19204
25.0,19216
25.0,19228
24.94,19241
25.0,19253
25.0,19265
25.0,19277
25.0,19289
25.0,19301
25.0,19314
25.0,19326
25.0,19338
25.0,19350
25.0,19362
25.0,19374
25.0,19387
24.94,19399
25.0,19411
25.0,19423
25.0,19435
25.0,19448
25.0,19460
25.0,19472
25.0,19484
25.0,19496
25.0,19508
25.0,19521
25.0,19533
25.0,19545
25.0,19557
25.0,19569
25.0,19582
25.0,19594
25.0,19606
25.0,19618
25.0,19630
24.94,19642
25.0,19655
24.94,19667
24.94,19679
24.94,19691
25.0,19703
24.94,19716
24.94,19728
25.0,19740
25.0,19752
24.94,19764
25.0,19776
25.0,19789
24.94,19801
24.94,19813
24.94,19825
25.0,19837
25.0,19849
24.94,19862
25.0,19874
24.94,19886
24.94,19898
25.0,19910
25.0,19923
25.0,19935
25.0,19947
24.94,19959
25.0,19971
25.0,19983
25.0,19996
25.0,20008
25.0,20020
25.0,20032
25.0,20044
24.94,20057
25.0,20069
25.0,20081
25.0,20093
25.0,20105
25.0,20117
25.0,20130
25.0,20142
25.0,20154
25.0,20166
25.0,20178
25.0,20190
25.0,20203
25.0,20215
25.0,20227
25.0,20239
25.0,20251
25.0,20264
25.0,20276
25.0,20288
25.0,20300
25.0,20312
25.0,20324
25.0,20337
25.0,20349
25.0,20361
25.0,20373
25.0,20385
25.0,20398
25.0,20410
25.0,20422
25.0,20434
25.0,20446
25.0,20458
25.0,20471
24.94,20483
25.0,20495
24.94,20507
25.0,20519
25.0,20531
25.0,20544
25.0,20556
25.0,20568
24.94,20580
25.0,20592
24.94,20605
25.0,20617
25.0,20629
25.0,20641
25.0,20653
25.0,20665
25.0,20678
24.94,20690
24.94,20702
25.0,20714
25.0,20726
25.0,20739
25.0,20751
25.0,20763
25.0,20775
24.94,20787
25.0,20799
25.0,20812
25.0,20824
25.0,20836
25.0,20848
25.0,20860
25.0,20873
25.0,20885
25.0,20897
25.0,20909
25.0,20921
25.0,20933
25.0,20946
25.0,20958
25.0,20970
24.94,20982
25.0,20994
24.94,21006
25.0,21019
24.94,21031
25.0,21043
25.0,21055
25.0,21067
25.0,21080
25.0,21092
24.94,21104
24.94,21116
25.0,21128
25.0,21140
24.94,21153
25.0,21165
25.0,21177
25.0,21189
25.0,21201
25.0,21214
25.0,21226
25.0,21238
25.0,21250
25.0,21262
24.94,21274
25.0,21287
25.0,21299
25.0,21311
25.0,21323
24.94,21335
25.0,21348
25.0,21360
25.0,21372
25.0,21384
25.0,21396
25.0,21408
25.0,21421
25.0,21433
25.0,21445
24.94,21457
25.0,21469
25.0,21481
25.0,21494
25.0,21506
25.0,21518
25.0,21530
25.0,21542
24.94,21555
25.0,21567
25.0,21579
25.0,21591
24.94,21603
25.0,21615
25.0,21628
25.0,21640
25.0,21652
25.0,21664
24.94,21676
25.0,21689
25.0,21701
25.0,21713
25.0,21725
25.0,21737
24.94,21749
25.0,21762
24.94,21774
25.0,21786
25.0,21798
25.0,21810
25.0,21822
25.0,21835
25.0,21847
25.0,21859
25.0,21871
25.0,21883
25.0,21896
25.0,21908
25.0,21920
25.0,21932
25.0,21944
25.0,21956
25.0,21969
25.0,21981
25.0,21993
25.0,22005
25.0,22017
25.0,22030
25.0,22042
25.0,22054
25.0,22066
25.0,22078
25.0,22090
24.94,22103
25.0,22115
25.0,22127
25.0,22139
25.0,22151
25.0,22164
24.94,22176
25.0,22188
25.0,22200
25.0,22212
25.0,22224
25.0,22237
24.94,22249
25.0,22261
25.0,22273
25.06,22285
25.0,22297
25.0,22310
25.0,22322
25.0,22334
25.0,22346
25.0,22358
25.0,22371
25.0,22383
25.0,22395
25.0,22407
25.0,22419
25.0,22431
25.0,22444
24.94,22456
25.0,22468
25.0,22480
25.0,22492
25.0,22505
25.0,22517
25.0,22529
24.94,22541
24.94,22553
25.0,22565
25.0,22578
25.0,22590
24.94,22602
24.94,22614
24.94,22626
24.94,22639
24.94,22651
25.0,22663
24.94,22675
24.94,22687
25.0,22699
24.94,22712
25.0,22724
25.0,22736
24.94,22748
25.0,22760
25.0,22772
25.0,22785
24.94,22797
25.0,22809
25.0,22821
24.94,22833
25.0,22846
25.0,22858
25.0,22870
25.0,22882
25.0,22894
25.0,22906
25.0,22919
25.0,22931
25.0,22943
25.0,22955
25.0,22967
25.0,22980
25.0,22992
25.0,23004
25.0,23016
25.0,23028
25.0,23040
25.0,23053
25.0,23065
24.94,23077
25.0,23089
25.0,23101
24.94,23113
25.0,23126
25.0,23138
25.0,23150
25.0,23162
24.94,23174
25.0,23187
25.0,23199
25.0,23211
25.0,23223
25.0,23235
25.0,23247
25.0,23260
25.0,23272
25.0,23284
25.0,23296
25.0,23308
25.0,23321
25.0,23333
25.0,23345
25.0,23357
25.0,23369
24.94,23381
25.0,23394
25.0,23406
25.0,23418
25.0,23430
25.0,23442
24.94,23455
25.0,23467
25.0,23479
25.0,23491
25.0,23503
24.94,23515
25.0,23528
24.94,23540
25.0,23552
25.0,23564
25.0,23576
25.0,23588
25.0,23601
25.0,23613
25.0,23625
24.94,23637
25.0,23649
25.0,23662
25.0,23674
25.0,23686
25.0,23698
25.0,23710
25.0,23722
25.0,23735
25.0,23747
25.0,23759
25.0,23771
25.0,23783
25.0,23796
25.0,23808
25.0,23820
25.0,23832
24.94,23844
25.0,23856
25.0,23869
25.0,23881
25.0,23893
24.94,23905
25.0,23917
25.0,23929
25.0,23942
25.0,23954
24.94,23966
24.94,23978
24.94,23990
25.0,24003
25.0,24015
25.0,24027
25.0,24039
24.94,24051
25.0,24063
24.94,24076
25.0,24088
25.0,24100
25.0,24112
24.94,24124
24.94,24137
24.94,24149
25.0,24161
25.0,24173
25.0,24185
25.0,24197
24.94,24210
24.94,24222
25.0,24234
25.0,24246
25.0,24258
25.0,24271
25.0,24283
25.0,24295
25.0,24307
25.0,24319
25.0,24331
25.0,24344
25.0,24356
25.0,24368
25.0,24380
25.0,24392
25.0,24404
25.0,24417
25.0,24429
25.0,24441
25.0,24453
25.0,24465
25.0,24478
25.0,24490
25.0,24502
25.0,24514
25.0,24526
25.0,24538
25.0,24551
25.0,24563
25.0,24575
25.0,24587
25.0,24599
24.94,24612
25.0,24624
25.0,24636
25.0,24648
25.0,24660
25.0,24672
25.0,24685
25.0,24697
25.0,24709
24.94,24721
25.0,24733
25.0,24746
25.0,24758
25.0,24770
25.0,24782
25.0,24794
25.0,24806
25.0,24819
24.94,24831
25.0,24843
25.0,24855
25.0,24867
25.0,24879
25.0,24892
25.0,24904
25.0,24916
25.0,24928
25.0,24940
25.0,24953
24.94,24965
25.0,24977
25.0,24989
25.0,25001
25.0,25013
25.0,25026
25.0,25038
25.0,25050
25.0,25062
25.0,25074
25.0,25087
25.0,25099
25.0,25111
25.0,25123
25.0,25135
25.0,25147
25.0,25160
25.0,25172
25.0,25184
25.0,25196
25.0,25208
25.0,25220
25.0,25233
25.0,25245
25.0,25257
24.94,25269
25.0,25281
25.0,25294
25.0,25306
24.94,25318
24.94,25330
24.94,25342
24.94,25354
24.94,25367
25.0,25379
24.94,25391
24.94,25403
24.94,25415
24.94,25428
24.94,25440
25.0,25452
25.0,25464
25.0,25476
24.94,25488
25.0,25501
25.0,25513
24.94,25525
24.94,25537
25.0,25549
25.0,25562
24.94,25574
25.0,25586
25.0,25598
25.0,25610
25.0,25622
25.0,25635
25.0,25647
25.0,25659
25.0,25671
25.0,25683
24.94,25695
25.0,25708
25.0,25720
25.0,25732
25.0,25744
25.0,25756
25.0,25769
25.0,25781
25.0,25793
25.0,25805
25.0,25817
25.0,25829
25.0,25842
25.0,25854
25.0,25866
25.0,25878
25.0,25890
25.0,25903
25.0,25915
25.0,25927
25.0,25939
25.0,25951
25.0,25963
24.94,25976
24.94,25988
25.0,26000
25.0,26012
25.0,26024
25.0,26036
25.0,26049
25.0,26061
25.0,26073
25.0,26085
25.0,26097
25.0,26110
25.0,26122
25.0,26134
25.0,26146
25.0,26158
24.94,26170
24.94,26183
25.0,26195
25.0,26207
25.0,26219
25.0,26231
24.94,26244
25.0,26256
25.0,26268
24.94,26280
25.0,26292
25.0,26304
24.94,26317
25.0,26329
25.0,26341
25.0,26353
24.94,26365
24.94,26378
25.0,26390
25.0,26402
25.0,26414
25.0,26426
25.0,26438
25.0,26451
24.94,26463
24.94,26475
25.0,26487
25.0,26499
25.0,26511
25.0,26524
25.0,26536
25.0,26548
25.0,26560
25.0,26572
25.0,26585
25.0,26597
24.94,26609
25.0,26621
25.0,26633
25.0,26645
25.0,26658
25.0,26670
25.0,26682
25.0,26694
25.0,26706
25.0,26719
24.94,26731
25.0,26743
25.0,26755
24.94,26767
24.94,26779
24.94,26792
24.94,26804
24.94,26816
25.0,26828
25.0,26840
25.0,26853
25.0,26865
25.0,26877
24.94,26889
25.0,26901
25.0,26913
24.94,26926
25.0,26938
25.0,26950
25.0,26962
25.0,26974
24.94,26986
25.0,26999
24.94,27011
25.0,27023
25.0,27035
25.0,27047
25.0,27060
25.0,27072
25.0,27084
25.0,27096
25.0,27108
25.0,27120
25.0,27133
25.0,27145
25.0,27157
25.0,27169
25.0,27181
25.0,27194
24.94,27206
25.0,27218
25.0,27230
24.94,27242
25.0,27254
25.0,27267
25.0,27279
25.0,27291
25.0,27303
25.0,27315
25.0,27328
25.0,27340
25.0,27352
25.0,27364
24.94,27376
25.0,27388
25.0,27401
25.0,27413
25.0,27425
25.0,27437
25.0,27449
25.0,27461
24.94,27474
25.0,27486
25.0,27498
25.0,27510
25.0,27522
25.0,27535
25.0,27547
25.0,27559
25.0,27571
25.0,27583
25.0,27595
25.0,27608
25.0,27620
25.0,27632
25.0,27644
24.94,27656
25.0,27669
25.0,27681
25.0,27693
25.0,27705
25.0,27717
24.94,27729
25.0,27742
24.94,27754
25.0,27766
24.94,27778
25.0,27790
24.94,27802
25.0,27815
25.0,27827
25.0,27839
25.0,27851
25.0,27863
24.94,27876
25.0,27888
25.0,27900
25.0,27912
25.0,27924
25.0,27936
25.0,27949
25.0,27961
25.0,27973
25.0,27985
25.0,27997
25.0,28010
25.0,28022
25.0,28034
25.0,28046
25.0,28058
25.0,28070
25.0,28083
25.0,28095
25.0,28107
24.94,28119
24.94,28131
25.0,28144
24.94,28156
24.94,28168
25.0,28180
25.0,28192
25.0,28204
25.0,28217
25.0,28229
25.0,28241
25.0,28253
25.0,28265
25.0,28277
25.0,28290
25.0,28302
25.0,28314
25.0,28326
24.94,28338
25.0,28351
25.0,28363
24.94,28375
25.0,28387
25.0,28399
25.0,28411
24.94,28424
25.0,28436
25.0,28448
25.0,28460
25.0,28472
25.0,28485
24.94,28497
24.94,28509
25.0,28521
25.0,28533
25.0,28545
25.0,28558
25.0,28570
24.94,28582
25.0,28594
25.0,28606
25.0,28619
24.94,28631
25.0,28643
24.94,28655
25.0,28667
25.0,28679
25.0,28692
25.0,28704
25.0,28716
25.0,28728
25.0,28740
25.0,28752
25.0,28765
24.94,28777
25.0,28789
25.0,28801
25.0,28813
25.0,28826
24.94,28838
25.0,28850
25.0,28862
25.0,28874
25.0,28886
25.0,28899
25.0,28911
24.94,28923
25.0,28935
25.0,28947
25.0,28960
25.0,28972
25.0,28984
24.94,28996
25.0,29008
24.94,29020
25.0,29033
25.0,29045
25.0,29057
25.0,29069
24.94,29081
25.0,29093
25.0,29106
24.94,29118
25.0,29130
25.0,29142
25.0,29154
25.0,29167
25.0,29179
25.0,29191
25.0,29203
25.0,29215
25.0,29227
25.0,29240
25.0,29252
25.0,29264
24.94,29276
25.0,29288
25.0,29301
25.0,29313
25.0,29325
25.0,29337
25.0,29349
25.0,29361
25.0,29374
25.0,29386
25.0,29398
25.0,29410
25.0,29422
25.0,29435
25.0,29447
25.0,29459
25.0,29471
25.0,29483
25.0,29495
24.94,29508
25.0,29520
25.0,29532
25.0,29544
25.0,29556
24.94,29568
24.94,29581
24.94,29593
25.0,29605
24.94,29617
25.0,29629
25.0,29642
25.0,29654
24.94,29666
24.94,29678
24.94,29690
24.94,29702
24.94,29715
24.94,29727
25.0,29739
25.0,29751
25.0,29763
25.0,29776
25.0,29788
25.0,29800
25.0,29812
25.0,29824
25.0,29836
25.0,29849
25.0,29861
25.0,29873
25.0,29885
25.0,29897
25.0,29910
25.0,29922
25.0,29934
25.0,29946
25.0,29958
25.0,29970
25.0,29983
25.0,29995
25.0,30007
25.0,30019
25.0,30031
25.0,30043
25.0,30056
25.0,30068
25.0,30080
25.0,30092
25.0,30104
25.0,30117
25.0,30129
25.0,30141
24.94,30153
25.0,30165
25.0,30177
25.0,30190
25.0,30202
25.0,30214
25.0,30226
24.94,30238
25.0,30251
25.0,30263
25.0,30275
25.0,30287
25.0,30299
25.0,30311
25.0,30324
25.0,30336
25.0,30348
25.0,30360
25.0,30372
25.0,30385
25.0,30397
25.0,30409
25.0,30421
25.0,30433
25.0,30445
25.0,30458
25.0,30470
24.94,30482
25.0,30494
25.0,30506
25.0,30518
24.94,30531
25.0,30543
25.0,30555
25.0,30567
25.0,30579
25.0,30592
25.0,30604
25.0,30616
25.0,30628
25.0,30640
25.0,30652
25.0,30665
25.0,30677
25.0,30689
25.0,30701
25.0,30713
25.0,30726
25.0,30738
25.0,30750
25.0,30762
25.0,30774
25.0,30786
25.0,30799
25.0,30811
25.0,30823
25.0,30835
25.0,30847
24.94,30860
25.0,30872
25.0,30884
24.94,30896
24.94,30908
25.0,30920
25.0,30933
24.94,30945
24.94,30957
24.94,30969
25.0,30981
25.0,30993
25.0,31006
25.0,31018
24.94,31030
24.94,31042
24.94,31054
25.0,31067
24.94,31079
24.94,31091
25.0,31103
24.94,31115
25.0,31127
25.0,31140
25.0,31152
24.94,31164
24.94,31176
24.94,31188
25.0,31201
24.94,31213
25.0,31225
25.0,31237
24.94,31249
24.94,31261
25.0,31274
25.0,31286
25.0,31298
25.0,31310
24.94,31322
25.0,31334
25.0,31347
25.0,31359
25.0,31371
25.0,31383
25.0,31395
25.0,31408
25.0,31420
25.0,31432
25.0,31444
25.0,31456
25.0,31468
25.0,31481
25.0,31493
25.0,31505
25.0,31517
25.0,31529
25.0,31542
25.0,31554
25.0,31566
25.0,31578
25.0,31590
25.0,31602
25.0,31615
25.0,31627
25.0,31639
25.0,31651
25.0,31663
25.0,31676
25.0,31688
25.0,31700
25.0,31712
25.0,31724
25.0,31736
25.0,31749
25.0,31761
25.0,31773
25.0,31785
24.94,31797
25.0,31809
25.0,31822
25.0,31834
25.0,31846
25.0,31858
25.0,31870
25.0,31883
25.0,31895
25.0,31907
24.94,31919
25.0,31931
24.94,31943
25.0,31956
25.0,31968
25.0,31980
24.94,31992
25.0,32004
25.0,32017
24.94,32029
25.0,32041
25.0,32053
25.0,32065
25.0,32077
25.0,32090
25.0,32102
25.0,32114
25.0,32126
25.0,32138
25.0,32151
25.0,32163
25.0,32175
25.0,32187
25.0,32199
25.0,32211
25.0,32224
24.94,32236
25.0,32248
25.0,32260
25.0,32272
24.94,32284
25.0,32297
25.0,32309
25.0,32321
25.0,32333
25.0,32345
25.0,32358
25.0,32370
25.0,32382
25.0,32394
25.0,32406
24.94,32418
24.94,32431
25.0,32443
25.0,32455
25.0,32467
25.0,32479
25.0,32492
25.0,32504
24.94,32516
25.0,32528
25.0,32540
24.94,32552
25.0,32565
25.0,32577
25.0,32589
24.94,32601
25.0,32613
24.94,32626
25.0,32638
25.0,32650
25.0,32662
25.0,32674
25.0,32686
25.0,32699
25.0,32711
25.0,32723
25.0,32735
24.94,32747
25.0,32759
25.0,32772
25.0,32784
25.0,32796
25.0,32808
25.0,32820
25.0,32833
25.0,32845
25.0,32857
25.0,32869
25.0,32881
25.0,32893
25.0,32906
25.0,32918
25.0,32930
25.0,32942
24.94,32954
25.0,32967
24.94,32979
25.0,32991
24.94,33003
25.0,33015
25.0,33027
25.0,33040
25.0,33052
25.0,33064
24.94,33076
25.0,33088
25.0,33100
25.0,33113
25.0,33125
25.0,33137
25.0,33149
25.0,33161
24.94,33174
24.94,33186
25.0,33198
25.0,33210
25.0,33222
25.0,33234
25.0,33247
25.0,33259
25.0,33271
25.0,33283
25.0,33295
25.0,33308
25.0,33320
25.0,33332
25.0,33344
25.0,33356
25.0,33368
25.0,33381
24.94,33393
24.94,33405
24.94,33417
25.0,33429
25.0,33442
24.94,33454
25.0,33466
25.0,33478
25.0,33490
25.0,33502
24.94,33515
25.0,33527
25.0,33539
25.0,33551
25.0,33563
25.0,33575
25.0,33588
25.0,33600
25.0,33612
25.0,33624
25.0,33636
25.0,33649
25.0,33661
24.94,33673
25.0,33685
25.0,33697
25.0,33709
25.0,33722
25.0,33734
25.0,33746
25.0,33758
25.0,33770
24.94,33783
25.0,33795
24.94,33807
24.94,33819
25.0,33831
24.94,33843
24.94,33856
25.0,33868
25.0,33880
25.0,33892
24.94,33904
24.94,33917
25.0,33929
25.0,33941
25.0,33953
24.94,33965
25.0,33977
25.0,33990
24.94,34002
25.0,34014
24.94,34026
24.94,34038
25.0,34050
24.94,34063
24.94,34075
25.0,34087
25.0,34099
25.0,34111
25.0,34124
25.0,34136
25.0,34148
24.94,34160
25.0,34172
25.0,34184
25.0,34197
24.94,34209
25.0,34221
25.0,34233
25.0,34245
25.0,34258
25.0,34270
25.0,34282
25.0,34294
25.0,34306
25.0,34318
25.0,34331
25.0,34343
25.0,34355
25.0,34367
25.0,34379
25.0,34392
25.0,34404
25.0,34416
25.0,34428
25.0,34440
25.0,34452
25.0,34465
25.0,34477
25.0,34489
25.0,34501
25.0,34513
25.0,34525
24.94,34538
25.0,34550
25.0,34562
24.94,34574
25.0,34586
25.0,34599
25.0,34611
25.0,34623
25.0,34635
25.0,34647
25.0,34659
25.0,34672
25.0,34684
25.0,34696
25.0,34708
25.0,34720
25.0,34733
25.0,34745
25.0,34757
25.0,34769
24.94,34781
25.0,34793
25.0,34806
25.0,34818
25.0,34830
25.0,34842
25.0,34854
25.0,34866
25.0,34879
25.0,34891
24.94,34903
25.0,34915
25.0,34927
25.0,34940
24.94,34952
25.0,34964
25.0,34976
25.0,34988
25.0,35000
25.0,35013
25.0,35025
24.94,35037
25.0,35049
25.0,35061
24.94,35074
25.0,35086
25.0,35098
25.0,35110
25.0,35122
24.94,35134
25.0,35147
24.94,35159
25.0,35171
24.94,35183
24.94,35195
25.0,35208
24.94,35220
24.94,35232
25.0,35244
25.0,35256
24.94,35268
24.94,35281
24.94,35293
25.0,35305
24.94,35317
25.0,35329
25.0,35341
25.0,35354
25.0,35366
25.0,35378
25.0,35390
24.94,35402
25.0,35415
25.0,35427
25.0,35439
25.0,35451
25.0,35463
25.0,35475
25.0,35488
25.0,35500
25.0,35512
25.0,35524
25.0,35536
24.94,35549
25.0,35561
25.0,35573
25.0,35585
25.0,35597
25.0,35609
25.0,35622
25.0,35634
25.0,35646
25.06,35658
25.0,35670
25.0,35683
25.0,35695
25.0,35707
25.0,35719
25.0,35731
25.0,35743
25.0,35756
25.0,35768
25.0,35780
25.0,35792
25.0,35804
25.0,35816
25.0,35829
25.0,35841
24.94,35853
25.0,35865
25.0,35877
25.0,35890
25.0,35902
25.0,35914
25.0,35926
25.0,35938
25.0,35950
25.0,35963
25.0,35975
25.0,35987
24.94,35999
25.0,36011
24.94,36024
25.0,36036
25.0,36048
25.0,36060
24.94,36072
25.0,36084
24.94,36097
25.0,36109
25.0,36121
25.0,36133
25.0,36145
25.0,36158
25.0,36170
24.94,36182
24.94,36194
25.0,36206
25.0,36218
25.0,36231
25.0,36243
25.0,36255
25.0,36267
25.0,36279
24.94,36291
25.0,36304
25.0,36316
25.0,36328
25.0,36340
25.0,36352
25.0,36365
25.0,36377
25.0,36389
25.0,36401
25.0,36413
25.0,36425
25.0,36438
25.0,36450
25.0,36462
25.0,36474
25.0,36486
24.94,36499
25.0,36511
25.0,36523
25.0,36535
25.0,36547
24.94,36559
25.0,36572
25.0,36584
24.94,36596
24.94,36608
24.94,36620
25.0,36633
25.0,36645
25.0,36657
24.94,36669
24.94,36681
24.94,36693
25.0,36706
25.0,36718
25.0,36730
24.94,36742
24.94,36754
24.94,36766
25.0,36779
25.0,36791
25.0,36803
25.0,36815
24.94,36827
25.0,36840
25.0,36852
25.0,36864
25.0,36876
25.0,36888
24.94,36900
25.0,36913
25.0,36925
25.0,36937
24.94,36949
25.0,36961
25.0,36974
25.0,36986
25.0,36998
25.0,37010
25.0,37022
25.0,37034
25.0,37047
25.0,37059
25.0,37071
25.0,37083
24.94,37095
25.0,37107
25.0,37120
25.0,37132
25.0,37144
25.0,37156
25.0,37168
24.94,37181
25.0,37193
24.94,37205
25.0,37217
25.0,37229
25.0,37241
25.0,37254
25.0,37266
24.94,37278
25.0,37290
25.0,37302
25.0,37315
25.0,37327
25.0,37339
25.0,37351
25.0,37363
24.94,37375
25.0,37388
25.0,37400
24.94,37412
25.0,37424
24.94,37436
25.0,37449
24.94,37461
25.0,37473
24.94,37485
25.0,37497
25.0,37509
24.94,37522
24.94,37534
25.0,37546
24.94,37558
25.0,37570
25.0,37582
25.0,37595
25.0,37607
25.0,37619
25.0,37631
25.0,37643
25.0,37656
25.0,37668
24.94,37680
24.94,37692
25.0,37704
25.0,37716
25.0,37729
25.0,37741
25.0,37753
25.0,37765
25.0,37777
25.0,37790
25.06,37802
25.0,37814
25.0,37826
25.0,37838
25.0,37850
25.0,37863
25.0,37875
25.0,37887
25.0,37899
25.0,37911
25.0,37923
25.0,37936
25.0,37948
25.0,37960
25.0,37972
25.0,37984
25.0,37997
24.94,38009
24.94,38021
25.0,38033
25.0,38045
24.94,38057
24.94,38070
25.0,38082
25.0,38094
25.0,38106
24.94,38118
25.0,38131
24.94,38143
25.0,38155
25.0,38167
25.0,38179
25.0,38191
24.94,38204
24.94,38216
25.0,38228
25.0,38240
24.94,38252
25.0,38265
25.0,38277
25.0,38289
25.0,38301
24.94,38313
25.0,38325
25.0,38338
25.0,38350
24.94,38362
25.0,38374
25.0,38386
25.0,38398
24.94,38411
25.0,38423
24.94,38435
25.0,38447
25.0,38459
25.0,38472
25.0,38484
25.0,38496
25.0,38508
24.94,38520
25.0,38532
25.0,38545
25.0,38557
25.0,38569
25.0,38581
25.0,38593
25.0,38606
25.0,38618
25.0,38630
25.0,38642
25.0,38654
25.0,38666
25.0,38679
25.0,38691
24.94,38703
25.0,38715
24.94,38727
25.0,38740
25.0,38752
25.0,38764
25.0,38776
25.0,38788
25.0,38800
25.0,38813
25.0,38825
25.0,38837
24.94,38849
25.0,38861
25.0,38873
25.0,38886
25.0,38898
25.0,38910
25.0,38922
25.0,38934
24.94,38947
25.0,38959
25.0,38971
25.0,38983
25.0,38995
25.0,39007
25.0,39020
25.0,39032
24.94,39044
25.0,39056
24.94,39068
25.0,39081
25.0,39093
25.0,39105
25.0,39117
25.0,39129
25.0,39141
25.0,39154
25.0,39166
25.0,39178
25.0,39190
25.0,39202
25.0,39214
25.0,39227
25.0,39239
25.0,39251
25.0,39263
25.0,39275
25.0,39288
25.0,39300
25.0,39312
25.0,39324
25.0,39336
25.0,39348
24.94,39361
25.0,39373
25.0,39385
24.94,39397
24.94,39409
24.94,39422
24.94,39434
24.94,39446
24.94,39458
24.94,39470
24.94,39482
24.94,39495
24.94,39507
25.0,39519
24.94,39531
24.94,39543
24.94,39556
25.0,39568
24.94,39580
24.94,39592
25.0,39604
25.0,39616
25.0,39629
25.0,39641
25.0,39653
24.94,39665
25.0,39677
25.0,39689
25.0,39702
25.0,39714
25.0,39726
25.0,39738
24.94,39750
25.0,39763
25.0,39775
25.0,39787
25.0,39799
25.0,39811
25.0,39823
25.0,39836
25.0,39848
25.0,39860
25.0,39872
25.0,39884
25.0,39897
25.0,39909
25.0,39921
25.0,39933
25.0,39945
24.94,39957
25.0,39970
25.0,39982
25.0,39994
24.94,40006
25.0,40018
24.94,40031
25.0,40043
25.0,40055
25.0,40067
25.0,40079
25.0,40091
25.0,40104
25.0,40116
25.0,40128
24.94,40140
25.0,40152
25.0,40164
25.0,40177
25.0,40189
25.0,40201
25.0,40213
24.94,40225
25.0,40238
25.0,40250
25.0,40262
25.0,40274
25.0,40286
25.0,40298
25.0,40311
25.0,40323
25.0,40335
25.0,40347
25.0,40359
25.0,40372
24.94,40384
24.94,40396
25.0,40408
25.0,40420
25.0,40432
25.0,40445
25.0,40457
25.0,40469
24.94,40481
25.0,40493
25.0,40506
25.0,40518
25.0,40530
24.94,40542
25.0,40554
25.0,40566
25.0,40579
25.0,40591
25.0,40603
25.0,40615
25.0,40627
25.0,40639
25.0,40652
25.0,40664
24.94,40676
25.0,40688
25.0,40700
25.0,40713
25.0,40725
25.0,40737
25.0,40749
25.0,40761
25.0,40773
25.0,40786
25.0,40798
25.0,40810
25.0,40822
24.94,40834
25.0,40847
24.94,40859
25.0,40871
24.94,40883
24.94,40895
25.0,40907
24.94,40920
25.0,40932
24.94,40944
25.0,40956
24.94,40968
24.94,40980
24.94,40993
25.0,41005
24.94,41017
24.94,41029
25.0,41041
24.94,41054
25.0,41066
24.94,41078
25.0,41090
25.0,41102
25.0,41114
25.0,41127
25.0,41139
24.94,41151
25.0,41163
25.0,41175
25.0,41188
25.0,41200
25.0,41212
25.0,41224
25.0,41236
25.0,41248
25.0,41261
25.0,41273
25.0,41285
25.0,41297
25.0,41309
25.0,41322
25.0,41334
25.0,41346
25.0,41358
25.0,41370
25.0,41382
25.0,41395
25.0,41407
25.0,41419
25.0,41431
25.0,41443
25.0,41455
25.0,41468
25.0,41480
24.94,41492
25.0,41504
25.0,41516
25.0,41529
25.0,41541
24.94,41553
25.0,41565
25.0,41577
25.0,41589
25.0,41602
25.0,41614
24.94,41626
25.0,41638
25.0,41650
24.94,41663
24.94,41675
24.94,41687
25.0,41699
24.94,41711
25.0,41723
25.0,41736
25.0,41748
25.0,41760
25.0,41772
24.94,41784
25.0,41797
25.0,41809
24.94,41821
25.0,41833
25.0,41845
25.0,41857
24.94,41870
24.94,41882
25.0,41894
25.0,41906
25.0,41918
25.0,41930
25.0,41943
25.0,41955
25.0,41967
25.0,41979
25.0,41991
25.0,42004
25.0,42016
25.0,42028
25.0,42040
25.0,42052
25.0,42064
25.0,42077
25.0,42089
25.0,42101
25.0,42113
25.0,42125
25.0,42138
24.94,42150
25.0,42162
25.0,42174
25.0,42186
24.94,42198
25.0,42211
24.94,42223
25.0,42235
25.0,42247
25.0,42259
25.0,42271
24.94,42284
25.0,42296
24.94,42308
24.94,42320
25.0,42332
25.0,42345
24.94,42357
25.0,42369
25.0,42381
24.94,42393
25.0,42405
25.0,42418
25.0,42430
25.0,42442
25.0,42454
25.0,42466
25.0,42479
25.0,42491
25.0,42503
25.0,42515
25.0,42527
25.0,42539
25.0,42552
25.0,42564
25.0,42576
25.0,42588
25.0,42600
25.0,42613
25.0,42625
25.0,42637
25.0,42649
25.0,42661
25.0,42673
25.0,42686
25.0,42698
25.0,42710
25.0,42722
25.0,42734
25.0,42746
25.0,42759
25.0,42771
25.0,42783
24.94,42795
25.0,42807
24.94,42820
25.0,42832
25.0,42844
25.0,42856
25.0,42868
25.0,42880
25.0,42893
25.0,42905
25.0,42917
24.94,42929
24.94,42941
24.94,42954
25.0,42966
25.0,42978
25.0,42990
25.0,43002
25.0,43014
25.0,43027
24.94,43039
25.0,43051
25.0,43063
24.94,43075
25.0,43088
25.0,43100
25.0,43112
25.0,43124
25.0,43136
25.0,43148
25.0,43161
25.0,43173
25.0,43185
25.0,43197
25.0,43209
25.0,43221
25.0,43234
25.0,43246
25.0,43258
24.94,43270
25.0,43282
25.0,43295
25.0,43307
25.0,43319
25.0,43331
25.0,43343
24.94,43355
25.0,43368
25.0,43380
25.0,43392
25.0,43404
25.0,43416
25.0,43429
25.0,43441
25.0,43453
25.0,43465
25.0,43477
25.06,43489
24.94,43502
25.0,43514
25.0,43526
25.0,43538
25.0,43550
25.0,43563
25.0,43575
25.0,43587
25.0,43599
25.0,43611
25.0,43623
24.94,43636
24.94,43648
24.94,43660
24.94,43672
25.0,43684
24.94,43696
25.0,43709
24.94,43721
25.0,43733
24.94,43745
25.0,43757
25.0,43770
24.94,43782
25.0,43794
25.0,43806
25.0,43818
25.0,43830
25.0,43843
25.0,43855
24.94,43867
25.0,43879
24.94,43891
25.0,43904
25.0,43916
25.0,43928
25.0,43940
25.0,43952
25.0,43964
25.0,43977
25.0,43989
24.94,44001
25.0,44013
25.0,44025
25.0,44037
25.0,44050
24.94,44062
25.0,44074
25.0,44086
24.94,44098
25.0,44111
25.0,44123
25.0,44135
25.0,44147
25.0,44159
25.0,44171
25.0,44184
25.0,44196
25.0,44208
25.0,44220
25.0,44232
25.0,44245
25.0,44257
24.94,44269
25.0,44281
25.0,44293
25.0,44305
25.0,44318
25.0,44330
25.0,44342
25.0,44354
25.0,44366
25.0,44379
25.0,44391
25.0,44403
24.94,44415
25.0,44427
24.94,44439
25.0,44452
25.0,44464
25.0,44476
25.0,44488
25.0,44500
25.0,44512
25.0,44525
25.0,44537
25.0,44549
25.0,44561
25.0,44573
24.94,44586
25.0,44598
25.0,44610
25.0,44622
24.94,44634
25.0,44646
24.94,44659
25.0,44671
25.0,44683
25.0,44695
25.0,44707
25.0,44720
25.0,44732
25.0,44744
25.0,44756
25.0,44768
25.0,44780
25.0,44793
25.0,44805
25.0,44817
25.0,44829
25.0,44841
25.0,44854
25.0,44866
25.0,44878
25.0,44890
25.0,44902
25.0,44914
25.0,44927
25.0,44939
25.0,44951
25.0,44963
24.94,44975
25.0,44987
25.0,45000
24.94,45012
25.0,45024
24.94,45036
25.0,45048
24.94,45061
25.0,45073
24.94,45085
24.94,45097
24.94,45109
24.94,45121
24.94,45134
24.94,45146
25.0,45158
24.94,45170
25.0,45182
24.94,45195
24.94,45207
24.94,45219
25.0,45231
24.94,45243
25.0,45255
25.0,45268
25.0,45280
25.0,45292
25.0,45304
25.0,45316
25.0,45329
25.0,45341
25.0,45353
25.0,45365
24.94,45377
25.0,45389
25.0,45402
25.0,45414
25.0,45426
25.0,45438
25.06,45450
25.0,45462
25.0,45475
25.0,45487
25.0,45499
25.0,45511
25.0,45523
25.0,45536
25.0,45548
25.0,45560
25.0,45572
25.0,45584
25.0,45596
25.0,45609
25.0,45621
25.0,45633
25.0,45645
25.0,45657
25.0,45670
24.94,45682
25.0,45694
25.0,45706
25.0,45718
25.0,45730
25.0,45743
25.0,45755
25.0,45767
25.0,45779
25.0,45791
25.0,45803
25.0,45816
25.0,45828
25.0,45840
24.94,45852
25.0,45864
24.94,45877
25.0,45889
25.0,45901
25.0,45913
25.0,45925
25.0,45937
25.0,45950
25.0,45962
24.94,45974
25.0,45986
25.0,45998
25.0,46011
25.0,46023
25.0,46035
24.94,46047
24.94,46059
25.0,46071
24.94,46084
24.94,46096
25.0,46108
25.0,46120
25.0,46132
24.94,46145
25.0,46157
24.94,46169
24.94,46181
25.0,46193
25.0,46205
25.0,46218
25.0,46230
25.0,46242
25.0,46254
25.0,46266
25.0,46278
25.0,46291
25.0,46303
25.0,46315
24.94,46327
25.0,46339
25.0,46352
25.0,46364
25.0,46376
25.0,46388
25.0,46400
25.0,46412
25.0,46425
25.0,46437
25.0,46449
25.0,46461
24.94,46473
24.94,46486
24.94,46498
24.94,46510
24.94,46522
25.0,46534
25.0,46546
25.0,46559
25.0,46571
24.94,46583
24.94,46595
24.94,46607
24.94,46619
25.0,46632
25.0,46644
25.0,46656
24.94,46668
25.0,46680
24.94,46693
25.0,46705
25.0,46717
25.0,46729
25.0,46741
25.0,46753
24.94,46766
25.0,46778
25.0,46790
24.94,46802
25.0,46814
25.0,46827
25.0,46839
25.0,46851
25.0,46863
25.0,46875
25.0,46887
25.0,46900
25.0,46912
25.0,46924
25.0,46936
25.0,46948
25.0,46961
25.0,46973
25.0,46985
25.0,46997
25.0,47009
25.0,47021
25.0,47034
25.0,47046
25.0,47058
25.0,47070
24.94,47082
25.0,47094
25.0,47107
25.0,47119
25.0,47131
25.0,47143
25.0,47155
25.0,47168
25.0,47180
25.0,47192
25.0,47204
25.0,47216
25.0,47228
25.0,47241
25.0,47253
24.94,47265
25.0,47277
24.94,47289
25.0,47302
25.0,47314
25.0,47326
25.0,47338
24.94,47350
25.0,47362
25.0,47375
25.0,47387
25.0,47399
25.0,47411
25.0,47423
24.94,47435
25.0,47448
25.0,47460
24.94,47472
25.0,47484
25.0,47496
25.0,47509
25.0,47521
24.94,47533
24.94,47545
24.94,47557
25.0,47569
25.0,47582
25.0,47594
25.0,47606
25.0,47618
25.0,47630
25.0,47643
24.94,47655
25.0,47667
25.0,47679
25.0,47691
25.0,47703
25.0,47716
25.0,47728
25.0,47740
25.0,47752
25.0,47764
24.94,47777
25.0,47789
25.0,47801
24.94,47813
25.0,47825
25.0,47837
25.0,47850
25.0,47862
25.0,47874
25.0,47886
25.0,47898
25.0,47910
25.0,47923
25.0,47935
25.0,47947
25.0,47959
24.94,47971
24.94,47984
24.94,47996
24.94,48008
25.0,48020
25.0,48032
24.94,48044
24.94,48057
25.0,48069
24.94,48081
25.0,48093
24.94,48105
25.0,48118
24.94,48130
25.0,48142
25.0,48154
24.94,48166
25.0,48178
25.0,48191
25.0,48203
25.0,48215
25.0,48227
25.0,48239
25.0,48252
25.0,48264
25.0,48276
25.0,48288
25.0,48300
25.0,48312
24.94,48325
25.0,48337
25.0,48349
25.0,48361
24.94,48373
25.0,48385
25.0,48398
25.0,48410
25.0,48422
25.0,48434
25.0,48446
25.0,48459
25.0,48471
25.0,48483
25.0,48495
25.0,48507
25.0,48519
25.0,48532
24.94,48544
24.94,48556
24.94,48568
24.94,48580
25.0,48593
25.0,48605
25.0,48617
25.0,48629
25.0,48641
24.94,48653
25.0,48666
25.0,48678
25.0,48690
25.0,48702
25.0,48714
25.0,48726
25.0,48739
24.94,48751
25.0,48763
25.0,48775
25.0,48787
25.0,48800
24.94,48812
25.0,48824
25.0,48836
25.0,48848
25.0,48860
25.0,48873
25.0,48885
24.94,48897
25.0,48909
25.0,48921
25.0,48934
25.0,48946
25.0,48958
25.0,48970
25.0,48982
25.0,48994
25.0,49007
25.0,49019
25.0,49031
25.0,49043
24.94,49055
25.0,49068
25.0,49080
25.0,49092
25.0,49104
25.0,49116
25.0,49128
25.0,49141
25.0,49153
25.0,49165
25.0,49177
25.0,49189
25.0,49201
25.0,49214
25.0,49226
25.0,49238
25.0,49250
25.0,49262
25.0,49275
25.0,49287
25.0,49299
24.94,49311
24.94,49323
24.94,49335
25.0,49348
24.94,49360
24.94,49372
25.0,49384
24.94,49396
24.94,49409
25.0,49421
24.94,49433
24.94,49445
25.0,49457
24.94,49469
25.0,49482
24.94,49494
25.0,49506
24.94,49518
24.94,49530
25.0,49543
25.0,49555
25.0,49567
25.0,49579
25.0,49591
25.0,49603
25.0,49616
25.0,49628
25.0,49640
25.0,49652
25.0,49664
25.0,49676
25.0,49689
25.0,49701
25.0,49713
25.0,49725
25.0,49737
25.0,49750
25.0,49762
25.0,49774
25.0,49786
25.0,49798
25.0,49810
25.0,49823
25.0,49835
24.94,49847
24.94,49859
25.0,49871
25.0,49884
25.0,49896
25.0,49908
25.0,49920
25.0,49932
25.0,49944
25.0,49957
25.0,49969
25.0,49981
24.94,49993
25.0,50005
25.0,50018
25.0,50030
25.0,50042
25.0,50054
25.0,50066
25.0,50078
25.0,50091
24.94,50103
25.0,50115
25.0,50127
25.0,50139
25.0,50151
25.0,50164
25.0,50176
25.0,50188
25.0,50200
24.94,50212
24.94,50225
25.0,50237
25.0,50249
25.0,50261
25.0,50273
25.0,50285
25.0,50298
24.94,50310
25.0,50322
25.0,50334
25.0,50346
25.0,50359
25.0,50371
25.0,50383
25.0,50395
25.0,50407
25.0,50419
25.0,50432
25.0,50444
25.0,50456
25.0,50468
25.0,50480
25.0,50492
25.0,50505
25.0,50517
25.0,50529
25.0,50541
25.0,50553
24.94,50566
25.0,50578
25.0,50590
25.0,50602
25.0,50614
25.0,50626
24.94,50639
25.0,50651
25.0,50663
24.94,50675
25.0,50687
25.0,50700
24.94,50712
24.94,50724
24.94,50736
25.0,50748
24.94,50760
25.0,50773
24.94,50785
24.94,50797
25.0,50809
24.94,50821
24.94,50834
25.0,50846
24.94,50858
25.0,50870
25.0,50882
25.0,50894
24.94,50907
25.0,50919
25.0,50931
24.94,50943
24.94,50955
24.94,50967
25.0,50980
25.0,50992
25.0,51004
24.94,51016
25.0,51028
25.0,51041
25.0,51053
25.0,51065
25.0,51077
25.0,51089
25.0,51101
25.0,51114
25.0,51126
25.0,51138
25.0,51150
25.0,51162
25.0,51175
25.0,51187
25.0,51199
25.0,51211
25.0,51223
24.94,51235
25.0,51248
25.0,51260
25.0,51272
25.0,51284
25.0,51296
24.94,51308
25.0,51321
25.0,51333
25.0,51345
25.0,51357
25.0,51369
25.0,51382
25.0,51394
25.0,51406
24.94,51418
25.0,51430
24.94,51442
24.94,51455
25.0,51467
25.0,51479
25.0,51491
25.0,51503
25.0,51516
24.94,51528
25.0,51540
25.0,51552
24.94,51564
25.0,51576
25.0,51589
25.0,51601
25.0,51613
24.94,51625
25.0,51637
25.0,51650
25.0,51662
25.0,51674
24.94,51686
25.0,51698
25.0,51710
25.0,51723
25.0,51735
25.0,51747
25.0,51759
25.0,51771
25.0,51783
25.0,51796
25.0,51808
25.0,51820
25.0,51832
25.0,51844
25.0,51857
25.0,51869
25.0,51881
25.0,51893
25.0,51905
25.0,51917
25.0,51930
25.0,51942
25.0,51954
24.94,51966
25.0,51978
25.0,51991
25.0,52003
25.0,52015
24.94,52027
24.94,52039
25.0,52051
25.0,52064
25.0,52076
25.0,52088
24.94,52100
25.0,52112
25.0,52124
25.0,52137
24.94,52149
25.0,52161
24.94,52173
25.0,52185
25.0,52198
25.0,52210
25.0,52222
25.0,52234
25.0,52246
25.0,52258
25.0,52271
25.0,52283
25.0,52295
25.0,52307
25.0,52319
25.0,52332
25.0,52344
25.0,52356
25.0,52368
25.0,52380
25.0,52392
25.0,52405
25.0,52417
25.0,52429
25.0,52441
25.0,52453
25.0,52466
25.0,52478
25.0,52490
25.0,52502
25.0,52514
25.0,52526
24.94,52539
25.0,52551
25.0,52563
24.94,52575
25.0,52587
25.0,52599
25.0,52612
25.0,52624
25.0,52636
25.0,52648
25.0,52660
25.0,52673
24.94,52685
25.0,52697
24.94,52709
25.0,52721
25.0,52733
25.0,52746
25.0,52758
25.0,52770
25.0,52782
24.94,52794
25.0,52807
25.0,52819
25.0,52831
25.0,52843
25.0,52855
25.0,52867
25.0,52880
25.0,52892
25.0,52904
24.94,52916
25.0,52928
25.0,52941
25.0,52953
25.0,52965
25.0,52977
25.0,52989
25.0,53001
24.94,53014
25.0,53026
25.0,53038
25.0,53050
25.0,53062
25.0,53074
25.0,53087
25.0,53099
25.0,53111
24.94,53123
25.0,53135
25.0,53148
25.0,53160
25.0,53172
24.94,53184
25.0,53196
25.0,53208
25.0,53221
25.0,53233
25.0,53245
25.0,53257
25.0,53269
25.0,53282
25.0,53294
24.94,53306
25.0,53318
25.0,53330
25.0,53342
25.0,53355
25.0,53367
25.0,53379
25.0,53391
25.0,53403
25.0,53415
24.94,53428
25.0,53440
24.94,53452
25.0,53464
25.0,53476
25.0,53489
25.0,53501
25.0,53513
25.0,53525
25.0,53537
25.0,53549
25.0,53562
25.0,53574
25.0,53586
24.94,53598
25.0,53610
25.0,53623
25.0,53635
24.94,53647
25.0,53659
25.0,53671
25.0,53683
25.0,53696
25.0,53708
25.0,53720
25.0,53732
25.0,53744
24.94,53757
25.0,53769
25.0,53781
25.0,53793
25.0,53805
24.94,53817
25.0,53830
25.0,53842
25.0,53854
25.0,53866
25.0,53878
25.0,53890
25.0,53903
25.0,53915
24.94,53927
25.0,53939
25.0,53951
25.0,53964
25.0,53976
25.0,53988
25.0,54000
25.0,54012
25.0,54024
25.0,54037
25.0,54049
24.94,54061
25.0,54073
25.0,54085
25.0,54098
25.0,54110
25.0,54122
25.0,54134
25.0,54146
25.0,54158
25.0,54171
25.0,54183
25.0,54195
25.0,54207
24.94,54219
25.0,54231
25.0,54244
25.0,54256
25.0,54268
25.0,54280
24.94,54292
24.94,54305
24.94,54317
24.94,54329
25.0,54341
25.0,54353
25.0,54365
24.94,54378
25.0,54390
25.0,54402
24.94,54414
24.94,54426
25.0,54439
25.0,54451
25.0,54463
25.0,54475
25.0,54487
24.94,54499
25.0,54512
25.0,54524
25.0,54536
25.0,54548
25.0,54560
25.0,54573
25.0,54585
25.0,54597
24.94,54609
25.0,54621
25.0,54633
25.0,54646
25.0,54658
25.0,54670
25.0,54682
24.94,54694
25.0,54706
25.0,54719
25.0,54731
25.0,54743
25.0,54755
25.0,54767
25.0,54780
25.0,54792
25.0,54804
25.0,54816
25.0,54828
24.94,54840
25.0,54853
25.0,54865
24.94,54877
25.0,54889
25.0,54901
24.94,54914
25.0,54926
25.0,54938
25.0,54950
25.0,54962
25.0,54974
24.94,54987
25.0,54999
25.0,55011
24.94,55023
24.94,55035
24.94,55047
24.94,55060
25.0,55072
25.0,55084
25.0,55096
24.94,55108
25.0,55121
25.0,55133
25.0,55145
25.0,55157
25.0,55169
25.0,55181
25.0,55194
25.0,55206
25.0,55218
25.0,55230
25.0,55242
24.94,55255
25.0,55267
25.0,55279
25.0,55291
25.0,55303
25.0,55315
25.0,55328
25.0,55340
25.0,55352
24.94,55364
25.0,55376
25.0,55389
25.0,55401
25.0,55413
24.94,55425
25.0,55437
24.94,55449
25.0,55462
25.0,55474
25.0,55486
25.0,55498
25.0,55510
25.0,55522
25.0,55535
25.0,55547
25.0,55559
25.0,55571
25.0,55583
25.0,55596
25.0,55608
25.0,55620
25.0,55632
25.0,55644
25.0,55656
25.0,55669
24.94,55681
25.0,55693
25.0,55705
24.94,55717
25.0,55730
25.0,55742
24.94,55754
25.0,55766
25.0,55778
25.0,55790
25.0,55803
25.0,55815
24.94,55827
25.0,55839
25.0,55851
25.0,55864
25.0,55876
25.0,55888
25.0,55900
25.0,55912
25.0,55924
25.0,55937
25.0,55949
25.0,55961
25.0,55973
25.0,55985
25.0,55997
25.0,56010
25.0,56022
25.0,56034
25.0,56046
24.94,56058
25.0,56071
25.0,56083
25.0,56095
25.0,56107
25.0,56119
24.94,56131
25.0,56144
25.0,56156
24.94,56168
25.0,56180
25.0,56192
25.0,56205
24.94,56217
25.0,56229
25.0,56241
25.0,56253
25.0,56265
25.0,56278
25.0,56290
24.94,56302
25.0,56314
25.0,56326
25.0,56338
25.0,56351
25.0,56363
25.0,56375
25.0,56387
24.94,56399
25.0,56412
25.0,56424
25.0,56436
24.94,56448
25.0,56460
25.0,56472
25.0,56485
25.0,56497
24.94,56509
25.0,56521
25.0,56533
25.0,56546
25.0,56558
25.0,56570
25.0,56582
25.0,56594
25.0,56606
25.0,56619
25.0,56631
25.0,56643
25.0,56655
24.94,56667
25.0,56680
25.0,56692
25.0,56704
25.0,56716
25.0,56728
25.0,56740
25.0,56753
24.94,56765
24.94,56777
25.0,56789
25.0,56801
25.0,56813
25.0,56826
25.0,56838
24.94,56850
25.0,56862
25.0,56874
25.0,56887
25.0,56899
25.0,56911
25.0,56923
25.0,56935
25.0,56947
25.0,56960
25.0,56972
25.0,56984
25.0,56996
24.94,57008
25.0,57021
25.0,57033
25.0,57045
25.0,57057
25.0,57069
25.0,57081
25.0,57094
25.0,57106
25.0,57118
25.0,57130
25.0,57142
25.0,57155
25.0,57167
24.94,57179
25.0,57191
24.94,57203
25.0,57215
25.0,57228
25.0,57240
25.0,57252
25.0,57264
25.0,57276
25.0,57288
24.94,57301
25.0,57313
25.0,57325
25.0,57337
25.0,57349
24.94,57362
25.0,57374
25.0,57386
24.94,57398
25.0,57410
25.0,57422
25.0,57435
25.0,57447
25.0,57459
24.94,57471
25.0,57483
25.0,57496
25.0,57508
25.0,57520
25.0,57532
25.0,57544
25.0,57556
25.0,57569
25.0,57581
25.0,57593
24.94,57605
25.0,57617
25.0,57629
25.0,57642
25.0,57654
25.0,57666
25.0,57678
25.0,57690
25.0,57703
25.0,57715
25.0,57727
25.0,57739
25.0,57751
25.0,57763
25.0,57776
25.0,57788
25.0,57800
25.0,57812
25.0,57824
25.0,57837
25.0,57849
24.94,57861
25.0,57873
25.0,57885
25.0,57897
25.0,57910
25.0,57922
25.0,57934
25.0,57946
25.0,57958
25.0,57970
25.0,57983
24.94,57995
25.0,58007
25.0,58019
25.0,58031
25.0,58044
25.0,58056
25.0,58068
25.0,58080
25.0,58092
25.0,58104
24.94,58117
25.0,58129
25.0,58141
25.0,58153
25.0,58165
24.94,58178
24.94,58190
25.0,58202
24.94,58214
25.0,58226
24.94,58238
25.0,58251
25.0,58263
24.94,58275
24.94,58287
25.0,58299
25.0,58312
25.0,58324
25.0,58336
25.0,58348
25.0,58360
25.0,58372
25.0,58385
25.0,58397
25.0,58409
25.0,58421
25.0,58433
25.0,58445
24.94,58458
25.0,58470
25.0,58482
25.0,58494
24.94,58506
25.0,58519
24.94,58531
25.0,58543
25.0,58555
25.0,58567
25.0,58579
25.0,58592
25.0,58604
25.0,58616
25.0,58628
24.94,58640
24.94,58653
25.0,58665
25.0,58677
25.0,58689
25.0,58701
25.0,58713
25.0,58726
25.0,58738
25.0,58750
25.0,58762
25.0,58774
25.0,58787
25.0,58799
25.0,58811
24.94,58823
24.94,58835
25.0,58847
24.94,58860
24.94,58872
25.0,58884
24.94,58896
25.0,58908
25.0,58920
25.0,58933
24.94,58945
24.94,58957
24.94,58969
24.94,58981
25.0,58994
25.0,59006
25.0,59018
25.0,59030
25.0,59042
25.0,59054
25.0,59067
25.0,59079
25.0,59091
25.0,59103
25.0,59115
25.0,59128
25.0,59140
25.0,59152
25.0,59164
25.0,59176
25.0,59188
25.0,59201
25.0,59213
25.0,59225
25.0,59237
25.0,59249
25.0,59261
25.0,59274
25.0,59286
25.0,59298
24.94,59310
25.0,59322
25.0,59335
25.0,59347
25.0,59359
25.0,59371
25.0,59383
25.0,59395
24.94,59408
25.0,59420
25.0,59432
25.0,59444
25.0,59456
24.94,59469
25.0,59481
25.0,59493
25.0,59505
25.0,59517
25.0,59529
25.0,59542
25.0,59554
25.0,59566
25.0,59578
25.0,59590
25.0,59603
25.0,59615
25.0,59627
25.0,59639
25.0,59651
25.0,59663
24.94,59676
24.94,59688
24.94,59700
25.0,59712
25.0,59724
25.0,59736
25.0,59749
25.0,59761
25.0,59773
25.0,59785
25.0,59797
25.0,59810
25.0,59822
24.94,59834
25.0,59846
25.0,59858
24.94,59870
25.0,59883
24.94,59895
24.94,59907
25.0,59919
25.0,59931
25.0,59944
25.0,59956
25.0,59968
25.0,59980
25.0,59992
25.0,60004
25.0,60017
25.0,60029
25.0,60041
25.0,60053
25.0,60065
25.0,60077
24.94,60090
25.0,60102
25.0,60114
25.0,60126
25.0,60138
25.0,60151
25.0,60163
25.0,60175
25.0,60187
25.0,60199
25.0,60211
25.0,60224
25.0,60236
25.0,60248
25.0,60260
25.0,60272
25.0,60285
25.0,60297
25.0,60309
25.0,60321
25.0,60333
25.0,60345
24.94,60358
25.0,60370
25.0,60382
25.0,60394
25.0,60406
25.0,60419
25.0,60431
25.0,60443
25.0,60455
25.0,60467
24.94,60479
25.0,60492
25.0,60504
25.0,60516
25.0,60528
25.0,60540
25.0,60552
25.0,60565
25.0,60577
25.0,60589
25.0,60601
25.0,60613
24.94,60626
25.0,60638
25.0,60650
25.0,60662
24.94,60674
25.0,60686
25.0,60699
25.0,60711
25.0,60723
24.94,60735
25.0,60747
25.0,60760
25.0,60772
25.0,60784
25.0,60796
25.0,60808
24.94,60820
25.0,60833
24.94,60845
25.0,60857
25.0,60869
25.0,60881
25.0,60894
24.94,60906
25.0,60918
24.94,60930
25.0,60942
24.94,60954
25.0,60967
25.0,60979
25.0,60991
25.0,61003
24.94,61015
25.0,61027
25.0,61040
25.0,61052
25.0,61064
25.0,61076
25.0,61088
24.94,61101
25.0,61113
25.0,61125
24.94,61137
25.0,61149
25.0,61161
25.0,61174
25.0,61186
25.0,61198
25.0,61210
25.0,61222
25.0,61235
25.0,61247
25.0,61259
25.0,61271
24.94,61283
25.0,61295
25.0,61308
25.0,61320
25.0,61332
24.94,61344
25.0,61356
24.94,61368
25.0,61381
24.94,61393
25.0,61405
25.0,61417
25.0,61429
25.0,61442
25.0,61454
24.94,61466
24.94,61478
25.0,61490
25.0,61502
25.0,61515
25.0,61527
25.0,61539
25.0,61551
25.0,61563
25.0,61576
24.94,61588
24.94,61600
24.94,61612
24.94,61624
24.94,61636
25.0,61649
24.94,61661
25.0,61673
25.0,61685
25.0,61697
24.94,61710
25.0,61722
25.0,61734
25.0,61746
24.94,61758
25.0,61770
25.0,61783
24.94,61795
25.0,61807
25.0,61819
25.0,61831
25.0,61843
25.0,61856
25.0,61868
24.94,61880
25.0,61892
25.0,61904
25.0,61917
25.0,61929
25.0,61941
24.94,61953
25.0,61965
25.0,61977
25.0,61990
25.0,62002
25.0,62014
25.0,62026
25.0,62038
25.0,62051
25.0,62063
24.94,62075
25.0,62087
25.0,62099
24.94,62111
25.0,62124
25.0,62136
25.0,62148
25.0,62160
25.0,62172
24.94,62184
25.0,62197
24.94,62209
25.0,62221
25.0,62233
25.0,62245
25.0,62258
25.0,62270
25.0,62282
25.0,62294
25.0,62306
24.94,62318
25.0,62331
25.0,62343
25.0,62355
25.0,62367
25.0,62379
24.94,62392
25.0,62404
25.0,62416
25.0,62428
25.0,62440
25.0,62452
25.0,62465
25.0,62477
25.0,62489
25.0,62501
25.0,62513
25.0,62526
25.0,62538
25.0,62550
24.94,62562
25.0,62574
25.0,62586
25.0,62599
25.0,62611
25.0,62623
25.0,62635
25.0,62647
25.0,62659
25.0,62672
25.0,62684
25.0,62696
25.0,62708
25.0,62720
25.0,62733
25.0,62745
25.0,62757
25.0,62769
25.0,62781
25.0,62793
25.0,62806
25.0,62818
25.0,62830
25.0,62842
25.0,62854
25.0,62867
25.0,62879
25.0,62891
25.0,62903
25.0,62915
25.0,62927
24.94,62940
24.94,62952
24.94,62964
24.94,62976
25.0,62988
25.0,63000
25.0,63013
25.0,63025
25.0,63037
25.0,63049
25.0,63061
25.0,63074
25.0,63086
25.0,63098
25.0,63110
25.0,63122
25.0,63134
24.94,63147
25.0,63159
25.0,63171
24.94,63183
25.0,63195
25.0,63208
25.0,63220
24.94,63232
25.0,63244
25.0,63256
25.0,63268
25.0,63281
24.94,63293
25.0,63305
25.0,63317
25.0,63329
25.0,63342
25.0,63354
25.0,63366
25.0,63378
25.0,63390
25.0,63402
25.0,63415
25.0,63427
25.0,63439
25.0,63451
25.0,63463
25.0,63475
25.0,63488
25.0,63500
25.0,63512
25.0,63524
25.0,63536
25.0,63549
24.94,63561
25.0,63573
25.0,63585
25.0,63597
25.0,63609
25.0,63622
25.0,63634
25.0,63646
25.0,63658
25.0,63670
25.0,63683
25.0,63695
24.94,63707
24.94,63719
25.0,63731
24.94,63743
25.0,63756
25.0,63768
25.0,63780
25.0,63792
25.0,63804
25.0,63816
24.94,63829
24.94,63841
25.0,63853
25.0,63865
25.0,63877
25.0,63890
24.94,63902
25.0,63914
25.0,63926
25.0,63938
25.0,63950
25.0,63963
25.0,63975
24.94,63987
25.0,63999
25.0,64011
25.0,64024
25.0,64036
24.94,64048
25.0,64060
24.94,64072
25.0,64084
25.0,64097
25.0,64109
25.0,64121
25.0,64133
25.0,64145
25.0,64158
25.0,64170
25.0,64182
25.0,64194
25.0,64206
25.0,64218
25.0,64231
25.0,64243
25.0,64255
25.0,64267
24.94,64279
25.0,64291
25.0,64304
25.0,64316
25.0,64328
25.0,64340
25.0,64352
25.0,64365
25.0,64377
24.94,64389
25.0,64401
24.94,64413
25.0,64425
25.0,64438
25.0,64450
24.94,64462
25.0,64474
25.0,64486
25.0,64499
25.0,64511
25.0,64523
25.0,64535
25.0,64547
25.0,64559
25.0,64572
24.94,64584
25.0,64596
25.0,64608
25.0,64620
25.0,64633
25.0,64645
25.0,64657
24.94,64669
25.0,64681
25.0,64693
25.0,64706
25.0,64718
25.0,64730
25.0,64742
25.0,64754
25.0,64766
25.0,64779
24.94,64791
25.0,64803
25.0,64815
25.0,64827
25.0,64840
25.0,64852
25.0,64864
25.0,64876
25.0,64888
25.0,64900
25.0,64913
25.0,64925
25.0,64937
25.0,64949
25.0,64961
25.0,64974
24.94,64986
24.94,64998
25.0,65010
25.0,65022
25.0,65034
25.0,65047
25.0,65059
25.0,65071
25.0,65083
25.0,65095
25.0,65107
25.0,65120
25.0,65132
25.0,65144
25.0,65156
25.0,65168
25.0,65181
25.0,65193
25.0,65205
25.0,65217
25.0,65229
25.0,65241
24.94,65254
25.0,65266
25.0,65278
25.0,65290
24.94,65302
25.0,65315
25.0,65327
25.0,65339
25.0,65351
24.94,65363
25.0,65375
25.0,65388
25.0,65400
25.0,65412
25.0,65424
25.0,65436
25.0,65449
25.0,65461
24.94,65473
25.0,65485
24.94,65497
25.0,65509
25.0,65522
25.0,65534
24.94,65546
25.0,65558
25.0,65570
25.0,65582
25.0,65595
25.0,65607
24.94,65619
24.94,65631
24.94,65643
24.94,65656
25.0,65668
25.0,65680
25.0,65692
25.0,65704
25.0,65716
24.94,65729
25.0,65741
25.0,65753
25.0,65765
25.0,65777
25.0,65790
25.0,65802
25.0,65814
25.0,65826
25.0,65838
25.0,65850
25.0,65863
25.0,65875
25.0,65887
25.0,65899
24.94,65911
25.0,65924
25.0,65936
25.0,65948
25.0,65960
25.0,65972
24.94,65984
25.0,65997
25.0,66009
24.94,66021
25.0,66033
25.0,66045
25.0,66057
25.0,66070
24.94,66082
25.0,66094
25.0,66106
25.0,66118
25.0,66131
25.0,66143
25.0,66155
25.0,66167
25.0,66179
24.94,66191
25.0,66204
25.0,66216
25.0,66228
24.94,66240
25.0,66252
25.0,66265
25.0,66277
25.0,66289
25.0,66301
25.0,66313
24.94,66325
24.94,66338
25.0,66350
25.0,66362
24.94,66374
25.0,66386
25.0,66398
24.94,66411
25.0,66423
25.0,66435
24.94,66447
25.0,66459
24.94,66472
25.0,66484
25.0,66496
25.0,66508
25.0,66520
24.94,66532
25.0,66545
25.0,66557
25.0,66569
25.0,66581
24.94,66593
25.0,66606
25.0,66618
25.0,66630
25.0,66642
25.0,66654
25.0,66666
25.0,66679
24.94,66691
25.0,66703
25.0,66715
25.0,66727
25.0,66740
25.0,66752
25.0,66764
25.0,66776
25.0,66788
25.0,66800
24.94,66813
25.0,66825
25.0,66837
25.0,66849
25.0,66861
25.0,66873
24.94,66886
25.0,66898
25.0,66910
25.0,66922
25.0,66934
25.0,66947
25.0,66959
24.94,66971
25.0,66983
25.0,66995
25.0,67007
25.0,67020
25.0,67032
25.0,67044
25.0,67056
25.0,67068
25.0,67081
25.0,67093
25.0,67105
24.94,67117
25.0,67129
25.0,67141
24.94,67154
25.0,67166
25.0,67178
25.0,67190
24.94,67202
25.0,67214
25.0,67227
24.94,67239
25.0,67251
24.94,67263
25.0,67275
25.0,67288
25.0,67300
25.0,67312
25.0,67324
25.0,67336
25.0,67348
25.0,67361
24.94,67373
25.0,67385
25.0,67397
25.0,67409
25.0,67422
25.0,67434
25.0,67446
25.0,67458
25.0,67470
25.0,67482
25.0,67495
24.94,67507
25.0,67519
25.0,67531
25.0,67543
25.0,67556
25.0,67568
24.94,67580
25.0,67592
25.0,67604
24.94,67616
25.0,67629
25.0,67641
25.0,67653
25.0,67665
25.0,67677
25.0,67689
25.0,67702
25.0,67714
25.0,67726
25.0,67738
25.0,67750
25.0,67763
25.0,67775
25.0,67787
25.0,67799
24.94,67811
25.0,67823
25.0,67836
25.0,67848
25.0,67860
24.94,67872
25.0,67884
25.0,67897
25.0,67909
25.0,67921
24.94,67933
24.94,67945
25.0,67957
25.0,67970
25.0,67982
25.0,67994
25.0,68006
25.0,68018
24.94,68030
25.0,68043
24.94,68055
25.0,68067
24.94,68079
25.0,68091
24.94,68104
24.94,68116
25.0,68128
25.0,68140
25.0,68152
25.0,68164
25.0,68177
25.0,68189
25.0,68201
25.0,68213
25.0,68225
25.0,68238
25.0,68250
25.0,68262
25.0,68274
25.0,68286
25.0,68298
25.0,68311
25.0,68323
25.0,68335
25.0,68347
25.0,68359
25.0,68372
25.0,68384
25.0,68396
25.0,68408
24.94,68420
25.0,68432
25.0,68445
25.0,68457
25.0,68469
25.0,68481
25.0,68493
25.0,68505
24.94,68518
25.0,68530
25.0,68542
25.0,68554
25.0,68566
24.94,68579
25.0,68591
25.0,68603
25.0,68615
24.94,68627
25.0,68639
25.0,68652
25.0,68664
24.94,68676
25.0,68688
24.94,68700
25.0,68713
25.0,68725
25.0,68737
24.94,68749
25.0,68761
25.0,68773
25.0,68786
25.0,68798
25.0,68810
24.94,68822
25.0,68834
25.0,68847
25.0,68859
25.0,68871
25.0,68883
25.0,68895
25.0,68907
25.0,68920
25.0,68932
25.0,68944
25.0,68956
24.94,68968
25.0,68980
25.0,68993
25.0,69005
25.0,69017
25.0,69029
25.0,69041
24.94,69054
25.0,69066
25.0,69078
25.0,69090
25.0,69102
25.0,69114
25.0,69127
24.94,69139
24.94,69151
25.0,69163
24.94,69175
25.0,69188
25.0,69200
25.0,69212
25.0,69224
25.0,69236
25.0,69248
25.0,69261
25.0,69273
25.0,69285
24.94,69297
25.0,69309
25.0,69321
24.94,69334
25.0,69346
25.0,69358
24.94,69370
25.0,69382
25.0,69395
25.0,69407
25.0,69419
25.0,69431
25.0,69443
25.0,69455
25.0,69468
25.0,69480
25.0,69492
25.0,69504
25.0,69516
25.0,69529
25.0,69541
25.0,69553
24.94,69565
25.0,69577
25.0,69589
25.0,69602
24.94,69614
25.0,69626
25.0,69638
25.0,69650
25.0,69663
24.94,69675
25.0,69687
25.0,69699
25.0,69711
25.0,69723
24.94,69736
25.0,69748
24.94,69760
25.0,69772
25.0,69784
25.0,69796
25.0,69809
25.0,69821
25.0,69833
25.0,69845
25.0,69857
25.0,69870
24.94,69882
24.94,69894
25.0,69906
25.0,69918
24.94,69930
25.0,69943
25.0,69955
24.94,69967
25.0,69979
25.0,69991
25.0,70004
25.0,70016
25.0,70028
25.0,70040
25.0,70052
25.0,70064
25.0,70077
25.0,70089
25.0,70101
25.0,70113
25.0,70125
25.0,70138
25.0,70150
25.0,70162
24.94,70174
25.0,70186
25.0,70198
25.0,70211
25.0,70223
24.94,70235
25.0,70247
25.0,70259
25.0,70271
25.0,70284
24.94,70296
25.0,70308
25.0,70320
25.0,70332
24.94,70345
25.0,70357
25.0,70369
24.94,70381
25.0,70393
25.0,70405
25.0,70418
25.0,70430
25.0,70442
25.0,70454
25.0,70466
25.0,70479
25.0,70491
25.0,70503
25.0,70515
25.0,70527
25.0,70539
25.0,70552
25.0,70564
25.0,70576
25.0,70588
25.0,70600
25.0,70612
25.0,70625
25.0,70637
25.0,70649
25.0,70661
25.0,70673
25.0,70686
24.94,70698
25.0,70710
25.0,70722
25.0,70734
25.0,70746
25.0,70759
25.0,70771
25.0,70783
25.0,70795
25.0,70807
25.0,70820
25.0,70832
25.0,70844
24.94,70856
25.0,70868
25.0,70880
25.0,70893
25.0,70905
25.0,70917
24.94,70929
25.0,70941
25.0,70954
25.0,70966
24.94,70978
25.0,70990
25.0,71002
24.94,71014
25.0,71027
25.0,71039
25.0,71051
25.0,71063
25.0,71075
25.0,71087
25.0,71100
25.0,71112
24.94,71124
25.0,71136
25.0,71148
25.0,71161
24.94,71173
25.0,71185
25.0,71197
25.0,71209
25.0,71221
25.0,71234
25.0,71246
25.0,71258
25.0,71270
24.94,71282
24.94,71295
24.94,71307
25.0,71319
25.0,71331
25.0,71343
25.0,71355
25.0,71368
25.0,71380
24.94,71392
25.0,71404
25.0,71416
25.0,71429
25.0,71441
25.0,71453
24.94,71465
25.0,71477
25.0,71489
25.0,71502
25.0,71514
25.0,71526
24.94,71538
25.0,71550
24.94,71562
25.0,71575
25.0,71587
25.0,71599
25.0,71611
25.0,71623
25.0,71636
25.0,71648
24.94,71660
25.0,71672
25.0,71684
25.0,71696
25.0,71709
25.0,71721
25.0,71733
25.0,71745
25.0,71757
25.0,71770
25.0,71782
25.0,71794
25.0,71806
24.94,71818
25.0,71830
24.94,71843
25.0,71855
25.0,71867
24.94,71879
25.0,71891
25.0,71903
25.0,71916
25.0,71928
24.94,71940
24.94,71952
25.0,71964
25.0,71977
25.0,71989
25.0,72001
25.0,72013
25.0,72025
24.94,72037
25.0,72050
25.0,72062
25.0,72074
25.0,72086
25.0,72098
24.94,72111
25.0,72123
25.0,72135
25.0,72147
25.0,72159
25.0,72171
24.94,72184
25.0,72196
25.0,72208
24.94,72220
25.0,72232
25.0,72245
24.94,72257
25.0,72269
24.94,72281
25.0,72293
25.0,72305
25.0,72318
25.0,72330
25.0,72342
25.0,72354
24.94,72366
24.94,72378
24.94,72391
25.0,72403
25.0,72415
25.0,72427
25.0,72439
25.0,72452
25.0,72464
25.0,72476
25.0,72488
25.0,72500
25.0,72512
25.0,72525
24.94,72537
25.0,72549
25.0,72561
25.0,72573
25.0,72586
24.94,72598
25.0,72610
25.0,72622
25.0,72634
24.94,72646
25.0,72659
24.94,72671
25.0,72683
25.0,72695
25.0,72707
25.0,72719
24.94,72732
25.0,72744
25.0,72756
25.0,72768
25.0,72780
24.94,72793
25.0,72805
24.94,72817
25.0,72829
25.0,72841
25.0,72853
25.0,72866
24.94,72878
25.0,72890
24.94,72902
25.0,72914
25.0,72927
24.94,72939
25.0,72951
25.0,72963
24.94,72975
25.0,72987
25.0,73000
25.0,73012
24.94,73024
25.0,73036
25.0,73048
25.0,73061
25.0,73073
24.94,73085
25.0,73097
25.0,73109
25.0,73121
25.0,73134
24.94,73146
25.0,73158
25.0,73170
25.0,73182
25.0,73194
25.0,73207
25.0,73219
25.0,73231
25.0,73243
25.0,73255
25.0,73268
25.0,73280
24.94,73292
25.0,73304
25.0,73316
25.0,73328
24.94,73341
25.0,73353
25.0,73365
25.0,73377
25.0,73389
25.0,73402
25.0,73414
25.0,73426
25.0,73438
25.0,73450
25.0,73462
25.0,73475
25.0,73487
25.0,73499
25.0,73511
25.0,73523
24.94,73536
25.0,73548
25.0,73560
25.0,73572
24.94,73584
24.94,73596
25.0,73609
25.0,73621
25.0,73633
25.0,73645
25.0,73657
25.0,73669
24.94,73682
24.94,73694
24.94,73706
25.0,73718
25.0,73730
25.0,73743
25.0,73755
24.94,73767
25.0,73779
25.0,73791
25.0,73803
25.0,73816
25.0,73828
25.0,73840
25.0,73852
25.0,73864
25.0,73877
25.0,73889
25.0,73901
25.0,73913
25.0,73925
25.0,73937
25.0,73950
25.0,73962
25.0,73974
25.0,73986
25.0,73998
25.0,74010
25.0,74023
25.0,74035
25.0,74047
25.0,74059
25.0,74071
25.0,74084
25.0,74096
25.0,74108
25.0,74120
25.0,74132
25.0,74144
25.0,74157
25.0,74169
25.0,74181
24.94,74193
25.0,74205
25.0,74218
25.0,74230
25.0,74242
25.0,74254
25.0,74266
25.0,74278
25.0,74291
25.0,74303
25.0,74315
25.0,74327
25.0,74339
25.0,74352
24.94,74364
25.0,74376
25.0,74388
25.0,74400
25.0,74412
25.0,74425
25.0,74437
25.0,74449
25.0,74461
24.94,74473
24.94,74485
25.0,74498
24.94,74510
25.0,74522
25.0,74534
25.0,74546
24.94,74559
25.0,74571
25.0,74583
25.0,74595
25.0,74607
25.0,74619
24.94,74632
25.0,74644
25.0,74656
25.0,74668
25.0,74680
25.0,74693
24.94,74705
24.94,74717
25.0,74729
25.0,74741
25.0,74753
25.0,74766
25.0,74778
25.0,74790
25.0,74802
25.0,74814
25.0,74826
25.0,74839
25.0,74851
25.0,74863
25.0,74875
25.0,74887
25.0,74900
24.94,74912
25.0,74924
25.0,74936
24.94,74948
24.94,74960
25.0,74973
25.0,74985
25.0,74997
25.0,75009
25.0,75021
25.0,75034
24.94,75046
25.0,75058
25.0,75070
25.0,75082
24.94,75094
25.0,75107
25.0,75119
24.94,75131
25.0,75143
25.0,75155
25.0,75168
24.94,75180
25.0,75192
25.0,75204
24.94,75216
25.0,75228
25.0,75241
25.0,75253
25.0,75265
25.0,75277
25.0,75289
24.94,75301
25.0,75314
25.0,75326
25.0,75338
25.0,75350
25.0,75362
25.0,75375
25.0,75387
25.0,75399
25.0,75411
24.94,75423
25.0,75435
25.0,75448
25.0,75460
25.0,75472
25.0,75484
25.0,75496
25.0,75509
25.0,75521
25.0,75533
24.94,75545
25.0,75557
25.0,75569
25.0,75582
25.0,75594
25.0,75606
25.0,75618
25.0,75630
25.0,75642
25.0,75655
25.0,75667
25.0,75679
25.0,75691
25.0,75703
25.0,75716
25.0,75728
25.0,75740
24.94,75752
25.0,75764
25.0,75776
24.94,75789
24.94,75801
25.0,75813
24.94,75825
25.0,75837
25.0,75850
25.0,75862
25.0,75874
25.0,75886
25.0,75898
25.0,75910
24.94,75923
25.0,75935
25.0,75947
25.0,75959
25.0,75971
25.0,75984
25.0,75996
24.94,76008
25.0,76020
25.0,76032
24.94,76044
25.0,76057
25.0,76069
25.0,76081
25.0,76093
25.0,76105
25.0,76117
24.94,76130
24.94,76142
24.94,76154
25.0,76166
25.0,76178
25.0,76191
24.94,76203
24.94,76215
24.94,76227
25.0,76239
24.94,76251
24.94,76264
24.94,76276
25.0,76288
25.0,76300
25.0,76312
25.0,76325
25.0,76337
25.0,76349
25.0,76361
25.0,76373
25.0,76385
24.94,76398
25.0,76410
25.0,76422
25.0,76434
25.0,76446
25.0,76459
25.0,76471
25.0,76483
25.0,76495
25.0,76507
24.94,76519
25.0,76532
25.0,76544
25.0,76556
24.94,76568
25.0,76580
24.94,76592
25.0,76605
25.0,76617
25.0,76629
25.0,76641
25.0,76653
24.94,76666
24.94,76678
25.0,76690
25.0,76702
25.0,76714
25.0,76726
25.0,76739
24.94,76751
25.0,76763
25.0,76775
25.0,76787
25.0,76800
25.0,76812
25.0,76824
25.0,76836
25.0,76848
25.0,76860
25.0,76873
25.0,76885
25.0,76897
25.0,76909
25.0,76921
25.0,76934
24.94,76946
25.0,76958
24.94,76970
25.0,76982
25.0,76994
25.0,77007
25.0,77019
25.0,77031
25.0,77043
25.0,77055
25.0,77067
25.0,77080
24.94,77092
25.0,77104
25.0,77116
25.0,77128
24.94,77141
24.94,77153
25.0,77165
25.0,77177
25.0,77189
25.0,77201
25.0,77214
24.94,77226
24.94,77238
25.0,77250
25.0,77262
25.0,77275
25.0,77287
24.94,77299
25.0,77311
25.0,77323
25.0,77335
25.0,77348
25.0,77360
25.0,77372
25.0,77384
25.0,77396
25.0,77408
25.0,77421
24.94,77433
24.94,77445
24.94,77457
24.94,77469
25.0,77482
25.0,77494
25.0,77506
25.0,77518
25.0,77530
25.0,77542
25.0,77555
25.0,77567
25.0,77579
25.0,77591
25.0,77603
24.94,77616
25.0,77628
25.0,77640
24.94,77652
25.0,77664
25.0,77676
24.94,77689
24.94,77701
24.94,77713
25.0,77725
25.0,77737
25.0,77750
25.0,77762
24.94,77774
25.0,77786
25.0,77798
25.0,77810
25.0,77823
25.0,77835
25.0,77847
25.0,77859
25.0,77871
25.0,77883
25.0,77896
25.0,77908
25.0,77920
25.0,77932
25.0,77944
25.0,77957
25.0,77969
25.0,77981
25.0,77993
25.0,78005
25.0,78017
25.0,78030
24.94,78042
25.0,78054
24.94,78066
25.0,78078
25.0,78091
25.0,78103
25.0,78115
25.0,78127
25.0,78139
24.94,78151
24.94,78164
25.0,78176
25.0,78188
25.0,78200
24.94,78212
25.0,78224
24.94,78237
25.0,78249
25.0,78261
25.0,78273
25.0,78285
25.0,78298
25.0,78310
25.0,78322
25.0,78334
25.0,78346
