25.62,1375
25.62,1388
25.62,1400
25.69,1412
25.62,1424
25.62,1436
25.62,1449
25.69,1461
25.62,1473
25.62,1485
25.62,1497
25.69,1509
25.62,1522
25.69,1534
25.62,1546
25.62,1558
25.62,1570
25.62,1582
25.69,1595
25.69,1607
25.62,1619
25.62,1631
25.62,1643
25.69,1656
25.62,1668
25.69,1680
25.62,1692
25.69,1704
25.69,1716
25.62,1729
25.69,1741
25.69,1753
25.69,1765
25.69,1777
25.69,1789
25.69,1802
25.62,1814
25.69,1826
25.69,1838
25.69,1850
25.69,1863
25.69,1875
25.69,1887
25.69,1899
25.69,1911
25.69,1923
25.69,1936
25.75,1948
25.69,1960
25.69,1972
25.69,1984
25.69,1996
25.69,2009
25.69,2021
25.75,2033
25.75,2045
25.69,2057
25.69,2070
25.69,2082
25.69,2094
25.69,2106
25.75,2118
25.69,2130
25.69,2143
25.69,2155
25.69,2167
25.75,2179
25.69,2191
25.75,2203
25.75,2216
25.69,2228
25.75,2240
25.69,2252
25.75,2264
25.69,2277
25.69,2289
25.69,2301
25.69,2313
25.69,2325
25.69,2337
25.69,2350
25.75,2362
25.69,2374
25.75,2386
25.69,2398
25.69,2410
25.69,2423
25.75,2435
25.69,2447
25.75,2459
25.69,2471
25.75,2484
25.75,2496
25.75,2508
25.75,2520
25.75,2532
25.75,2544
25.75,2557
25.81,2569
25.81,2581
25.81,2593
25.81,2605
25.81,2617
25.81,2630
25.81,2642
25.81,2654
25.81,2666
25.81,2678
25.81,2691
25.81,2703
25.81,2715
25.81,2727
25.81,2739
25.81,2751
25.81,2764
25.75,2776
25.75,2788
25.75,2800
25.75,2812
25.75,2824
25.75,2837
25.81,2849
25.75,2861
25.75,2873
25.81,2885
25.75,2898
25.81,2910
25.75,2922
25.75,2934
25.75,2946
25.81,2958
25.75,2971
25.81,2983
25.75,2995
25.75,3007
25.75,3019
25.75,3031
25.75,3044
25.81,3056
25.75,3068
25.75,3080
25.75,3092
25.75,3105
25.75,3117
25.81,3129
25.75,3141
25.75,3153
25.75,3165
25.75,3178
25.75,3190
25.81,3202
25.75,3214
25.75,3226
25.75,3238
25.75,3251
25.75,3263
25.75,3275
25.75,3287
25.75,3299
25.81,3312
25.75,3324
25.81,3336
25.75,3348
25.81,3360
25.81,3372
25.81,3385
25.75,3397
25.81,3409
25.75,3421
25.75,3433
25.81,3445
25.75,3458
25.81,3470
25.75,3482
25.81,3494
25.81,3506
25.81,3519
25.75,3531
25.81,3543
25.81,3555
25.81,3567
25.75,3579
25.81,3592
25.75,3604
25.75,3616
25.81,3628
25.75,3640
25.75,3653
25.75,3665
25.75,3677
25.75,3689
25.75,3701
25.75,3713
25.75,3726
25.75,3738
25.81,3750
25.75,3762
25.75,3774
25.81,3786
25.75,3799
25.75,3811
25.75,3823
25.75,3835
25.75,3847
25.81,3860
25.81,3872
25.75,3884
25.81,3896
25.81,3908
25.81,3920
25.81,3933
25.81,3945
25.81,3957
25.87,3969
25.87,3981
25.81,3993
25.87,4006
25.81,4018
25.81,4030
25.87,4042
25.81,4054
25.87,4067
25.87,4079
25.87,4091
25.81,4103
25.87,4115
25.81,4127
25.87,4140
25.81,4152
25.81,4164
25.81,4176
25.87,4188
25.81,4200
25.81,4213
25.81,4225
25.81,4237
25.81,4249
25.81,4261
25.81,4274
25.81,4286
25.81,4298
25.81,4310
25.81,4322
25.81,4334
25.81,4347
25.81,4359
25.81,4371
25.81,4383
25.81,4395
25.81,4407
25.81,4420
25.81,4432
25.81,4444
25.81,4456
25.81,4468
25.81,4481
25.81,4493
25.81,4505
25.81,4517
25.81,4529
25.81,4541
25.81,4554
25.75,4566
25.75,4578
25.81,4590
25.75,4602
25.81,4614
25.81,4627
25.81,4639
25.81,4651
25.81,4663
25.81,4675
25.81,4688
25.75,4700
25.81,4712
25.81,4724
25.81,4736
25.81,4748
25.81,4761
25.81,4773
25.81,4785
25.81,4797
25.81,4809
25.81,4821
25.75,4834
25.81,4846
25.81,4858
25.81,4870
25.81,4882
25.81,4895
25.81,4907
25.75,4919
25.81,4931
25.81,4943
25.81,4955
25.81,4968
25.81,4980
25.81,4992
25.81,5004
25.75,5016
25.81,5028
25.81,5041
25.81,5053
25.81,5065
25.81,5077
25.81,5089
25.81,5102
25.81,5114
25.81,5126
25.81,5138
25.81,5150
25.81,5162
25.81,5175
25.81,5187
25.81,5199
25.81,5211
25.81,5223
25.81,5235
25.81,5248
25.81,5260
25.81,5272
25.81,5284
25.81,5296
25.81,5309
25.87,5321
25.81,5333
25.81,5345
25.81,5357
25.81,5369
25.87,5382
25.87,5394
25.81,5406
25.87,5418
25.87,5430
25.87,5442
25.87,5455
25.87,5467
25.87,5479
25.87,5491
25.87,5503
25.87,5516
25.87,5528
25.87,5540
25.87,5552
25.87,5564
25.87,5576
25.87,5589
25.87,5601
25.87,5613
25.87,5625
25.87,5637
25.87,5649
25.87,5662
25.81,5674
25.81,5686
25.81,5698
25.81,5710
25.81,5723
25.81,5735
25.81,5747
25.81,5759
25.81,5771
25.81,5783
25.81,5796
25.81,5808
25.81,5820
25.81,5832
25.81,5844
25.81,5856
25.81,5869
25.81,5881
25.81,5893
25.81,5905
25.81,5917
25.81,5930
25.81,5942
25.81,5954
25.81,5966
25.81,5978
25.81,5990
25.81,6003
25.81,6015
25.81,6027
25.81,6039
25.81,6051
25.81,6063
25.81,6076
25.81,6088
25.81,6100
25.81,6112
25.81,6124
25.81,6137
25.81,6149
25.81,6161
25.81,6173
25.81,6185
25.81,6197
25.81,6210
25.81,6222
25.81,6234
25.81,6246
25.81,6258
25.81,6270
25.81,6283
25.81,6295
25.81,6307
25.81,6319
25.81,6331
25.81,6344
25.81,6356
25.81,6368
25.81,6380
25.87,6392
25.81,6404
25.81,6417
25.81,6429
25.87,6441
25.81,6453
25.81,6465
25.81,6477
25.81,6490
25.81,6502
25.81,6514
25.81,6526
25.81,6538
25.81,6551
25.81,6563
25.81,6575
25.81,6587
25.81,6599
25.81,6611
25.81,6624
25.81,6636
25.81,6648
25.81,6660
25.87,6672
25.81,6684
25.87,6697
25.81,6709
25.87,6721
25.87,6733
25.87,6745
25.87,6758
25.81,6770
25.87,6782
25.87,6794
25.87,6806
25.87,6818
25.87,6831
25.87,6843
25.87,6855
25.87,6867
25.87,6879
25.87,6892
25.87,6904
25.94,6916
25.94,6928
25.87,6940
25.87,6952
25.94,6965
25.87,6977
25.87,6989
25.87,7001
25.87,7013
25.87,7025
25.87,7038
25.87,7050
25.87,7062
25.87,7074
25.87,7086
25.87,7099
25.87,7111
25.87,7123
25.87,7135
25.87,7147
25.87,7159
25.87,7172
25.87,7184
25.87,7196
25.87,7208
25.87,7220
25.87,7232
25.87,7245
25.81,7257
25.81,7269
25.81,7281
25.81,7293
25.87,7306
25.87,7318
25.87,7330
25.81,7342
25.87,7354
25.87,7366
25.87,7379
25.87,7391
25.87,7403
25.81,7415
25.81,7427
25.81,7439
25.87,7452
25.87,7464
25.87,7476
25.81,7488
25.81,7500
25.87,7513
25.87,7525
25.81,7537
25.81,7549
25.81,7561
25.81,7573
25.81,7586
25.87,7598
25.81,7610
25.87,7622
25.87,7634
25.87,7646
25.81,7659
25.87,7671
25.87,7683
25.87,7695
25.81,7707
25.87,7720
25.81,7732
25.87,7744
25.87,7756
25.81,7768
25.87,7780
25.81,7793
25.81,7805
25.81,7817
25.87,7829
25.81,7841
25.87,7853
25.81,7866
25.87,7878
25.81,7890
25.87,7902
25.81,7914
25.81,7927
25.87,7939
25.81,7951
25.87,7963
25.81,7975
25.87,7987
25.81,8000
25.81,8012
25.87,8024
25.81,8036
25.81,8048
25.81,8060
25.87,8073
25.87,8085
25.87,8097
25.81,8109
25.87,8121
25.87,8134
25.87,8146
25.87,8158
25.87,8170
25.94,8182
25.87,8194
25.94,8207
25.94,8219
25.94,8231
25.87,8243
25.94,8255
25.94,8267
25.94,8280
25.94,8292
25.94,8304
25.87,8316
25.94,8328
25.94,8341
25.87,8353
25.94,8365
25.87,8377
25.87,8389
25.87,8401
25.94,8414
25.94,8426
25.94,8438
25.87,8450
25.94,8462
25.94,8474
25.87,8487
25.87,8499
25.87,8511
25.87,8523
25.87,8535
25.94,8548
25.87,8560
25.87,8572
25.87,8584
25.87,8596
25.87,8608
25.87,8621
25.87,8633
25.87,8645
25.87,8657
25.87,8669
25.87,8681
25.87,8694
25.87,8706
25.87,8718
25.87,8730
25.87,8742
25.87,8755
25.87,8767
25.87,8779
25.87,8791
25.87,8803
25.87,8815
25.87,8828
25.87,8840
25.87,8852
25.87,8864
25.87,8876
25.87,8888
25.87,8901
25.87,8913
25.87,8925
25.87,8937
25.87,8949
25.81,8962
25.87,8974
25.81,8986
25.87,8998
25.87,9010
25.87,9022
25.87,9035
25.87,9047
25.87,9059
25.87,9071
25.87,9083
25.87,9095
25.87,9108
25.87,9120
25.87,9132
25.81,9144
25.87,9156
25.87,9169
25.87,9181
25.87,9193
25.87,9205
25.87,9217
25.87,9229
25.87,9242
25.87,9254
25.81,9266
25.81,9278
25.87,9290
25.87,9302
25.87,9315
25.87,9327
25.81,9339
25.87,9351
25.87,9363
25.81,9376
25.87,9388
25.81,9400
25.81,9412
25.81,9424
25.81,9436
25.87,9449
25.87,9461
25.87,9473
25.87,9485
25.87,9497
25.87,9509
25.87,9522
25.87,9534
25.87,9546
25.87,9558
25.87,9570
25.87,9583
25.87,9595
25.87,9607
25.94,9619
25.94,9631
25.94,9643
25.94,9656
25.94,9668
25.94,9680
25.94,9692
25.94,9704
25.94,9717
25.87,9729
25.94,9741
25.94,9753
25.94,9765
25.94,9777
25.87,9790
25.87,9802
25.87,9814
25.94,9826
25.94,9838
25.87,9850
25.87,9863
25.87,9875
25.94,9887
25.87,9899
25.87,9911
25.87,9924
25.87,9936
25.87,9948
25.87,9960
25.87,9972
25.87,9984
25.87,9997
25.87,10009
25.87,10021
25.87,10033
25.87,10045
25.87,10057
25.87,10070
25.87,10082
25.87,10094
25.87,10106
25.87,10118
25.87,10131
25.87,10143
25.87,10155
25.87,10167
25.87,10179
25.87,10191
25.87,10204
25.87,10216
25.87,10228
25.87,10240
25.94,10252
25.87,10265
25.87,10277
25.87,10289
25.87,10301
25.87,10313
25.87,10325
25.87,10338
25.87,10350
25.87,10362
25.87,10374
25.87,10386
25.87,10398
25.81,10411
25.87,10423
25.81,10435
25.87,10447
25.87,10459
25.87,10472
25.81,10484
25.87,10496
25.87,10508
25.87,10520
25.87,10532
25.87,10545
25.87,10557
25.87,10569
25.87,10581
25.87,10593
25.87,10606
25.87,10618
25.87,10630
25.87,10642
25.87,10654
25.87,10666
25.87,10679
25.87,10691
25.87,10703
25.87,10715
25.87,10727
25.87,10739
25.87,10752
25.87,10764
25.87,10776
25.87,10788
25.87,10800
25.87,10813
25.87,10825
25.87,10837
25.87,10849
25.87,10861
25.87,10873
25.87,10886
25.87,10898
25.87,10910
25.87,10922
25.87,10934
25.87,10947
25.94,10959
25.87,10971
25.94,10983
25.94,10995
25.94,11007
25.94,11020
25.94,11032
25.94,11044
25.94,11056
25.94,11068
25.94,11081
25.94,11093
25.94,11105
25.94,11117
25.94,11129
25.94,11141
25.94,11154
25.94,11166
25.94,11178
25.94,11190
25.87,11202
25.94,11214
25.94,11227
25.94,11239
25.87,11251
25.94,11263
25.94,11275
25.94,11288
25.94,11300
25.94,11312
25.94,11324
25.87,11336
25.94,11348
25.87,11361
25.87,11373
25.87,11385
25.87,11397
25.87,11409
25.87,11422
25.87,11434
25.87,11446
25.87,11458
25.87,11470
25.87,11482
25.87,11495
25.87,11507
25.87,11519
25.87,11531
25.87,11543
25.87,11555
25.87,11568
25.87,11580
25.87,11592
25.87,11604
25.87,11616
25.87,11629
25.87,11641
25.87,11653
25.87,11665
25.87,11677
25.87,11689
25.87,11702
25.87,11714
25.94,11726
25.87,11738
25.87,11750
25.87,11763
25.87,11775
25.87,11787
25.87,11799
25.87,11811
25.94,11823
25.87,11836
25.87,11848
25.87,11860
25.87,11872
25.87,11884
25.87,11896
25.87,11909
25.81,11921
25.87,11933
25.87,11945
25.87,11957
25.87,11970
25.87,11982
25.87,11994
25.87,12006
25.87,12018
25.87,12030
25.87,12043
25.87,12055
25.87,12067
25.87,12079
25.87,12091
25.87,12104
25.87,12116
25.87,12128
25.87,12140
25.87,12152
25.87,12164
25.87,12177
25.87,12189
25.87,12201
25.87,12213
25.87,12225
25.87,12238
25.87,12250
25.87,12262
25.87,12274
25.87,12286
25.87,12298
25.87,12311
25.94,12323
25.87,12335
25.87,12347
25.87,12359
25.87,12371
25.87,12384
25.87,12396
25.94,12408
25.94,12420
25.94,12432
25.94,12445
25.94,12457
25.94,12469
25.94,12481
25.94,12493
25.94,12505
25.94,12518
25.94,12530
25.94,12542
25.94,12554
25.94,12566
25.94,12579
25.94,12591
25.94,12603
25.94,12615
25.94,12627
25.94,12639
25.94,12652
25.94,12664
25.94,12676
25.94,12688
25.87,12700
25.94,12713
25.87,12725
25.94,12737
25.94,12749
25.87,12761
25.87,12773
25.87,12786
25.87,12798
25.87,12810
25.87,12822
25.87,12834
25.87,12846
25.87,12859
25.87,12871
25.87,12883
25.87,12895
25.87,12907
25.87,12920
25.87,12932
25.87,12944
25.87,12956
25.87,12968
25.87,12980
25.87,12993
25.87,13005
25.87,13017
25.87,13029
25.87,13041
25.87,13054
25.87,13066
25.87,13078
25.87,13090
25.87,13102
25.87,13114
25.87,13127
25.87,13139
25.87,13151
25.87,13163
25.87,13175
25.87,13187
25.94,13200
25.87,13212
25.87,13224
25.87,13236
25.87,13248
25.87,13261
25.87,13273
25.87,13285
25.87,13297
25.87,13309
25.87,13321
25.87,13334
25.87,13346
25.87,13358
25.87,13370
25.87,13382
25.87,13395
25.87,13407
25.87,13419
25.87,13431
25.87,13443
25.87,13455
25.87,13468
25.87,13480
25.87,13492
25.87,13504
25.87,13516
25.87,13529
25.87,13541
25.87,13553
25.87,13565
25.94,13577
25.94,13589
25.87,13602
25.87,13614
25.87,13626
25.87,13638
25.87,13650
25.87,13662
25.87,13675
25.87,13687
25.87,13699
25.87,13711
25.87,13723
25.87,13736
25.87,13748
25.87,13760
25.94,13772
25.94,13784
25.94,13796
25.94,13809
25.94,13821
25.94,13833
25.94,13845
25.94,13857
25.94,13870
26.0,13882
25.94,13894
25.94,13906
25.94,13918
25.94,13930
25.94,13943
25.94,13955
25.94,13967
25.94,13979
26.0,13991
25.94,14003
25.94,14016
25.94,14028
25.94,14040
25.94,14052
25.94,14064
25.87,14077
25.94,14089
25.94,14101
25.94,14113
25.94,14125
25.94,14137
25.94,14150
25.94,14162
25.87,14174
25.94,14186
25.87,14198
25.94,14211
25.94,14223
25.87,14235
25.87,14247
25.87,14259
25.87,14271
25.94,14284
25.94,14296
25.87,14308
25.94,14320
25.87,14332
25.94,14345
25.94,14357
25.94,14369
25.87,14381
25.94,14393
25.87,14405
25.94,14418
25.87,14430
25.87,14442
25.87,14454
25.94,14466
25.94,14478
25.87,14491
25.94,14503
25.87,14515
25.87,14527
25.87,14539
25.94,14552
25.94,14564
25.87,14576
25.87,14588
25.87,14600
25.87,14612
25.87,14625
25.87,14637
25.87,14649
25.94,14661
25.87,14673
25.87,14686
25.87,14698
25.94,14710
25.87,14722
25.87,14734
25.87,14746
25.87,14759
25.87,14771
25.87,14783
25.87,14795
25.87,14807
25.87,14819
25.87,14832
25.87,14844
25.87,14856
25.87,14868
25.87,14880
25.87,14893
25.87,14905
25.87,14917
25.94,14929
25.87,14941
25.87,14953
25.87,14966
25.87,14978
25.87,14990
25.94,15002
25.87,15014
25.87,15027
25.87,15039
25.94,15051
25.87,15063
25.87,15075
25.87,15087
25.87,15100
25.94,15112
25.94,15124
25.87,15136
25.87,15148
25.87,15160
25.87,15173
25.87,15185
25.87,15197
25.94,15209
25.94,15221
25.94,15234
25.94,15246
25.94,15258
25.94,15270
25.94,15282
25.94,15294
25.94,15307
25.94,15319
25.94,15331
25.94,15343
26.0,15355
25.94,15368
25.94,15380
25.94,15392
25.94,15404
25.94,15416
25.94,15428
25.94,15441
25.94,15453
25.94,15465
25.94,15477
25.94,15489
25.94,15502
25.94,15514
25.94,15526
25.94,15538
25.94,15550
25.94,15562
25.94,15575
25.87,15587
25.87,15599
25.94,15611
25.94,15623
25.94,15635
25.94,15648
25.87,15660
25.94,15672
25.94,15684
25.94,15696
25.94,15709
25.94,15721
25.87,15733
25.94,15745
25.87,15757
25.87,15769
25.87,15782
25.87,15794
25.87,15806
25.87,15818
25.87,15830
25.87,15843
25.94,15855
25.87,15867
25.94,15879
25.94,15891
25.94,15903
25.94,15916
25.94,15928
25.94,15940
25.87,15952
25.94,15964
25.87,15976
25.87,15989
25.94,16001
25.94,16013
25.94,16025
25.87,16037
25.87,16050
25.87,16062
25.94,16074
25.87,16086
25.87,16098
25.87,16110
25.87,16123
25.87,16135
25.87,16147
25.94,16159
25.87,16171
25.87,16184
25.87,16196
25.87,16208
25.87,16220
25.87,16232
25.87,16244
25.87,16257
25.87,16269
25.94,16281
25.87,16293
25.87,16305
25.87,16318
25.87,16330
25.87,16342
25.87,16354
25.87,16366
25.87,16378
25.87,16391
25.87,16403
25.87,16415
25.87,16427
25.87,16439
25.87,16451
25.94,16464
25.87,16476
25.87,16488
25.87,16500
25.87,16512
25.87,16525
25.87,16537
25.87,16549
25.87,16561
25.94,16573
25.94,16585
25.94,16598
25.94,16610
25.94,16622
25.94,16634
25.94,16646
25.94,16659
25.94,16671
26.0,16683
25.94,16695
25.94,16707
25.94,16719
25.94,16732
25.94,16744
26.0,16756
25.94,16768
25.94,16780
26.0,16793
26.0,16805
25.94,16817
25.94,16829
25.94,16841
25.94,16853
25.94,16866
25.94,16878
25.94,16890
25.94,16902
25.94,16914
25.94,16926
25.94,16939
25.94,16951
25.94,16963
25.87,16975
25.94,16987
25.94,17000
25.94,17012
25.94,17024
25.87,17036
25.94,17048
25.94,17060
25.87,17073
25.87,17085
25.94,17097
25.87,17109
25.94,17121
25.94,17134
25.94,17146
25.87,17158
25.87,17170
25.94,17182
25.94,17194
25.94,17207
25.94,17219
25.87,17231
25.94,17243
25.94,17255
25.87,17267
25.94,17280
25.87,17292
25.87,17304
25.87,17316
25.87,17328
25.94,17341
25.87,17353
25.87,17365
25.87,17377
25.87,17389
25.87,17401
25.87,17414
25.87,17426
25.87,17438
25.94,17450
25.94,17462
25.87,17475
25.94,17487
25.94,17499
25.87,17511
25.94,17523
25.87,17535
25.94,17548
25.87,17560
25.87,17572
25.87,17584
25.94,17596
25.87,17609
25.94,17621
25.87,17633
25.87,17645
25.87,17657
25.87,17669
25.87,17682
25.87,17694
25.87,17706
25.87,17718
25.87,17730
25.87,17742
25.87,17755
25.94,17767
25.94,17779
25.87,17791
25.94,17803
25.87,17816
25.87,17828
25.87,17840
25.87,17852
25.87,17864
25.87,17876
25.87,17889
25.87,17901
25.94,17913
25.94,17925
25.87,17937
25.87,17950
25.94,17962
25.94,17974
25.94,17986
25.94,17998
25.94,18010
25.87,18023
25.94,18035
25.94,18047
25.94,18059
25.94,18071
25.94,18083
25.94,18096
25.94,18108
26.0,18120
26.0,18132
25.94,18144
25.94,18157
25.94,18169
25.94,18181
25.94,18193
25.94,18205
25.94,18217
25.94,18230
25.94,18242
25.94,18254
25.94,18266
25.94,18278
25.94,18291
25.94,18303
25.94,18315
25.94,18327
25.94,18339
25.94,18351
25.94,18364
25.94,18376
25.94,18388
25.94,18400
25.87,18412
25.87,18425
25.94,18437
25.94,18449
25.87,18461
25.87,18473
25.87,18485
25.94,18498
25.94,18510
25.94,18522
25.94,18534
25.87,18546
25.87,18558
25.94,18571
25.87,18583
25.87,18595
25.94,18607
25.94,18619
25.87,18632
25.94,18644
25.87,18656
25.94,18668
25.94,18680
25.94,18692
25.94,18705
25.87,18717
25.94,18729
25.87,18741
25.94,18753
25.87,18766
25.94,18778
25.87,18790
25.87,18802
25.87,18814
25.87,18826
25.87,18839
25.94,18851
25.94,18863
25.94,18875
25.94,18887
25.87,18899
25.87,18912
25.87,18924
25.94,18936
25.87,18948
25.94,18960
25.87,18973
25.87,18985
25.87,18997
25.87,19009
25.94,19021
25.94,19033
25.87,19046
25.87,19058
25.87,19070
25.87,19082
25.87,19094
25.87,19107
25.94,19119
25.87,19131
25.94,19143
25.94,19155
25.87,19167
25.94,19180
25.87,19192
25.94,19204
25.94,19216
25.87,19228
25.94,19241
25.87,19253
25.87,19265
25.87,19277
25.87,19289
25.87,19301
25.87,19314
25.87,19326
25.87,19338
25.87,19350
25.87,19362
25.87,19374
25.87,19387
25.87,19399
25.87,19411
25.94,19423
25.94,19435
25.94,19448
25.94,19460
25.94,19472
25.94,19484
25.94,19496
25.94,19508
25.94,19521
25.94,19533
25.94,19545
25.94,19557
26.0,19569
26.0,19582
25.94,19594
26.0,19606
25.94,19618
25.94,19630
25.94,19642
25.94,19655
25.94,19667
25.94,19679
25.94,19691
26.0,19703
25.94,19716
25.94,19728
25.94,19740
25.94,19752
25.94,19764
25.94,19776
25.94,19789
25.94,19801
25.94,19813
25.87,19825
25.94,19837
25.94,19849
25.94,19862
25.94,19874
25.94,19886
25.94,19898
25.87,19910
25.94,19923
25.87,19935
25.94,19947
25.87,19959
25.94,19971
25.87,19983
25.87,19996
25.94,20008
25.94,20020
25.94,20032
25.94,20044
25.87,20057
25.87,20069
25.94,20081
25.94,20093
25.87,20105
25.87,20117
25.94,20130
25.87,20142
25.94,20154
25.94,20166
25.94,20178
25.87,20190
25.87,20203
25.94,20215
25.94,20227
25.94,20239
25.87,20251
25.87,20264
25.94,20276
25.94,20288
25.94,20300
25.94,20312
25.94,20324
25.87,20337
25.87,20349
25.94,20361
25.94,20373
25.94,20385
25.94,20398
25.87,20410
25.94,20422
25.87,20434
25.94,20446
25.87,20458
25.94,20471
25.87,20483
25.94,20495
25.94,20507
25.94,20519
25.94,20531
25.94,20544
25.94,20556
25.94,20568
25.87,20580
25.94,20592
25.94,20605
25.94,20617
25.94,20629
25.94,20641
25.94,20653
25.87,20665
25.94,20678
25.87,20690
25.87,20702
25.87,20714
25.94,20726
25.87,20739
25.87,20751
25.94,20763
25.94,20775
25.94,20787
25.94,20799
25.94,20812
25.94,20824
25.94,20836
25.94,20848
25.94,20860
25.94,20873
25.94,20885
25.94,20897
25.94,20909
26.0,20921
26.0,20933
26.0,20946
26.0,20958
25.94,20970
26.0,20982
25.94,20994
25.94,21006
25.94,21019
26.0,21031
25.94,21043
25.94,21055
25.94,21067
26.0,21080
25.94,21092
25.94,21104
25.94,21116
25.94,21128
25.94,21140
25.94,21153
25.94,21165
25.87,21177
25.94,21189
25.94,21201
25.94,21214
25.94,21226
25.94,21238
25.94,21250
25.94,21262
25.94,21274
25.94,21287
25.94,21299
25.94,21311
25.94,21323
25.94,21335
25.94,21348
25.87,21360
25.94,21372
25.94,21384
25.94,21396
25.94,21408
25.94,21421
25.94,21433
25.94,21445
25.94,21457
25.87,21469
25.94,21481
25.87,21494
25.94,21506
25.87,21518
25.94,21530
25.94,21542
25.94,21555
25.94,21567
25.94,21579
25.94,21591
25.94,21603
25.87,21615
25.87,21628
25.94,21640
25.94,21652
25.94,21664
25.87,21676
25.94,21689
25.94,21701
25.87,21713
25.94,21725
25.94,21737
25.94,21749
25.87,21762
25.94,21774
25.87,21786
25.94,21798
25.94,21810
25.94,21822
25.94,21835
25.87,21847
25.87,21859
25.94,21871
25.94,21883
25.94,21896
25.94,21908
25.87,21920
25.94,21932
25.87,21944
25.94,21956
25.94,21969
25.87,21981
25.94,21993
25.94,22005
25.94,22017
25.87,22030
25.94,22042
25.94,22054
25.94,22066
25.87,22078
25.94,22090
25.94,22103
25.87,22115
25.87,22127
25.87,22139
25.87,22151
25.87,22164
25.94,22176
25.94,22188
25.87,22200
25.87,22212
25.94,22224
25.94,22237
25.94,22249
26.0,22261
25.94,22273
25.94,22285
25.94,22297
26.0,22310
25.94,22322
25.94,22334
25.94,22346
26.0,22358
26.0,22371
25.94,22383
26.0,22395
26.0,22407
25.94,22419
25.94,22431
25.94,22444
25.94,22456
26.0,22468
25.94,22480
26.0,22492
25.94,22505
25.94,22517
25.94,22529
25.94,22541
25.94,22553
25.94,22565
25.94,22578
25.94,22590
25.94,22602
25.87,22614
25.94,22626
25.94,22639
25.94,22651
25.87,22663
25.94,22675
25.94,22687
25.87,22699
25.94,22712
25.87,22724
25.94,22736
25.94,22748
25.94,22760
25.87,22772
25.94,22785
25.94,22797
25.94,22809
25.94,22821
25.94,22833
25.87,22846
25.94,22858
25.94,22870
25.87,22882
25.94,22894
25.87,22906
25.94,22919
25.94,22931
25.94,22943
25.87,22955
25.94,22967
25.94,22980
25.94,22992
25.94,23004
25.87,23016
25.94,23028
25.94,23040
25.87,23053
25.94,23065
25.87,23077
25.87,23089
25.94,23101
25.87,23113
25.87,23126
25.87,23138
25.87,23150
25.94,23162
25.87,23174
25.87,23187
25.87,23199
25.94,23211
25.87,23223
25.94,23235
25.94,23247
25.94,23260
25.94,23272
25.94,23284
25.94,23296
25.87,23308
25.94,23321
25.94,23333
25.87,23345
25.87,23357
25.87,23369
25.94,23381
25.87,23394
25.87,23406
25.94,23418
25.87,23430
25.94,23442
25.94,23455
25.94,23467
25.87,23479
25.94,23491
25.87,23503
25.87,23515
25.94,23528
25.94,23540
25.94,23552
25.94,23564
25.94,23576
25.87,23588
25.87,23601
25.87,23613
25.94,23625
25.94,23637
25.87,23649
25.94,23662
25.87,23674
25.94,23686
25.94,23698
25.94,23710
25.94,23722
25.94,23735
26.0,23747
26.0,23759
26.0,23771
26.0,23783
26.0,23796
25.94,23808
25.94,23820
26.0,23832
25.94,23844
25.94,23856
26.0,23869
26.0,23881
25.94,23893
26.0,23905
25.94,23917
25.94,23929
25.94,23942
25.94,23954
25.94,23966
25.94,23978
25.94,23990
25.94,24003
25.94,24015
25.94,24027
25.94,24039
25.87,24051
25.94,24063
25.94,24076
25.94,24088
25.94,24100
25.94,24112
25.94,24124
25.94,24137
25.94,24149
25.94,24161
25.94,24173
25.94,24185
25.94,24197
25.94,24210
25.94,24222
25.94,24234
25.94,24246
25.94,24258
25.94,24271
25.94,24283
25.94,24295
25.94,24307
25.94,24319
25.94,24331
25.87,24344
25.87,24356
25.87,24368
25.94,24380
25.87,24392
25.94,24404
25.87,24417
25.94,24429
25.94,24441
25.87,24453
25.94,24465
25.94,24478
25.87,24490
25.87,24502
25.94,24514
25.87,24526
25.87,24538
25.94,24551
25.94,24563
25.94,24575
25.87,24587
25.87,24599
25.87,24612
25.94,24624
25.94,24636
25.87,24648
25.94,24660
25.94,24672
25.94,24685
25.94,24697
25.94,24709
25.87,24721
25.94,24733
25.94,24746
25.94,24758
25.87,24770
25.94,24782
25.87,24794
25.94,24806
25.87,24819
25.94,24831
25.94,24843
25.94,24855
25.94,24867
25.87,24879
25.94,24892
25.87,24904
25.87,24916
25.87,24928
25.94,24940
25.87,24953
25.87,24965
25.94,24977
25.94,24989
25.94,25001
25.94,25013
25.94,25026
25.94,25038
25.94,25050
25.94,25062
26.0,25074
26.0,25087
25.94,25099
26.0,25111
25.94,25123
25.94,25135
26.0,25147
26.0,25160
26.0,25172
26.0,25184
26.0,25196
26.0,25208
26.0,25220
26.0,25233
26.0,25245
25.94,25257
25.94,25269
26.0,25281
26.0,25294
25.94,25306
25.94,25318
25.94,25330
26.0,25342
25.94,25354
25.94,25367
25.94,25379
25.94,25391
25.94,25403
25.94,25415
25.94,25428
25.94,25440
25.94,25452
25.94,25464
25.94,25476
25.94,25488
25.94,25501
25.94,25513
25.94,25525
25.94,25537
25.94,25549
25.94,25562
25.94,25574
25.94,25586
25.94,25598
25.94,25610
25.94,25622
25.87,25635
25.94,25647
25.94,25659
25.94,25671
25.87,25683
25.94,25695
25.94,25708
25.94,25720
25.94,25732
25.94,25744
25.94,25756
25.94,25769
25.94,25781
25.94,25793
25.94,25805
25.87,25817
25.94,25829
25.94,25842
25.94,25854
25.94,25866
25.94,25878
25.94,25890
25.94,25903
25.94,25915
25.87,25927
25.94,25939
25.94,25951
25.94,25963
25.94,25976
25.94,25988
25.87,26000
25.94,26012
25.94,26024
25.94,26036
25.94,26049
25.94,26061
25.94,26073
25.94,26085
25.94,26097
25.87,26110
25.94,26122
25.94,26134
25.94,26146
25.94,26158
25.87,26170
25.94,26183
25.87,26195
25.87,26207
25.87,26219
25.94,26231
25.87,26244
25.87,26256
25.94,26268
25.94,26280
25.87,26292
25.94,26304
25.87,26317
25.87,26329
25.94,26341
25.87,26353
25.87,26365
25.94,26378
25.94,26390
25.94,26402
25.94,26414
25.87,26426
25.94,26438
25.94,26451
25.94,26463
26.0,26475
25.94,26487
25.94,26499
26.0,26511
26.0,26524
26.0,26536
26.0,26548
26.0,26560
26.0,26572
26.0,26585
26.0,26597
26.0,26609
26.0,26621
26.0,26633
26.0,26645
26.0,26658
26.0,26670
26.0,26682
26.0,26694
26.0,26706
25.94,26719
26.0,26731
26.0,26743
25.94,26755
25.94,26767
25.94,26779
25.94,26792
25.94,26804
26.0,26816
25.94,26828
25.94,26840
25.94,26853
25.94,26865
25.94,26877
25.94,26889
25.94,26901
25.94,26913
25.94,26926
25.94,26938
26.0,26950
25.94,26962
25.94,26974
25.94,26986
25.94,26999
25.94,27011
25.94,27023
25.94,27035
25.94,27047
25.94,27060
25.94,27072
25.94,27084
25.94,27096
25.94,27108
25.94,27120
25.94,27133
25.94,27145
25.94,27157
25.94,27169
25.94,27181
25.94,27194
25.87,27206
25.94,27218
25.87,27230
25.94,27242
25.94,27254
25.94,27267
25.94,27279
25.94,27291
25.94,27303
25.94,27315
25.94,27328
25.94,27340
25.94,27352
25.94,27364
25.94,27376
25.94,27388
25.94,27401
25.94,27413
25.87,27425
25.94,27437
25.94,27449
25.94,27461
25.94,27474
25.87,27486
25.94,27498
25.94,27510
25.94,27522
25.94,27535
25.94,27547
25.87,27559
25.94,27571
25.94,27583
25.94,27595
25.87,27608
25.94,27620
25.94,27632
25.94,27644
25.94,27656
25.94,27669
25.94,27681
25.94,27693
25.94,27705
25.94,27717
25.94,27729
25.87,27742
25.94,27754
25.94,27766
25.87,27778
25.94,27790
25.94,27802
25.94,27815
25.87,27827
25.94,27839
25.87,27851
25.94,27863
25.94,27876
25.94,27888
25.94,27900
25.94,27912
25.94,27924
26.0,27936
26.0,27949
25.94,27961
26.0,27973
26.0,27985
26.0,27997
26.0,28010
26.0,28022
26.0,28034
26.0,28046
26.0,28058
25.94,28070
26.0,28083
26.0,28095
26.0,28107
25.94,28119
26.0,28131
26.0,28144
25.94,28156
26.0,28168
25.94,28180
25.94,28192
25.94,28204
25.94,28217
25.94,28229
26.0,28241
25.94,28253
25.94,28265
25.94,28277
25.94,28290
25.94,28302
25.94,28314
25.94,28326
25.94,28338
25.94,28351
25.94,28363
25.94,28375
25.94,28387
25.94,28399
25.94,28411
25.94,28424
25.94,28436
25.94,28448
25.94,28460
25.87,28472
25.94,28485
25.94,28497
25.94,28509
25.87,28521
25.87,28533
25.87,28545
25.87,28558
25.94,28570
25.94,28582
25.87,28594
25.94,28606
25.94,28619
25.94,28631
25.87,28643
25.87,28655
25.94,28667
25.94,28679
25.94,28692
25.94,28704
25.94,28716
25.94,28728
25.94,28740
25.87,28752
25.94,28765
25.94,28777
25.94,28789
25.94,28801
25.87,28813
25.94,28826
25.94,28838
25.94,28850
25.94,28862
25.94,28874
25.94,28886
25.94,28899
25.94,28911
25.87,28923
25.94,28935
25.94,28947
25.87,28960
25.94,28972
25.94,28984
25.94,28996
25.87,29008
25.87,29020
25.94,29033
25.87,29045
25.94,29057
25.87,29069
25.94,29081
25.94,29093
25.94,29106
25.94,29118
25.94,29130
25.94,29142
25.94,29154
25.94,29167
25.94,29179
25.94,29191
25.94,29203
25.94,29215
25.94,29227
25.94,29240
25.94,29252
25.94,29264
25.94,29276
25.94,29288
25.94,29301
25.94,29313
25.94,29325
25.94,29337
25.94,29349
26.0,29361
26.0,29374
26.0,29386
25.94,29398
25.94,29410
26.0,29422
26.0,29435
26.0,29447
25.94,29459
26.0,29471
26.0,29483
26.0,29495
25.94,29508
26.0,29520
25.94,29532
25.94,29544
25.94,29556
25.94,29568
25.94,29581
25.94,29593
25.94,29605
25.94,29617
25.94,29629
25.94,29642
25.94,29654
25.94,29666
25.94,29678
25.94,29690
25.94,29702
25.94,29715
25.94,29727
25.94,29739
25.94,29751
25.94,29763
25.94,29776
25.94,29788
25.94,29800
25.94,29812
25.94,29824
25.94,29836
25.94,29849
25.94,29861
25.94,29873
25.94,29885
25.94,29897
25.94,29910
25.94,29922
25.94,29934
25.94,29946
25.94,29958
25.94,29970
25.94,29983
25.94,29995
25.94,30007
25.94,30019
25.94,30031
25.94,30043
25.94,30056
25.94,30068
25.94,30080
25.94,30092
25.94,30104
25.87,30117
25.94,30129
25.94,30141
25.94,30153
25.94,30165
25.94,30177
25.94,30190
25.94,30202
25.94,30214
25.94,30226
25.94,30238
25.87,30251
25.94,30263
25.87,30275
25.94,30287
25.94,30299
25.87,30311
25.94,30324
25.94,30336
25.94,30348
25.87,30360
25.94,30372
25.87,30385
25.87,30397
25.94,30409
25.94,30421
25.94,30433
25.94,30445
25.94,30458
25.94,30470
25.94,30482
25.94,30494
25.94,30506
25.87,30518
25.94,30531
25.87,30543
25.94,30555
25.87,30567
25.94,30579
25.94,30592
25.94,30604
25.94,30616
25.94,30628
25.94,30640
25.94,30652
25.94,30665
25.94,30677
25.94,30689
25.94,30701
25.94,30713
25.94,30726
25.94,30738
25.94,30750
25.94,30762
26.0,30774
26.0,30786
26.0,30799
26.0,30811
25.94,30823
26.0,30835
26.0,30847
25.94,30860
26.0,30872
25.94,30884
25.94,30896
26.0,30908
26.0,30920
26.0,30933
25.94,30945
26.0,30957
25.94,30969
25.94,30981
25.94,30993
26.0,31006
25.94,31018
25.94,31030
25.94,31042
26.0,31054
25.94,31067
25.94,31079
25.94,31091
25.94,31103
25.94,31115
25.94,31127
25.94,31140
25.94,31152
25.94,31164
25.94,31176
25.87,31188
25.94,31201
25.87,31213
25.94,31225
25.94,31237
25.94,31249
25.94,31261
25.94,31274
25.94,31286
25.94,31298
25.94,31310
25.94,31322
25.94,31334
25.94,31347
25.94,31359
25.87,31371
25.94,31383
25.94,31395
25.94,31408
25.94,31420
25.87,31432
25.94,31444
25.94,31456
25.94,31468
25.94,31481
25.94,31493
25.94,31505
25.94,31517
25.94,31529
25.94,31542
25.94,31554
25.94,31566
25.94,31578
25.94,31590
25.94,31602
25.94,31615
25.94,31627
25.94,31639
25.94,31651
25.94,31663
25.94,31676
25.94,31688
25.94,31700
25.94,31712
25.94,31724
25.94,31736
25.87,31749
25.94,31761
25.94,31773
25.94,31785
25.87,31797
25.94,31809
25.94,31822
25.94,31834
25.94,31846
25.94,31858
25.94,31870
25.94,31883
25.94,31895
25.94,31907
25.94,31919
25.94,31931
25.94,31943
25.94,31956
25.94,31968
25.94,31980
25.94,31992
25.94,32004
25.94,32017
25.87,32029
25.94,32041
25.94,32053
25.94,32065
25.94,32077
25.94,32090
25.94,32102
25.94,32114
26.0,32126
25.94,32138
25.94,32151
26.0,32163
26.0,32175
26.0,32187
26.0,32199
26.0,32211
26.0,32224
26.0,32236
26.0,32248
26.0,32260
26.0,32272
26.0,32284
26.0,32297
26.0,32309
26.0,32321
26.0,32333
26.0,32345
26.0,32358
26.0,32370
25.94,32382
25.94,32394
26.0,32406
25.94,32418
26.0,32431
25.94,32443
25.94,32455
25.94,32467
25.94,32479
26.0,32492
25.94,32504
25.94,32516
25.94,32528
25.94,32540
25.94,32552
25.94,32565
25.94,32577
25.94,32589
25.94,32601
25.94,32613
25.94,32626
25.94,32638
25.94,32650
25.94,32662
25.94,32674
25.94,32686
25.94,32699
25.94,32711
25.94,32723
25.94,32735
25.94,32747
25.94,32759
25.94,32772
25.94,32784
25.94,32796
25.94,32808
25.94,32820
25.94,32833
25.94,32845
25.94,32857
25.87,32869
25.94,32881
25.87,32893
25.94,32906
25.94,32918
25.94,32930
25.94,32942
25.94,32954
25.94,32967
25.94,32979
25.94,32991
25.94,33003
25.94,33015
25.94,33027
25.94,33040
25.94,33052
25.87,33064
25.94,33076
25.94,33088
25.94,33100
25.94,33113
25.87,33125
25.94,33137
25.94,33149
25.94,33161
25.94,33174
25.94,33186
25.94,33198
25.94,33210
25.94,33222
25.87,33234
25.94,33247
25.94,33259
25.94,33271
25.94,33283
25.94,33295
25.87,33308
25.94,33320
25.94,33332
25.94,33344
25.94,33356
25.94,33368
25.94,33381
25.94,33393
25.94,33405
25.87,33417
25.87,33429
25.87,33442
25.94,33454
25.87,33466
25.94,33478
25.87,33490
25.94,33502
25.94,33515
25.94,33527
25.94,33539
25.94,33551
25.94,33563
25.94,33575
25.94,33588
25.94,33600
26.0,33612
26.0,33624
26.0,33636
26.0,33649
26.0,33661
26.0,33673
26.0,33685
25.94,33697
26.0,33709
26.0,33722
26.0,33734
26.0,33746
26.0,33758
26.0,33770
25.94,33783
25.94,33795
25.94,33807
25.94,33819
25.94,33831
25.94,33843
25.94,33856
25.94,33868
26.0,33880
25.94,33892
25.94,33904
25.94,33917
25.94,33929
25.94,33941
25.94,33953
25.94,33965
25.94,33977
25.94,33990
25.94,34002
25.94,34014
25.94,34026
25.94,34038
25.94,34050
25.94,34063
25.94,34075
25.94,34087
25.87,34099
25.94,34111
25.94,34124
25.87,34136
25.94,34148
25.94,34160
25.94,34172
25.94,34184
25.94,34197
25.94,34209
25.94,34221
25.94,34233
25.94,34245
25.94,34258
25.87,34270
25.87,34282
25.94,34294
25.94,34306
25.87,34318
25.87,34331
25.94,34343
25.94,34355
25.87,34367
25.87,34379
25.94,34392
25.94,34404
25.94,34416
25.87,34428
25.94,34440
25.87,34452
25.94,34465
25.87,34477
25.87,34489
25.87,34501
25.87,34513
25.94,34525
25.94,34538
25.94,34550
25.87,34562
25.94,34574
25.87,34586
25.94,34599
25.94,34611
25.94,34623
25.94,34635
25.87,34647
25.94,34659
25.87,34672
25.94,34684
25.87,34696
25.94,34708
25.94,34720
25.94,34733
25.87,34745
25.94,34757
25.94,34769
25.94,34781
25.94,34793
25.94,34806
25.94,34818
25.87,34830
25.94,34842
25.87,34854
25.87,34866
25.94,34879
25.94,34891
25.94,34903
25.94,34915
25.94,34927
25.94,34940
25.94,34952
25.94,34964
26.0,34976
25.94,34988
26.0,35000
26.0,35013
26.0,35025
25.94,35037
26.0,35049
26.0,35061
26.0,35074
26.0,35086
26.0,35098
26.0,35110
25.94,35122
26.0,35134
26.0,35147
25.94,35159
26.0,35171
25.94,35183
25.94,35195
25.94,35208
26.0,35220
25.94,35232
26.0,35244
25.94,35256
25.94,35268
25.94,35281
25.94,35293
25.94,35305
25.94,35317
25.94,35329
25.94,35341
25.94,35354
25.94,35366
25.94,35378
25.94,35390
25.94,35402
25.94,35415
25.94,35427
25.94,35439
25.94,35451
25.94,35463
25.94,35475
25.94,35488
25.94,35500
25.94,35512
25.87,35524
25.94,35536
25.94,35549
25.94,35561
25.94,35573
25.94,35585
25.94,35597
25.94,35609
25.94,35622
25.94,35634
25.94,35646
25.87,35658
25.94,35670
25.94,35683
25.94,35695
25.87,35707
25.87,35719
25.94,35731
25.94,35743
25.94,35756
25.94,35768
25.94,35780
25.94,35792
25.87,35804
25.94,35816
25.87,35829
25.94,35841
25.87,35853
25.94,35865
25.94,35877
25.94,35890
25.94,35902
25.94,35914
25.94,35926
25.87,35938
25.94,35950
25.94,35963
25.94,35975
25.94,35987
25.87,35999
25.94,36011
25.87,36024
25.87,36036
25.94,36048
25.87,36060
25.94,36072
25.94,36084
25.94,36097
25.87,36109
25.87,36121
25.94,36133
25.94,36145
25.94,36158
25.94,36170
25.94,36182
25.94,36194
25.94,36206
25.87,36218
25.94,36231
25.94,36243
25.94,36255
25.94,36267
25.87,36279
25.94,36291
25.94,36304
25.87,36316
25.94,36328
25.94,36340
25.94,36352
25.94,36365
25.94,36377
25.94,36389
25.94,36401
26.0,36413
26.0,36425
26.0,36438
26.0,36450
26.0,36462
26.0,36474
26.0,36486
26.0,36499
26.0,36511
26.0,36523
26.0,36535
25.94,36547
26.0,36559
25.94,36572
25.94,36584
25.94,36596
26.0,36608
25.94,36620
26.0,36633
25.94,36645
25.94,36657
26.0,36669
25.94,36681
25.94,36693
25.94,36706
25.94,36718
25.94,36730
25.94,36742
25.94,36754
25.94,36766
25.94,36779
25.94,36791
25.94,36803
25.94,36815
25.94,36827
25.94,36840
25.94,36852
25.94,36864
25.94,36876
25.94,36888
25.94,36900
25.94,36913
25.94,36925
25.94,36937
25.94,36949
25.94,36961
25.94,36974
25.94,36986
25.94,36998
25.94,37010
25.94,37022
25.94,37034
25.87,37047
25.94,37059
25.94,37071
25.94,37083
25.94,37095
25.94,37107
25.94,37120
25.94,37132
25.87,37144
25.94,37156
25.87,37168
25.94,37181
25.94,37193
25.94,37205
25.94,37217
25.94,37229
25.94,37241
25.87,37254
25.94,37266
25.87,37278
25.87,37290
25.94,37302
25.94,37315
25.94,37327
25.94,37339
25.94,37351
25.94,37363
25.94,37375
25.94,37388
25.94,37400
25.94,37412
25.87,37424
25.87,37436
25.94,37449
25.94,37461
25.94,37473
25.94,37485
25.87,37497
25.87,37509
25.87,37522
25.94,37534
25.87,37546
25.87,37558
25.87,37570
25.94,37582
25.94,37595
25.94,37607
25.94,37619
25.94,37631
25.94,37643
25.94,37656
25.94,37668
25.94,37680
25.94,37692
25.94,37704
25.94,37716
25.94,37729
25.94,37741
25.94,37753
25.94,37765
25.94,37777
25.94,37790
26.0,37802
26.0,37814
26.0,37826
26.0,37838
26.0,37850
26.0,37863
26.0,37875
26.0,37887
26.0,37899
26.0,37911
26.0,37923
26.0,37936
26.0,37948
26.0,37960
26.0,37972
25.94,37984
25.94,37997
26.0,38009
26.0,38021
26.0,38033
26.0,38045
25.94,38057
26.0,38070
25.94,38082
25.94,38094
25.94,38106
25.94,38118
25.94,38131
25.94,38143
25.94,38155
25.94,38167
25.94,38179
25.94,38191
25.94,38204
25.94,38216
25.94,38228
25.94,38240
25.94,38252
25.94,38265
25.94,38277
25.94,38289
25.87,38301
25.94,38313
25.94,38325
25.94,38338
25.94,38350
25.87,38362
25.94,38374
25.87,38386
25.87,38398
25.87,38411
25.94,38423
25.94,38435
25.94,38447
25.94,38459
25.94,38472
25.94,38484
25.94,38496
25.94,38508
25.94,38520
25.94,38532
25.94,38545
25.94,38557
25.94,38569
25.94,38581
25.94,38593
25.94,38606
25.87,38618
25.94,38630
25.94,38642
25.94,38654
25.94,38666
25.87,38679
25.94,38691
25.94,38703
25.87,38715
25.94,38727
25.94,38740
25.87,38752
25.94,38764
25.94,38776
25.87,38788
25.94,38800
25.94,38813
25.94,38825
25.87,38837
25.94,38849
25.94,38861
25.94,38873
25.87,38886
25.87,38898
25.87,38910
25.94,38922
25.87,38934
25.94,38947
25.94,38959
25.94,38971
25.87,38983
25.87,38995
25.94,39007
25.87,39020
25.94,39032
25.87,39044
25.87,39056
25.87,39068
25.94,39081
25.94,39093
25.94,39105
25.94,39117
25.94,39129
25.94,39141
25.94,39154
25.94,39166
25.94,39178
25.94,39190
25.94,39202
25.94,39214
26.0,39227
25.94,39239
26.0,39251
25.94,39263
26.0,39275
26.0,39288
26.0,39300
26.0,39312
26.0,39324
26.0,39336
26.0,39348
26.0,39361
26.0,39373
26.0,39385
26.0,39397
26.0,39409
25.94,39422
26.0,39434
25.94,39446
26.0,39458
26.0,39470
25.94,39482
25.94,39495
26.0,39507
26.0,39519
25.94,39531
26.0,39543
25.94,39556
25.94,39568
25.94,39580
25.94,39592
25.94,39604
26.0,39616
25.94,39629
25.94,39641
25.94,39653
25.94,39665
25.94,39677
25.94,39689
25.94,39702
25.94,39714
25.94,39726
25.94,39738
25.94,39750
25.94,39763
25.94,39775
25.94,39787
25.94,39799
25.94,39811
25.94,39823
25.94,39836
25.94,39848
25.94,39860
25.94,39872
25.94,39884
25.94,39897
25.94,39909
25.94,39921
25.94,39933
25.94,39945
25.94,39957
25.94,39970
25.94,39982
25.94,39994
25.94,40006
25.94,40018
25.94,40031
25.94,40043
25.94,40055
25.94,40067
25.94,40079
25.94,40091
25.94,40104
25.94,40116
25.94,40128
25.94,40140
25.94,40152
25.94,40164
25.87,40177
25.94,40189
25.94,40201
25.94,40213
25.94,40225
25.94,40238
25.94,40250
25.94,40262
25.94,40274
25.94,40286
25.94,40298
25.87,40311
25.94,40323
25.94,40335
25.94,40347
25.94,40359
25.94,40372
25.94,40384
25.94,40396
25.94,40408
25.87,40420
25.94,40432
25.94,40445
25.94,40457
25.94,40469
25.94,40481
25.94,40493
25.94,40506
25.94,40518
25.94,40530
25.94,40542
25.94,40554
25.94,40566
25.94,40579
25.94,40591
25.94,40603
26.0,40615
25.94,40627
25.94,40639
26.0,40652
26.0,40664
26.0,40676
26.0,40688
26.0,40700
26.0,40713
26.0,40725
26.0,40737
26.0,40749
25.94,40761
26.0,40773
26.0,40786
26.0,40798
26.0,40810
26.0,40822
26.0,40834
25.94,40847
26.0,40859
26.0,40871
25.94,40883
25.94,40895
25.94,40907
25.94,40920
25.94,40932
25.94,40944
25.94,40956
25.94,40968
25.94,40980
25.94,40993
25.94,41005
25.94,41017
25.94,41029
25.94,41041
25.94,41054
25.94,41066
25.94,41078
25.94,41090
25.94,41102
25.94,41114
25.94,41127
25.94,41139
26.0,41151
25.94,41163
25.94,41175
25.94,41188
25.94,41200
25.94,41212
25.94,41224
25.94,41236
25.94,41248
25.94,41261
25.94,41273
25.94,41285
25.94,41297
25.94,41309
25.94,41322
25.94,41334
25.94,41346
25.94,41358
25.94,41370
25.94,41382
25.94,41395
25.94,41407
25.94,41419
25.87,41431
25.94,41443
25.94,41455
25.94,41468
25.94,41480
25.94,41492
25.94,41504
25.94,41516
25.94,41529
25.94,41541
25.94,41553
25.94,41565
25.94,41577
25.87,41589
25.94,41602
25.94,41614
25.94,41626
25.94,41638
25.94,41650
25.94,41663
25.94,41675
25.94,41687
25.94,41699
25.94,41711
25.94,41723
25.87,41736
25.94,41748
25.94,41760
25.87,41772
25.87,41784
25.87,41797
25.94,41809
25.94,41821
25.94,41833
25.94,41845
25.94,41857
25.94,41870
25.94,41882
25.94,41894
25.94,41906
25.94,41918
25.94,41930
25.94,41943
25.94,41955
25.94,41967
25.94,41979
25.94,41991
25.94,42004
25.94,42016
26.0,42028
26.0,42040
26.0,42052
25.94,42064
26.0,42077
26.0,42089
25.94,42101
26.0,42113
26.0,42125
26.0,42138
25.94,42150
26.0,42162
25.94,42174
26.0,42186
25.94,42198
26.0,42211
26.0,42223
25.94,42235
25.94,42247
26.0,42259
26.0,42271
26.0,42284
25.94,42296
25.94,42308
26.0,42320
25.94,42332
26.0,42345
25.94,42357
25.94,42369
25.94,42381
25.94,42393
25.94,42405
25.94,42418
25.94,42430
25.94,42442
25.94,42454
25.94,42466
26.0,42479
25.94,42491
25.94,42503
25.94,42515
25.94,42527
25.94,42539
25.94,42552
25.94,42564
25.94,42576
25.94,42588
25.94,42600
25.94,42613
25.94,42625
25.94,42637
25.94,42649
25.94,42661
25.94,42673
25.94,42686
25.94,42698
25.94,42710
25.94,42722
25.94,42734
25.94,42746
25.94,42759
25.94,42771
25.94,42783
25.94,42795
25.94,42807
25.94,42820
25.94,42832
25.94,42844
26.0,42856
25.94,42868
25.94,42880
25.94,42893
25.87,42905
25.87,42917
25.94,42929
25.94,42941
25.94,42954
25.94,42966
25.94,42978
25.94,42990
25.94,43002
25.94,43014
25.94,43027
25.94,43039
25.94,43051
25.94,43063
25.87,43075
25.94,43088
25.87,43100
25.87,43112
25.94,43124
25.94,43136
25.94,43148
25.87,43161
25.94,43173
25.87,43185
25.94,43197
25.87,43209
25.87,43221
25.94,43234
25.87,43246
25.94,43258
25.87,43270
25.87,43282
25.94,43295
25.94,43307
25.94,43319
25.94,43331
25.94,43343
25.87,43355
25.94,43368
25.94,43380
25.94,43392
25.94,43404
25.94,43416
25.94,43429
25.94,43441
25.94,43453
26.0,43465
26.0,43477
26.0,43489
25.94,43502
26.0,43514
25.94,43526
26.0,43538
26.0,43550
25.94,43563
25.94,43575
25.94,43587
26.0,43599
25.94,43611
26.0,43623
26.0,43636
25.94,43648
26.0,43660
25.94,43672
26.0,43684
25.94,43696
26.0,43709
25.94,43721
26.0,43733
25.94,43745
25.94,43757
25.94,43770
25.94,43782
25.94,43794
25.94,43806
25.94,43818
25.94,43830
25.94,43843
25.87,43855
25.94,43867
25.94,43879
25.94,43891
25.94,43904
25.94,43916
25.94,43928
25.94,43940
25.94,43952
25.94,43964
25.94,43977
25.87,43989
25.94,44001
25.94,44013
25.94,44025
25.94,44037
25.94,44050
25.87,44062
25.94,44074
25.94,44086
25.94,44098
25.94,44111
25.94,44123
25.94,44135
25.94,44147
25.94,44159
25.94,44171
25.94,44184
25.87,44196
25.94,44208
25.87,44220
25.94,44232
25.94,44245
25.87,44257
25.87,44269
25.87,44281
25.94,44293
25.94,44305
25.94,44318
25.94,44330
25.87,44342
25.94,44354
25.94,44366
25.87,44379
25.94,44391
25.94,44403
25.94,44415
25.94,44427
25.94,44439
25.87,44452
25.87,44464
25.94,44476
25.87,44488
25.94,44500
25.94,44512
25.87,44525
25.94,44537
25.94,44549
25.94,44561
25.87,44573
25.87,44586
25.94,44598
25.87,44610
25.94,44622
25.94,44634
25.94,44646
25.87,44659
25.87,44671
25.94,44683
25.94,44695
25.94,44707
25.94,44720
25.94,44732
25.94,44744
25.94,44756
25.94,44768
25.94,44780
25.94,44793
25.94,44805
25.94,44817
25.94,44829
26.0,44841
25.94,44854
25.94,44866
26.0,44878
26.0,44890
26.0,44902
25.94,44914
26.0,44927
25.94,44939
25.94,44951
26.0,44963
25.94,44975
26.0,44987
26.0,45000
25.94,45012
26.0,45024
26.0,45036
26.0,45048
26.0,45061
25.94,45073
25.94,45085
25.94,45097
26.0,45109
25.94,45121
25.94,45134
25.94,45146
26.0,45158
25.94,45170
25.94,45182
25.94,45195
25.94,45207
25.94,45219
25.94,45231
25.94,45243
25.94,45255
25.94,45268
25.94,45280
25.94,45292
26.0,45304
25.94,45316
25.94,45329
25.94,45341
25.94,45353
25.94,45365
25.94,45377
25.94,45389
25.87,45402
25.94,45414
25.94,45426
25.94,45438
25.94,45450
25.94,45462
25.94,45475
25.94,45487
25.94,45499
25.94,45511
25.94,45523
25.94,45536
25.94,45548
25.87,45560
25.94,45572
25.94,45584
25.94,45596
25.94,45609
25.94,45621
25.87,45633
25.94,45645
25.94,45657
25.94,45670
25.94,45682
25.94,45694
25.94,45706
25.94,45718
25.94,45730
25.94,45743
25.94,45755
25.87,45767
25.94,45779
25.94,45791
25.94,45803
25.94,45816
25.87,45828
25.94,45840
25.94,45852
25.94,45864
25.87,45877
25.94,45889
25.94,45901
25.94,45913
25.94,45925
25.87,45937
25.94,45950
25.87,45962
25.87,45974
25.94,45986
25.94,45998
25.94,46011
25.87,46023
25.94,46035
25.87,46047
25.94,46059
25.94,46071
25.94,46084
25.94,46096
25.94,46108
25.94,46120
25.94,46132
25.94,46145
25.94,46157
25.94,46169
25.94,46181
25.94,46193
25.94,46205
25.94,46218
25.94,46230
25.94,46242
25.94,46254
25.94,46266
25.94,46278
26.0,46291
26.0,46303
25.94,46315
26.0,46327
26.0,46339
26.0,46352
25.94,46364
25.94,46376
26.0,46388
26.0,46400
25.94,46412
25.94,46425
26.0,46437
26.0,46449
26.0,46461
25.94,46473
25.94,46486
25.94,46498
26.0,46510
26.0,46522
25.94,46534
25.94,46546
26.0,46559
25.94,46571
25.94,46583
25.94,46595
25.94,46607
25.94,46619
25.94,46632
25.94,46644
25.94,46656
25.94,46668
25.87,46680
25.94,46693
25.94,46705
25.94,46717
25.94,46729
25.94,46741
25.94,46753
25.94,46766
25.94,46778
25.87,46790
25.94,46802
25.94,46814
25.94,46827
25.94,46839
25.94,46851
25.94,46863
25.94,46875
25.94,46887
25.94,46900
25.94,46912
25.94,46924
25.94,46936
25.94,46948
25.94,46961
25.94,46973
25.94,46985
25.94,46997
25.94,47009
25.94,47021
25.87,47034
25.94,47046
25.94,47058
25.94,47070
25.94,47082
25.94,47094
25.94,47107
25.94,47119
25.87,47131
25.94,47143
25.94,47155
25.94,47168
25.87,47180
25.94,47192
25.94,47204
25.94,47216
25.94,47228
25.94,47241
25.94,47253
25.87,47265
25.94,47277
25.87,47289
25.87,47302
25.94,47314
25.87,47326
25.87,47338
25.87,47350
25.94,47362
25.87,47375
25.87,47387
25.87,47399
25.87,47411
25.87,47423
25.87,47435
25.87,47448
25.87,47460
25.87,47472
25.87,47484
25.87,47496
25.87,47509
25.94,47521
25.94,47533
25.87,47545
25.87,47557
25.94,47569
25.94,47582
25.94,47594
25.94,47606
25.94,47618
25.94,47630
25.94,47643
25.94,47655
25.94,47667
26.0,47679
25.94,47691
25.94,47703
25.94,47716
25.94,47728
26.0,47740
25.94,47752
25.94,47764
25.94,47777
25.94,47789
25.94,47801
26.0,47813
25.94,47825
25.94,47837
25.94,47850
25.94,47862
25.94,47874
26.0,47886
25.94,47898
25.94,47910
25.94,47923
25.94,47935
25.94,47947
25.94,47959
25.94,47971
25.94,47984
25.94,47996
25.94,48008
25.94,48020
25.94,48032
25.94,48044
25.94,48057
25.94,48069
25.94,48081
25.87,48093
25.87,48105
25.87,48118
25.87,48130
25.87,48142
25.87,48154
25.87,48166
25.94,48178
25.94,48191
25.94,48203
25.87,48215
25.94,48227
25.94,48239
25.87,48252
25.94,48264
25.94,48276
25.94,48288
25.94,48300
25.94,48312
25.94,48325
25.94,48337
25.94,48349
25.87,48361
25.87,48373
25.87,48385
25.94,48398
25.87,48410
25.94,48422
25.87,48434
25.94,48446
25.94,48459
25.94,48471
25.87,48483
25.87,48495
25.87,48507
25.94,48519
25.94,48532
25.87,48544
25.87,48556
25.87,48568
25.94,48580
25.94,48593
25.87,48605
25.87,48617
25.87,48629
25.94,48641
25.94,48653
25.94,48666
25.87,48678
25.94,48690
25.87,48702
25.94,48714
25.94,48726
25.94,48739
25.87,48751
25.94,48763
25.94,48775
25.94,48787
25.94,48800
25.94,48812
25.94,48824
25.94,48836
25.94,48848
25.94,48860
25.87,48873
25.94,48885
25.94,48897
25.87,48909
25.94,48921
25.94,48934
25.87,48946
25.94,48958
25.94,48970
25.94,48982
25.94,48994
25.94,49007
25.94,49019
25.87,49031
25.94,49043
25.94,49055
25.94,49068
25.94,49080
26.0,49092
25.94,49104
25.94,49116
25.94,49128
26.0,49141
25.94,49153
25.94,49165
25.94,49177
26.0,49189
25.94,49201
25.94,49214
25.94,49226
25.94,49238
25.94,49250
25.94,49262
26.0,49275
25.94,49287
25.94,49299
25.94,49311
25.94,49323
25.94,49335
25.94,49348
26.0,49360
25.94,49372
25.87,49384
25.94,49396
25.87,49409
25.94,49421
25.94,49433
25.94,49445
25.94,49457
25.87,49469
25.87,49482
25.94,49494
25.94,49506
25.94,49518
25.87,49530
25.94,49543
25.94,49555
25.94,49567
25.94,49579
25.94,49591
25.94,49603
25.94,49616
25.94,49628
25.94,49640
25.87,49652
25.94,49664
25.94,49676
25.94,49689
25.87,49701
25.94,49713
25.94,49725
25.94,49737
25.94,49750
25.94,49762
25.87,49774
25.94,49786
25.87,49798
25.94,49810
25.94,49823
25.94,49835
25.94,49847
25.94,49859
25.87,49871
25.87,49884
25.94,49896
25.94,49908
25.87,49920
25.94,49932
25.94,49944
25.94,49957
25.94,49969
25.94,49981
25.94,49993
25.94,50005
25.87,50018
25.94,50030
25.87,50042
25.94,50054
25.87,50066
25.94,50078
25.94,50091
25.94,50103
25.87,50115
25.87,50127
25.94,50139
25.87,50151
25.87,50164
25.87,50176
25.87,50188
25.87,50200
25.87,50212
25.87,50225
25.94,50237
25.87,50249
25.94,50261
25.87,50273
25.94,50285
25.87,50298
25.87,50310
25.87,50322
25.87,50334
25.94,50346
25.87,50359
25.87,50371
25.87,50383
25.94,50395
25.94,50407
25.87,50419
25.94,50432
25.87,50444
25.94,50456
25.94,50468
25.94,50480
25.94,50492
25.94,50505
25.94,50517
25.94,50529
25.94,50541
26.0,50553
25.94,50566
26.0,50578
25.94,50590
25.94,50602
25.94,50614
25.94,50626
26.0,50639
25.94,50651
25.94,50663
25.94,50675
25.94,50687
25.94,50700
25.94,50712
25.94,50724
25.94,50736
25.94,50748
25.94,50760
25.94,50773
25.94,50785
25.94,50797
25.94,50809
25.94,50821
25.94,50834
25.94,50846
25.94,50858
25.94,50870
25.94,50882
25.94,50894
25.94,50907
25.87,50919
25.94,50931
25.94,50943
25.87,50955
25.87,50967
25.94,50980
25.94,50992
25.94,51004
25.94,51016
25.94,51028
25.94,51041
25.87,51053
25.94,51065
25.87,51077
25.87,51089
25.94,51101
25.87,51114
25.94,51126
25.94,51138
25.87,51150
25.87,51162
25.94,51175
25.87,51187
25.87,51199
25.87,51211
25.87,51223
25.94,51235
25.87,51248
25.94,51260
25.94,51272
25.94,51284
25.87,51296
25.87,51308
25.94,51321
25.94,51333
25.87,51345
25.94,51357
25.94,51369
25.94,51382
25.94,51394
25.94,51406
25.94,51418
25.94,51430
25.94,51442
25.87,51455
25.94,51467
25.87,51479
25.94,51491
25.87,51503
25.87,51516
25.94,51528
25.87,51540
25.87,51552
25.94,51564
25.87,51576
25.87,51589
25.87,51601
25.87,51613
25.87,51625
25.94,51637
25.94,51650
25.87,51662
25.87,51674
25.87,51686
25.87,51698
25.87,51710
25.87,51723
25.94,51735
25.87,51747
25.94,51759
25.87,51771
25.94,51783
25.94,51796
25.87,51808
25.94,51820
25.94,51832
25.94,51844
25.94,51857
25.94,51869
25.87,51881
25.94,51893
25.87,51905
25.87,51917
25.87,51930
25.87,51942
25.87,51954
25.87,51966
25.87,51978
25.94,51991
25.87,52003
25.87,52015
25.87,52027
25.87,52039
25.87,52051
25.87,52064
25.87,52076
25.94,52088
25.94,52100
25.87,52112
25.87,52124
25.87,52137
25.87,52149
25.94,52161
25.87,52173
25.87,52185
25.94,52198
25.94,52210
25.94,52222
25.87,52234
25.87,52246
25.87,52258
25.87,52271
25.87,52283
25.87,52295
25.87,52307
25.87,52319
25.87,52332
25.87,52344
25.94,52356
25.94,52368
25.87,52380
25.87,52392
25.94,52405
25.87,52417
25.87,52429
25.87,52441
25.94,52453
25.87,52466
25.94,52478
25.87,52490
25.94,52502
25.94,52514
25.87,52526
25.87,52539
25.87,52551
25.87,52563
25.94,52575
25.87,52587
25.87,52599
25.87,52612
25.87,52624
25.94,52636
25.87,52648
25.87,52660
25.87,52673
25.87,52685
25.87,52697
25.87,52709
25.87,52721
25.87,52733
25.94,52746
25.87,52758
25.87,52770
25.87,52782
25.87,52794
25.87,52807
25.87,52819
25.87,52831
25.87,52843
25.87,52855
25.87,52867
25.87,52880
25.87,52892
25.87,52904
25.87,52916
25.87,52928
25.87,52941
25.94,52953
25.87,52965
25.87,52977
25.87,52989
25.87,53001
25.87,53014
25.87,53026
25.87,53038
25.87,53050
25.94,53062
25.87,53074
25.87,53087
25.87,53099
25.87,53111
25.87,53123
25.94,53135
25.87,53148
25.94,53160
25.87,53172
25.87,53184
25.87,53196
25.87,53208
25.87,53221
25.87,53233
25.87,53245
25.87,53257
25.87,53269
25.87,53282
25.87,53294
25.87,53306
25.87,53318
25.94,53330
25.94,53342
25.94,53355
25.87,53367
25.87,53379
25.94,53391
25.87,53403
25.87,53415
25.87,53428
25.87,53440
25.87,53452
25.87,53464
25.87,53476
25.87,53489
25.87,53501
25.87,53513
25.87,53525
25.87,53537
25.87,53549
25.87,53562
25.87,53574
25.87,53586
25.94,53598
25.87,53610
25.94,53623
25.87,53635
25.87,53647
25.87,53659
25.87,53671
25.94,53683
25.87,53696
25.94,53708
25.94,53720
25.87,53732
25.94,53744
25.87,53757
25.94,53769
25.87,53781
25.87,53793
25.87,53805
25.94,53817
25.94,53830
25.94,53842
25.87,53854
25.87,53866
25.87,53878
25.94,53890
25.87,53903
25.87,53915
25.87,53927
25.94,53939
25.87,53951
25.94,53964
25.94,53976
25.87,53988
25.87,54000
25.87,54012
25.94,54024
25.87,54037
25.94,54049
25.87,54061
25.87,54073
25.87,54085
25.94,54098
25.94,54110
25.94,54122
25.94,54134
25.94,54146
25.87,54158
25.94,54171
25.94,54183
25.94,54195
25.87,54207
25.87,54219
25.87,54231
25.94,54244
25.87,54256
25.94,54268
25.94,54280
25.94,54292
25.87,54305
25.87,54317
25.87,54329
25.87,54341
25.87,54353
25.94,54365
25.94,54378
25.87,54390
25.87,54402
25.94,54414
25.87,54426
25.87,54439
25.94,54451
25.87,54463
25.87,54475
25.87,54487
25.94,54499
25.87,54512
25.87,54524
25.87,54536
25.94,54548
25.87,54560
25.87,54573
25.94,54585
25.87,54597
25.87,54609
25.87,54621
25.87,54633
25.87,54646
25.87,54658
25.87,54670
25.87,54682
25.87,54694
25.87,54706
25.94,54719
25.87,54731
25.94,54743
25.87,54755
25.87,54767
25.94,54780
25.87,54792
25.87,54804
25.87,54816
25.94,54828
25.94,54840
25.94,54853
25.94,54865
25.94,54877
25.87,54889
25.94,54901
25.87,54914
25.87,54926
25.94,54938
25.87,54950
25.94,54962
25.87,54974
25.87,54987
25.87,54999
25.87,55011
25.87,55023
25.87,55035
25.87,55047
25.87,55060
25.94,55072
25.87,55084
25.87,55096
25.94,55108
25.87,55121
25.87,55133
25.87,55145
25.87,55157
25.87,55169
25.94,55181
25.94,55194
25.94,55206
25.87,55218
25.94,55230
25.87,55242
25.94,55255
25.87,55267
25.87,55279
25.87,55291
25.94,55303
25.87,55315
25.87,55328
25.87,55340
25.87,55352
25.87,55364
25.87,55376
25.87,55389
25.87,55401
25.94,55413
25.87,55425
25.87,55437
25.87,55449
25.94,55462
25.87,55474
25.87,55486
25.87,55498
25.87,55510
25.87,55522
25.87,55535
25.87,55547
25.87,55559
25.94,55571
25.87,55583
25.94,55596
25.87,55608
25.94,55620
25.94,55632
25.87,55644
25.94,55656
25.87,55669
25.94,55681
25.87,55693
25.94,55705
25.87,55717
25.87,55730
25.94,55742
25.87,55754
25.94,55766
25.87,55778
25.94,55790
25.87,55803
25.94,55815
25.94,55827
25.94,55839
25.94,55851
25.87,55864
25.94,55876
25.94,55888
25.87,55900
25.94,55912
25.94,55924
25.87,55937
25.94,55949
25.94,55961
25.94,55973
25.94,55985
25.94,55997
25.87,56010
25.87,56022
25.94,56034
25.87,56046
25.87,56058
25.87,56071
25.94,56083
25.94,56095
25.94,56107
25.94,56119
25.94,56131
25.94,56144
25.94,56156
25.87,56168
25.87,56180
25.87,56192
25.94,56205
25.94,56217
25.87,56229
25.87,56241
25.87,56253
25.87,56265
25.87,56278
25.94,56290
25.87,56302
25.87,56314
25.94,56326
25.94,56338
25.94,56351
25.87,56363
25.94,56375
25.87,56387
25.87,56399
25.87,56412
25.87,56424
25.87,56436
25.87,56448
25.87,56460
25.87,56472
25.87,56485
25.87,56497
25.87,56509
25.94,56521
25.94,56533
25.87,56546
25.94,56558
25.94,56570
25.94,56582
25.94,56594
25.94,56606
25.94,56619
25.87,56631
25.87,56643
25.94,56655
25.94,56667
25.87,56680
25.94,56692
25.87,56704
25.87,56716
25.87,56728
25.87,56740
25.87,56753
25.87,56765
25.87,56777
25.94,56789
25.87,56801
25.87,56813
25.87,56826
25.87,56838
25.94,56850
25.87,56862
25.87,56874
25.87,56887
25.87,56899
25.94,56911
25.87,56923
25.87,56935
25.87,56947
25.94,56960
25.87,56972
25.87,56984
25.87,56996
25.87,57008
25.87,57021
25.87,57033
25.87,57045
25.87,57057
25.87,57069
25.87,57081
25.87,57094
25.87,57106
25.87,57118
25.94,57130
25.87,57142
25.87,57155
25.87,57167
25.87,57179
25.87,57191
25.87,57203
25.87,57215
25.87,57228
25.87,57240
25.87,57252
25.87,57264
25.87,57276
25.87,57288
25.87,57301
25.87,57313
25.87,57325
25.94,57337
25.87,57349
25.87,57362
25.87,57374
25.94,57386
25.81,57398
25.87,57410
25.87,57422
25.87,57435
25.87,57447
25.87,57459
25.87,57471
25.87,57483
25.87,57496
25.87,57508
25.87,57520
25.87,57532
25.87,57544
25.87,57556
25.87,57569
25.87,57581
25.87,57593
25.87,57605
25.87,57617
25.87,57629
25.87,57642
25.87,57654
25.87,57666
25.87,57678
25.87,57690
25.87,57703
25.87,57715
25.87,57727
25.87,57739
25.87,57751
25.87,57763
25.87,57776
25.87,57788
25.87,57800
25.87,57812
25.87,57824
25.94,57837
25.87,57849
25.87,57861
25.87,57873
25.87,57885
25.94,57897
25.87,57910
25.94,57922
25.87,57934
25.87,57946
25.87,57958
25.87,57970
25.81,57983
25.87,57995
25.87,58007
25.87,58019
25.87,58031
25.87,58044
25.94,58056
25.94,58068
25.94,58080
25.87,58092
25.94,58104
25.87,58117
25.87,58129
25.94,58141
25.87,58153
25.87,58165
25.94,58178
25.94,58190
25.87,58202
25.87,58214
25.87,58226
25.94,58238
25.87,58251
25.94,58263
25.87,58275
25.87,58287
25.94,58299
25.94,58312
25.94,58324
25.94,58336
25.94,58348
25.87,58360
25.94,58372
25.87,58385
25.87,58397
25.94,58409
25.94,58421
25.94,58433
25.94,58445
25.87,58458
25.94,58470
25.94,58482
25.87,58494
25.87,58506
25.87,58519
25.94,58531
25.87,58543
25.94,58555
25.87,58567
25.94,58579
25.94,58592
25.94,58604
25.94,58616
25.94,58628
25.87,58640
25.87,58653
25.87,58665
25.87,58677
25.94,58689
25.94,58701
25.87,58713
25.87,58726
25.87,58738
25.94,58750
25.87,58762
25.94,58774
25.87,58787
25.87,58799
25.87,58811
25.94,58823
25.87,58835
25.87,58847
25.87,58860
25.87,58872
25.87,58884
25.87,58896
25.87,58908
25.94,58920
25.94,58933
25.94,58945
25.87,58957
25.94,58969
25.87,58981
25.87,58994
25.87,59006
25.87,59018
25.94,59030
25.87,59042
25.94,59054
25.94,59067
25.87,59079
25.94,59091
25.87,59103
25.87,59115
25.87,59128
25.87,59140
25.94,59152
25.87,59164
25.94,59176
25.87,59188
25.87,59201
25.87,59213
25.87,59225
25.87,59237
25.87,59249
25.87,59261
25.87,59274
25.87,59286
25.87,59298
25.87,59310
25.87,59322
25.87,59335
25.87,59347
25.87,59359
25.87,59371
25.87,59383
25.87,59395
25.87,59408
25.87,59420
25.94,59432
25.94,59444
25.87,59456
25.94,59469
25.87,59481
25.87,59493
25.87,59505
25.87,59517
25.94,59529
25.87,59542
25.94,59554
25.94,59566
25.94,59578
25.94,59590
25.94,59603
25.87,59615
25.87,59627
25.87,59639
25.87,59651
25.94,59663
25.94,59676
25.94,59688
25.94,59700
25.87,59712
25.87,59724
25.94,59736
25.87,59749
25.94,59761
25.94,59773
25.94,59785
25.87,59797
25.87,59810
25.94,59822
25.87,59834
25.94,59846
25.87,59858
25.94,59870
25.87,59883
25.94,59895
25.94,59907
25.87,59919
25.94,59931
25.94,59944
25.87,59956
25.94,59968
25.87,59980
25.87,59992
25.94,60004
25.94,60017
25.87,60029
25.87,60041
25.87,60053
25.94,60065
25.87,60077
25.87,60090
25.87,60102
25.87,60114
25.87,60126
25.87,60138
25.87,60151
25.87,60163
25.94,60175
25.87,60187
25.87,60199
25.94,60211
25.87,60224
25.87,60236
25.87,60248
25.87,60260
25.87,60272
25.87,60285
25.87,60297
25.87,60309
25.87,60321
25.87,60333
25.87,60345
25.87,60358
25.87,60370
25.94,60382
25.94,60394
25.87,60406
25.87,60419
25.87,60431
25.94,60443
25.94,60455
25.94,60467
25.94,60479
25.87,60492
25.87,60504
25.87,60516
25.87,60528
25.87,60540
25.87,60552
25.94,60565
25.87,60577
25.94,60589
25.87,60601
25.87,60613
25.87,60626
25.87,60638
25.87,60650
25.87,60662
25.87,60674
25.87,60686
25.87,60699
25.94,60711
25.94,60723
25.87,60735
25.87,60747
25.87,60760
25.87,60772
25.94,60784
25.87,60796
25.87,60808
25.94,60820
25.87,60833
25.94,60845
25.87,60857
25.87,60869
25.87,60881
25.87,60894
25.87,60906
25.94,60918
25.87,60930
25.87,60942
25.94,60954
25.87,60967
25.94,60979
25.94,60991
25.87,61003
25.94,61015
25.87,61027
25.87,61040
25.94,61052
25.87,61064
25.94,61076
25.87,61088
25.94,61101
25.87,61113
25.87,61125
25.87,61137
25.87,61149
25.94,61161
25.87,61174
25.87,61186
25.87,61198
25.94,61210
25.87,61222
25.87,61235
25.87,61247
25.94,61259
25.87,61271
25.87,61283
25.94,61295
25.87,61308
25.87,61320
25.87,61332
25.87,61344
25.87,61356
25.94,61368
25.87,61381
25.87,61393
25.94,61405
25.87,61417
25.87,61429
25.87,61442
25.87,61454
25.87,61466
25.94,61478
25.87,61490
25.87,61502
25.87,61515
25.87,61527
25.94,61539
25.87,61551
25.87,61563
25.87,61576
25.87,61588
25.94,61600
25.94,61612
25.87,61624
25.87,61636
25.87,61649
25.94,61661
25.87,61673
25.87,61685
25.94,61697
25.87,61710
25.87,61722
25.94,61734
25.94,61746
25.94,61758
25.87,61770
25.94,61783
25.94,61795
25.87,61807
25.87,61819
25.94,61831
25.94,61843
25.87,61856
25.87,61868
25.94,61880
25.87,61892
25.87,61904
25.87,61917
25.94,61929
25.87,61941
25.94,61953
25.87,61965
25.94,61977
25.94,61990
25.94,62002
25.87,62014
25.87,62026
25.87,62038
25.94,62051
25.87,62063
25.87,62075
25.94,62087
25.87,62099
25.94,62111
25.87,62124
25.87,62136
25.87,62148
25.87,62160
25.94,62172
25.94,62184
25.94,62197
25.94,62209
25.87,62221
25.87,62233
25.87,62245
25.87,62258
25.87,62270
25.87,62282
25.87,62294
25.87,62306
25.94,62318
25.94,62331
25.87,62343
25.87,62355
25.87,62367
25.87,62379
25.94,62392
25.94,62404
25.94,62416
25.87,62428
25.87,62440
25.94,62452
25.94,62465
25.87,62477
25.87,62489
25.94,62501
25.87,62513
25.87,62526
25.94,62538
25.87,62550
25.87,62562
25.87,62574
25.87,62586
25.87,62599
25.87,62611
25.87,62623
25.87,62635
25.87,62647
25.94,62659
25.87,62672
25.87,62684
25.87,62696
25.87,62708
25.87,62720
25.94,62733
25.87,62745
25.87,62757
25.87,62769
25.87,62781
25.87,62793
25.87,62806
25.87,62818
25.94,62830
25.94,62842
25.87,62854
25.87,62867
25.87,62879
25.94,62891
25.94,62903
25.87,62915
25.94,62927
25.94,62940
25.94,62952
25.94,62964
25.94,62976
25.94,62988
25.94,63000
25.94,63013
25.87,63025
25.87,63037
25.87,63049
25.87,63061
25.87,63074
25.87,63086
25.87,63098
25.94,63110
25.94,63122
25.94,63134
25.94,63147
25.87,63159
25.87,63171
25.87,63183
25.94,63195
25.94,63208
25.87,63220
25.87,63232
25.94,63244
25.87,63256
25.87,63268
25.87,63281
25.94,63293
25.87,63305
25.87,63317
25.87,63329
25.87,63342
25.94,63354
25.87,63366
25.94,63378
25.87,63390
25.87,63402
25.94,63415
25.87,63427
25.87,63439
25.87,63451
25.87,63463
25.87,63475
25.87,63488
25.94,63500
25.94,63512
25.87,63524
25.87,63536
25.87,63549
25.94,63561
25.94,63573
25.94,63585
25.94,63597
25.94,63609
25.87,63622
25.87,63634
25.87,63646
25.94,63658
25.94,63670
25.87,63683
25.87,63695
25.87,63707
25.94,63719
25.87,63731
25.87,63743
25.87,63756
25.87,63768
25.94,63780
25.87,63792
25.87,63804
25.94,63816
25.87,63829
25.87,63841
25.87,63853
25.94,63865
25.87,63877
25.87,63890
25.87,63902
25.87,63914
25.87,63926
25.87,63938
25.87,63950
25.87,63963
25.87,63975
25.87,63987
25.87,63999
25.87,64011
25.94,64024
25.94,64036
25.87,64048
25.87,64060
25.87,64072
25.87,64084
25.87,64097
25.87,64109
25.87,64121
25.87,64133
25.87,64145
25.94,64158
25.87,64170
25.87,64182
25.87,64194
25.94,64206
25.87,64218
25.87,64231
25.87,64243
25.87,64255
25.94,64267
25.94,64279
25.87,64291
25.87,64304
25.94,64316
25.87,64328
25.94,64340
25.87,64352
25.94,64365
25.87,64377
25.94,64389
25.87,64401
25.87,64413
25.87,64425
25.94,64438
25.87,64450
25.94,64462
25.94,64474
25.94,64486
25.87,64499
25.94,64511
25.94,64523
25.94,64535
25.94,64547
25.94,64559
25.87,64572
25.94,64584
25.94,64596
25.94,64608
25.94,64620
25.94,64633
25.87,64645
25.87,64657
25.87,64669
25.87,64681
25.94,64693
25.94,64706
25.87,64718
25.94,64730
25.87,64742
25.94,64754
25.87,64766
25.87,64779
25.87,64791
25.87,64803
25.94,64815
25.87,64827
25.94,64840
25.94,64852
25.87,64864
25.87,64876
25.87,64888
25.87,64900
25.87,64913
25.87,64925
25.87,64937
25.94,64949
25.87,64961
25.94,64974
25.94,64986
25.94,64998
25.94,65010
25.87,65022
25.87,65034
25.87,65047
25.87,65059
25.87,65071
25.87,65083
25.94,65095
25.87,65107
25.94,65120
25.87,65132
25.87,65144
25.87,65156
25.94,65168
25.87,65181
25.94,65193
25.94,65205
25.94,65217
25.87,65229
25.94,65241
25.87,65254
25.87,65266
25.87,65278
25.87,65290
25.94,65302
25.87,65315
25.87,65327
25.87,65339
25.87,65351
25.87,65363
25.94,65375
25.87,65388
25.94,65400
25.87,65412
25.94,65424
25.87,65436
25.87,65449
25.87,65461
25.87,65473
25.87,65485
25.87,65497
25.94,65509
25.87,65522
25.87,65534
25.87,65546
25.87,65558
25.87,65570
25.87,65582
25.87,65595
25.87,65607
25.87,65619
25.87,65631
25.94,65643
25.87,65656
25.87,65668
25.94,65680
25.94,65692
25.87,65704
25.87,65716
25.94,65729
25.87,65741
25.94,65753
25.87,65765
25.94,65777
25.94,65790
25.87,65802
25.87,65814
25.87,65826
25.87,65838
25.87,65850
25.94,65863
25.94,65875
25.94,65887
25.94,65899
25.94,65911
25.94,65924
25.87,65936
25.94,65948
25.94,65960
25.94,65972
25.87,65984
25.87,65997
25.87,66009
25.94,66021
25.87,66033
25.94,66045
25.87,66057
25.94,66070
25.94,66082
25.87,66094
25.94,66106
25.87,66118
25.87,66131
25.87,66143
25.94,66155
25.94,66167
25.94,66179
25.87,66191
25.87,66204
25.87,66216
25.87,66228
25.87,66240
25.94,66252
25.94,66265
25.94,66277
25.94,66289
25.94,66301
25.94,66313
25.94,66325
25.87,66338
25.94,66350
25.87,66362
25.87,66374
25.94,66386
25.94,66398
25.87,66411
25.94,66423
25.87,66435
25.87,66447
25.87,66459
25.94,66472
25.87,66484
25.87,66496
25.87,66508
25.87,66520
25.87,66532
25.87,66545
25.87,66557
25.87,66569
25.87,66581
25.87,66593
25.87,66606
25.87,66618
25.87,66630
25.87,66642
25.87,66654
25.94,66666
25.87,66679
25.87,66691
25.87,66703
25.87,66715
25.87,66727
25.94,66740
25.87,66752
25.87,66764
25.87,66776
25.94,66788
25.94,66800
25.87,66813
25.87,66825
25.87,66837
25.94,66849
25.87,66861
25.87,66873
25.87,66886
25.94,66898
25.94,66910
25.94,66922
25.94,66934
25.94,66947
25.87,66959
25.87,66971
25.87,66983
25.87,66995
25.94,67007
25.87,67020
25.94,67032
25.94,67044
25.94,67056
25.94,67068
25.94,67081
25.87,67093
25.94,67105
25.94,67117
25.87,67129
25.94,67141
25.87,67154
25.87,67166
25.87,67178
25.87,67190
25.94,67202
25.87,67214
25.94,67227
25.87,67239
25.94,67251
25.94,67263
25.87,67275
25.87,67288
25.87,67300
25.87,67312
25.94,67324
25.94,67336
25.94,67348
25.94,67361
25.94,67373
25.87,67385
25.94,67397
25.94,67409
25.94,67422
25.94,67434
25.87,67446
25.94,67458
25.87,67470
25.87,67482
25.87,67495
25.87,67507
25.87,67519
25.94,67531
25.87,67543
25.87,67556
25.87,67568
25.87,67580
25.87,67592
25.87,67604
25.94,67616
25.94,67629
25.87,67641
25.94,67653
25.94,67665
25.94,67677
25.87,67689
25.94,67702
25.87,67714
25.87,67726
25.87,67738
25.87,67750
25.94,67763
25.94,67775
25.87,67787
25.87,67799
25.94,67811
25.94,67823
25.94,67836
25.94,67848
25.87,67860
25.87,67872
25.87,67884
25.87,67897
25.87,67909
25.87,67921
25.87,67933
25.94,67945
25.87,67957
25.87,67970
25.94,67982
25.87,67994
25.87,68006
25.94,68018
25.94,68030
25.87,68043
25.87,68055
25.87,68067
25.87,68079
25.94,68091
25.94,68104
25.94,68116
25.87,68128
25.94,68140
25.94,68152
25.94,68164
25.94,68177
25.94,68189
25.87,68201
25.94,68213
25.87,68225
25.94,68238
25.87,68250
25.87,68262
25.87,68274
25.94,68286
25.87,68298
25.94,68311
25.94,68323
25.94,68335
25.94,68347
25.87,68359
25.94,68372
25.87,68384
25.94,68396
25.94,68408
25.87,68420
25.87,68432
25.87,68445
25.94,68457
25.87,68469
25.94,68481
25.87,68493
25.94,68505
25.87,68518
25.94,68530
25.87,68542
25.94,68554
25.94,68566
25.87,68579
25.94,68591
25.87,68603
25.94,68615
25.87,68627
25.87,68639
25.87,68652
25.87,68664
25.87,68676
25.94,68688
25.87,68700
25.94,68713
25.94,68725
25.94,68737
25.87,68749
25.94,68761
25.94,68773
25.94,68786
25.87,68798
25.94,68810
25.94,68822
25.94,68834
25.94,68847
25.94,68859
25.87,68871
25.94,68883
25.87,68895
25.94,68907
25.87,68920
25.87,68932
25.87,68944
25.87,68956
25.87,68968
25.94,68980
25.87,68993
25.94,69005
25.87,69017
25.94,69029
25.94,69041
25.94,69054
25.94,69066
25.94,69078
25.94,69090
25.94,69102
25.94,69114
25.87,69127
25.94,69139
25.94,69151
25.94,69163
25.94,69175
25.94,69188
25.94,69200
25.94,69212
25.94,69224
25.87,69236
25.87,69248
25.94,69261
25.94,69273
25.94,69285
25.94,69297
25.87,69309
25.87,69321
25.94,69334
25.94,69346
25.87,69358
25.87,69370
25.87,69382
25.87,69395
25.94,69407
25.94,69419
25.94,69431
25.87,69443
25.87,69455
25.87,69468
25.87,69480
25.87,69492
25.87,69504
25.87,69516
25.87,69529
25.87,69541
25.87,69553
25.87,69565
25.94,69577
25.87,69589
25.87,69602
25.87,69614
25.87,69626
25.87,69638
25.87,69650
25.94,69663
25.94,69675
25.87,69687
25.94,69699
25.94,69711
25.87,69723
25.87,69736
25.94,69748
25.94,69760
25.94,69772
25.94,69784
25.94,69796
25.94,69809
25.87,69821
25.94,69833
25.94,69845
25.94,69857
25.87,69870
25.94,69882
25.87,69894
25.87,69906
25.87,69918
25.87,69930
25.94,69943
25.87,69955
25.87,69967
25.87,69979
25.87,69991
25.94,70004
25.94,70016
25.94,70028
25.87,70040
25.87,70052
25.87,70064
25.94,70077
25.87,70089
25.87,70101
25.87,70113
25.87,70125
25.94,70138
25.94,70150
25.94,70162
25.94,70174
25.94,70186
25.87,70198
25.94,70211
25.94,70223
25.94,70235
25.87,70247
25.94,70259
25.94,70271
25.94,70284
25.94,70296
25.94,70308
25.94,70320
25.87,70332
25.87,70345
25.94,70357
25.94,70369
25.94,70381
25.87,70393
25.87,70405
25.87,70418
25.87,70430
25.94,70442
25.94,70454
25.87,70466
25.87,70479
25.87,70491
25.94,70503
25.94,70515
25.94,70527
25.87,70539
25.94,70552
25.87,70564
25.87,70576
25.94,70588
25.87,70600
25.87,70612
25.87,70625
25.87,70637
25.87,70649
25.87,70661
25.87,70673
25.87,70686
25.94,70698
25.94,70710
25.87,70722
25.87,70734
25.94,70746
25.87,70759
25.87,70771
25.87,70783
25.87,70795
25.87,70807
25.87,70820
25.87,70832
25.94,70844
25.94,70856
25.87,70868
25.94,70880
25.94,70893
25.87,70905
25.87,70917
25.94,70929
25.87,70941
25.94,70954
25.87,70966
25.94,70978
25.87,70990
25.94,71002
25.87,71014
25.94,71027
25.87,71039
25.87,71051
25.87,71063
25.94,71075
25.94,71087
25.87,71100
25.94,71112
25.94,71124
25.94,71136
25.87,71148
25.87,71161
25.94,71173
25.87,71185
25.94,71197
25.87,71209
25.87,71221
25.87,71234
25.94,71246
25.94,71258
25.87,71270
25.94,71282
25.87,71295
25.94,71307
25.87,71319
25.87,71331
25.87,71343
25.87,71355
25.87,71368
25.94,71380
25.87,71392
25.87,71404
25.94,71416
25.87,71429
25.87,71441
25.87,71453
25.87,71465
25.94,71477
25.94,71489
25.87,71502
25.87,71514
25.87,71526
25.87,71538
25.94,71550
25.94,71562
25.87,71575
25.94,71587
25.87,71599
25.87,71611
25.87,71623
25.87,71636
25.87,71648
25.87,71660
25.94,71672
25.94,71684
25.94,71696
25.94,71709
25.87,71721
25.94,71733
25.94,71745
25.94,71757
25.87,71770
25.94,71782
25.87,71794
25.87,71806
25.94,71818
25.94,71830
25.87,71843
25.87,71855
25.87,71867
25.87,71879
25.94,71891
25.94,71903
25.87,71916
25.87,71928
25.94,71940
25.94,71952
25.87,71964
25.87,71977
25.94,71989
25.94,72001
25.94,72013
25.87,72025
25.87,72037
25.94,72050
25.87,72062
25.94,72074
25.87,72086
25.87,72098
25.87,72111
25.94,72123
25.94,72135
25.87,72147
25.87,72159
25.87,72171
25.94,72184
25.94,72196
25.87,72208
25.87,72220
25.87,72232
25.87,72245
25.87,72257
25.87,72269
25.87,72281
25.94,72293
25.94,72305
25.87,72318
25.94,72330
25.94,72342
25.94,72354
25.87,72366
25.87,72378
25.94,72391
25.94,72403
25.94,72415
25.87,72427
25.94,72439
25.87,72452
25.87,72464
25.94,72476
25.94,72488
25.87,72500
25.94,72512
25.94,72525
25.94,72537
25.94,72549
25.94,72561
25.87,72573
25.94,72586
25.87,72598
25.87,72610
25.87,72622
25.94,72634
25.94,72646
25.94,72659
25.94,72671
25.94,72683
25.94,72695
25.94,72707
25.94,72719
25.94,72732
25.94,72744
25.94,72756
25.87,72768
25.94,72780
25.94,72793
25.94,72805
25.87,72817
25.94,72829
25.94,72841
25.94,72853
25.94,72866
25.94,72878
25.94,72890
25.94,72902
25.87,72914
25.87,72927
25.94,72939
25.94,72951
25.94,72963
25.87,72975
25.94,72987
25.87,73000
25.94,73012
25.94,73024
25.94,73036
25.94,73048
25.87,73061
25.87,73073
25.94,73085
25.87,73097
25.94,73109
25.94,73121
25.87,73134
25.94,73146
25.94,73158
25.94,73170
25.87,73182
25.87,73194
25.94,73207
25.94,73219
25.87,73231
25.94,73243
25.87,73255
25.87,73268
25.87,73280
25.87,73292
25.94,73304
25.87,73316
25.87,73328
25.87,73341
25.87,73353
25.94,73365
25.94,73377
25.94,73389
25.94,73402
25.94,73414
25.94,73426
25.94,73438
25.94,73450
25.94,73462
25.94,73475
25.94,73487
25.94,73499
25.94,73511
25.94,73523
25.94,73536
25.87,73548
25.87,73560
25.94,73572
25.94,73584
25.94,73596
25.87,73609
25.87,73621
25.94,73633
25.87,73645
25.87,73657
25.94,73669
25.94,73682
25.94,73694
25.87,73706
25.94,73718
25.87,73730
25.87,73743
25.94,73755
25.87,73767
25.87,73779
25.94,73791
25.94,73803
25.94,73816
25.94,73828
25.94,73840
25.87,73852
25.94,73864
25.94,73877
25.94,73889
25.87,73901
25.94,73913
25.87,73925
25.94,73937
25.87,73950
25.87,73962
25.87,73974
25.87,73986
25.87,73998
25.87,74010
25.94,74023
25.94,74035
25.87,74047
25.87,74059
25.94,74071
25.87,74084
25.87,74096
25.87,74108
25.87,74120
25.87,74132
25.87,74144
25.87,74157
25.87,74169
25.87,74181
25.87,74193
25.87,74205
25.87,74218
25.87,74230
25.87,74242
25.87,74254
25.94,74266
25.87,74278
25.87,74291
25.87,74303
25.94,74315
25.87,74327
25.87,74339
25.87,74352
25.94,74364
25.94,74376
25.87,74388
25.87,74400
25.87,74412
25.87,74425
25.87,74437
25.87,74449
25.87,74461
25.87,74473
25.87,74485
25.94,74498
25.87,74510
25.87,74522
25.87,74534
25.87,74546
25.94,74559
25.87,74571
25.94,74583
25.94,74595
25.94,74607
25.87,74619
25.94,74632
25.94,74644
25.94,74656
25.94,74668
25.87,74680
25.87,74693
25.87,74705
25.94,74717
25.87,74729
25.94,74741
25.94,74753
25.94,74766
25.87,74778
25.87,74790
25.94,74802
25.87,74814
25.87,74826
25.87,74839
25.87,74851
25.87,74863
25.94,74875
25.87,74887
25.87,74900
25.87,74912
25.87,74924
25.94,74936
25.87,74948
25.87,74960
25.87,74973
25.94,74985
25.87,74997
25.94,75009
25.87,75021
25.94,75034
25.87,75046
25.87,75058
25.87,75070
25.87,75082
25.87,75094
25.87,75107
25.87,75119
25.87,75131
25.87,75143
25.87,75155
25.87,75168
25.87,75180
25.94,75192
25.94,75204
25.94,75216
25.94,75228
25.94,75241
25.87,75253
25.87,75265
25.94,75277
25.87,75289
25.87,75301
25.94,75314
25.87,75326
25.94,75338
25.87,75350
25.94,75362
25.87,75375
25.87,75387
25.94,75399
25.87,75411
25.87,75423
25.94,75435
25.87,75448
25.87,75460
25.94,75472
25.94,75484
25.87,75496
25.87,75509
25.87,75521
25.87,75533
25.87,75545
25.87,75557
25.87,75569
25.87,75582
25.87,75594
25.87,75606
25.87,75618
25.94,75630
25.94,75642
25.87,75655
25.94,75667
25.87,75679
25.87,75691
25.94,75703
25.94,75716
25.94,75728
25.87,75740
25.94,75752
25.87,75764
25.87,75776
25.94,75789
25.87,75801
25.94,75813
25.94,75825
25.94,75837
25.87,75850
25.94,75862
25.94,75874
25.87,75886
25.94,75898
25.87,75910
25.87,75923
25.94,75935
25.94,75947
25.94,75959
25.87,75971
25.94,75984
25.94,75996
25.94,76008
25.94,76020
25.94,76032
25.87,76044
25.87,76057
25.87,76069
25.87,76081
25.87,76093
25.94,76105
25.87,76117
25.87,76130
25.87,76142
25.94,76154
25.87,76166
25.87,76178
25.87,76191
25.94,76203
25.87,76215
25.87,76227
25.94,76239
25.87,76251
25.87,76264
25.94,76276
25.87,76288
25.94,76300
25.94,76312
25.94,76325
25.87,76337
25.87,76349
25.87,76361
25.87,76373
25.94,76385
25.87,76398
25.94,76410
25.94,76422
25.87,76434
25.94,76446
25.87,76459
25.94,76471
25.87,76483
25.87,76495
25.87,76507
25.94,76519
25.87,76532
25.87,76544
25.87,76556
25.87,76568
25.94,76580
25.87,76592
25.94,76605
25.87,76617
25.87,76629
25.94,76641
25.94,76653
25.87,76666
25.87,76678
25.87,76690
25.94,76702
25.94,76714
25.94,76726
25.87,76739
25.87,76751
25.94,76763
25.87,76775
25.87,76787
25.87,76800
25.87,76812
25.87,76824
25.87,76836
25.94,76848
25.87,76860
25.87,76873
25.94,76885
25.94,76897
25.94,76909
25.87,76921
25.94,76934
25.87,76946
25.94,76958
25.87,76970
25.94,76982
25.87,76994
25.87,77007
25.94,77019
25.87,77031
25.87,77043
25.87,77055
25.87,77067
25.87,77080
25.87,77092
25.87,77104
25.87,77116
25.87,77128
25.87,77141
25.87,77153
25.87,77165
25.87,77177
25.87,77189
25.87,77201
25.87,77214
25.87,77226
25.87,77238
25.94,77250
25.87,77262
25.87,77275
25.87,77287
25.87,77299
25.87,77311
25.87,77323
25.94,77335
25.87,77348
25.87,77360
25.87,77372
25.87,77384
25.87,77396
25.87,77408
25.94,77421
25.87,77433
25.87,77445
25.87,77457
25.94,77469
25.87,77482
25.94,77494
25.87,77506
25.94,77518
25.87,77530
25.87,77542
25.94,77555
25.87,77567
25.87,77579
25.87,77591
25.94,77603
25.87,77616
25.94,77628
25.87,77640
25.87,77652
25.87,77664
25.87,77676
25.94,77689
25.87,77701
25.87,77713
25.87,77725
25.94,77737
25.87,77750
25.87,77762
25.87,77774
25.87,77786
25.87,77798
25.87,77810
25.94,77823
25.87,77835
25.87,77847
25.87,77859
25.87,77871
25.87,77883
25.87,77896
25.87,77908
25.94,77920
25.94,77932
25.94,77944
25.87,77957
25.87,77969
25.94,77981
25.94,77993
25.87,78005
25.94,78017
25.94,78030
25.94,78042
25.87,78054
25.87,78066
25.87,78078
25.87,78091
25.87,78103
25.94,78115
25.87,78127
25.87,78139
25.87,78151
25.87,78164
25.87,78176
25.94,78188
25.87,78200
25.87,78212
25.87,78224
25.87,78237
25.87,78249
25.87,78261
25.87,78273
25.87,78285
25.94,78298
25.94,78310
25.94,78322
25.87,78334
25.94,78346
