25.75,1375
25.75,1388
25.75,1400
25.75,1412
25.75,1424
25.69,1436
25.69,1449
25.69,1461
25.69,1473
25.69,1485
25.62,1497
25.62,1509
25.62,1522
25.62,1534
25.62,1546
25.62,1558
25.69,1570
25.62,1582
25.69,1595
25.69,1607
25.69,1619
25.75,1631
25.69,1643
25.75,1656
25.75,1668
25.75,1680
25.75,1692
25.81,1704
25.81,1716
25.81,1729
25.87,1741
25.81,1753
25.87,1765
25.87,1777
25.94,1789
25.94,1802
25.94,1814
25.94,1826
25.94,1838
25.94,1850
26.0,1863
26.0,1875
26.0,1887
26.06,1899
26.12,1911
26.12,1923
26.12,1936
26.19,1948
26.19,1960
26.19,1972
26.19,1984
26.25,1996
26.25,2009
26.25,2021
26.31,2033
26.31,2045
26.31,2057
26.31,2070
26.31,2082
26.19,2094
26.25,2106
26.19,2118
26.12,2130
26.12,2143
26.0,2155
26.0,2167
25.87,2179
25.81,2191
25.75,2203
25.69,2216
25.69,2228
25.62,2240
25.56,2252
25.56,2264
25.44,2277
25.37,2289
25.37,2301
25.31,2313
25.25,2325
25.25,2337
25.19,2350
25.19,2362
25.06,2374
25.06,2386
25.06,2398
25.12,2410
25.06,2423
25.06,2435
25.0,2447
25.06,2459
25.0,2471
24.94,2484
24.94,2496
24.94,2508
24.94,2520
24.94,2532
25.0,2544
24.94,2557
24.94,2569
25.0,2581
25.0,2593
25.12,2605
25.06,2617
25.12,2630
25.19,2642
25.19,2654
25.31,2666
25.31,2678
25.31,2691
25.37,2703
25.44,2715
25.44,2727
25.5,2739
25.5,2751
25.5,2764
25.56,2776
25.5,2788
25.56,2800
25.62,2812
25.62,2824
25.69,2837
25.75,2849
25.75,2861
25.81,2873
25.81,2885
25.87,2898
25.87,2910
25.94,2922
26.0,2934
26.0,2946
26.06,2958
26.0,2971
26.06,2983
26.06,2995
26.0,3007
26.06,3019
26.06,3031
26.06,3044
26.06,3056
26.06,3068
26.06,3080
26.06,3092
26.12,3105
26.12,3117
26.12,3129
26.12,3141
26.12,3153
26.12,3165
26.19,3178
26.12,3190
26.19,3202
26.19,3214
26.19,3226
26.19,3238
26.25,3251
26.25,3263
26.25,3275
26.25,3287
26.31,3299
26.25,3312
26.31,3324
26.31,3336
26.31,3348
26.31,3360
26.31,3372
26.31,3385
26.31,3397
26.37,3409
26.37,3421
26.37,3433
26.37,3445
26.37,3458
26.37,3470
26.37,3482
26.44,3494
26.37,3506
26.37,3519
26.37,3531
26.44,3543
26.44,3555
26.44,3567
26.44,3579
26.44,3592
26.5,3604
26.5,3616
26.5,3628
26.5,3640
26.5,3653
26.56,3665
26.5,3677
26.56,3689
26.62,3701
26.56,3713
26.56,3726
26.62,3738
26.62,3750
26.69,3762
26.69,3774
26.69,3786
26.69,3799
26.69,3811
26.69,3823
26.69,3835
26.69,3847
26.69,3860
26.75,3872
26.69,3884
26.69,3896
26.75,3908
26.75,3920
26.75,3933
26.75,3945
26.75,3957
26.75,3969
26.81,3981
26.75,3993
26.81,4006
26.81,4018
26.75,4030
26.81,4042
26.81,4054
26.81,4067
26.81,4079
26.81,4091
26.81,4103
26.87,4115
26.81,4127
26.81,4140
26.81,4152
26.81,4164
26.87,4176
26.87,4188
26.81,4200
26.87,4213
26.87,4225
26.87,4237
26.87,4249
26.87,4261
26.87,4274
26.87,4286
26.87,4298
26.87,4310
26.94,4322
26.87,4334
26.94,4347
26.87,4359
26.94,4371
26.87,4383
26.94,4395
26.94,4407
26.87,4420
26.94,4432
26.94,4444
26.94,4456
26.94,4468
26.87,4481
26.94,4493
26.94,4505
26.94,4517
27.0,4529
26.94,4541
26.87,4554
26.87,4566
26.87,4578
26.94,4590
26.87,4602
26.94,4614
26.87,4627
26.94,4639
26.87,4651
26.87,4663
26.94,4675
26.87,4688
26.87,4700
26.87,4712
26.87,4724
26.87,4736
26.87,4748
26.87,4761
26.87,4773
26.87,4785
26.87,4797
26.87,4809
26.87,4821
26.87,4834
26.94,4846
26.94,4858
26.94,4870
26.94,4882
27.0,4895
26.94,4907
26.94,4919
27.0,4931
27.0,4943
27.0,4955
27.0,4968
27.0,4980
27.06,4992
27.0,5004
27.06,5016
27.06,5028
27.0,5041
27.0,5053
27.06,5065
27.06,5077
27.06,5089
27.0,5102
27.06,5114
27.06,5126
27.06,5138
27.06,5150
27.06,5162
27.06,5175
27.06,5187
27.06,5199
27.06,5211
27.06,5223
27.06,5235
27.06,5248
27.06,5260
27.06,5272
27.06,5284
27.06,5296
27.06,5309
27.12,5321
27.12,5333
27.06,5345
27.06,5357
27.06,5369
27.06,5382
27.06,5394
27.06,5406
27.12,5418
27.12,5430
27.12,5442
27.12,5455
27.12,5467
27.12,5479
27.12,5491
27.12,5503
27.12,5516
27.06,5528
27.19,5540
27.19,5552
27.12,5564
27.19,5576
27.19,5589
27.19,5601
27.19,5613
27.19,5625
27.19,5637
27.19,5649
27.19,5662
27.19,5674
27.19,5686
27.19,5698
27.25,5710
27.19,5723
27.19,5735
27.19,5747
27.19,5759
27.12,5771
27.19,5783
27.19,5796
27.19,5808
27.19,5820
27.12,5832
27.12,5844
27.12,5856
27.12,5869
27.12,5881
27.12,5893
27.12,5905
27.12,5917
27.06,5930
27.12,5942
27.12,5954
27.12,5966
27.06,5978
27.12,5990
27.19,6003
27.12,6015
27.12,6027
27.12,6039
27.12,6051
27.12,6063
27.12,6076
27.12,6088
27.19,6100
27.19,6112
27.19,6124
27.25,6137
27.19,6149
27.19,6161
27.25,6173
27.25,6185
27.25,6197
27.31,6210
27.31,6222
27.31,6234
27.25,6246
27.31,6258
27.31,6270
27.31,6283
27.31,6295
27.31,6307
27.31,6319
27.37,6331
27.37,6344
27.31,6356
27.37,6368
27.31,6380
27.37,6392
27.31,6404
27.31,6417
27.37,6429
27.37,6441
27.31,6453
27.44,6465
27.37,6477
27.31,6490
27.37,6502
27.37,6514
27.37,6526
27.37,6538
27.37,6551
27.37,6563
27.37,6575
27.37,6587
27.37,6599
27.37,6611
27.44,6624
27.37,6636
27.37,6648
27.37,6660
27.37,6672
27.37,6684
27.44,6697
27.44,6709
27.44,6721
27.44,6733
27.44,6745
27.44,6758
27.44,6770
27.44,6782
27.37,6794
27.44,6806
27.44,6818
27.44,6831
27.5,6843
27.44,6855
27.44,6867
27.44,6879
27.44,6892
27.44,6904
27.44,6916
27.44,6928
27.44,6940
27.44,6952
27.44,6965
27.44,6977
27.44,6989
27.37,7001
27.44,7013
27.37,7025
27.44,7038
27.37,7050
27.37,7062
27.37,7074
27.37,7086
27.37,7099
27.37,7111
27.37,7123
27.37,7135
27.31,7147
27.37,7159
27.37,7172
27.37,7184
27.31,7196
27.31,7208
27.37,7220
27.31,7232
27.31,7245
27.31,7257
27.37,7269
27.37,7281
27.37,7293
27.37,7306
27.44,7318
27.44,7330
27.44,7342
27.5,7354
27.5,7366
27.5,7379
27.5,7391
27.5,7403
27.5,7415
27.5,7427
27.5,7439
27.5,7452
27.5,7464
27.5,7476
27.5,7488
27.5,7500
27.5,7513
27.56,7525
27.56,7537
27.5,7549
27.56,7561
27.56,7573
27.56,7586
27.56,7598
27.56,7610
27.56,7622
27.56,7634
27.56,7646
27.56,7659
27.56,7671
27.56,7683
27.56,7695
27.56,7707
27.56,7720
27.62,7732
27.62,7744
27.56,7756
27.56,7768
27.56,7780
27.56,7793
27.56,7805
27.56,7817
27.62,7829
27.62,7841
27.56,7853
27.56,7866
27.56,7878
27.56,7890
27.62,7902
27.62,7914
27.62,7927
27.62,7939
27.62,7951
27.62,7963
27.62,7975
27.62,7987
27.62,8000
27.62,8012
27.62,8024
27.62,8036
27.62,8048
27.62,8060
27.62,8073
27.62,8085
27.62,8097
27.69,8109
27.62,8121
27.62,8134
27.62,8146
27.69,8158
27.69,8170
27.62,8182
27.62,8194
27.56,8207
27.62,8219
27.56,8231
27.62,8243
27.56,8255
27.56,8267
27.56,8280
27.56,8292
27.56,8304
27.56,8316
27.56,8328
27.56,8341
27.56,8353
27.56,8365
27.5,8377
27.5,8389
27.56,8401
27.5,8414
27.56,8426
27.56,8438
27.5,8450
27.5,8462
27.5,8474
27.5,8487
27.5,8499
27.56,8511
27.56,8523
27.56,8535
27.62,8548
27.62,8560
27.62,8572
27.62,8584
27.62,8596
27.69,8608
27.62,8621
27.62,8633
27.62,8645
27.69,8657
27.69,8669
27.69,8681
27.69,8694
27.69,8706
27.69,8718
27.69,8730
27.69,8742
27.75,8755
27.75,8767
27.75,8779
27.69,8791
27.75,8803
27.69,8815
27.75,8828
27.75,8840
27.75,8852
27.75,8864
27.75,8876
27.75,8888
27.75,8901
27.75,8913
27.75,8925
27.75,8937
27.75,8949
27.75,8962
27.75,8974
27.75,8986
27.75,8998
27.75,9010
27.75,9022
27.75,9035
27.75,9047
27.75,9059
27.75,9071
27.81,9083
27.75,9095
27.81,9108
27.81,9120
27.75,9132
27.75,9144
27.81,9156
27.81,9169
27.75,9181
27.81,9193
27.81,9205
27.81,9217
27.81,9229
27.81,9242
27.81,9254
27.75,9266
27.75,9278
27.75,9290
27.75,9302
27.81,9315
27.81,9327
27.81,9339
27.75,9351
27.81,9363
27.81,9376
27.81,9388
27.75,9400
27.75,9412
27.75,9424
27.75,9436
27.75,9449
27.75,9461
27.69,9473
27.75,9485
27.69,9497
27.69,9509
27.69,9522
27.69,9534
27.69,9546
27.62,9558
27.62,9570
27.62,9583
27.69,9595
27.62,9607
27.62,9619
27.62,9631
27.62,9643
27.56,9656
27.62,9668
27.62,9680
27.62,9692
27.62,9704
27.62,9717
27.69,9729
27.69,9741
27.69,9753
27.69,9765
27.75,9777
27.75,9790
27.75,9802
27.75,9814
27.75,9826
27.81,9838
27.81,9850
27.75,9863
27.81,9875
27.81,9887
27.81,9899
27.81,9911
27.81,9924
27.81,9936
27.87,9948
27.81,9960
27.81,9972
27.87,9984
27.87,9997
27.81,10009
27.87,10021
27.87,10033
27.87,10045
27.87,10057
27.87,10070
27.87,10082
27.87,10094
27.87,10106
27.87,10118
27.87,10131
27.87,10143
27.81,10155
27.87,10167
27.81,10179
27.87,10191
27.87,10204
27.87,10216
27.87,10228
27.87,10240
27.87,10252
27.87,10265
27.87,10277
27.87,10289
27.87,10301
27.94,10313
27.87,10325
27.94,10338
27.87,10350
27.94,10362
27.87,10374
27.94,10386
27.94,10398
27.94,10411
27.87,10423
27.87,10435
27.87,10447
27.87,10459
27.94,10472
27.94,10484
27.94,10496
27.94,10508
27.94,10520
27.94,10532
27.94,10545
27.94,10557
27.94,10569
27.94,10581
27.94,10593
27.87,10606
27.94,10618
27.87,10630
27.87,10642
27.87,10654
27.81,10666
27.81,10679
27.87,10691
27.81,10703
27.81,10715
27.87,10727
27.81,10739
27.81,10752
27.81,10764
27.81,10776
27.81,10788
27.81,10800
27.81,10813
27.81,10825
27.81,10837
27.81,10849
27.75,10861
27.81,10873
27.81,10886
27.81,10898
27.81,10910
27.81,10922
27.81,10934
27.87,10947
27.87,10959
27.81,10971
27.87,10983
27.87,10995
27.87,11007
27.87,11020
27.87,11032
27.87,11044
27.87,11056
27.94,11068
27.87,11081
27.87,11093
27.87,11105
27.94,11117
27.94,11129
27.94,11141
27.94,11154
27.94,11166
27.94,11178
27.94,11190
27.94,11202
27.94,11214
27.94,11227
27.94,11239
27.94,11251
27.94,11263
27.94,11275
27.94,11288
27.94,11300
27.94,11312
27.94,11324
27.94,11336
27.94,11348
28.0,11361
27.94,11373
28.0,11385
27.94,11397
27.94,11409
27.94,11422
27.94,11434
28.0,11446
28.0,11458
27.94,11470
28.0,11482
28.0,11495
27.94,11507
27.94,11519
27.94,11531
27.94,11543
28.0,11555
27.94,11568
28.0,11580
28.0,11592
28.0,11604
28.0,11616
28.0,11629
28.0,11641
28.0,11653
28.0,11665
28.0,11677
28.0,11689
28.0,11702
28.0,11714
28.0,11726
28.0,11738
28.06,11750
28.0,11763
28.0,11775
28.0,11787
28.0,11799
27.94,11811
28.0,11823
27.94,11836
28.0,11848
27.94,11860
27.94,11872
27.87,11884
27.87,11896
27.87,11909
27.94,11921
27.94,11933
27.94,11945
27.87,11957
27.87,11970
27.87,11982
27.87,11994
27.87,12006
27.87,12018
27.87,12030
27.87,12043
27.87,12055
27.87,12067
27.87,12079
27.81,12091
27.81,12104
27.87,12116
27.81,12128
27.81,12140
27.81,12152
27.87,12164
27.87,12177
27.87,12189
27.87,12201
27.87,12213
27.94,12225
27.94,12238
27.94,12250
27.94,12262
27.94,12274
27.94,12286
27.94,12298
27.94,12311
28.0,12323
28.0,12335
28.0,12347
28.0,12359
28.0,12371
28.0,12384
28.0,12396
28.0,12408
28.0,12420
28.06,12432
28.0,12445
28.0,12457
28.0,12469
28.0,12481
28.0,12493
28.0,12505
28.0,12518
28.06,12530
28.0,12542
28.0,12554
28.0,12566
28.0,12579
28.06,12591
28.0,12603
28.0,12615
28.0,12627
28.0,12639
28.0,12652
28.06,12664
28.0,12676
28.0,12688
28.0,12700
28.0,12713
28.0,12725
28.0,12737
28.06,12749
28.0,12761
28.0,12773
28.0,12786
28.0,12798
28.0,12810
28.06,12822
28.0,12834
28.06,12846
28.06,12859
28.0,12871
28.06,12883
28.06,12895
28.0,12907
28.0,12920
28.06,12932
28.06,12944
28.06,12956
28.0,12968
28.06,12980
28.06,12993
28.06,13005
28.06,13017
28.06,13029
28.06,13041
28.06,13054
28.06,13066
28.06,13078
28.06,13090
28.0,13102
28.06,13114
28.0,13127
28.0,13139
28.0,13151
28.0,13163
28.0,13175
28.0,13187
28.0,13200
28.0,13212
28.0,13224
28.0,13236
28.0,13248
27.94,13261
27.94,13273
28.0,13285
28.0,13297
28.0,13309
27.94,13321
28.0,13334
28.0,13346
28.0,13358
28.0,13370
28.0,13382
28.06,13395
28.0,13407
28.0,13419
28.0,13431
28.0,13443
28.06,13455
28.06,13468
28.06,13480
28.06,13492
28.06,13504
28.06,13516
28.06,13529
28.12,13541
28.06,13553
28.06,13565
28.06,13577
28.06,13589
28.12,13602
28.06,13614
28.06,13626
28.06,13638
28.06,13650
28.06,13662
28.12,13675
28.12,13687
28.06,13699
28.12,13711
28.06,13723
28.06,13736
28.06,13748
28.06,13760
28.06,13772
28.06,13784
28.06,13796
28.06,13809
28.06,13821
28.06,13833
28.12,13845
28.12,13857
28.06,13870
28.06,13882
28.06,13894
28.06,13906
28.12,13918
28.12,13930
28.06,13943
28.06,13955
28.06,13967
28.12,13979
28.12,13991
28.12,14003
28.06,14016
28.12,14028
28.06,14040
28.06,14052
28.12,14064
28.12,14077
28.12,14089
28.12,14101
28.12,14113
28.12,14125
28.12,14137
28.12,14150
28.12,14162
28.12,14174
28.12,14186
28.12,14198
28.12,14211
28.12,14223
28.12,14235
28.12,14247
28.12,14259
28.12,14271
28.12,14284
28.12,14296
28.12,14308
28.06,14320
28.12,14332
28.06,14345
28.06,14357
28.06,14369
28.06,14381
28.06,14393
28.06,14405
28.06,14418
28.06,14430
28.12,14442
28.06,14454
28.06,14466
28.06,14478
28.06,14491
28.06,14503
28.0,14515
28.0,14527
28.0,14539
28.0,14552
28.0,14564
28.0,14576
28.06,14588
28.0,14600
28.06,14612
28.06,14625
28.06,14637
28.06,14649
28.06,14661
28.12,14673
28.12,14686
28.12,14698
28.06,14710
28.12,14722
28.12,14734
28.12,14746
28.06,14759
28.12,14771
28.12,14783
28.12,14795
28.12,14807
28.12,14819
28.12,14832
28.12,14844
28.12,14856
28.12,14868
28.06,14880
28.12,14893
28.12,14905
28.12,14917
28.12,14929
28.12,14941
28.12,14953
28.12,14966
28.12,14978
28.12,14990
28.12,15002
28.12,15014
28.12,15027
28.12,15039
28.12,15051
28.12,15063
28.12,15075
28.12,15087
28.12,15100
28.12,15112
28.12,15124
28.12,15136
28.12,15148
28.12,15160
28.12,15173
28.12,15185
28.12,15197
28.12,15209
28.12,15221
28.12,15234
28.12,15246
28.12,15258
28.12,15270
28.12,15282
28.12,15294
28.12,15307
28.12,15319
28.12,15331
28.12,15343
28.12,15355
28.12,15368
28.12,15380
28.12,15392
28.12,15404
28.12,15416
28.12,15428
28.12,15441
28.06,15453
28.12,15465
28.12,15477
28.06,15489
28.06,15502
28.12,15514
28.06,15526
28.12,15538
28.06,15550
28.06,15562
28.06,15575
28.06,15587
28.06,15599
28.06,15611
28.06,15623
28.06,15635
28.06,15648
28.06,15660
28.06,15672
28.06,15684
28.06,15696
28.06,15709
28.06,15721
28.06,15733
28.06,15745
28.06,15757
28.06,15769
28.06,15782
28.06,15794
28.06,15806
28.06,15818
28.12,15830
28.06,15843
28.12,15855
28.12,15867
28.12,15879
28.12,15891
28.12,15903
28.12,15916
28.12,15928
28.12,15940
28.12,15952
28.12,15964
28.06,15976
28.12,15989
28.12,16001
28.19,16013
28.12,16025
28.12,16037
28.12,16050
28.12,16062
28.12,16074
28.12,16086
28.12,16098
28.06,16110
28.12,16123
28.12,16135
28.12,16147
28.06,16159
28.12,16171
28.12,16184
28.12,16196
28.06,16208
28.06,16220
28.06,16232
28.06,16244
28.12,16257
28.06,16269
28.12,16281
28.12,16293
28.12,16305
28.06,16318
28.12,16330
28.12,16342
28.12,16354
28.12,16366
28.12,16378
28.12,16391
28.12,16403
28.12,16415
28.12,16427
28.12,16439
28.12,16451
28.12,16464
28.06,16476
28.12,16488
28.12,16500
28.12,16512
28.12,16525
28.12,16537
28.12,16549
28.12,16561
28.12,16573
28.12,16585
28.12,16598
28.12,16610
28.12,16622
28.12,16634
28.12,16646
28.12,16659
28.12,16671
28.12,16683
28.12,16695
28.12,16707
28.12,16719
28.06,16732
28.06,16744
28.06,16756
28.06,16768
28.06,16780
28.06,16793
28.06,16805
28.06,16817
28.06,16829
28.06,16841
28.06,16853
28.06,16866
28.06,16878
28.06,16890
28.06,16902
28.06,16914
28.06,16926
28.06,16939
28.06,16951
28.06,16963
28.06,16975
28.06,16987
28.06,17000
28.06,17012
28.06,17024
28.12,17036
28.06,17048
28.06,17060
28.06,17073
28.19,17085
28.12,17097
28.12,17109
28.12,17121
28.12,17134
28.06,17146
28.12,17158
28.12,17170
28.12,17182
28.12,17194
28.12,17207
28.12,17219
28.12,17231
28.12,17243
28.12,17255
28.12,17267
28.12,17280
28.12,17292
28.12,17304
28.12,17316
28.12,17328
28.12,17341
28.12,17353
28.12,17365
28.12,17377
28.12,17389
28.12,17401
28.06,17414
28.12,17426
28.12,17438
28.12,17450
28.19,17462
28.12,17475
28.12,17487
28.12,17499
28.12,17511
28.12,17523
28.12,17535
28.12,17548
28.12,17560
28.12,17572
28.06,17584
28.12,17596
28.06,17609
28.12,17621
28.06,17633
28.12,17645
28.12,17657
28.12,17669
28.06,17682
28.06,17694
28.12,17706
28.12,17718
28.12,17730
28.12,17742
28.12,17755
28.06,17767
28.06,17779
28.12,17791
28.12,17803
28.06,17816
28.12,17828
28.12,17840
28.12,17852
28.06,17864
28.12,17876
28.12,17889
28.06,17901
28.06,17913
28.12,17925
28.06,17937
28.06,17950
28.06,17962
28.06,17974
28.06,17986
28.06,17998
28.06,18010
28.0,18023
28.06,18035
28.06,18047
28.06,18059
28.06,18071
28.06,18083
28.06,18096
28.06,18108
28.06,18120
28.06,18132
28.06,18144
28.06,18157
28.06,18169
28.06,18181
28.06,18193
28.06,18205
28.0,18217
28.06,18230
28.06,18242
28.06,18254
28.06,18266
28.06,18278
28.06,18291
28.06,18303
28.06,18315
28.06,18327
28.12,18339
28.06,18351
28.12,18364
28.12,18376
28.12,18388
28.12,18400
28.12,18412
28.12,18425
28.06,18437
28.12,18449
28.12,18461
28.12,18473
28.12,18485
28.12,18498
28.12,18510
28.12,18522
28.12,18534
28.12,18546
28.12,18558
28.12,18571
28.12,18583
28.06,18595
28.12,18607
28.12,18619
28.12,18632
28.12,18644
28.06,18656
28.12,18668
28.12,18680
28.12,18692
28.12,18705
28.12,18717
28.12,18729
28.12,18741
28.06,18753
28.06,18766
28.12,18778
28.06,18790
28.06,18802
28.06,18814
28.06,18826
28.12,18839
28.06,18851
28.06,18863
28.06,18875
28.06,18887
28.06,18899
28.06,18912
28.12,18924
28.12,18936
28.12,18948
28.06,18960
28.06,18973
28.12,18985
28.06,18997
28.12,19009
28.06,19021
28.12,19033
28.06,19046
28.06,19058
28.06,19070
28.12,19082
28.12,19094
28.06,19107
28.12,19119
28.06,19131
28.06,19143
28.06,19155
28.06,19167
28.0,19180
28.06,19192
28.06,19204
28.06,19216
28.06,19228
28.06,19241
28.06,19253
28.0,19265
28.0,19277
28.06,19289
28.0,19301
28.06,19314
28.0,19326
28.06,19338
28.06,19350
28.0,19362
28.06,19374
28.0,19387
28.06,19399
28.06,19411
28.06,19423
28.06,19435
28.0,19448
28.06,19460
28.06,19472
28.0,19484
28.06,19496
28.06,19508
28.06,19521
28.06,19533
28.06,19545
28.06,19557
28.06,19569
28.06,19582
28.12,19594
28.06,19606
28.06,19618
28.06,19630
28.06,19642
28.06,19655
28.06,19667
28.06,19679
28.06,19691
28.06,19703
28.06,19716
28.06,19728
28.06,19740
28.06,19752
28.06,19764
28.06,19776
28.06,19789
28.06,19801
28.06,19813
28.06,19825
28.06,19837
28.06,19849
28.06,19862
28.06,19874
28.06,19886
28.06,19898
28.06,19910
28.12,19923
28.06,19935
28.06,19947
28.06,19959
28.06,19971
28.12,19983
28.06,19996
28.12,20008
28.06,20020
28.06,20032
28.06,20044
28.06,20057
28.06,20069
28.06,20081
28.06,20093
28.06,20105
28.12,20117
28.06,20130
28.06,20142
28.06,20154
28.06,20166
28.06,20178
28.06,20190
28.06,20203
28.12,20215
28.06,20227
28.06,20239
28.06,20251
28.06,20264
28.06,20276
28.06,20288
28.06,20300
28.06,20312
28.06,20324
28.06,20337
28.06,20349
28.06,20361
28.06,20373
28.06,20385
28.06,20398
28.06,20410
28.06,20422
28.0,20434
28.06,20446
28.0,20458
28.0,20471
28.06,20483
28.0,20495
28.0,20507
28.0,20519
28.0,20531
28.0,20544
28.0,20556
28.0,20568
28.0,20580
28.0,20592
28.0,20605
28.0,20617
28.0,20629
28.0,20641
28.0,20653
28.0,20665
28.0,20678
28.06,20690
28.0,20702
28.06,20714
28.0,20726
28.06,20739
28.06,20751
28.06,20763
28.06,20775
28.06,20787
28.12,20799
28.12,20812
28.06,20824
28.06,20836
28.06,20848
28.06,20860
28.06,20873
28.06,20885
28.06,20897
28.06,20909
28.06,20921
28.06,20933
28.0,20946
28.06,20958
28.06,20970
28.06,20982
28.12,20994
28.06,21006
28.12,21019
28.12,21031
28.06,21043
28.06,21055
28.06,21067
28.06,21080
28.06,21092
28.06,21104
28.06,21116
28.06,21128
28.0,21140
28.06,21153
28.12,21165
28.06,21177
28.06,21189
28.06,21201
28.12,21214
28.06,21226
28.06,21238
28.06,21250
28.12,21262
28.06,21274
28.06,21287
28.06,21299
28.06,21311
28.06,21323
28.06,21335
28.06,21348
28.06,21360
28.06,21372
28.06,21384
28.06,21396
28.0,21408
28.06,21421
28.06,21433
28.06,21445
28.06,21457
28.06,21469
28.06,21481
28.0,21494
28.0,21506
28.06,21518
28.06,21530
28.06,21542
28.12,21555
28.06,21567
28.06,21579
28.06,21591
28.06,21603
28.0,21615
28.0,21628
28.06,21640
28.0,21652
28.0,21664
28.06,21676
28.0,21689
27.94,21701
28.0,21713
28.0,21725
28.0,21737
27.94,21749
28.0,21762
28.0,21774
28.0,21786
28.0,21798
27.94,21810
28.0,21822
27.94,21835
28.0,21847
28.0,21859
28.0,21871
28.0,21883
28.0,21896
28.0,21908
28.0,21920
28.0,21932
28.0,21944
28.06,21956
28.06,21969
28.06,21981
28.0,21993
28.06,22005
28.0,22017
28.06,22030
28.0,22042
28.06,22054
28.0,22066
28.06,22078
28.0,22090
28.0,22103
28.0,22115
28.0,22127
28.06,22139
28.06,22151
28.06,22164
28.06,22176
28.06,22188
28.06,22200
28.06,22212
28.06,22224
28.06,22237
28.06,22249
28.06,22261
28.06,22273
28.06,22285
28.06,22297
28.06,22310
28.06,22322
28.06,22334
28.06,22346
28.06,22358
28.06,22371
28.06,22383
28.06,22395
28.06,22407
28.06,22419
28.06,22431
28.06,22444
28.06,22456
28.06,22468
28.06,22480
28.06,22492
28.06,22505
28.06,22517
28.06,22529
28.06,22541
28.0,22553
28.06,22565
28.06,22578
28.0,22590
28.0,22602
28.0,22614
28.0,22626
28.0,22639
28.06,22651
28.0,22663
28.06,22675
28.06,22687
28.0,22699
28.06,22712
28.06,22724
28.06,22736
28.06,22748
28.06,22760
28.12,22772
28.06,22785
28.06,22797
28.0,22809
28.0,22821
28.0,22833
28.0,22846
28.0,22858
28.0,22870
27.94,22882
28.0,22894
28.0,22906
28.0,22919
28.0,22931
28.0,22943
28.0,22955
28.0,22967
28.0,22980
28.0,22992
28.0,23004
28.0,23016
28.0,23028
27.94,23040
28.0,23053
28.0,23065
27.94,23077
28.0,23089
28.0,23101
28.0,23113
28.06,23126
28.0,23138
28.0,23150
28.0,23162
28.06,23174
28.06,23187
28.06,23199
28.06,23211
28.0,23223
28.0,23235
28.0,23247
28.0,23260
28.0,23272
28.0,23284
28.06,23296
28.06,23308
28.06,23321
28.06,23333
28.06,23345
28.0,23357
28.06,23369
28.06,23381
28.06,23394
28.06,23406
28.06,23418
28.06,23430
28.06,23442
28.06,23455
28.12,23467
28.06,23479
28.06,23491
28.06,23503
28.06,23515
28.0,23528
28.06,23540
28.06,23552
28.06,23564
28.06,23576
28.0,23588
28.06,23601
28.0,23613
28.06,23625
28.0,23637
28.06,23649
28.0,23662
28.06,23674
28.06,23686
28.0,23698
28.0,23710
28.0,23722
28.06,23735
28.0,23747
28.06,23759
28.06,23771
28.06,23783
28.0,23796
28.0,23808
28.06,23820
28.0,23832
28.06,23844
28.06,23856
28.0,23869
28.0,23881
28.06,23893
28.06,23905
28.06,23917
28.06,23929
28.0,23942
28.0,23954
28.06,23966
28.06,23978
28.06,23990
28.06,24003
28.06,24015
28.06,24027
28.06,24039
28.0,24051
28.0,24063
28.0,24076
28.06,24088
28.0,24100
28.0,24112
28.0,24124
28.0,24137
28.0,24149
27.94,24161
28.0,24173
28.0,24185
28.0,24197
28.0,24210
28.0,24222
28.0,24234
28.0,24246
28.0,24258
28.0,24271
28.0,24283
28.0,24295
28.0,24307
28.0,24319
28.06,24331
28.0,24344
28.0,24356
28.06,24368
28.0,24380
28.06,24392
28.0,24404
28.06,24417
28.0,24429
28.0,24441
28.06,24453
28.06,24465
28.06,24478
28.0,24490
28.06,24502
28.06,24514
28.06,24526
28.06,24538
28.06,24551
28.0,24563
28.06,24575
28.06,24587
28.06,24599
28.06,24612
28.06,24624
28.06,24636
28.0,24648
28.0,24660
28.06,24672
28.0,24685
28.0,24697
28.0,24709
28.0,24721
28.06,24733
28.0,24746
28.0,24758
28.0,24770
28.0,24782
28.06,24794
28.0,24806
28.0,24819
28.0,24831
28.06,24843
28.0,24855
28.0,24867
28.0,24879
28.06,24892
28.0,24904
28.06,24916
28.06,24928
28.06,24940
28.06,24953
28.06,24965
28.06,24977
28.06,24989
28.06,25001
28.06,25013
28.06,25026
28.06,25038
28.06,25050
28.06,25062
28.06,25074
28.06,25087
28.06,25099
28.12,25111
28.06,25123
28.06,25135
28.06,25147
28.06,25160
28.06,25172
28.0,25184
28.06,25196
28.06,25208
28.06,25220
28.06,25233
28.06,25245
28.0,25257
28.06,25269
28.0,25281
28.0,25294
28.0,25306
28.0,25318
28.0,25330
28.0,25342
28.0,25354
28.06,25367
28.0,25379
28.0,25391
28.0,25403
28.0,25415
28.0,25428
28.0,25440
28.0,25452
28.0,25464
28.0,25476
28.0,25488
28.0,25501
28.0,25513
28.0,25525
28.0,25537
28.0,25549
28.0,25562
28.0,25574
28.06,25586
28.06,25598
28.06,25610
28.0,25622
28.06,25635
28.06,25647
28.06,25659
28.06,25671
28.0,25683
28.06,25695
28.0,25708
28.06,25720
28.06,25732
28.0,25744
28.06,25756
28.06,25769
28.06,25781
28.06,25793
28.06,25805
28.0,25817
28.0,25829
28.06,25842
28.0,25854
28.06,25866
28.06,25878
28.06,25890
28.06,25903
28.06,25915
28.06,25927
28.0,25939
28.0,25951
28.0,25963
28.0,25976
28.0,25988
28.0,26000
28.06,26012
28.06,26024
28.06,26036
28.0,26049
28.0,26061
28.0,26073
28.06,26085
28.06,26097
28.06,26110
28.06,26122
28.06,26134
28.06,26146
28.06,26158
28.06,26170
28.06,26183
28.06,26195
28.06,26207
28.0,26219
28.06,26231
28.0,26244
28.06,26256
28.06,26268
28.06,26280
28.06,26292
28.0,26304
28.0,26317
28.0,26329
28.06,26341
28.06,26353
28.06,26365
28.0,26378
28.06,26390
28.0,26402
28.06,26414
28.0,26426
28.0,26438
28.0,26451
28.06,26463
28.0,26475
28.0,26487
28.0,26499
28.0,26511
28.0,26524
28.0,26536
27.94,26548
27.94,26560
28.0,26572
28.0,26585
27.94,26597
27.94,26609
27.94,26621
27.94,26633
27.94,26645
27.94,26658
27.94,26670
27.94,26682
27.94,26694
27.94,26706
27.94,26719
27.94,26731
28.0,26743
27.94,26755
27.94,26767
27.94,26779
27.94,26792
27.94,26804
28.0,26816
28.0,26828
28.0,26840
28.0,26853
28.06,26865
28.06,26877
28.0,26889
28.06,26901
28.06,26913
28.06,26926
28.0,26938
28.0,26950
28.0,26962
28.0,26974
28.0,26986
28.06,26999
28.06,27011
28.0,27023
28.06,27035
28.06,27047
28.0,27060
28.06,27072
28.0,27084
28.06,27096
28.0,27108
28.0,27120
28.0,27133
28.0,27145
28.0,27157
28.0,27169
28.06,27181
28.0,27194
28.0,27206
28.06,27218
28.06,27230
28.0,27242
28.06,27254
28.0,27267
28.0,27279
28.0,27291
28.0,27303
28.0,27315
28.06,27328
28.0,27340
28.0,27352
28.0,27364
28.0,27376
28.0,27388
28.0,27401
28.0,27413
28.0,27425
28.06,27437
28.06,27449
28.0,27461
28.0,27474
28.0,27486
28.0,27498
28.0,27510
28.0,27522
28.06,27535
28.06,27547
28.0,27559
28.0,27571
28.0,27583
28.0,27595
28.06,27608
28.0,27620
28.0,27632
28.06,27644
28.0,27656
28.0,27669
28.0,27681
27.94,27693
27.94,27705
27.94,27717
27.94,27729
27.94,27742
27.94,27754
27.94,27766
27.94,27778
27.94,27790
27.94,27802
27.94,27815
27.94,27827
27.94,27839
27.94,27851
27.94,27863
27.94,27876
27.87,27888
27.87,27900
27.87,27912
27.87,27924
27.87,27936
27.87,27949
27.87,27961
27.87,27973
27.87,27985
27.94,27997
27.94,28010
27.94,28022
27.94,28034
27.87,28046
27.94,28058
27.94,28070
27.94,28083
27.94,28095
27.94,28107
28.0,28119
28.0,28131
27.94,28144
28.0,28156
28.0,28168
28.0,28180
28.0,28192
28.0,28204
28.0,28217
28.0,28229
28.0,28241
28.0,28253
28.0,28265
28.0,28277
28.0,28290
28.0,28302
28.0,28314
28.0,28326
28.0,28338
28.0,28351
28.0,28363
28.0,28375
28.0,28387
28.0,28399
27.94,28411
28.0,28424
28.0,28436
27.94,28448
27.94,28460
27.94,28472
28.0,28485
28.0,28497
28.0,28509
28.0,28521
28.0,28533
28.0,28545
28.0,28558
28.0,28570
28.0,28582
28.0,28594
28.0,28606
28.0,28619
28.0,28631
28.0,28643
28.0,28655
28.0,28667
28.0,28679
27.94,28692
28.0,28704
28.0,28716
28.0,28728
28.0,28740
27.94,28752
28.0,28765
28.0,28777
28.0,28789
28.0,28801
28.0,28813
27.94,28826
28.0,28838
27.94,28850
27.94,28862
27.94,28874
28.0,28886
27.94,28899
27.94,28911
27.94,28923
27.94,28935
27.87,28947
27.94,28960
27.94,28972
27.94,28984
27.94,28996
27.94,29008
27.87,29020
27.94,29033
27.94,29045
27.94,29057
27.87,29069
27.87,29081
27.87,29093
27.87,29106
27.94,29118
27.87,29130
27.87,29142
27.87,29154
27.87,29167
27.87,29179
27.87,29191
27.87,29203
27.87,29215
27.94,29227
27.94,29240
27.94,29252
27.94,29264
27.94,29276
27.94,29288
28.0,29301
27.94,29313
28.0,29325
28.0,29337
28.0,29349
28.0,29361
28.0,29374
28.0,29386
28.0,29398
28.0,29410
28.0,29422
28.0,29435
28.0,29447
28.0,29459
28.0,29471
27.94,29483
28.0,29495
28.0,29508
28.0,29520
28.0,29532
28.0,29544
28.0,29556
27.94,29568
28.0,29581
27.94,29593
28.0,29605
28.0,29617
28.0,29629
27.94,29642
28.0,29654
28.0,29666
27.94,29678
28.0,29690
28.0,29702
28.0,29715
27.94,29727
28.0,29739
27.94,29751
27.94,29763
27.94,29776
28.0,29788
27.94,29800
27.94,29812
27.94,29824
28.0,29836
28.0,29849
28.0,29861
28.0,29873
28.0,29885
28.0,29897
28.0,29910
28.0,29922
28.0,29934
28.0,29946
28.0,29958
28.0,29970
28.06,29983
28.06,29995
28.0,30007
28.0,30019
28.0,30031
28.0,30043
28.06,30056
28.0,30068
28.0,30080
28.0,30092
28.0,30104
28.0,30117
27.94,30129
28.0,30141
27.94,30153
27.94,30165
27.94,30177
27.94,30190
27.87,30202
27.94,30214
27.87,30226
27.87,30238
27.87,30251
27.87,30263
27.87,30275
27.87,30287
27.87,30299
27.94,30311
27.87,30324
27.94,30336
27.87,30348
27.87,30360
27.87,30372
27.87,30385
27.87,30397
27.87,30409
27.87,30421
27.87,30433
27.94,30445
27.94,30458
27.94,30470
28.0,30482
27.94,30494
28.0,30506
28.0,30518
28.0,30531
28.0,30543
28.0,30555
28.0,30567
28.0,30579
28.0,30592
28.0,30604
27.94,30616
28.0,30628
28.0,30640
28.0,30652
28.0,30665
28.0,30677
28.0,30689
28.0,30701
28.0,30713
28.0,30726
28.0,30738
28.0,30750
28.0,30762
28.0,30774
28.0,30786
27.94,30799
28.0,30811
27.94,30823
28.0,30835
27.94,30847
28.0,30860
28.0,30872
28.0,30884
27.94,30896
27.94,30908
28.0,30920
27.94,30933
27.94,30945
28.0,30957
28.0,30969
28.0,30981
27.94,30993
28.0,31006
28.0,31018
28.0,31030
28.0,31042
28.0,31054
28.0,31067
28.0,31079
28.0,31091
28.0,31103
28.0,31115
28.0,31127
27.94,31140
28.0,31152
28.0,31164
27.94,31176
27.94,31188
28.0,31201
27.94,31213
28.0,31225
28.0,31237
28.0,31249
28.0,31261
27.94,31274
28.0,31286
28.0,31298
28.0,31310
27.94,31322
28.0,31334
27.94,31347
27.94,31359
27.87,31371
27.94,31383
27.87,31395
27.94,31408
27.94,31420
27.94,31432
27.87,31444
27.94,31456
27.94,31468
27.94,31481
27.87,31493
27.87,31505
27.87,31517
27.87,31529
27.87,31542
27.87,31554
27.87,31566
27.87,31578
27.87,31590
27.87,31602
27.87,31615
27.87,31627
27.87,31639
27.94,31651
27.87,31663
27.87,31676
27.87,31688
27.94,31700
27.94,31712
27.94,31724
27.94,31736
27.94,31749
27.94,31761
27.94,31773
27.94,31785
27.94,31797
27.94,31809
27.94,31822
28.0,31834
27.94,31846
27.94,31858
27.94,31870
28.0,31883
27.94,31895
27.94,31907
28.0,31919
27.94,31931
27.94,31943
27.94,31956
27.94,31968
27.94,31980
27.94,31992
28.0,32004
27.94,32017
27.94,32029
28.0,32041
28.0,32053
27.94,32065
28.0,32077
28.0,32090
28.0,32102
28.0,32114
28.0,32126
27.94,32138
28.0,32151
27.94,32163
28.0,32175
28.0,32187
28.0,32199
28.0,32211
28.0,32224
28.0,32236
28.0,32248
28.0,32260
28.0,32272
27.94,32284
27.94,32297
28.0,32309
27.94,32321
28.0,32333
28.0,32345
27.94,32358
28.0,32370
27.94,32382
27.94,32394
27.94,32406
27.94,32418
28.0,32431
27.94,32443
27.94,32455
28.0,32467
28.0,32479
28.0,32492
27.94,32504
27.94,32516
28.0,32528
28.0,32540
27.94,32552
28.0,32565
27.94,32577
27.94,32589
27.94,32601
27.87,32613
27.94,32626
27.87,32638
27.94,32650
27.87,32662
27.94,32674
27.87,32686
27.87,32699
27.87,32711
27.87,32723
27.87,32735
27.87,32747
27.87,32759
27.87,32772
27.87,32784
27.87,32796
27.81,32808
27.87,32820
27.87,32833
27.81,32845
27.87,32857
27.87,32869
27.87,32881
27.94,32893
27.94,32906
27.94,32918
27.94,32930
27.94,32942
27.94,32954
27.94,32967
27.94,32979
27.94,32991
27.94,33003
27.94,33015
27.94,33027
27.94,33040
28.0,33052
27.94,33064
27.94,33076
27.94,33088
27.94,33100
27.94,33113
27.94,33125
28.0,33137
28.0,33149
27.94,33161
27.94,33174
28.0,33186
28.0,33198
28.0,33210
27.94,33222
28.0,33234
28.0,33247
27.94,33259
27.94,33271
27.94,33283
27.94,33295
27.94,33308
27.94,33320
27.94,33332
27.94,33344
27.94,33356
27.94,33368
27.94,33381
27.94,33393
27.94,33405
27.94,33417
27.94,33429
27.94,33442
27.94,33454
27.94,33466
27.94,33478
28.0,33490
27.94,33502
27.94,33515
27.94,33527
27.94,33539
28.0,33551
27.94,33563
27.94,33575
27.94,33588
27.94,33600
27.94,33612
27.94,33624
27.94,33636
28.0,33649
28.0,33661
27.94,33673
27.94,33685
27.94,33697
27.94,33709
27.94,33722
27.94,33734
27.94,33746
28.0,33758
28.0,33770
27.94,33783
27.87,33795
27.87,33807
27.87,33819
27.94,33831
27.87,33843
27.87,33856
27.87,33868
27.87,33880
27.87,33892
27.81,33904
27.87,33917
27.81,33929
27.87,33941
27.81,33953
27.87,33965
27.87,33977
27.81,33990
27.81,34002
27.81,34014
27.75,34026
27.81,34038
27.81,34050
27.75,34063
27.81,34075
27.81,34087
27.81,34099
27.87,34111
27.87,34124
27.87,34136
27.94,34148
27.81,34160
27.94,34172
27.87,34184
27.94,34197
27.94,34209
27.94,34221
27.87,34233
27.94,34245
27.94,34258
27.94,34270
27.94,34282
27.94,34294
27.94,34306
27.94,34318
27.87,34331
27.87,34343
27.94,34355
27.94,34367
27.94,34379
27.94,34392
27.87,34404
27.94,34416
27.94,34428
27.94,34440
27.94,34452
27.94,34465
27.87,34477
27.87,34489
27.87,34501
27.94,34513
27.94,34525
27.94,34538
27.87,34550
27.87,34562
27.94,34574
27.94,34586
27.87,34599
27.94,34611
27.94,34623
27.87,34635
27.87,34647
27.94,34659
27.87,34672
27.94,34684
27.94,34696
27.94,34708
27.87,34720
27.94,34733
27.94,34745
27.94,34757
27.94,34769
27.94,34781
27.94,34793
27.94,34806
27.94,34818
27.87,34830
27.87,34842
27.94,34854
27.94,34866
27.94,34879
27.94,34891
27.94,34903
27.94,34915
27.94,34927
27.94,34940
27.94,34952
27.94,34964
27.94,34976
27.94,34988
27.87,35000
27.94,35013
27.87,35025
27.94,35037
27.87,35049
27.87,35061
27.81,35074
27.81,35086
27.87,35098
27.81,35110
27.81,35122
27.87,35134
27.81,35147
27.81,35159
27.81,35171
27.81,35183
27.81,35195
27.81,35208
27.75,35220
27.81,35232
27.81,35244
27.81,35256
27.81,35268
27.81,35281
27.81,35293
27.81,35305
27.81,35317
27.81,35329
27.87,35341
27.81,35354
27.87,35366
27.87,35378
27.87,35390
27.87,35402
27.87,35415
27.87,35427
27.87,35439
27.87,35451
27.87,35463
27.87,35475
27.87,35488
27.94,35500
27.87,35512
27.94,35524
27.94,35536
27.87,35549
27.94,35561
27.87,35573
27.94,35585
27.94,35597
27.87,35609
27.87,35622
27.87,35634
27.94,35646
27.94,35658
27.87,35670
27.94,35683
27.94,35695
27.87,35707
27.94,35719
27.87,35731
27.94,35743
27.94,35756
27.94,35768
27.94,35780
27.94,35792
27.94,35804
27.87,35816
27.94,35829
27.94,35841
27.87,35853
27.94,35865
27.87,35877
27.94,35890
27.94,35902
27.94,35914
27.87,35926
27.94,35938
27.94,35950
27.87,35963
27.94,35975
27.87,35987
27.87,35999
27.87,36011
27.94,36024
27.94,36036
27.87,36048
27.87,36060
27.94,36072
27.87,36084
27.87,36097
27.94,36109
27.87,36121
27.94,36133
27.87,36145
27.94,36158
27.94,36170
27.87,36182
27.87,36194
27.87,36206
27.87,36218
27.87,36231
27.87,36243
27.81,36255
27.87,36267
27.81,36279
27.81,36291
27.81,36304
27.81,36316
27.81,36328
27.75,36340
27.81,36352
27.81,36365
27.75,36377
27.81,36389
27.75,36401
27.75,36413
27.75,36425
27.75,36438
27.81,36450
27.75,36462
27.81,36474
27.75,36486
27.75,36499
27.75,36511
27.75,36523
27.81,36535
27.81,36547
27.81,36559
27.87,36572
27.81,36584
27.87,36596
27.87,36608
27.87,36620
27.87,36633
27.87,36645
27.87,36657
27.87,36669
27.87,36681
27.81,36693
27.87,36706
27.87,36718
27.87,36730
27.87,36742
27.87,36754
27.81,36766
27.87,36779
27.87,36791
27.87,36803
27.94,36815
27.87,36827
27.94,36840
27.87,36852
27.87,36864
27.94,36876
27.94,36888
27.94,36900
27.94,36913
27.87,36925
27.87,36937
27.94,36949
27.87,36961
27.94,36974
27.87,36986
27.87,36998
27.87,37010
27.87,37022
27.87,37034
27.94,37047
27.87,37059
27.87,37071
27.87,37083
27.87,37095
27.87,37107
27.87,37120
27.87,37132
27.94,37144
27.87,37156
27.94,37168
27.87,37181
27.87,37193
27.87,37205
27.94,37217
27.87,37229
27.94,37241
27.87,37254
27.87,37266
27.87,37278
27.94,37290
27.87,37302
27.94,37315
27.87,37327
27.87,37339
27.87,37351
27.87,37363
27.87,37375
27.87,37388
27.87,37400
27.87,37412
27.81,37424
27.87,37436
27.81,37449
27.81,37461
27.81,37473
27.81,37485
27.81,37497
27.81,37509
27.75,37522
27.81,37534
27.75,37546
27.81,37558
27.81,37570
27.75,37582
27.75,37595
27.75,37607
27.81,37619
27.81,37631
27.75,37643
27.75,37656
27.69,37668
27.75,37680
27.75,37692
27.75,37704
27.75,37716
27.81,37729
27.81,37741
27.81,37753
27.81,37765
27.81,37777
27.81,37790
27.87,37802
27.81,37814
27.87,37826
27.87,37838
27.81,37850
27.87,37863
27.87,37875
27.81,37887
27.87,37899
27.87,37911
27.87,37923
27.87,37936
27.87,37948
27.87,37960
27.81,37972
27.81,37984
27.81,37997
27.87,38009
27.87,38021
27.81,38033
27.87,38045
27.81,38057
27.87,38070
27.87,38082
27.87,38094
27.87,38106
27.87,38118
27.87,38131
27.87,38143
27.87,38155
27.87,38167
27.87,38179
27.87,38191
27.87,38204
27.87,38216
27.87,38228
27.87,38240
27.87,38252
27.87,38265
27.87,38277
27.87,38289
27.81,38301
27.87,38313
27.87,38325
27.87,38338
27.87,38350
27.87,38362
27.81,38374
27.87,38386
27.87,38398
27.87,38411
27.87,38423
27.87,38435
27.87,38447
27.87,38459
27.87,38472
27.87,38484
27.87,38496
27.87,38508
27.87,38520
27.81,38532
27.87,38545
27.81,38557
27.87,38569
27.87,38581
27.87,38593
27.87,38606
27.87,38618
27.87,38630
27.81,38642
27.81,38654
27.87,38666
27.87,38679
27.81,38691
27.81,38703
27.81,38715
27.81,38727
27.75,38740
27.81,38752
27.81,38764
27.81,38776
27.75,38788
27.75,38800
27.75,38813
27.75,38825
27.69,38837
27.75,38849
27.75,38861
27.75,38873
27.75,38886
27.75,38898
27.75,38910
27.75,38922
27.75,38934
27.75,38947
27.75,38959
27.75,38971
27.81,38983
27.81,38995
27.81,39007
27.81,39020
27.75,39032
27.81,39044
27.81,39056
27.81,39068
27.81,39081
27.81,39093
27.81,39105
27.81,39117
27.87,39129
27.81,39141
27.87,39154
27.81,39166
27.81,39178
27.81,39190
27.81,39202
27.81,39214
27.87,39227
27.87,39239
27.81,39251
27.87,39263
27.87,39275
27.87,39288
27.87,39300
27.87,39312
27.87,39324
27.87,39336
27.87,39348
27.87,39361
27.81,39373
27.81,39385
27.81,39397
27.81,39409
27.81,39422
27.81,39434
27.81,39446
27.81,39458
27.81,39470
27.87,39482
27.81,39495
27.81,39507
27.81,39519
27.81,39531
27.81,39543
27.87,39556
27.87,39568
27.87,39580
27.87,39592
27.81,39604
27.87,39616
27.87,39629
27.81,39641
27.87,39653
27.87,39665
27.81,39677
27.81,39689
27.87,39702
27.81,39714
27.87,39726
27.87,39738
27.87,39750
27.87,39763
27.87,39775
27.87,39787
27.87,39799
27.87,39811
27.81,39823
27.87,39836
27.87,39848
27.87,39860
27.87,39872
27.81,39884
27.81,39897
27.81,39909
27.81,39921
27.75,39933
27.75,39945
27.75,39957
27.75,39970
27.75,39982
27.75,39994
27.75,40006
27.75,40018
27.75,40031
27.75,40043
27.75,40055
27.75,40067
27.75,40079
27.75,40091
27.75,40104
27.69,40116
27.69,40128
27.69,40140
27.69,40152
27.75,40164
27.75,40177
27.75,40189
27.81,40201
27.81,40213
27.81,40225
27.81,40238
27.81,40250
27.81,40262
27.81,40274
27.81,40286
27.81,40298
27.81,40311
27.81,40323
27.81,40335
27.81,40347
27.81,40359
27.81,40372
27.81,40384
27.87,40396
27.81,40408
27.81,40420
27.81,40432
27.81,40445
27.81,40457
27.81,40469
27.81,40481
27.81,40493
27.81,40506
27.81,40518
27.81,40530
27.81,40542
27.81,40554
27.81,40566
27.81,40579
27.81,40591
27.81,40603
27.81,40615
27.81,40627
27.87,40639
27.81,40652
27.81,40664
27.81,40676
27.81,40688
27.81,40700
27.81,40713
27.87,40725
27.87,40737
27.81,40749
27.81,40761
27.81,40773
27.81,40786
27.81,40798
27.81,40810
27.81,40822
27.81,40834
27.81,40847
27.81,40859
27.81,40871
27.81,40883
27.81,40895
27.81,40907
27.81,40920
27.81,40932
27.81,40944
27.81,40956
27.81,40968
27.81,40980
27.81,40993
27.81,41005
27.81,41017
27.81,41029
27.81,41041
27.81,41054
27.81,41066
27.81,41078
27.81,41090
27.75,41102
27.75,41114
27.75,41127
27.75,41139
27.75,41151
27.69,41163
27.69,41175
27.75,41188
27.69,41200
27.69,41212
27.69,41224
27.69,41236
27.69,41248
27.69,41261
27.69,41273
27.69,41285
27.69,41297
27.69,41309
27.69,41322
27.69,41334
27.69,41346
27.62,41358
27.69,41370
27.69,41382
27.69,41395
27.69,41407
27.75,41419
27.75,41431
27.69,41443
27.75,41455
27.75,41468
27.75,41480
27.75,41492
27.75,41504
27.75,41516
27.75,41529
27.81,41541
27.75,41553
27.81,41565
27.81,41577
27.81,41589
27.75,41602
27.81,41614
27.81,41626
27.81,41638
27.81,41650
27.81,41663
27.81,41675
27.81,41687
27.81,41699
27.81,41711
27.81,41723
27.81,41736
27.81,41748
27.81,41760
27.81,41772
27.81,41784
27.81,41797
27.81,41809
27.81,41821
27.81,41833
27.81,41845
27.81,41857
27.81,41870
27.81,41882
27.81,41894
27.81,41906
27.81,41918
27.81,41930
27.81,41943
27.81,41955
27.81,41967
27.81,41979
27.81,41991
27.81,42004
27.81,42016
27.81,42028
27.81,42040
27.81,42052
27.81,42064
27.81,42077
27.81,42089
27.81,42101
27.81,42113
27.81,42125
27.81,42138
27.75,42150
27.81,42162
27.81,42174
27.81,42186
27.81,42198
27.81,42211
27.75,42223
27.75,42235
27.75,42247
27.81,42259
27.81,42271
27.81,42284
27.81,42296
27.75,42308
27.75,42320
27.75,42332
27.75,42345
27.75,42357
27.75,42369
27.69,42381
27.69,42393
27.69,42405
27.69,42418
27.69,42430
27.69,42442
27.69,42454
27.69,42466
27.69,42479
27.69,42491
27.62,42503
27.69,42515
27.69,42527
27.69,42539
27.69,42552
27.69,42564
27.62,42576
27.62,42588
27.62,42600
27.69,42613
27.69,42625
27.69,42637
27.69,42649
27.75,42661
27.75,42673
27.75,42686
27.75,42698
27.75,42710
27.75,42722
27.75,42734
27.75,42746
27.75,42759
27.75,42771
27.75,42783
27.75,42795
27.75,42807
27.81,42820
27.75,42832
27.81,42844
27.75,42856
27.81,42868
27.81,42880
27.81,42893
27.81,42905
27.81,42917
27.81,42929
27.75,42941
27.75,42954
27.81,42966
27.81,42978
27.81,42990
27.75,43002
27.81,43014
27.81,43027
27.75,43039
27.81,43051
27.75,43063
27.81,43075
27.75,43088
27.75,43100
27.81,43112
27.75,43124
27.81,43136
27.81,43148
27.75,43161
27.75,43173
27.75,43185
27.75,43197
27.75,43209
27.75,43221
27.81,43234
27.75,43246
27.69,43258
27.75,43270
27.75,43282
27.75,43295
27.75,43307
27.75,43319
27.75,43331
27.75,43343
27.75,43355
27.75,43368
27.75,43380
27.81,43392
27.81,43404
27.81,43416
27.81,43429
27.81,43441
27.81,43453
27.81,43465
27.81,43477
27.81,43489
27.81,43502
27.81,43514
27.75,43526
27.75,43538
27.75,43550
27.75,43563
27.75,43575
27.75,43587
27.75,43599
27.75,43611
27.69,43623
27.69,43636
27.69,43648
27.69,43660
27.69,43672
27.69,43684
27.69,43696
27.69,43709
27.69,43721
27.69,43733
27.69,43745
27.62,43757
27.69,43770
27.62,43782
27.62,43794
27.69,43806
27.62,43818
27.69,43830
27.69,43843
27.69,43855
27.69,43867
27.69,43879
27.75,43891
27.75,43904
27.75,43916
27.69,43928
27.75,43940
27.75,43952
27.75,43964
27.75,43977
27.75,43989
27.75,44001
27.81,44013
27.81,44025
27.75,44037
27.75,44050
27.75,44062
27.81,44074
27.81,44086
27.81,44098
27.81,44111
27.75,44123
27.81,44135
27.75,44147
27.81,44159
27.81,44171
27.75,44184
27.81,44196
27.81,44208
27.75,44220
27.81,44232
27.81,44245
27.75,44257
27.81,44269
27.75,44281
27.81,44293
27.75,44305
27.75,44318
27.75,44330
27.75,44342
27.75,44354
27.81,44366
27.75,44379
27.75,44391
27.75,44403
27.81,44415
27.75,44427
27.75,44439
27.75,44452
27.75,44464
27.75,44476
27.75,44488
27.75,44500
27.75,44512
27.75,44525
27.75,44537
27.75,44549
27.69,44561
27.69,44573
27.69,44586
27.75,44598
27.75,44610
27.75,44622
27.75,44634
27.75,44646
27.75,44659
27.75,44671
27.75,44683
27.75,44695
27.75,44707
27.69,44720
27.75,44732
27.69,44744
27.75,44756
27.69,44768
27.69,44780
27.69,44793
27.69,44805
27.69,44817
27.69,44829
27.69,44841
27.62,44854
27.62,44866
27.62,44878
27.62,44890
27.62,44902
27.62,44914
27.62,44927
27.62,44939
27.62,44951
27.62,44963
27.62,44975
27.62,44987
27.62,45000
27.56,45012
27.62,45024
27.62,45036
27.69,45048
27.69,45061
27.69,45073
27.69,45085
27.69,45097
27.69,45109
27.69,45121
27.69,45134
27.75,45146
27.75,45158
27.75,45170
27.69,45182
27.75,45195
27.75,45207
27.69,45219
27.75,45231
27.75,45243
27.75,45255
27.75,45268
27.75,45280
27.75,45292
27.75,45304
27.69,45316
27.75,45329
27.75,45341
27.75,45353
27.75,45365
27.75,45377
27.75,45389
27.75,45402
27.75,45414
27.69,45426
27.75,45438
27.81,45450
27.75,45462
27.81,45475
27.75,45487
27.75,45499
27.75,45511
27.75,45523
27.75,45536
27.75,45548
27.75,45560
27.81,45572
27.75,45584
27.75,45596
27.81,45609
27.75,45621
27.75,45633
27.75,45645
27.81,45657
27.75,45670
27.75,45682
27.75,45694
27.75,45706
27.75,45718
27.75,45730
27.75,45743
27.75,45755
27.75,45767
27.75,45779
27.75,45791
27.75,45803
27.75,45816
27.75,45828
27.75,45840
27.75,45852
27.75,45864
27.69,45877
27.75,45889
27.69,45901
27.75,45913
27.75,45925
27.75,45937
27.75,45950
27.69,45962
27.69,45974
27.69,45986
27.62,45998
27.69,46011
27.69,46023
27.56,46035
27.62,46047
27.62,46059
27.62,46071
27.62,46084
27.62,46096
27.62,46108
27.62,46120
27.62,46132
27.62,46145
27.62,46157
27.62,46169
27.62,46181
27.62,46193
27.56,46205
27.56,46218
27.56,46230
27.56,46242
27.62,46254
27.62,46266
27.62,46278
27.69,46291
27.62,46303
27.69,46315
27.69,46327
27.69,46339
27.69,46352
27.69,46364
27.69,46376
27.69,46388
27.69,46400
27.69,46412
27.75,46425
27.69,46437
27.75,46449
27.75,46461
27.69,46473
27.75,46486
27.69,46498
27.69,46510
27.69,46522
27.75,46534
27.75,46546
27.75,46559
27.75,46571
27.75,46583
27.75,46595
27.75,46607
27.75,46619
27.75,46632
27.75,46644
27.69,46656
27.75,46668
27.75,46680
27.75,46693
27.75,46705
27.75,46717
27.75,46729
27.75,46741
27.69,46753
27.75,46766
27.75,46778
27.69,46790
27.75,46802
27.75,46814
27.75,46827
27.75,46839
27.75,46851
27.69,46863
27.75,46875
27.75,46887
27.75,46900
27.75,46912
27.75,46924
27.75,46936
27.75,46948
27.69,46961
27.75,46973
27.69,46985
27.75,46997
27.75,47009
27.69,47021
27.69,47034
27.75,47046
27.75,47058
27.75,47070
27.69,47082
27.69,47094
27.75,47107
27.69,47119
27.75,47131
27.75,47143
27.75,47155
27.69,47168
27.69,47180
27.62,47192
27.69,47204
27.62,47216
27.69,47228
27.62,47241
27.62,47253
27.69,47265
27.62,47277
27.62,47289
27.62,47302
27.62,47314
27.62,47326
27.62,47338
27.62,47350
27.62,47362
27.62,47375
27.56,47387
27.62,47399
27.62,47411
27.56,47423
27.62,47435
27.56,47448
27.56,47460
27.62,47472
27.62,47484
27.62,47496
27.62,47509
27.62,47521
27.62,47533
27.69,47545
27.69,47557
27.62,47569
27.69,47582
27.69,47594
27.62,47606
27.69,47618
27.69,47630
27.69,47643
27.69,47655
27.69,47667
27.69,47679
27.69,47691
27.75,47703
27.69,47716
27.75,47728
27.75,47740
27.75,47752
27.69,47764
27.75,47777
27.75,47789
27.69,47801
27.69,47813
27.75,47825
27.75,47837
27.75,47850
27.75,47862
27.75,47874
27.75,47886
27.69,47898
27.75,47910
27.75,47923
27.75,47935
27.75,47947
27.75,47959
27.75,47971
27.69,47984
27.69,47996
27.75,48008
27.75,48020
27.69,48032
27.75,48044
27.75,48057
27.75,48069
27.69,48081
27.69,48093
27.69,48105
27.69,48118
27.69,48130
27.69,48142
27.69,48154
27.69,48166
27.69,48178
27.69,48191
27.69,48203
27.69,48215
27.75,48227
27.69,48239
27.69,48252
27.69,48264
27.69,48276
27.69,48288
27.69,48300
27.75,48312
27.69,48325
27.69,48337
27.69,48349
27.69,48361
27.69,48373
27.69,48385
27.62,48398
27.69,48410
27.62,48422
27.62,48434
27.62,48446
27.69,48459
27.62,48471
27.62,48483
27.62,48495
27.62,48507
27.62,48519
27.62,48532
27.62,48544
27.56,48556
27.56,48568
27.62,48580
27.62,48593
27.62,48605
27.56,48617
27.62,48629
27.62,48641
27.56,48653
27.56,48666
27.56,48678
27.56,48690
27.62,48702
27.62,48714
27.62,48726
27.62,48739
27.69,48751
27.69,48763
27.69,48775
27.69,48787
27.69,48800
27.69,48812
27.69,48824
27.69,48836
27.69,48848
27.69,48860
27.75,48873
27.69,48885
27.69,48897
27.69,48909
27.69,48921
27.75,48934
27.69,48946
27.69,48958
27.69,48970
27.69,48982
27.75,48994
27.69,49007
27.69,49019
27.69,49031
27.69,49043
27.69,49055
27.75,49068
27.69,49080
27.69,49092
27.69,49104
27.69,49116
27.69,49128
27.69,49141
27.69,49153
27.62,49165
27.69,49177
27.69,49189
27.69,49201
27.75,49214
27.75,49226
27.75,49238
27.75,49250
27.75,49262
27.75,49275
27.75,49287
27.75,49299
27.75,49311
27.75,49323
27.75,49335
27.69,49348
27.69,49360
27.69,49372
27.69,49384
27.69,49396
27.62,49409
27.69,49421
27.69,49433
27.69,49445
27.75,49457
27.69,49469
27.69,49482
27.69,49494
27.69,49506
27.75,49518
27.75,49530
27.75,49543
27.75,49555
27.75,49567
27.75,49579
27.75,49591
27.69,49603
27.69,49616
27.75,49628
27.62,49640
27.69,49652
27.62,49664
27.62,49676
27.62,49689
27.62,49701
27.62,49713
27.62,49725
27.62,49737
27.62,49750
27.62,49762
27.62,49774
27.56,49786
27.56,49798
27.62,49810
27.62,49823
27.56,49835
27.62,49847
27.56,49859
27.62,49871
27.56,49884
27.56,49896
27.56,49908
27.62,49920
27.62,49932
27.62,49944
27.62,49957
27.62,49969
27.62,49981
27.62,49993
27.62,50005
27.69,50018
27.62,50030
27.62,50042
27.69,50054
27.62,50066
27.69,50078
27.69,50091
27.69,50103
27.69,50115
27.69,50127
27.69,50139
27.69,50151
27.69,50164
27.69,50176
27.69,50188
27.69,50200
27.69,50212
27.69,50225
27.69,50237
27.69,50249
27.75,50261
27.69,50273
27.69,50285
27.75,50298
27.69,50310
27.75,50322
27.69,50334
27.75,50346
27.75,50359
27.75,50371
27.69,50383
27.75,50395
27.69,50407
27.69,50419
27.75,50432
27.75,50444
27.69,50456
27.75,50468
27.75,50480
27.69,50492
27.75,50505
27.75,50517
27.75,50529
27.75,50541
27.75,50553
27.75,50566
27.75,50578
27.75,50590
27.75,50602
27.75,50614
27.75,50626
27.75,50639
27.75,50651
27.75,50663
27.75,50675
27.75,50687
27.75,50700
27.75,50712
27.75,50724
27.75,50736
27.75,50748
27.75,50760
27.75,50773
27.69,50785
27.75,50797
27.69,50809
27.75,50821
27.69,50834
27.69,50846
27.69,50858
27.62,50870
27.62,50882
27.62,50894
27.62,50907
27.62,50919
27.62,50931
27.56,50943
27.56,50955
27.62,50967
27.56,50980
27.62,50992
27.62,51004
27.62,51016
27.56,51028
27.62,51041
27.56,51053
27.62,51065
27.62,51077
27.62,51089
27.56,51101
27.62,51114
27.56,51126
27.62,51138
27.62,51150
27.69,51162
27.69,51175
27.62,51187
27.69,51199
27.69,51211
27.69,51223
27.69,51235
27.69,51248
27.75,51260
27.69,51272
27.75,51284
27.69,51296
27.75,51308
27.75,51321
27.69,51333
27.75,51345
27.69,51357
27.75,51369
27.69,51382
27.75,51394
27.75,51406
27.69,51418
27.75,51430
27.75,51442
27.69,51455
27.75,51467
27.69,51479
27.75,51491
27.75,51503
27.75,51516
27.75,51528
27.75,51540
27.75,51552
27.75,51564
27.75,51576
27.75,51589
27.75,51601
27.69,51613
27.69,51625
27.75,51637
27.69,51650
27.69,51662
27.69,51674
27.69,51686
27.69,51698
27.69,51710
27.69,51723
27.69,51735
27.75,51747
27.69,51759
27.69,51771
27.75,51783
27.69,51796
27.69,51808
27.69,51820
27.69,51832
27.69,51844
27.69,51857
27.69,51869
27.69,51881
27.69,51893
27.69,51905
27.69,51917
27.69,51930
27.69,51942
27.69,51954
27.69,51966
27.69,51978
27.69,51991
27.69,52003
27.69,52015
27.69,52027
27.69,52039
27.62,52051
27.69,52064
27.62,52076
27.62,52088
27.62,52100
27.62,52112
27.62,52124
27.62,52137
27.62,52149
27.62,52161
27.62,52173
27.56,52185
27.56,52198
27.56,52210
27.62,52222
27.56,52234
27.56,52246
27.62,52258
27.56,52271
27.56,52283
27.56,52295
27.56,52307
27.56,52319
27.56,52332
27.56,52344
27.62,52356
27.62,52368
27.62,52380
27.62,52392
27.62,52405
27.62,52417
27.69,52429
27.62,52441
27.69,52453
27.69,52466
27.69,52478
27.69,52490
27.69,52502
27.69,52514
27.69,52526
27.69,52539
27.69,52551
27.69,52563
27.69,52575
27.69,52587
27.62,52599
27.69,52612
27.69,52624
27.75,52636
27.69,52648
27.69,52660
27.69,52673
27.69,52685
27.69,52697
27.69,52709
27.69,52721
27.69,52733
27.69,52746
27.69,52758
27.69,52770
27.75,52782
27.69,52794
27.75,52807
27.69,52819
27.69,52831
27.69,52843
27.75,52855
27.69,52867
27.75,52880
27.69,52892
27.69,52904
27.69,52916
27.69,52928
27.69,52941
27.69,52953
27.69,52965
27.69,52977
27.69,52989
27.69,53001
27.69,53014
27.69,53026
27.69,53038
27.69,53050
27.69,53062
27.69,53074
27.69,53087
27.75,53099
27.75,53111
27.69,53123
27.75,53135
27.69,53148
27.69,53160
27.69,53172
27.69,53184
27.69,53196
27.69,53208
27.75,53221
27.75,53233
27.75,53245
27.69,53257
27.69,53269
27.69,53282
27.62,53294
27.62,53306
27.62,53318
27.62,53330
27.62,53342
27.62,53355
27.62,53367
27.62,53379
27.62,53391
27.62,53403
27.56,53415
27.62,53428
27.62,53440
27.62,53452
27.56,53464
27.62,53476
27.62,53489
27.62,53501
27.62,53513
27.56,53525
27.62,53537
27.62,53549
27.62,53562
27.62,53574
27.62,53586
27.69,53598
27.69,53610
27.62,53623
27.69,53635
27.69,53647
27.69,53659
27.69,53671
27.75,53683
27.69,53696
27.75,53708
27.69,53720
27.69,53732
27.69,53744
27.69,53757
27.69,53769
27.75,53781
27.69,53793
27.75,53805
27.75,53817
27.69,53830
27.69,53842
27.75,53854
27.75,53866
27.69,53878
27.69,53890
27.69,53903
27.69,53915
27.69,53927
27.69,53939
27.69,53951
27.69,53964
27.69,53976
27.69,53988
27.69,54000
27.69,54012
27.69,54024
27.75,54037
27.69,54049
27.75,54061
27.69,54073
27.69,54085
27.75,54098
27.75,54110
27.69,54122
27.69,54134
27.69,54146
27.69,54158
27.75,54171
27.69,54183
27.75,54195
27.69,54207
27.69,54219
27.69,54231
27.69,54244
27.69,54256
27.69,54268
27.69,54280
27.69,54292
27.69,54305
27.69,54317
27.69,54329
27.69,54341
27.69,54353
27.75,54365
27.69,54378
27.69,54390
27.69,54402
27.69,54414
27.62,54426
27.69,54439
27.69,54451
27.69,54463
27.62,54475
27.69,54487
27.62,54499
27.62,54512
27.62,54524
27.62,54536
27.62,54548
27.62,54560
27.56,54573
27.62,54585
27.56,54597
27.62,54609
27.62,54621
27.62,54633
27.56,54646
27.62,54658
27.62,54670
27.62,54682
27.56,54694
27.62,54706
27.62,54719
27.62,54731
27.56,54743
27.56,54755
27.56,54767
27.56,54780
27.62,54792
27.62,54804
27.62,54816
27.62,54828
27.62,54840
27.69,54853
27.69,54865
27.62,54877
27.69,54889
27.69,54901
27.69,54914
27.69,54926
27.69,54938
27.69,54950
27.69,54962
27.75,54974
27.69,54987
27.69,54999
27.75,55011
27.69,55023
27.69,55035
27.69,55047
27.69,55060
27.69,55072
27.75,55084
27.75,55096
27.69,55108
27.75,55121
27.75,55133
27.75,55145
27.75,55157
27.75,55169
27.75,55181
27.75,55194
27.69,55206
27.75,55218
27.75,55230
27.69,55242
27.69,55255
27.75,55267
27.69,55279
27.69,55291
27.69,55303
27.75,55315
27.69,55328
27.75,55340
27.69,55352
27.75,55364
27.69,55376
27.75,55389
27.75,55401
27.69,55413
27.75,55425
27.75,55437
27.75,55449
27.75,55462
27.75,55474
27.69,55486
27.75,55498
27.75,55510
27.75,55522
27.75,55535
27.75,55547
27.75,55559
27.69,55571
27.69,55583
27.69,55596
27.69,55608
27.75,55620
27.75,55632
27.69,55644
27.69,55656
27.75,55669
27.69,55681
27.75,55693
27.69,55705
27.69,55717
27.62,55730
27.62,55742
27.62,55754
27.62,55766
27.62,55778
27.62,55790
27.62,55803
27.56,55815
27.62,55827
27.62,55839
27.56,55851
27.62,55864
27.56,55876
27.62,55888
27.56,55900
27.62,55912
27.56,55924
27.56,55937
27.62,55949
27.62,55961
27.62,55973
27.62,55985
27.62,55997
27.62,56010
27.62,56022
27.69,56034
27.75,56046
27.75,56058
27.69,56071
27.69,56083
27.69,56095
27.69,56107
27.69,56119
27.75,56131
27.69,56144
27.69,56156
27.69,56168
27.69,56180
27.69,56192
27.69,56205
27.69,56217
27.75,56229
27.69,56241
27.75,56253
27.75,56265
27.75,56278
27.75,56290
27.75,56302
27.75,56314
27.69,56326
27.69,56338
27.69,56351
27.69,56363
27.75,56375
27.69,56387
27.69,56399
27.75,56412
27.75,56424
27.75,56436
27.75,56448
27.75,56460
27.69,56472
27.69,56485
27.75,56497
27.69,56509
27.75,56521
27.75,56533
27.69,56546
27.69,56558
27.69,56570
27.69,56582
27.69,56594
27.75,56606
27.69,56619
27.69,56631
27.69,56643
27.69,56655
27.69,56667
27.69,56680
27.69,56692
27.69,56704
27.69,56716
27.69,56728
27.69,56740
27.69,56753
27.75,56765
27.69,56777
27.69,56789
27.69,56801
27.69,56813
27.69,56826
27.75,56838
27.69,56850
27.75,56862
27.69,56874
27.69,56887
27.69,56899
27.69,56911
27.75,56923
27.69,56935
27.62,56947
27.69,56960
27.62,56972
27.69,56984
27.62,56996
27.62,57008
27.62,57021
27.62,57033
27.56,57045
27.62,57057
27.62,57069
27.62,57081
27.69,57094
27.62,57106
27.62,57118
27.62,57130
27.62,57142
27.62,57155
27.62,57167
27.62,57179
27.62,57191
27.62,57203
27.62,57215
27.62,57228
27.62,57240
27.62,57252
27.62,57264
27.69,57276
27.62,57288
27.69,57301
27.69,57313
27.69,57325
27.69,57337
27.69,57349
27.69,57362
27.69,57374
27.69,57386
27.69,57398
27.69,57410
27.69,57422
27.69,57435
27.75,57447
27.75,57459
27.69,57471
27.75,57483
27.69,57496
27.75,57508
27.69,57520
27.69,57532
27.75,57544
27.75,57556
27.75,57569
27.75,57581
27.75,57593
27.69,57605
27.75,57617
27.75,57629
27.75,57642
27.75,57654
27.75,57666
27.75,57678
27.75,57690
27.75,57703
27.75,57715
27.75,57727
27.75,57739
27.75,57751
27.75,57763
27.69,57776
27.75,57788
27.75,57800
27.75,57812
27.75,57824
27.75,57837
27.75,57849
27.75,57861
27.69,57873
27.69,57885
27.75,57897
27.75,57910
27.75,57922
27.75,57934
27.69,57946
27.75,57958
27.75,57970
27.69,57983
27.69,57995
27.75,58007
27.69,58019
27.69,58031
27.69,58044
27.69,58056
27.69,58068
27.75,58080
27.69,58092
27.69,58104
27.69,58117
27.69,58129
27.69,58141
27.75,58153
27.69,58165
27.69,58178
27.69,58190
27.62,58202
27.69,58214
27.62,58226
27.62,58238
27.62,58251
27.62,58263
27.62,58275
27.62,58287
27.62,58299
27.62,58312
27.62,58324
27.62,58336
27.62,58348
27.62,58360
27.62,58372
27.62,58385
27.62,58397
27.62,58409
27.56,58421
27.62,58433
27.62,58445
27.62,58458
27.69,58470
27.62,58482
27.69,58494
27.69,58506
27.75,58519
27.69,58531
27.75,58543
27.69,58555
27.69,58567
27.69,58579
27.75,58592
27.69,58604
27.75,58616
27.75,58628
27.69,58640
27.75,58653
27.75,58665
27.75,58677
27.75,58689
27.75,58701
27.75,58713
27.75,58726
27.75,58738
27.75,58750
27.75,58762
27.69,58774
27.75,58787
27.75,58799
27.75,58811
27.75,58823
27.75,58835
27.75,58847
27.75,58860
27.75,58872
27.75,58884
27.75,58896
27.75,58908
27.75,58920
27.75,58933
27.75,58945
27.75,58957
27.75,58969
27.75,58981
27.75,58994
27.75,59006
27.75,59018
27.75,59030
27.69,59042
27.75,59054
27.75,59067
27.69,59079
27.75,59091
27.75,59103
27.75,59115
27.75,59128
27.75,59140
27.75,59152
27.75,59164
27.75,59176
27.75,59188
27.75,59201
27.75,59213
27.75,59225
27.75,59237
27.75,59249
27.75,59261
27.69,59274
27.69,59286
27.69,59298
27.69,59310
27.69,59322
27.69,59335
27.75,59347
27.69,59359
27.69,59371
27.69,59383
27.69,59395
27.69,59408
27.69,59420
27.62,59432
27.62,59444
27.62,59456
27.62,59469
27.62,59481
27.62,59493
27.62,59505
27.56,59517
27.62,59529
27.56,59542
27.56,59554
27.62,59566
27.56,59578
27.62,59590
27.56,59603
27.56,59615
27.62,59627
27.62,59639
27.56,59651
27.62,59663
27.62,59676
27.62,59688
27.69,59700
27.69,59712
27.69,59724
27.69,59736
27.69,59749
27.69,59761
27.69,59773
27.69,59785
27.75,59797
27.75,59810
27.75,59822
27.75,59834
27.75,59846
27.75,59858
27.69,59870
27.69,59883
27.69,59895
27.75,59907
27.69,59919
27.75,59931
27.75,59944
27.75,59956
27.69,59968
27.69,59980
27.69,59992
27.75,60004
27.69,60017
27.75,60029
27.69,60041
27.69,60053
27.69,60065
27.69,60077
27.75,60090
27.69,60102
27.69,60114
27.69,60126
27.69,60138
27.75,60151
27.75,60163
27.75,60175
27.75,60187
27.75,60199
27.75,60211
27.75,60224
27.75,60236
27.75,60248
27.69,60260
27.75,60272
27.75,60285
27.75,60297
27.69,60309
27.69,60321
27.75,60333
27.75,60345
27.69,60358
27.69,60370
27.69,60382
27.75,60394
27.69,60406
27.75,60419
27.75,60431
27.75,60443
27.69,60455
27.75,60467
27.75,60479
27.69,60492
27.75,60504
27.75,60516
27.69,60528
27.69,60540
27.75,60552
27.75,60565
27.75,60577
27.69,60589
27.69,60601
27.69,60613
27.69,60626
27.62,60638
27.62,60650
27.62,60662
27.62,60674
27.62,60686
27.62,60699
27.62,60711
27.62,60723
27.62,60735
27.62,60747
27.62,60760
27.62,60772
27.62,60784
27.62,60796
27.62,60808
27.62,60820
27.62,60833
27.62,60845
27.62,60857
27.62,60869
27.62,60881
27.69,60894
27.62,60906
27.75,60918
27.69,60930
27.69,60942
27.69,60954
27.75,60967
27.69,60979
27.75,60991
27.69,61003
27.69,61015
27.75,61027
27.69,61040
27.69,61052
27.69,61064
27.75,61076
27.75,61088
27.75,61101
27.69,61113
27.75,61125
27.75,61137
27.75,61149
27.75,61161
27.75,61174
27.69,61186
27.75,61198
27.75,61210
27.75,61222
27.75,61235
27.75,61247
27.75,61259
27.75,61271
27.75,61283
27.75,61295
27.75,61308
27.75,61320
27.75,61332
27.75,61344
27.75,61356
27.75,61368
27.75,61381
27.75,61393
27.69,61405
27.75,61417
27.75,61429
27.75,61442
27.69,61454
27.75,61466
27.75,61478
27.69,61490
27.75,61502
27.75,61515
27.75,61527
27.75,61539
27.75,61551
27.75,61563
27.69,61576
27.69,61588
27.69,61600
27.75,61612
27.75,61624
27.75,61636
27.75,61649
27.75,61661
27.75,61673
27.75,61685
27.69,61697
27.69,61710
27.75,61722
27.75,61734
27.75,61746
27.75,61758
27.75,61770
27.75,61783
27.69,61795
27.75,61807
27.69,61819
27.69,61831
27.69,61843
27.69,61856
27.69,61868
27.69,61880
27.62,61892
27.62,61904
27.69,61917
27.69,61929
27.69,61941
27.62,61953
27.69,61965
27.69,61977
27.62,61990
27.62,62002
27.69,62014
27.69,62026
27.69,62038
27.62,62051
27.62,62063
27.62,62075
27.62,62087
27.62,62099
27.69,62111
27.69,62124
27.69,62136
27.69,62148
27.75,62160
27.75,62172
27.75,62184
27.75,62197
27.69,62209
27.75,62221
27.75,62233
27.75,62245
27.75,62258
27.69,62270
27.75,62282
27.75,62294
27.75,62306
27.75,62318
27.75,62331
27.75,62343
27.75,62355
27.75,62367
27.75,62379
27.75,62392
27.75,62404
27.75,62416
27.75,62428
27.75,62440
27.75,62452
27.75,62465
27.75,62477
27.75,62489
27.75,62501
27.75,62513
27.75,62526
27.75,62538
27.69,62550
27.75,62562
27.75,62574
27.75,62586
27.75,62599
27.75,62611
27.75,62623
27.75,62635
27.75,62647
27.75,62659
27.75,62672
27.75,62684
27.75,62696
27.75,62708
27.75,62720
27.75,62733
27.75,62745
27.69,62757
27.75,62769
27.69,62781
27.75,62793
27.75,62806
27.75,62818
27.75,62830
27.75,62842
27.75,62854
27.75,62867
27.75,62879
27.75,62891
27.75,62903
27.75,62915
27.75,62927
27.69,62940
27.75,62952
27.75,62964
27.75,62976
27.75,62988
27.75,63000
27.75,63013
27.69,63025
27.75,63037
27.75,63049
27.69,63061
27.69,63074
27.75,63086
27.75,63098
27.69,63110
27.69,63122
27.69,63134
27.69,63147
27.69,63159
27.69,63171
27.69,63183
27.69,63195
27.69,63208
27.69,63220
27.69,63232
27.69,63244
27.69,63256
27.69,63268
27.69,63281
27.62,63293
27.69,63305
27.69,63317
27.69,63329
27.75,63342
27.75,63354
27.75,63366
27.75,63378
27.75,63390
27.81,63402
27.75,63415
27.75,63427
27.75,63439
27.75,63451
27.75,63463
27.75,63475
27.81,63488
27.81,63500
27.75,63512
27.81,63524
27.75,63536
27.75,63549
27.81,63561
27.81,63573
27.81,63585
27.81,63597
27.75,63609
27.75,63622
27.81,63634
27.81,63646
27.81,63658
27.75,63670
27.81,63683
27.81,63695
27.81,63707
27.81,63719
27.81,63731
27.81,63743
27.75,63756
27.75,63768
27.81,63780
27.75,63792
27.75,63804
27.75,63816
27.81,63829
27.75,63841
27.75,63853
27.75,63865
27.75,63877
27.75,63890
27.81,63902
27.75,63914
27.75,63926
27.75,63938
27.75,63950
27.75,63963
27.75,63975
27.81,63987
27.75,63999
27.81,64011
27.81,64024
27.75,64036
27.75,64048
27.81,64060
27.81,64072
27.75,64084
27.69,64097
27.81,64109
27.75,64121
27.75,64133
27.81,64145
27.75,64158
27.75,64170
27.81,64182
27.81,64194
27.75,64206
27.81,64218
27.75,64231
27.75,64243
27.69,64255
27.75,64267
27.75,64279
27.75,64291
27.75,64304
27.69,64316
27.69,64328
27.69,64340
27.75,64352
27.69,64365
27.69,64377
27.69,64389
27.69,64401
27.69,64413
27.69,64425
27.69,64438
27.62,64450
27.62,64462
27.69,64474
27.62,64486
27.62,64499
27.62,64511
27.69,64523
27.69,64535
27.69,64547
27.69,64559
27.69,64572
27.75,64584
27.75,64596
27.75,64608
27.75,64620
27.75,64633
27.75,64645
27.75,64657
27.75,64669
27.81,64681
27.75,64693
27.81,64706
27.81,64718
27.81,64730
27.81,64742
27.81,64754
27.81,64766
27.81,64779
27.81,64791
27.81,64803
27.81,64815
27.81,64827
27.81,64840
27.81,64852
27.81,64864
27.81,64876
27.81,64888
27.81,64900
27.81,64913
27.81,64925
27.81,64937
27.81,64949
27.81,64961
27.81,64974
27.81,64986
27.81,64998
27.81,65010
27.81,65022
27.87,65034
27.87,65047
27.87,65059
27.87,65071
27.87,65083
27.87,65095
27.81,65107
27.81,65120
27.81,65132
27.81,65144
27.81,65156
27.81,65168
27.81,65181
27.81,65193
27.81,65205
27.81,65217
27.81,65229
27.81,65241
27.81,65254
27.81,65266
27.81,65278
27.81,65290
27.81,65302
27.81,65315
27.81,65327
27.81,65339
27.81,65351
27.81,65363
27.81,65375
27.87,65388
27.81,65400
27.87,65412
27.87,65424
27.87,65436
27.81,65449
27.81,65461
27.81,65473
27.81,65485
27.75,65497
27.81,65509
27.75,65522
27.75,65534
27.75,65546
27.75,65558
27.75,65570
27.75,65582
27.75,65595
27.75,65607
27.75,65619
27.75,65631
27.75,65643
27.75,65656
27.75,65668
27.69,65680
27.69,65692
27.75,65704
27.75,65716
27.75,65729
27.69,65741
27.75,65753
27.75,65765
27.75,65777
27.75,65790
27.81,65802
27.81,65814
27.75,65826
27.81,65838
27.81,65850
27.81,65863
27.81,65875
27.81,65887
27.81,65899
27.81,65911
27.87,65924
27.81,65936
27.87,65948
27.81,65960
27.87,65972
27.81,65984
27.81,65997
27.87,66009
27.81,66021
27.87,66033
27.87,66045
27.87,66057
27.87,66070
27.87,66082
27.87,66094
27.87,66106
27.81,66118
27.87,66131
27.87,66143
27.81,66155
27.87,66167
27.81,66179
27.87,66191
27.81,66204
27.87,66216
27.81,66228
27.81,66240
27.81,66252
27.81,66265
27.81,66277
27.87,66289
27.87,66301
27.87,66313
27.87,66325
27.87,66338
27.87,66350
27.87,66362
27.87,66374
27.87,66386
27.87,66398
27.87,66411
27.87,66423
27.81,66435
27.87,66447
27.87,66459
27.87,66472
27.81,66484
27.87,66496
27.87,66508
27.87,66520
27.87,66532
27.87,66545
27.81,66557
27.87,66569
27.87,66581
27.94,66593
27.87,66606
27.87,66618
27.87,66630
27.87,66642
27.87,66654
27.87,66666
27.87,66679
27.87,66691
27.81,66703
27.81,66715
27.81,66727
27.81,66740
27.81,66752
27.75,66764
27.75,66776
27.81,66788
27.81,66800
27.75,66813
27.75,66825
27.75,66837
27.75,66849
27.75,66861
27.75,66873
27.75,66886
27.75,66898
27.75,66910
27.75,66922
27.75,66934
27.75,66947
27.75,66959
27.75,66971
27.75,66983
27.75,66995
27.81,67007
27.81,67020
27.81,67032
27.81,67044
27.87,67056
27.87,67068
27.87,67081
27.87,67093
27.87,67105
27.87,67117
27.87,67129
27.87,67141
27.87,67154
27.87,67166
27.87,67178
27.87,67190
27.87,67202
27.87,67214
27.87,67227
27.87,67239
27.87,67251
27.87,67263
27.87,67275
27.87,67288
27.87,67300
27.87,67312
27.87,67324
27.87,67336
27.87,67348
27.87,67361
27.81,67373
27.87,67385
27.87,67397
27.81,67409
27.87,67422
27.87,67434
27.87,67446
27.87,67458
27.87,67470
27.87,67482
27.87,67495
27.87,67507
27.87,67519
27.87,67531
27.87,67543
27.87,67556
27.87,67568
27.87,67580
27.87,67592
27.87,67604
27.87,67616
27.87,67629
27.87,67641
27.87,67653
27.87,67665
27.87,67677
27.87,67689
27.94,67702
27.94,67714
27.87,67726
27.87,67738
27.87,67750
27.87,67763
27.87,67775
27.87,67787
27.87,67799
27.87,67811
27.94,67823
27.94,67836
27.87,67848
27.94,67860
27.94,67872
27.87,67884
27.87,67897
27.87,67909
27.81,67921
27.81,67933
27.81,67945
27.81,67957
27.81,67970
27.81,67982
27.81,67994
27.75,68006
27.81,68018
27.81,68030
27.81,68043
27.75,68055
27.75,68067
27.81,68079
27.75,68091
27.75,68104
27.75,68116
27.75,68128
27.81,68140
27.75,68152
27.75,68164
27.75,68177
27.81,68189
27.81,68201
27.81,68213
27.81,68225
27.81,68238
27.87,68250
27.87,68262
27.87,68274
27.87,68286
27.87,68298
27.87,68311
27.87,68323
27.87,68335
27.87,68347
27.87,68359
27.94,68372
27.94,68384
27.87,68396
27.87,68408
27.87,68420
27.87,68432
27.87,68445
27.94,68457
27.94,68469
27.94,68481
27.94,68493
27.94,68505
27.94,68518
27.94,68530
27.94,68542
27.94,68554
27.87,68566
27.94,68579
27.87,68591
27.94,68603
27.94,68615
27.94,68627
27.94,68639
27.94,68652
27.94,68664
27.94,68676
27.94,68688
27.94,68700
27.94,68713
27.87,68725
27.94,68737
27.94,68749
27.87,68761
27.94,68773
27.94,68786
27.94,68798
27.94,68810
27.94,68822
27.94,68834
27.94,68847
27.94,68859
27.94,68871
27.87,68883
27.94,68895
27.94,68907
27.94,68920
27.94,68932
27.94,68944
27.94,68956
28.0,68968
27.87,68980
27.94,68993
27.94,69005
27.94,69017
27.94,69029
27.94,69041
27.94,69054
27.94,69066
27.94,69078
27.87,69090
27.87,69102
27.87,69114
27.87,69127
27.87,69139
27.87,69151
27.87,69163
27.81,69175
27.81,69188
27.87,69200
27.87,69212
27.81,69224
27.81,69236
27.81,69248
27.87,69261
27.81,69273
27.81,69285
27.81,69297
27.81,69309
27.81,69321
27.81,69334
27.81,69346
27.81,69358
27.81,69370
27.81,69382
27.81,69395
27.81,69407
27.81,69419
27.81,69431
27.87,69443
27.87,69455
27.87,69468
27.94,69480
27.94,69492
27.94,69504
27.94,69516
27.94,69529
28.0,69541
27.94,69553
27.94,69565
27.94,69577
27.94,69589
27.94,69602
27.94,69614
27.94,69626
27.94,69638
27.87,69650
27.94,69663
27.94,69675
28.0,69687
28.0,69699
27.94,69711
27.94,69723
27.94,69736
27.94,69748
28.0,69760
27.94,69772
28.0,69784
28.0,69796
28.0,69809
28.0,69821
27.94,69833
27.94,69845
28.0,69857
28.0,69870
28.0,69882
28.0,69894
28.0,69906
28.0,69918
28.0,69930
28.0,69943
28.0,69955
28.0,69967
28.0,69979
28.0,69991
28.0,70004
28.0,70016
28.0,70028
28.0,70040
28.0,70052
28.0,70064
28.0,70077
28.0,70089
28.0,70101
28.0,70113
28.0,70125
28.0,70138
28.0,70150
28.0,70162
28.0,70174
28.0,70186
28.0,70198
28.0,70211
27.94,70223
27.94,70235
28.0,70247
28.0,70259
28.0,70271
28.0,70284
28.0,70296
28.0,70308
28.0,70320
27.94,70332
27.94,70345
27.94,70357
27.94,70369
27.94,70381
27.87,70393
27.87,70405
27.87,70418
27.87,70430
27.87,70442
27.87,70454
27.87,70466
27.87,70479
27.81,70491
27.87,70503
27.87,70515
27.87,70527
27.87,70539
27.87,70552
27.87,70564
27.87,70576
27.87,70588
27.87,70600
27.87,70612
27.87,70625
27.94,70637
27.94,70649
27.87,70661
27.94,70673
27.94,70686
27.94,70698
27.94,70710
28.0,70722
27.94,70734
27.94,70746
28.0,70759
28.0,70771
28.0,70783
28.0,70795
28.0,70807
28.0,70820
28.0,70832
28.0,70844
28.0,70856
28.0,70868
28.0,70880
28.0,70893
28.0,70905
28.0,70917
28.0,70929
28.0,70941
28.0,70954
28.0,70966
28.06,70978
28.0,70990
28.06,71002
28.0,71014
28.0,71027
28.0,71039
28.0,71051
28.0,71063
28.0,71075
28.0,71087
28.0,71100
28.0,71112
27.94,71124
28.0,71136
28.0,71148
27.94,71161
28.0,71173
28.0,71185
28.0,71197
27.94,71209
28.0,71221
28.0,71234
28.0,71246
28.0,71258
28.0,71270
28.0,71282
28.0,71295
28.06,71307
28.06,71319
28.0,71331
28.0,71343
28.0,71355
28.06,71368
28.0,71380
28.0,71392
28.0,71404
28.0,71416
28.06,71429
28.0,71441
28.0,71453
28.0,71465
28.0,71477
28.0,71489
28.0,71502
28.06,71514
28.06,71526
28.0,71538
28.0,71550
28.0,71562
27.94,71575
28.0,71587
28.0,71599
27.94,71611
27.94,71623
27.94,71636
27.94,71648
27.94,71660
27.94,71672
27.94,71684
27.94,71696
27.87,71709
27.87,71721
27.87,71733
27.87,71745
27.94,71757
27.87,71770
27.94,71782
27.94,71794
27.87,71806
27.87,71818
27.87,71830
27.94,71843
27.94,71855
27.87,71867
27.94,71879
27.94,71891
27.94,71903
28.0,71916
28.0,71928
28.0,71940
28.0,71952
28.0,71964
28.0,71977
28.06,71989
28.0,72001
28.0,72013
28.0,72025
28.0,72037
28.0,72050
28.0,72062
28.06,72074
28.06,72086
28.06,72098
28.0,72111
28.06,72123
28.06,72135
28.06,72147
28.06,72159
28.06,72171
28.06,72184
28.06,72196
28.06,72208
28.0,72220
28.0,72232
28.0,72245
28.0,72257
28.06,72269
28.0,72281
28.0,72293
28.06,72305
28.06,72318
28.0,72330
28.06,72342
28.0,72354
28.0,72366
28.06,72378
28.06,72391
28.0,72403
28.0,72415
28.06,72427
28.0,72439
28.0,72452
28.0,72464
28.0,72476
28.0,72488
28.0,72500
28.06,72512
28.0,72525
28.06,72537
28.06,72549
28.06,72561
28.06,72573
28.06,72586
28.0,72598
28.06,72610
28.06,72622
28.0,72634
28.0,72646
28.0,72659
28.06,72671
28.0,72683
28.06,72695
28.0,72707
28.0,72719
28.0,72732
28.06,72744
28.0,72756
28.0,72768
27.94,72780
27.94,72793
27.94,72805
27.94,72817
27.94,72829
27.94,72841
27.94,72853
27.94,72866
27.94,72878
27.94,72890
27.87,72902
27.87,72914
27.87,72927
27.87,72939
27.94,72951
27.81,72963
27.87,72975
27.87,72987
27.87,73000
27.87,73012
27.87,73024
27.87,73036
27.87,73048
27.94,73061
27.94,73073
27.94,73085
27.94,73097
27.94,73109
28.0,73121
28.0,73134
28.0,73146
28.0,73158
28.0,73170
28.0,73182
28.0,73194
28.0,73207
28.0,73219
28.0,73231
28.06,73243
28.0,73255
28.06,73268
28.0,73280
28.06,73292
28.0,73304
28.06,73316
28.06,73328
28.06,73341
28.06,73353
28.0,73365
28.06,73377
28.06,73389
28.06,73402
28.06,73414
28.0,73426
28.06,73438
28.06,73450
28.06,73462
28.06,73475
28.06,73487
28.06,73499
28.06,73511
28.06,73523
28.12,73536
28.06,73548
28.12,73560
28.06,73572
28.06,73584
28.06,73596
28.12,73609
28.06,73621
28.06,73633
28.06,73645
28.06,73657
28.06,73669
28.06,73682
28.06,73694
28.06,73706
28.12,73718
28.12,73730
28.06,73743
28.06,73755
28.06,73767
28.12,73779
28.12,73791
28.12,73803
28.12,73816
28.06,73828
28.06,73840
28.06,73852
28.06,73864
28.12,73877
28.12,73889
28.06,73901
28.06,73913
28.06,73925
28.06,73937
28.06,73950
28.06,73962
28.06,73974
28.0,73986
28.0,73998
28.0,74010
28.0,74023
28.0,74035
28.0,74047
28.0,74059
27.94,74071
28.0,74084
27.94,74096
27.94,74108
27.94,74120
27.94,74132
27.94,74144
27.94,74157
27.94,74169
27.94,74181
27.94,74193
27.94,74205
27.94,74218
27.94,74230
27.94,74242
27.94,74254
27.94,74266
27.94,74278
27.94,74291
28.0,74303
28.0,74315
28.06,74327
28.0,74339
28.06,74352
28.06,74364
28.06,74376
28.06,74388
28.06,74400
28.06,74412
28.06,74425
28.06,74437
28.12,74449
28.12,74461
28.12,74473
28.06,74485
28.06,74498
28.06,74510
28.12,74522
28.12,74534
28.06,74546
28.12,74559
28.12,74571
28.12,74583
28.06,74595
28.12,74607
28.12,74619
28.06,74632
28.12,74644
28.12,74656
28.12,74668
28.12,74680
28.12,74693
28.12,74705
28.12,74717
28.12,74729
28.12,74741
28.12,74753
28.12,74766
28.12,74778
28.12,74790
28.19,74802
28.12,74814
28.12,74826
28.12,74839
28.12,74851
28.19,74863
28.19,74875
28.12,74887
28.19,74900
28.12,74912
28.12,74924
28.19,74936
28.12,74948
28.12,74960
28.12,74973
28.12,74985
28.12,74997
28.12,75009
28.12,75021
28.12,75034
28.12,75046
28.12,75058
28.12,75070
28.12,75082
28.12,75094
28.19,75107
28.19,75119
28.12,75131
28.19,75143
28.12,75155
28.12,75168
28.12,75180
28.12,75192
28.12,75204
28.06,75216
28.12,75228
28.12,75241
28.06,75253
28.06,75265
28.06,75277
28.0,75289
28.0,75301
28.06,75314
28.0,75326
28.06,75338
28.0,75350
28.0,75362
28.0,75375
28.0,75387
28.0,75399
28.0,75411
28.0,75423
28.0,75435
28.0,75448
28.0,75460
28.0,75472
28.0,75484
28.0,75496
27.94,75509
28.06,75521
28.06,75533
28.06,75545
28.06,75557
28.06,75569
28.06,75582
28.12,75594
28.12,75606
28.06,75618
28.12,75630
28.12,75642
28.12,75655
28.06,75667
28.12,75679
28.12,75691
28.12,75703
28.12,75716
28.12,75728
28.12,75740
28.12,75752
28.12,75764
28.12,75776
28.19,75789
28.12,75801
28.12,75813
28.12,75825
28.19,75837
28.19,75850
28.19,75862
28.19,75874
28.19,75886
28.12,75898
28.19,75910
28.19,75923
28.19,75935
28.19,75947
28.19,75959
28.19,75971
28.19,75984
28.19,75996
28.19,76008
28.19,76020
28.19,76032
28.19,76044
28.19,76057
28.25,76069
28.19,76081
28.19,76093
28.19,76105
28.25,76117
28.25,76130
28.19,76142
28.19,76154
28.19,76166
28.19,76178
28.25,76191
28.25,76203
28.25,76215
28.19,76227
28.25,76239
28.19,76251
28.19,76264
28.25,76276
28.19,76288
28.19,76300
28.19,76312
28.19,76325
28.19,76337
28.19,76349
28.19,76361
28.19,76373
28.19,76385
28.19,76398
28.19,76410
28.12,76422
28.12,76434
28.12,76446
28.12,76459
28.06,76471
28.12,76483
28.12,76495
28.06,76507
28.12,76519
28.06,76532
28.06,76544
28.06,76556
28.06,76568
28.06,76580
28.0,76592
28.06,76605
28.06,76617
28.06,76629
28.06,76641
28.06,76653
28.0,76666
28.06,76678
28.06,76690
28.06,76702
28.06,76714
28.12,76726
28.06,76739
28.12,76751
28.12,76763
28.12,76775
28.12,76787
28.12,76800
28.12,76812
28.12,76824
28.12,76836
28.12,76848
28.19,76860
28.19,76873
28.19,76885
28.19,76897
28.19,76909
28.19,76921
28.19,76934
28.19,76946
28.19,76958
28.19,76970
28.25,76982
28.19,76994
28.19,77007
28.25,77019
28.19,77031
28.19,77043
28.25,77055
28.25,77067
28.19,77080
28.19,77092
28.19,77104
28.25,77116
28.19,77128
28.25,77141
28.25,77153
28.25,77165
28.25,77177
28.25,77189
28.25,77201
28.25,77214
28.25,77226
28.25,77238
28.25,77250
28.25,77262
28.25,77275
28.25,77287
28.25,77299
28.25,77311
28.25,77323
28.25,77335
28.25,77348
28.25,77360
28.25,77372
28.25,77384
28.25,77396
28.25,77408
28.25,77421
28.25,77433
28.25,77445
28.25,77457
28.25,77469
28.25,77482
28.25,77494
28.25,77506
28.25,77518
28.25,77530
28.25,77542
28.25,77555
28.25,77567
28.25,77579
28.25,77591
28.25,77603
28.25,77616
28.19,77628
28.25,77640
28.19,77652
28.19,77664
28.19,77676
28.19,77689
28.12,77701
28.12,77713
28.12,77725
28.12,77737
28.12,77750
28.12,77762
28.12,77774
28.12,77786
28.12,77798
28.12,77810
28.12,77823
28.19,77835
28.12,77847
28.12,77859
28.12,77871
28.12,77883
28.12,77896
28.12,77908
28.19,77920
28.12,77932
28.19,77944
28.19,77957
28.19,77969
28.19,77981
28.25,77993
28.25,78005
28.25,78017
28.25,78030
28.25,78042
28.25,78054
28.25,78066
28.25,78078
28.25,78091
28.25,78103
28.25,78115
28.25,78127
28.25,78139
28.25,78151
28.25,78164
28.25,78176
28.25,78188
28.25,78200
28.31,78212
28.31,78224
28.25,78237
28.25,78249
28.25,78261
28.31,78273
28.31,78285
28.31,78298
28.25,78310
28.25,78322
28.31,78334
28.31,78346
