165,10942,11391,12378,22418,161774,2382,4146,172841,57166,7919,21699,382708,170742,170498,72305,119353,8906,9821,10345,9755,123660,132918,130587,105674,11228,45721,15277,36827,130933,100233,117657,95720,9445,15994,20391,9455,147566,96401,76493,125328,12554,20035,11552,15708,123307,122140,126762,160103,16470,8450,27335,24524940,152705,118993,103684,155774,7970,8557,8853,20361,137810,117307,143138,119458,
166,21325,20591,27014,52227,193891,4726,8691,202553,96665,13511,48539,581676,212447,199340,119893,163048,13046,16410,21466,15251,147747,164542,155785,129378,20950,88710,33969,75430,160130,131108,145338,121316,15048,37655,46805,16976,176198,128095,108939,144309,26867,47122,21638,36311,150021,148822,152495,190653,34084,14357,59879,28297788,182930,157740,153723,190134,12862,15814,13478,45825,165795,147044,170376,136331,
167,43226,43895,53287,90589,215920,9863,17676,280774,126772,26910,82695,887169,234969,217336,156289,178413,25136,33950,45000,30498,171859,193226,183100,151932,44386,136167,66274,113957,188696,154552,170713,143703,30856,69441,82005,35304,204854,153295,133455,180817,54040,81121,45375,68656,175354,176555,178033,264021,67869,29164,95701,31763043,202078,183736,196219,299321,25204,33184,25536,78582,191306,171603,200424,159589,
168,79038,82309,90788,131647,274571,20358,34820,604461,153003,54783,117461,1328638,282472,264262,171614,203636,56226,69528,82692,64101,213713,234786,237899,186289,87050,184746,109035,161148,236154,186193,209663,176274,62590,105564,120653,69468,252175,183457,160677,320067,94817,121121,85288,111337,211680,224803,216631,548935,114331,58894,129870,35715190,244038,215790,226755,716739,51307,65324,52921,111865,241122,203944,266263,217851,
169,114068,123662,125103,165960,500237,39807,75028,1585694,179673,87449,146970,1802794,456759,436593,203286,273228,101620,118172,131475,108894,347524,339038,441145,292042,143880,204624,160600,189332,398228,256001,317605,275807,101850,138024,157531,106418,393781,238108,200779,835536,137769,157689,131558,159706,311599,400926,325205,1370066,155772,92822,157064,39695289,373691,304478,273306,1731811,82902,99481,90334,137355,407453,286491,518054,438339,
170,150669,166893,159342,201895,1397143,94230,198307,3602626,219227,122553,179370,2371009,1254928,1230536,343285,624062,171440,174190,167664,173303,913745,806461,1221842,787007,198039,223493,198372,210957,1093169,597862,823335,743579,146008,168493,189063,153157,1043352,493201,368289,1981552,179116,184156,189586,200219,791425,1156282,828524,2771479,197830,128891,189637,44330604,967222,731611,446965,3299826,115307,133702,131283,166675,1097264,659426,1400125,1192985,
171,177617,199127,187948,245985,3218121,255290,474825,5293313,285132,147156,214162,2906180,3219414,3274966,919745,1787934,204501,192210,182212,201521,2095975,1979253,2563022,1897150,215414,267346,215258,250408,2497314,1584152,2038657,1845797,176598,199029,218013,177941,2429553,1368826,1023277,2896806,203424,211384,213969,220715,1988982,2593526,2058314,3661451,242008,156121,232841,48182485,2363578,1861694,1096187,4431426,138498,164049,162668,203831,2498653,1680455,2852640,2390552,
172,216959,256342,247109,386112,5270763,545622,899683,4958666,552964,181203,297054,3750305,5722239,5621259,2332791,3945172,233605,217374,219108,222169,3304397,3375799,3636769,3019391,249163,450629,257485,407427,3817416,2913202,3398605,3060146,215338,274290,282916,209454,3660131,2667803,2175539,3191922,250938,294525,248588,268903,3348713,3716332,3398843,3792740,353408,200488,364441,53031174,4252851,3500876,2443523,4296646,170410,223660,203099,311272,4057737,3139216,4084820,3373703,
173,297348,403205,411809,836111,5747739,1092158,1963450,4412122,1278352,237644,544284,4984717,6438674,6056478,4748802,5713307,302134,279239,339039,272846,4058774,4387334,4170431,3743598,356594,1083752,383027,959151,4360191,3936955,4219385,3815726,285758,523517,482296,272409,4258479,3809624,3424662,3422912,377530,599494,333651,419894,4170729,4111432,4102232,3936867,672157,303352,757237,57333801,5526082,5166048,4606233,4092634,233246,385686,270323,616028,4868585,4552617,4514917,3862349,
174,678253,1078226,1141535,2202514,39216630,34670589,39840185,50576538,2790197,530894,1490502,8224546,47671540,48209486,68653054,41147176,698048,648163,1008881,544190,35339958,37474958,44759625,48764407,997808,3157713,1067167,2771711,34229798,30686654,33907364,39475937,659484,1547782,1378891,637344,52491289,52268973,54749346,60546300,1057304,1803865,822513,1200800,39228069,53441445,51134957,55714405,1736084,764420,1922044,63200531,37442558,33064163,37363987,44363557,513372,1024202,563018,1566967,38876247,35279891,46468156,44217023,
175,1672018,2456267,2499256,3785486,180767695,159305789,166398161,218835941,3938785,1416337,2921057,13593782,205660646,209029649,282119015,195070688,1943939,1816045,2670260,1505051,163056136,171499093,198770035,220945843,2758514,5519911,2691099,5016266,163345843,144059005,155571255,184565847,1779274,3131636,2969152,1720421,224319709,226279114,232252577,251990375,2577954,3640825,2186942,2886108,169554216,260314485,269975456,246681048,3265890,1745481,3311559,69133081,164873726,142166691,154195377,205504329,1207372,2136299,1310888,2802511,162652964,152328725,202376467,199194144,
176,3348767,4333115,4166613,5058566,270079228,224326747,228856559,286245636,4842139,2953870,4367128,20022015,268797930,279331075,246572655,263918212,4792836,4379041,4929262,3801270,210778616,233624729,232703927,274946465,5450545,6130578,5066822,5778661,235393225,198407857,182180998,202092603,3568419,4649975,4711578,3557383,182114436,178820414,186675927,198941565,4522193,5177571,4460143,5184915,207830626,199306420,197848580,199995293,4985596,3343754,4482395,75803111,251687861,216057843,217876416,265817333,2616630,3742800,2888529,4092641,245595142,224717885,241867469,236238703,
177,6190632,7306563,6872925,7920717,321607761,282242766,292168752,349679407,7835350,5719052,6853875,25227316,332700595,338397592,290053588,303132115,7266540,6419496,6277431,5957890,196771023,249197590,226996983,299891128,6803133,6755406,6521246,6675926,240342832,202679581,184746537,194360158,6563686,7231108,7038740,5811549,163018028,158524666,162267611,161741390,6497793,6805387,6770605,7007285,205996549,169411019,167042242,173388097,8480532,6137780,6926613,80411980,314240089,267551160,268853099,312039337,5601672,7065814,5810222,6984904,284448153,257282906,271905399,273626564,
178,108342865,109765349,108641645,111692801,356070018,297158978,346572007,396282762,168823450,114356660,101892132,127083711,387413906,392453317,333831901,347733835,179284623,182373202,141810388,108844494,214341633,231719285,215262360,40998178,125306337,136839121,106651570,121494349,297315971,204034531,181654550,191050966,149181684,125082630,112936489,102783489,160006318,155184556,158062758,159213519,106634437,110707851,109099740,126892112,205600858,162567610,162544674,165320656,194820519,141276134,128169776,164121248,360586619,137904447,294552020,344329563,170815234,183245029,126149534,188003272,306652371,138477559,277202739,224176034,
179,162145389,162009111,159039299,296205790,374164797,328261966,380015256,431310226,225068886,166102308,144573564,175331388,439784717,445027076,390875799,384544543,255917930,246549072,240662537,154115057,208483608,226822891,224275947,297957911,195195025,197381526,153245603,198861803,214307125,205691469,178317642,222049945,203369118,183769414,170945173,148301635,157989798,156025486,159507802,161550972,154199398,160742003,156040104,177075713,186420376,161819504,164389305,165204468,258177906,203404133,186389077,190359870,390141321,321750377,305757075,360316904,243844108,231362849,203482144,258557377,321359285,302284399,276324086,117863222,
180,188338577,183900198,180575404,185307467,395235543,334114106,392303971,457557221,251826857,174187503,167687635,179924598,485259597,495785346,463268270,420083287,275459648,260066127,238864262,186834445,196956461,216200143,207573208,299313244,228435906,232550320,185917282,212934583,212119851,191098782,176278124,186006812,210017597,206295316,218861198,182709708,159371325,155954029,159180272,159697254,189213610,200413349,201176992,219267849,181832241,162351121,160330915,161812500,213396391,186688652,181127964,184078174,405568872,335268739,313505281,375479677,199681038,210507422,181277682,245053076,325054813,300847257,272813480,254792686,
181,164002431,185896686,178336562,214014445,424140252,343755268,418417796,472823387,185349003,80366468,172166523,172108368,525637932,539696438,530696612,502304207,297677316,281634870,274408055,217188829,190744152,198786597,217207198,293768901,263964132,275212805,229067833,253360852,191879297,179984332,167345708,179736544,231214617,227132602,266074736,217793719,154704775,153699751,155206211,155671551,179897682,229916252,236816796,249512532,171420564,156848868,156375938,156098159,181518537,172811574,183634235,181921131,404176645,350347372,318285208,365856073,185486774,165391807,176662322,185625403,328156720,298632226,200194534,264841069,
182,207728579,189998094,180839699,178600463,423744035,354178576,450277841,484091985,231343000,172263093,238645051,180444730,549821941,566955174,570477647,541162849,316931211,316604275,320379960,256111180,170270684,186451603,197427318,265358782,315556665,328744392,281313194,293221205,182184268,167651885,160808484,175895235,274266452,254143751,308202600,285464960,153162183,152411448,153123325,154084404,266199410,268693263,286377466,290296695,154122142,155501738,154398500,155111293,167830935,164577543,168280432,183342496,381405842,361418851,319205924,354537056,179245512,167612597,161939953,174649021,316090060,281272807,251763620,250077222,
183,190480945,189936159,210357332,202567943,424757435,369209508,450293575,486911582,242545314,168415287,214250339,179123153,554291999,580846845,585181582,565948155,354243118,354887280,352222161,291438671,168316694,180018567,194815305,263103644,355766694,365244639,310437960,319824303,165140116,164908539,156718856,170876632,329701311,270076936,360414058,288618313,153097299,152587424,153595467,154364039,291057068,293406790,326838744,314335975,157970093,157492660,154571601,155345561,163945748,162328005,147755307,193055280,361759249,360175180,319114510,342113620,164338483,159421144,161438862,163789081,303604880,284855070,240827095,230473910,
184,202089067,234611391,183043690,197874049,430600032,399722514,459272810,489174741,237211862,221704128,182866829,179958600,559149056,592122076,594593356,571943636,384650885,391868246,395605817,330979679,166230803,178717365,182306447,238802869,403767684,392160960,315297131,337386947,174961922,163476442,155498787,168249619,321378433,235697983,386302801,310487718,153127298,152296975,152907757,154459981,309470396,275926235,346412931,330040625,156246623,158840104,154243182,155203139,161676304,160365294,162087364,354256985,354482749,359208030,246899933,338828715,161501082,153170852,159803370,162684810,300221209,278082461,238554093,276172572,
185,220016603,201031761,169038564,183942519,454817899,438070840,470246510,485477785,214342147,198575390,193893311,177947051,558536359,590747668,591346552,596908269,436724439,387830205,428477501,365687379,158383109,176343625,172670643,237846769,428683593,411843239,334330562,343286690,160377047,163151131,154086166,168029166,321829408,272380839,392252350,325390343,152219542,151543198,152520622,152680508,318122342,319551516,362063414,339074192,155420706,160516314,161741291,154678554,160567219,160212430,164277390,327163424,367976447,357604457,316929700,353532315,159697407,158436425,158320765,117795563,292671855,276989820,242621003,234168930,
186,205421216,199824233,178351290,194986936,488753520,462926101,458798776,472195421,228552404,211166100,201713775,159858778,537379667,552645370,562221196,583699301,453629495,440188780,457594514,404399506,157615807,171300176,172070692,223616162,453065755,432626112,344734801,350998093,157776462,160185283,152635234,164780929,318480882,279530129,319228314,334494749,150546106,150009332,148992362,150195972,320815179,319257706,368165873,345335845,156278188,157875785,152130629,155863365,158057702,157923220,162033723,184275202,389851777,369032033,364718115,356861971,173000287,157184071,156771351,158558370,291661996,405675831,240336619,237903655,
187,211298253,197331072,177127580,175735707,395334666,297805642,385714960,391941046,227096738,208644544,196866725,173416957,434945816,440258689,451008962,477051771,466970412,451408205,472756454,429299747,133819964,138751809,138881790,177043741,467696196,452542547,361954465,351041336,133555199,134077605,129699540,139745821,312710821,259990648,401239043,333363165,127843716,126917882,127241965,127585825,319607442,324629939,368838752,357543792,130994314,134598016,129086608,129585158,156849915,156494578,158313833,184167664,347363190,316356860,313894625,323446606,157186114,154204148,155640990,165621510,248703308,226703590,199823470,196976433,
188,199863026,196888849,175017171,162720177,326241829,176086541,170543329,171599204,206508557,214607552,204712337,171965546,185938762,189719163,191857589,202818201,477387069,459114428,482463866,446003043,59134993,61017749,61238997,70832174,476950358,451900430,385751974,384707427,60207186,59602975,58341477,62449360,304111165,293455197,373141653,461370381,64320240,57122458,57038818,56925981,319240592,336934945,365292195,368264411,59881199,61071734,58036490,58144244,121754951,156028238,159411819,183513265,155847770,147688833,136441637,152262232,188677393,153337263,154381159,153424324,108427807,97583750,83979504,82829656,
189,195474064,193899591,173468376,170131999,17432172,20920330,20380725,16265267,204915109,203268801,173483735,167137114,17054531,17372309,17275997,18388815,470128816,454271950,470834609,441329353,7936088,8295481,8150600,8502763,469609093,451036192,396592575,397128904,8193049,7785030,7953424,7901429,300039191,258839199,350523797,314400145,8071752,7812329,7609096,7313797,318617263,324835999,354627527,370008318,8047324,8026083,7967649,7826646,151122212,151915635,155483560,181953522,15580587,14905948,14881121,14596138,150031975,158236561,150560674,147586184,11836953,10892014,9527738,9216163,
190,149134632,152985935,134153781,132472091,3962292,8296928,8017516,3767423,147901405,144370604,128762716,135755085,4254625,3958451,3528329,3869818,372917601,360520576,365094137,355821930,3796486,4098772,3909675,3542700,364920457,355062903,327489493,323753219,3937689,3611469,3861663,3519933,228481777,204641566,302870992,241524891,4031956,3805759,3575473,3270565,258355331,263688476,295392867,306794885,3899117,3714176,3884595,3757303,118753317,119189505,121838202,159821079,3971398,3870702,4365569,3639072,118221704,117281527,118019051,117960443,3882293,3977063,3801941,3542185,
191,85927801,87696496,76852058,75788219,3724726,7785022,7036900,3563246,89122084,83182620,76058020,75961311,4030650,3732013,3302255,3630812,219532247,208163429,206280780,200110359,3727882,4026403,3830452,3459647,207812077,202657469,193952604,191838100,3870545,3540194,3787198,3378221,128982819,114406825,172141458,170957610,3959413,3730854,3501718,3201475,153983233,155340660,168378028,180361814,3812303,3636343,3810725,3680004,69518303,69348248,70679090,125045881,3772628,3671558,4167229,3447434,69046386,68818668,69329493,71292638,3733818,3854611,3700880,3437015,
192,14719791,15288146,13573460,13350321,3710525,5351250,3066768,3550057,14747787,13197320,13258221,28890979,4014383,3716230,3288941,3617212,33648661,31030128,30083139,30082394,3716952,4014795,3817687,3447482,30855536,30605446,30015061,29757579,3851924,3525488,3770806,3363694,20386763,18296310,26367298,22846688,3949578,3717990,3486349,3194892,25536677,25300381,27433720,29070042,3799522,3624201,3798740,3674800,12973500,12408999,12872135,85348579,3762137,3656073,4151288,3433406,12389159,12294739,12764160,12495524,3720857,3845940,3690891,3428434,
193,4771492,4970482,4577638,4777869,3701839,3066191,1276684,3547120,4981272,4425220,4767823,21254353,4006227,3708151,3282251,3614979,6484331,5958888,5748706,6101633,3717430,4010210,3813083,3444754,6133549,6258485,6108326,6086603,3844650,3522402,3759897,3357181,5304897,4983766,8860697,3307326,3940413,3709789,3477435,3188510,5799041,5759185,6035542,6215071,3795425,3617548,3793280,3671170,4988546,4294192,4698349,79334390,3755364,3656269,4148823,3441639,4344199,4394476,4706987,4474239,3723889,3845052,3685262,3429698,
194,3825279,3865149,3746954,3914158,3686023,1250775,519548,3541982,3961243,3512571,3916467,20472439,3998337,3698124,3275229,3599800,3878912,3532889,3389659,3768431,3704275,4003592,3800766,3436242,3722227,3890739,3773194,3783284,3827823,3508018,3751100,3349188,3878594,3636925,3912603,3584965,3923850,3690363,3462409,3186701,3751775,3702745,3874776,3887152,3783355,3603064,3790809,3665997,4187728,3498630,3887992,77486945,3746688,3646219,4142774,3431738,3558171,3611610,3909169,3691692,3713258,3837922,3674767,3431072,
195,3808395,3838201,3730476,3889275,3676808,549843,348848,3536291,3940826,3488006,3894411,20419061,3981043,3685603,3263098,3586567,3827772,3483724,3342775,3717208,3691389,3992905,3793125,3423293,3670364,3845606,3726188,3737216,3817544,3497097,3736429,3338108,3845670,3604628,3870457,3544543,3903007,3676178,3448323,3179060,3705275,3656426,3825363,3841919,3775793,3587334,3771413,3663466,4162052,3480234,3867953,76037239,3732308,3636445,4134182,3431203,3535383,3594057,3897043,3673005,3702328,3825599,3665080,3423520,
196,3800646,3829557,3713709,3877916,3664209,364634,311205,3526277,3927288,3482068,3885726,20361796,3963460,3677464,3253577,3572927,3812553,3478723,3331674,3709651,3682515,3975871,3771796,3414726,3664628,3833703,3720562,3729385,3799260,3484687,3719293,3324785,3838539,3598093,3862724,3532880,3893222,3666495,3441644,3178488,3694519,3645457,3824919,3827384,3745875,3570898,3756218,3653268,4152365,3474371,3862687,74118011,3723248,3624477,4116997,3422979,3530463,3586176,3886626,3665847,3686578,3813871,3654314,3425708,
197,3794738,3823313,3712355,3869359,3651715,311958,290667,3519418,3924932,3485447,3883317,20272407,3956998,3666788,3245075,3565652,3807088,3473584,3324352,3706779,3662544,3951556,3756867,3400016,3654864,3832003,3714061,3720210,3786094,3472878,3710022,3307811,3832300,3597115,3860036,3536099,3876189,3657453,3430256,3169654,3692891,3649282,3817133,3821499,3723412,3562322,3741615,3642337,4135368,3466860,3855408,72175694,3707455,3614858,4101429,3414027,3524093,3575942,3878920,3656650,3673558,3794759,3638521,3419644,
198,3790532,3818668,3702749,3856331,3641343,290437,273518,3512609,3917048,3477851,3872712,20134456,3937289,3652177,3230930,3551597,3797173,3464428,3317790,3701412,3651755,3934330,3735229,3383605,3645410,3824146,3711489,3707290,3770857,3459886,3689760,3294411,3829110,3586325,3852441,3525383,3862596,3646092,3417075,3161770,3682725,3635572,3810167,3813045,3707908,3538535,3727780,3631847,4120256,3454013,3841132,69494555,3694657,3596305,4081696,3403984,3512709,3561226,3869282,3643169,3657911,3779642,3621444,3409362,
199,3783381,3809551,3691594,3840707,3622783,271992,254649,3501949,3910683,3468757,3867038,19940156,3912335,3637395,3214411,3538815,3786061,3456864,3306904,3692022,3637327,3920143,3720677,3368035,3630836,3803133,3700396,3694633,3750713,3437869,3669776,3275369,3816983,3574000,3847076,3522793,3836748,3623881,3396996,3153818,3676411,3627728,3800413,3804315,3696028,3509869,3708303,3625707,4104760,3443868,3831059,67063836,3681987,3584374,4062618,3388390,3498261,3551315,3858642,3632752,3642218,3768447,3601566,3398920,
200,3771402,3788914,3675087,3823115,3596919,255182,236307,3491223,3894804,3461022,3855277,19687430,3881419,3612569,3189553,3514808,3773421,3446261,3291755,3679663,3617372,3900804,3700218,3348051,3619997,3792300,3683042,3677280,3708486,3414324,3636513,3231889,3804730,3563771,3832392,3512118,3807226,3587770,3365220,3147837,3657262,3612010,3792427,3791656,3678097,3450542,3691057,3614623,4094424,3430119,3814885,64321755,3666546,3563604,4043609,3381170,3489351,3539441,3841513,3619149,3625425,3748134,3578223,3385967,
201,3761613,3776289,3660684,3807752,3534605,237079,216238,3477893,3876372,3444407,3837332,19420745,3797811,3570051,3139521,3473595,3761646,3434102,3279753,3666233,3597444,3869881,3659025,3300934,3606891,3778702,3664109,3669005,3621005,3348522,3550981,3108625,3792830,3548219,3818327,3494188,3761863,3502293,3295406,3137868,3646415,3597674,3780996,3774237,3626945,3269948,3662972,3602054,4076523,3417175,3799289,61631411,3636265,3536530,4014819,3369095,3475708,3526093,3827784,3610073,3586234,3722085,3548793,3375602,
202,3744192,3754475,3641773,3784036,3327082,212627,188437,3458825,3858569,3426537,3814878,19088462,3515155,3445124,2966173,3354311,3738926,3419978,3266615,3652329,3550254,3785797,3527912,3146376,3587454,3765389,3645998,3654407,3286663,3124746,3247389,2709856,3770605,3527471,3803473,3482985,3624103,3242722,3075692,3127097,3626338,3578896,3759632,3761011,3488650,2720350,3609186,3585568,4041461,3398599,3783875,58284535,3569575,3460202,3953334,3344568,3458285,3505278,3809650,3592364,3476959,3672955,3434267,3365629,
203,3729253,3733447,3621282,3762610,2781929,187672,156967,3426440,3842397,3412514,3800730,18732279,2836352,3086659,2507860,2999103,3712284,3407748,3248224,3640936,3409952,3534837,3144081,2738036,3568154,3752560,3636625,3633371,2553670,2563981,2555511,1954956,3748399,3511004,3781301,3472772,3252747,2637196,2547233,3101138,3607931,3565063,3740405,3740568,3087526,1807568,3439295,3564069,3991790,3377120,3767519,55179016,3358190,3210819,3768623,3271202,3445371,3467888,3795928,3577204,3146007,3508836,3101430,3342092,
204,3706368,3699867,3596345,3709249,1918191,157964,119610,3351858,3816311,3395381,3774817,18224260,1827438,2368284,1735447,2283744,3658594,3385187,3217489,3619369,3049441,2981215,2412915,2022601,3539508,3729139,3608735,3610002,1585500,1724027,1620833,1120369,3722558,3484761,3764368,3451297,2514022,1736242,1729654,3061549,3584774,3540165,3720785,3723854,2338106,930965,3034192,3509445,3887566,3342316,3739245,51403965,2865576,2652937,3304118,3058437,3414523,3390882,3772986,3547341,2480813,3096771,2449980,3310709,
205,3686913,3646603,3552708,3596831,936683,118067,74613,3091285,3794059,3368807,3751950,17561458,804371,1303137,825456,1235278,3545327,3365140,3160466,3595251,2254364,1982259,1375098,1079844,3486519,3699049,3595036,3571783,691272,816339,719902,452007,3681253,3431875,3741147,3426688,1408853,790004,810034,2914883,3550668,3496385,3694038,3696203,1293018,349300,2154828,3340583,3689353,3271281,3705325,47844445,1923960,1680132,2345449,2506489,3372930,3251229,3741185,3500011,1470782,2245181,1463357,3191571,
206,3657341,3478976,3415970,3246424,329881,70694,34604,2381565,3731976,3313949,3703415,16433336,273846,471722,271361,431230,3169131,3310800,2946031,3542173,1180407,904547,534412,392940,3295001,3620813,3572423,3427521,246889,286480,252232,166888,3563426,3245394,3700794,3378519,524653,264592,270946,2432388,3443045,3326270,3627882,3636645,482948,150086,1046307,2806371,3198176,3089166,3613665,43568775,878647,713737,1148718,1532423,3246625,2897781,3658601,3390809,594996,1140425,598243,2790839,
207,3597837,3097301,3093101,2571976,155518,35852,16818,1378826,3607721,3152429,3589280,14659173,151276,185070,123239,165044,2426545,3179715,2463288,3420598,468500,343992,208097,161058,2819842,3389557,3484829,3039254,141802,140033,139013,108829,3277938,2799930,3600831,3254478,212037,139129,132385,1562695,3140666,2888309,3436754,3447479,191968,118177,390496,1865505,2410031,2712644,3421575,39614720,329493,261953,436638,696110,3010805,2303748,3522348,3168830,229485,442559,234706,1996283,
208,3397375,2190394,2282243,1461384,122987,16728,11280,519073,3189102,2649820,3209984,11075466,131439,124678,100225,113290,1250475,2714237,1492567,2976921,174627,164792,128261,110525,1767420,2663287,3153991,2066633,124660,113023,118921,98997,2507415,1839587,3221683,2778286,144259,118379,109992,638004,2317586,1900119,2798768,2817343,128016,112776,160590,819608,1277618,1895820,2879808,34810141,154546,133962,181404,243641,2404282,1329730,3124626,2596681,133104,172256,135711,960454,
209,2942771,1224006,1337810,672685,118061,11542,10005,212913,2424889,1847709,2507668,7147082,126594,117612,96436,107013,512946,1893183,700391,2156779,124528,137627,117742,103333,842062,1663350,2464277,1085164,120562,109013,114450,96280,1545393,949842,2487248,1969144,135864,114471,106228,242796,1350585,970167,1837156,1864290,120879,109780,124537,326855,570323,1055773,2032684,31108964,128676,117558,141904,133768,1566506,618486,2433826,1767298,120933,124812,123196,389300,
210,1907096,432872,490017,240368,115509,9868,9023,127051,1233319,816180,1348168,3448277,124932,114292,94469,103594,181414,802872,224123,986555,113306,130968,113006,101023,262167,626222,1267665,356520,117419,106001,111414,93870,589352,318517,1278164,876401,132087,111199,103734,123260,486594,316020,730347,749527,116571,106879,116367,159052,226812,381283,938951,28054353,122773,112641,134293,106293,639744,221056,1287169,774951,116848,116384,119058,161484,
211,974606,196401,207517,150382,112755,8890,8252,110756,528934,326537,603143,2088825,121176,111748,92040,101522,127247,303094,123633,383503,110192,128303,110218,98624,139272,247126,520588,165113,114296,103411,109043,91607,241550,154707,539754,343452,128844,109285,100396,99596,204189,150444,281090,288587,115216,104700,113380,122226,160066,175700,393504,26656625,120676,111245,130659,99564,263379,134400,572740,326863,113943,112641,115837,112003,
212,350630,133793,127636,130424,111133,8261,7578,105253,209737,144706,228977,1641725,118759,109595,90471,100092,117300,136579,103877,159415,107768,125213,108074,97405,115915,139145,188412,122208,112314,101594,106986,89724,139919,115936,203361,148449,126031,106802,98713,93717,129017,114663,144682,145205,112389,102898,111084,112658,144100,116522,176686,25607311,117966,108639,127828,96972,137040,114523,224908,158397,112353,109867,113819,99767,
213,172717,124075,115506,125680,108397,7521,6709,103083,143066,113391,143863,1542678,116312,107188,88266,97583,114342,113193,100343,124451,104824,122255,105441,94414,112225,122826,129378,115376,109255,99889,104792,87050,125316,110753,138444,116842,123243,103806,96246,91619,118706,108872,126380,123765,109530,99951,108473,108894,139430,108121,134262,24766916,115365,106495,125688,95177,115370,109880,146971,126206,109589,107685,111425,95177,
214,126863,120571,111313,122714,105284,6585,5781,101497,127128,106904,124163,1484730,113652,104550,85983,94579,112252,107059,97258,117045,102552,118650,102630,92562,109643,118221,119403,112129,106513,96815,101350,84844,119738,106761,123469,109972,120233,102169,94198,89938,115701,105648,121690,118390,106778,97207,106421,106910,135799,103987,123601,23766717,113534,103593,122446,93414,109071,106949,127837,117502,107129,105340,108896,93438,
215,120307,118144,108693,120494,103523,5786,5036,99997,122402,104114,118595,1440457,110414,102153,83876,92702,108954,104239,95758,114356,99957,116622,100499,90233,106780,116119,116268,110139,104325,94438,99086,82952,117402,105278,120459,108098,116985,99220,92310,87984,112035,103477,118607,115933,104596,94923,103831,104018,132640,101641,120060,22898614,111187,101058,119983,91072,106325,104952,124155,114856,105015,102481,106066,91288,
216,116060,114272,105894,117395,100336,4826,4070,97605,120036,101973,115999,1397811,107484,98861,81630,89972,106977,102186,93392,112042,95102,113388,98615,87952,103828,113039,113987,106926,101189,91712,96244,80990,114925,102640,117669,105629,113910,96407,89241,86653,109967,101357,117257,113083,101486,92430,101245,102066,129766,98825,116780,21974156,108440,99158,116246,89192,104054,102228,120353,111917,102236,100517,104056,89845,
217,113933,112650,103290,115117,98012,3966,3129,95570,116841,99255,113532,1356919,104191,96874,79222,88149,104480,100394,92162,109823,92051,110885,95381,85673,102491,110514,112526,105438,98633,89147,92983,78207,112389,100634,115607,103454,111068,93603,86369,84421,108029,98549,114500,110695,99144,89059,98729,99959,127392,97435,114604,21079402,105576,96407,113733,87659,102017,100225,118220,109242,99128,97834,101072,88185,
218,111563,109759,101059,111818,94868,3099,2203,93453,114746,97377,111050,1308473,101581,94330,76494,85670,101355,97830,88979,106731,90311,107286,92639,82989,99726,108187,109889,102130,94850,86565,89926,76256,109622,98027,112139,100788,107367,91028,83300,82592,105245,96576,110786,108023,95753,86770,95724,98029,123519,94748,111446,19987543,102601,94144,110691,86175,99291,97654,115345,107008,96045,95652,98065,86096,
219,108722,107202,98776,108911,92300,2120,1451,91374,112216,96088,108876,1268141,98243,91660,74424,81943,98340,96043,86732,104543,87740,104577,89506,80235,96887,105782,107581,100119,92348,83586,87206,73226,106689,95875,110858,99502,104127,87410,81227,81091,102498,94820,108990,106196,93746,83037,92610,95964,121393,92473,109295,19100428,100764,90676,106529,83801,97388,95288,112790,104420,93519,92609,95282,84675,
220,106404,104031,95916,106491,88934,1534,1085,89718,108899,93047,105679,1222344,94227,88950,71248,80100,95443,92770,84377,101414,84914,100910,86799,78100,93978,103441,104099,97242,89153,80759,83829,70676,104046,93059,107761,96632,100930,84347,77975,79506,100252,92076,106122,101953,91098,80269,90726,94145,116758,89873,105964,18016152,97726,88134,103734,82316,94972,92109,109378,101747,90875,89049,92588,82127,
221,103985,101522,93453,103141,86092,1161,910,87370,106514,90193,103059,1181711,90914,85423,68746,76731,92469,90840,82082,99747,82443,97450,83534,74664,91392,101254,102482,95112,85653,77511,80661,67701,101323,90860,105037,93957,96977,80963,75250,77325,97790,89206,103512,99955,86888,76263,87172,91542,114272,87235,103592,17078014,94761,85453,100493,79651,92293,89561,106423,99410,87669,87225,90216,80459,
222,100642,97350,90613,99589,82453,933,860,84670,103506,88170,100575,1126446,86673,81944,65606,74018,88989,88446,78938,96599,79084,94237,80452,71993,88679,97604,99563,91834,81247,74116,76671,63813,97931,87599,102029,90957,92685,76009,71222,75315,94234,86741,100934,96335,83117,72350,83481,89420,109278,84013,100692,15932597,91681,82380,96906,77034,89471,86168,103257,96332,84681,83406,86581,78096,
223,98374,94405,87969,96049,78808,850,804,83384,101418,85813,97571,1079636,82908,78253,62149,70354,86226,86212,76888,94078,76030,90294,76498,68176,85991,94993,96799,88863,77590,70423,73026,60099,95731,85099,99556,88863,88446,72767,67905,73211,92443,84293,98030,93138,79969,68182,80787,86955,106094,81775,98353,14970673,87947,79144,92108,75290,86993,83538,101095,94007,80361,80082,82601,76028,
224,94500,91325,84367,92007,71700,749,712,79029,96438,81972,93954,1007665,74826,72990,56203,64686,81264,82574,73155,90183,70819,83955,70465,63089,81645,91043,92903,85114,69998,64046,65771,53696,90519,81301,95166,85266,80609,65340,61269,70011,87447,80300,93506,89267,73163,60572,75257,82684,100572,77702,93405,13566004,82126,73814,85231,71131,83484,79352,96992,90123,74656,74707,76751,72963,
225,91631,87877,80294,87762,67235,754,718,76374,94080,79877,90909,953680,69295,68269,51474,60082,77357,79321,70455,86420,66739,78582,66004,58488,78408,88182,90136,81622,64255,59177,60063,48637,87007,78152,92518,82256,75834,59923,56155,67360,84557,77314,90695,85937,68720,53587,70885,80437,95955,74365,90758,12603402,77985,68911,80481,68571,79956,75734,93757,86731,70430,70210,72822,70137,
226,88200,83455,76801,83864,60686,690,663,73259,90860,75510,87352,887854,61568,63102,44855,55007,73167,75941,66503,83366,62727,73303,60579,53139,74537,84252,86775,78016,55787,52278,51289,39817,82955,74473,89119,78583,69744,52473,49199,65422,79853,73736,86219,82551,62422,43293,66132,77042,90328,70692,87054,11506522,73312,64066,74330,65243,76591,71236,89244,83170,65327,66205,67479,67168,
227,85804,79464,73550,79864,53262,675,635,70209,87606,72565,83577,830745,52010,57062,36402,47938,68822,73284,63485,79947,59060,67547,53607,46935,71036,81120,83565,74580,45346,43146,40840,28982,79389,71187,85286,75676,62590,41645,39177,62423,77090,70869,82671,78704,55513,30310,61807,73977,84857,67963,83761,10664672,68310,58530,68496,61955,73465,67544,85807,80425,59368,60800,62122,64996,
228,81652,74381,69252,74382,42172,655,632,67431,83744,68302,80201,760845,38513,49176,25005,38964,62639,69553,59475,76647,53291,59756,44856,37626,66358,77308,79741,70259,32194,31609,27767,18222,75340,66864,81460,72304,52438,28551,27536,60132,72704,66324,78423,74969,45105,18239,55725,70795,78297,63229,79752,9679748,62259,51618,61510,59127,69182,62819,82031,76415,51146,54730,54849,61666,
229,78012,70048,65331,69621,28215,623,594,64148,80245,64374,76834,695254,22866,36851,13488,25919,56180,65857,54992,72288,45084,48211,32110,24848,61548,73300,75767,66223,18369,18526,15120,9081,70351,62719,78122,68340,37249,15350,15257,57046,68049,62150,74610,71078,31436,8693,46842,67782,71087,58814,75535,8870269,51567,40726,48360,54611,65324,56865,77947,71759,38665,45809,43042,58936,
230,73557,64105,59307,61164,14694,553,525,59244,75066,59687,71772,614097,10379,21350,5991,12749,45668,61675,48529,67325,32980,32697,17931,12627,55367,68042,71679,60634,8655,8832,6963,4399,64581,56893,72968,64008,20500,6843,6918,53432,62954,57049,69641,65873,16690,4834,33847,63414,58059,53256,70692,7973137,36044,25753,31480,49155,59724,47598,72375,67005,24000,31992,27429,54827,
231,69160,57353,53230,51983,7208,529,503,54478,71801,55127,67821,533716,5605,10999,3629,6053,31923,56895,40145,62293,20470,18196,8788,6307,47095,64109,67327,55028,4943,4875,4486,3169,57143,50038,69341,58757,10108,4305,4034,48715,56528,50944,64129,60916,8311,3598,20261,58642,42790,45472,65600,7276857,21137,13668,17432,42318,52573,36565,67340,61361,12407,19109,14796,50343,
232,64227,45731,43805,38223,4573,509,489,47516,66658,48130,62788,435238,4324,5517,3093,3747,17794,51273,28606,55600,10392,9136,4911,3843,34566,57450,61844,46794,4103,3618,3715,3003,47704,39761,63201,52812,5830,3695,3337,43299,47329,41934,55958,53954,4854,3433,10029,52359,25526,33789,60241,6529606,10803,6864,8587,31577,43295,23081,60208,54903,6422,9408,7307,44025,
233,59011,32501,31932,24061,3858,480,468,38491,61093,38238,56060,325633,3983,4128,2893,3268,8915,43233,17133,47406,5369,5632,3847,3266,21380,48746,56137,35893,3765,3509,3527,2802,35252,27142,56621,44383,4587,3447,3332,34164,35498,30187,45605,44909,3804,3389,5376,43133,13297,21527,51985,6017304,6373,4264,5255,20370,29731,12221,50816,45772,4414,5256,4739,35218,
234,49069,16355,16796,11231,3664,457,450,24876,51430,23282,45111,199867,3902,3618,2774,3170,4559,29372,7671,32177,3753,4354,3419,2988,9410,33877,44522,20231,3630,3190,3253,2686,18941,13587,44318,30027,4331,3192,3071,21930,19762,15851,28934,29602,3783,3094,3837,29984,6833,10076,37937,5452303,4653,3625,4415,10161,14892,5728,35003,30251,3795,3664,3936,23285,
235,37113,8216,8380,6125,3589,479,476,13832,39286,12611,32347,127837,3733,3427,2746,3012,3757,16794,4442,18527,3294,4072,3357,2957,5073,20156,31231,10617,3639,3097,3211,2617,9597,6743,31168,17065,4115,3204,3113,11841,10425,7817,15860,16782,3521,3096,3543,17929,5140,5210,24787,5085219,4412,3500,4050,5572,7415,3971,20175,17136,3556,3372,3743,12746,
236,21920,4737,4621,4640,3449,487,481,7606,23410,5796,18024,91485,3602,3327,2546,2843,3472,7536,3253,8594,3229,3906,3183,2996,3628,9632,16983,5363,3302,3066,2969,2513,5132,3979,16190,7862,3871,3032,2922,6512,5353,4270,7179,7792,3282,3008,3349,10058,4730,3788,11874,4764125,4232,3332,4004,3717,4456,3490,9617,8018,3509,3230,3637,7044,
237,11533,3987,3674,4194,3308,465,455,4717,12691,3971,9469,80201,3448,3258,2486,2723,3359,4381,3109,4954,3132,3624,3155,2781,3378,5317,8500,3896,3206,2963,3016,2447,4066,3466,8424,4684,3849,2924,2825,3896,4038,3461,4614,4669,3297,2881,3225,5823,4564,3292,6340,4502908,4203,3312,3761,3122,3733,3243,5438,4998,3334,3121,3453,4175,
238,5624,3816,3342,4006,3163,441,431,3570,6112,3354,5196,74264,3331,3127,2383,2640,3144,3433,2954,3802,2921,3646,3060,2599,3241,3970,4898,3477,3118,2764,2931,2314,3649,3322,4770,3590,3723,2715,2667,3096,3745,3309,3886,3636,3211,2670,3165,3845,4410,3255,4380,4213043,4155,3133,3740,2980,3596,3221,4238,3949,3209,3069,3299,3087,
239,4130,3629,3230,3818,3120,475,465,3173,4338,3138,4036,70568,3278,2988,2300,2539,3045,3328,2806,3597,2835,3435,2787,2635,3243,3785,4041,3382,3030,2592,2565,2257,3571,3177,4005,3371,3580,2692,2628,2773,3553,3032,3821,3527,3013,2654,2936,3465,4370,3086,3886,3977707,3912,3087,3626,2795,3653,3117,3909,3730,3097,2931,3366,2893,
240,3675,3455,3080,3747,2858,418,410,3047,3866,3031,3540,66727,3140,2964,2205,2462,2964,3245,2747,3493,2788,3354,2775,2588,3040,3391,3661,3208,2832,2639,2610,2108,3520,3118,3737,3265,3310,2642,2542,2644,3378,3030,3705,3397,2891,2557,2935,3175,4111,2992,3724,3701711,3829,2901,3351,2736,3572,2920,3737,3452,2929,2759,3108,2735,
241,3541,3474,2952,3524,2820,402,389,2994,3673,2944,3416,62910,2887,2703,2206,2346,2969,3064,2654,3279,2661,3168,2670,2367,2982,3426,3545,3174,2722,2537,2484,1997,3415,2968,3495,3221,3187,2380,2265,2617,3329,2904,3505,3229,2823,2446,2746,3168,3936,2727,3574,3492240,3786,2857,3247,2638,3304,2838,3653,3479,2941,2702,2939,2730,
242,3511,3314,2889,3342,2793,467,461,2938,3640,2892,3354,59417,2895,2687,2027,2279,2697,2949,2477,3249,2506,2928,2531,2243,2743,3180,3388,2988,2510,2369,2287,1965,3143,2846,3403,2994,3101,2282,2195,2710,3234,2726,3356,3064,2689,2186,2654,2967,3777,2640,3475,3226379,3560,2697,3116,2542,3165,2739,3433,3380,2851,2731,2842,2620,
243,3262,3175,2837,3344,2565,370,357,2796,3448,2716,3209,56179,2688,2609,1950,2187,2560,2862,2454,3148,2447,2995,2428,2116,2741,3303,3333,2905,2431,2310,2183,1862,3048,2734,3320,3057,2905,2257,2136,2464,2965,2714,3205,2916,2556,2239,2460,2888,3605,2580,3271,3018160,3479,2634,2969,2498,3093,2643,3328,3161,2597,2448,2818,2497,
244,3159,3031,2716,3128,2412,391,387,2781,3180,2592,3097,52659,2538,2440,1836,2014,2445,2709,2317,3040,2298,2788,2326,2116,2575,2985,3217,2814,2376,2100,2205,1732,2981,2614,3154,2754,2729,2078,2071,2486,2840,2574,3163,2859,2391,1971,2458,2733,3410,2481,3205,2779754,3334,2504,2856,2405,2906,2500,3084,2981,2568,2357,2613,2317,
245,2999,2837,2502,3051,2330,402,403,2562,3084,2528,3096,49342,2417,2329,1737,1951,2369,2543,2256,2843,2158,2640,2165,1966,2473,3060,3133,2752,2211,2034,1969,1647,2818,2484,3003,2818,2594,1969,1873,2323,2788,2482,2978,2730,2338,1873,2325,2817,3247,2483,3059,2589855,3229,2404,2777,2286,2853,2400,3126,2983,2335,2234,2613,2278,
246,2946,2731,2475,2971,2234,350,343,2596,3016,2350,2800,46017,2276,2218,1641,1836,2235,2463,2148,2762,2102,2553,1949,1845,2375,2863,3001,2570,2008,1846,1929,1587,2771,2456,2897,2622,2501,1853,1767,2266,2727,2418,2953,2594,2184,1796,2218,2667,3184,2358,3046,2363116,3061,2261,2568,2243,2681,2277,2933,2811,2258,2124,2400,2291,
247,2810,2671,2335,2742,2181,366,364,2446,2851,2442,2844,43014,2154,2074,1505,1743,2104,2404,2103,2722,2066,2376,1917,1753,2211,2790,2789,2409,1899,1816,1703,1399,2619,2275,2878,2474,2413,1637,1710,2165,2531,2277,2794,2395,1993,1608,2107,2534,3059,2256,2858,2192312,2922,2146,2325,2195,2606,2097,2811,2680,2287,2034,2296,2199,
248,2748,2536,2219,2561,1877,397,391,2344,2852,2195,2714,39864,1961,1963,1438,1623,2027,2326,1945,2507,1963,2235,1876,1592,2190,2611,2756,2359,1775,1638,1616,1306,2405,2260,2661,2399,2223,1600,1527,2137,2421,2124,2647,2363,1885,1458,1885,2421,2810,2096,2694,2006546,2729,2112,2252,2085,2443,1970,2765,2536,2054,1904,2227,2107,
249,2539,2374,2072,2419,1798,366,359,2281,2717,2152,2597,36471,1820,1833,1318,1488,1872,2232,1873,2411,1854,2105,1691,1478,2120,2329,2533,2215,1503,1544,1469,1177,2365,2017,2582,2301,2061,1402,1386,2023,2291,2100,2561,2224,1701,1267,1861,2314,2631,1958,2578,1846120,2677,1913,2128,1980,2329,1898,2588,2460,1909,1713,2086,2047,
250,2450,2304,1995,2319,1645,379,372,2168,2636,2032,2379,33568,1689,1657,1152,1425,1761,2054,1672,2214,1720,1973,1549,1374,1899,2284,2490,2056,1496,1395,1294,1019,2328,1947,2428,2212,1845,1212,1218,2003,2203,1902,2300,2108,1624,1139,1761,2210,2401,1841,2467,1669360,2435,1704,1931,1841,2204,1708,2405,2358,1742,1685,1910,1863,
251,2378,2097,1865,2118,1466,366,358,2076,2435,1995,2257,30318,1470,1613,997,1186,1658,1948,1548,2217,1541,1745,1438,1240,1851,2257,2393,2025,1297,1111,1078,830,1986,1895,2322,2077,1641,1018,1111,1838,2113,1823,2257,1990,1464,971,1591,2168,2194,1756,2372,1523897,2253,1619,1776,1756,2184,1720,2284,2176,1621,1567,1720,1844,
252,2268,2038,1676,2029,1306,326,319,1994,2313,1764,2129,26840,1311,1389,750,1077,1395,1807,1451,2082,1443,1647,1189,1090,1664,2097,2327,1832,1097,951,882,701,1885,1683,2251,1887,1519,794,856,1781,1846,1746,2157,1880,1248,701,1489,2102,2129,1586,2173,1373138,2149,1498,1635,1767,2013,1532,2138,2012,1419,1394,1682,1817,
253,2125,1871,1631,1815,1123,330,324,1935,2266,1657,2038,24169,961,1271,581,856,1212,1790,1345,2000,1407,1458,1021,889,1525,2040,2173,1742,796,731,641,521,1793,1586,2167,1803,1240,624,677,1702,1788,1618,2008,1726,1063,519,1352,2006,1805,1502,2040,1252242,1986,1275,1395,1644,1833,1340,2028,1969,1255,1216,1410,1676,
254,1984,1676,1476,1719,826,352,352,1780,2116,1578,2033,20575,689,973,460,679,1036,1587,1275,1796,1102,1149,828,698,1397,1866,2003,1608,622,555,498,380,1625,1484,1897,1719,948,435,499,1544,1623,1455,1817,1574,829,420,1147,1842,1564,1318,1858,1124409,1744,1084,1152,1470,1718,1116,1806,1779,1106,1039,1161,1545,
255,1894,1491,1317,1553,598,313,307,1675,1929,1399,1799,17842,580,731,401,458,828,1519,1097,1632,968,895,600,532,1221,1716,1878,1421,468,469,419,422,1460,1285,1838,1517,698,357,414,1470,1473,1351,1681,1534,653,370,920,1760,1158,1122,1904,1023456,1479,818,850,1330,1435,924,1725,1704,819,848,888,1535,
256,1782,1364,1199,1357,431,298,294,1517,1872,1208,1685,15475,443,488,369,432,613,1343,909,1567,602,565,427,417,1029,1562,1770,1327,434,390,398,390,1285,1162,1657,1441,447,292,365,1286,1328,1229,1564,1387,417,352,639,1546,932,1048,1675,950344,870,530,571,1156,1325,768,1637,1617,530,528,536,1249,
257,1647,1088,1097,1100,363,307,301,1326,1727,1090,1548,12490,416,448,372,394,486,1211,690,1357,499,401,365,412,824,1434,1701,1180,413,364,397,369,1121,1015,1564,1277,415,337,393,1197,1123,1052,1367,1236,399,332,408,1474,641,795,1604,867843,649,488,462,958,1099,555,1510,1341,439,425,414,1209,
258,1406,879,770,804,393,275,267,1235,1583,803,1375,8858,475,431,365,361,440,1035,536,1097,431,417,384,377,578,1236,1475,941,345,385,381,336,850,691,1362,1126,366,303,422,1103,868,864,1177,1003,387,353,384,1266,505,599,1335,783952,544,465,437,863,722,431,1062,1131,398,344,382,1064,
259,1269,649,634,596,395,331,330,1060,1412,731,1229,6562,441,422,332,390,406,879,432,931,368,393,388,362,438,1117,1307,740,395,370,379,341,649,557,1203,886,363,289,361,879,678,617,915,832,403,348,368,1122,470,452,1147,727300,486,423,439,657,545,386,969,892,391,378,360,901,
260,1074,495,485,486,383,326,322,898,1197,476,986,4761,455,387,332,352,376,604,346,643,375,371,385,334,409,816,1070,606,364,391,341,354,485,437,930,606,353,280,354,763,510,470,640,526,380,330,374,907,416,439,935,669478,508,423,412,546,445,355,649,674,404,342,370,753,
261,856,442,399,470,398,320,313,674,1058,374,787,3781,431,387,357,324,375,504,356,515,401,415,355,363,426,616,819,491,382,357,394,333,419,403,757,480,355,302,339,641,440,402,469,466,383,325,329,739,403,368,683,622651,502,385,391,481,421,345,524,530,368,329,328,605,
262,628,402,411,429,342,256,251,544,787,393,600,3447,386,353,320,332,403,366,373,428,385,341,370,363,382,473,555,408,377,343,338,353,445,344,553,358,329,269,330,516,355,333,414,371,347,351,369,568,443,385,503,574040,488,366,403,417,365,347,412,425,336,350,337,478,
263,457,412,366,467,343,270,267,455,555,374,500,3094,432,352,367,335,348,385,365,424,368,368,388,361,365,439,497,404,369,317,351,307,412,353,421,390,325,291,347,418,390,359,400,326,344,301,344,454,400,369,420,535810,486,398,390,403,380,350,358,362,373,335,337,427,
264,443,405,345,427,343,269,266,407,418,339,397,2965,381,350,314,337,350,340,347,404,348,341,377,353,381,399,473,415,315,329,354,306,385,372,378,365,338,292,352,367,390,397,364,307,346,298,330,373,379,372,471,497494,491,383,411,394,379,350,381,373,340,305,332,376,
265,394,362,394,453,326,254,251,413,362,348,360,2790,409,349,299,337,356,362,333,366,343,314,351,336,377,419,449,390,364,363,337,298,411,359,405,340,281,266,334,360,370,379,437,287,334,310,347,376,367,364,379,460715,479,386,387,371,365,348,333,393,352,315,328,387,
266,396,370,371,428,324,264,262,382,363,362,366,2542,375,358,297,280,355,371,362,365,363,305,343,336,376,370,413,420,337,313,342,293,368,359,372,356,359,262,323,380,390,339,372,301,319,332,340,353,387,333,372,421217,464,397,393,356,335,338,363,382,352,323,333,368,
267,393,375,381,427,354,281,270,396,358,331,354,2444,395,341,326,294,343,336,323,365,347,322,339,325,367,375,423,370,338,306,323,311,388,326,356,367,295,264,344,389,358,398,359,260,303,315,352,361,386,371,384,389458,424,364,348,369,391,333,361,339,352,285,318,380,
268,355,388,329,419,335,257,251,375,296,365,369,2286,360,358,287,312,313,340,355,346,304,322,344,317,349,353,442,360,342,312,292,286,377,359,342,387,334,257,320,386,358,345,330,336,298,311,307,353,390,334,383,354299,419,342,349,347,335,312,333,336,317,285,348,317,
269,368,387,401,393,301,264,262,344,330,347,346,2109,322,364,286,315,316,344,324,385,295,308,329,279,343,388,424,350,325,295,316,271,372,318,371,367,320,263,309,347,374,327,340,295,313,306,307,328,405,333,369,325812,392,385,359,388,349,310,337,342,353,327,294,384,
270,345,338,336,369,307,247,240,348,324,346,354,1881,351,300,276,287,338,344,311,367,346,318,294,295,339,361,376,373,296,300,319,257,336,317,347,338,303,266,315,374,310,318,319,316,325,267,288,374,339,333,388,295222,421,353,374,345,333,269,358,330,314,293,324,340,
271,366,365,320,373,297,213,211,349,324,328,356,1749,341,327,288,306,295,294,299,360,296,274,283,298,343,352,382,375,319,285,310,266,335,338,345,323,286,223,293,359,324,325,352,295,266,302,329,326,341,331,365,270002,432,350,346,393,342,295,337,320,297,287,281,366,
272,362,324,335,372,299,273,270,323,335,342,333,1672,315,332,271,293,316,303,309,325,286,282,300,316,317,343,392,348,276,317,312,294,346,296,338,338,277,232,292,375,357,320,343,267,289,259,285,341,319,319,365,241960,406,313,337,323,321,295,314,295,314,288,330,335,
273,336,335,312,377,292,250,249,340,300,300,311,1464,324,296,275,283,306,302,265,319,334,278,296,240,338,375,401,345,254,254,274,256,345,299,344,323,271,208,272,344,350,326,355,265,273,255,271,315,319,302,367,221073,382,356,350,342,314,300,331,322,310,275,231,300,
274,346,308,300,383,287,230,229,306,333,301,340,1360,345,298,263,246,287,285,291,332,319,292,278,285,321,357,399,375,309,263,270,264,349,277,366,366,244,205,288,311,355,316,331,248,300,240,261,335,293,305,351,197960,386,326,347,323,302,288,288,313,303,277,268,338,
275,316,310,309,311,280,206,205,334,299,295,328,1293,327,290,241,247,279,310,292,314,313,277,262,241,298,324,374,316,263,292,234,234,355,296,344,280,238,182,267,340,319,277,306,263,275,236,275,309,321,322,322,180899,371,322,315,334,262,267,274,309,311,258,268,337,
276,299,324,316,330,253,245,243,315,310,282,298,1092,301,270,241,259,289,308,265,294,278,282,267,264,294,351,336,302,241,257,264,250,307,317,317,308,244,204,275,338,324,282,306,247,258,221,273,296,267,279,321,162628,301,316,316,310,315,274,289,309,280,244,267,321,
277,350,303,322,359,241,236,234,329,286,232,303,1117,306,260,227,239,267,315,270,300,281,272,251,242,270,333,357,330,271,226,254,229,296,292,312,299,247,223,249,321,339,301,294,249,260,231,250,293,300,296,338,147622,353,291,314,330,268,238,290,265,280,243,264,337,
278,299,288,296,326,254,224,219,313,308,318,295,893,266,237,232,260,248,257,211,310,270,251,228,251,245,315,366,325,214,232,240,250,293,291,290,285,196,177,215,341,271,260,279,225,254,216,254,279,271,283,333,131119,352,248,275,302,305,215,288,322,247,239,246,302,
279,314,286,287,355,226,203,200,294,287,263,299,782,269,247,241,260,298,281,250,335,287,236,258,221,264,324,311,328,237,239,265,235,282,265,287,296,224,186,228,308,311,284,302,222,227,202,248,295,277,269,304,119342,332,270,263,282,293,222,275,258,243,234,218,352,
280,321,272,284,310,242,206,201,308,296,253,282,768,277,244,224,241,244,267,260,299,237,212,307,218,279,303,315,291,234,217,251,242,285,240,283,284,212,182,235,304,308,241,270,222,268,232,268,261,242,261,306,109143,314,278,285,314,235,228,252,241,244,211,234,283,
281,296,285,284,302,226,206,204,299,305,259,252,571,294,261,205,251,243,255,288,287,271,226,221,246,263,346,316,302,230,226,238,216,294,217,273,270,197,188,254,308,294,276,292,194,225,217,221,269,240,255,311,99847,319,290,279,316,239,236,269,288,211,205,226,308,
282,284,281,252,269,227,217,214,296,243,277,269,548,278,225,219,273,244,253,255,273,226,225,273,240,249,304,325,271,241,228,219,232,257,217,283,260,194,183,242,245,265,241,247,201,251,223,222,269,216,259,304,89945,291,261,277,300,228,246,263,260,253,214,209,299,
283,301,277,270,279,222,207,207,259,250,249,256,479,277,232,223,216,231,266,220,269,251,199,235,273,261,296,270,280,250,246,259,238,240,233,248,228,201,183,217,294,273,231,262,187,214,208,231,279,218,223,271,83056,284,260,266,310,206,202,232,243,245,221,217,264,
284,288,281,222,263,239,206,200,286,242,235,259,435,277,238,224,211,216,240,207,295,256,210,246,215,252,273,283,220,245,237,208,231,251,246,268,217,206,178,252,304,235,252,274,193,214,204,206,267,254,223,309,78463,254,285,239,257,198,201,219,259,235,199,226,275,
285,253,284,257,272,236,200,197,261,237,237,252,379,259,221,241,218,240,216,232,242,256,192,232,214,243,279,295,237,253,236,250,223,264,240,254,248,194,182,236,290,261,254,237,181,222,220,233,272,231,228,269,72570,263,274,256,257,232,219,249,233,237,196,203,318,
286,240,264,282,275,222,185,182,254,217,221,237,345,261,235,213,223,224,248,238,226,263,198,226,209,250,311,316,256,232,226,239,227,248,205,243,241,206,178,250,272,246,231,251,187,214,210,230,276,227,242,274,66430,274,249,267,249,219,212,185,226,241,178,187,275,
287,268,260,223,305,210,185,182,242,223,219,253,356,244,233,200,246,229,228,198,225,229,194,249,247,259,280,302,235,255,230,214,234,252,229,251,232,199,163,220,255,243,235,250,161,206,224,234,247,218,247,264,61074,284,267,288,255,230,229,223,255,242,212,211,251,
288,262,263,220,277,222,199,199,246,244,251,253,314,222,233,218,235,213,233,236,245,231,197,260,211,242,234,275,268,226,206,254,208,224,219,216,204,189,174,218,237,244,216,225,190,223,195,196,213,208,224,251,53957,219,231,245,264,236,213,199,220,231,191,224,265,
289,235,264,252,265,198,192,188,219,206,247,227,313,241,243,204,188,227,227,251,237,211,184,241,245,228,241,254,292,199,233,220,230,218,216,212,231,191,157,224,231,229,236,215,192,227,197,210,229,226,226,252,49994,246,236,252,243,206,209,217,231,226,208,223,243,
290,235,216,252,258,204,186,186,225,200,233,255,330,246,218,192,196,208,248,235,242,237,198,247,207,225,242,259,265,249,217,228,202,247,230,197,239,178,162,225,286,224,234,235,163,205,198,216,222,243,211,242,44478,248,266,259,233,187,196,216,245,243,216,197,240,
291,234,253,279,271,210,173,172,205,201,218,237,321,262,255,204,225,240,211,225,208,237,191,224,218,255,240,272,239,229,224,200,186,222,231,239,217,199,137,206,243,262,238,236,208,226,181,203,233,227,215,262,40996,253,229,223,236,202,191,209,210,201,194,201,228,
292,224,246,232,216,236,177,176,230,212,205,210,315,265,205,183,203,232,216,198,233,202,199,222,219,225,251,269,235,230,217,216,203,238,203,219,216,189,139,234,276,229,220,212,191,215,199,228,202,195,224,257,37088,269,246,214,212,187,192,189,216,210,191,204,220,
293,260,236,220,270,213,190,185,242,197,223,199,290,250,215,219,203,221,243,204,253,195,223,221,182,224,247,251,231,208,185,215,191,242,223,211,214,192,138,249,267,225,214,210,154,201,184,236,219,225,210,240,33621,258,245,239,278,180,197,197,244,209,190,202,239,
294,226,243,201,257,172,171,167,224,187,206,213,255,249,215,176,204,186,227,212,190,234,188,237,192,234,255,232,249,201,218,222,188,244,201,195,204,174,139,216,235,246,200,240,167,206,193,195,208,192,209,234,30118,223,218,240,244,221,194,217,232,226,197,160,252,
295,228,238,231,248,182,176,173,234,188,195,233,281,232,202,187,229,208,213,201,231,209,195,209,210,227,252,250,242,205,213,227,183,219,205,209,203,186,150,234,231,233,227,226,166,217,198,202,222,219,217,239,27285,248,212,237,256,175,184,246,248,214,182,208,227,
296,221,227,208,239,226,158,157,228,176,209,203,287,206,217,174,197,195,218,203,249,203,199,197,199,219,240,252,215,185,185,204,219,227,212,229,193,170,148,192,286,230,214,204,182,222,214,189,186,216,205,234,24921,270,237,237,262,209,196,211,237,205,191,183,223,
297,244,236,212,233,215,169,167,219,180,191,209,272,204,209,192,198,217,193,209,219,223,185,193,181,214,241,260,244,229,213,193,167,233,230,224,225,189,148,217,269,231,228,219,170,218,177,195,201,195,221,230,22133,240,209,242,214,199,192,204,221,226,184,183,234,
298,212,236,236,277,184,166,166,249,204,205,218,264,212,199,189,188,185,216,193,206,226,178,198,209,220,244,232,231,194,177,190,213,220,177,203,195,191,156,191,242,215,226,229,142,189,188,171,189,209,212,252,20045,228,230,252,234,183,188,229,193,188,157,175,223,
299,220,211,229,251,187,166,163,230,192,213,216,231,234,180,180,198,189,204,202,225,223,170,203,181,201,246,260,248,174,176,191,165,223,209,184,214,171,135,196,220,221,215,200,149,171,180,198,196,224,215,223,18226,241,226,233,244,183,174,194,215,175,163,184,243,
