165,334318,334982,334268,401998,666993,121730,174631,1720674,433954,277580,372001,297896,698998,674178,418654,526216,344901,346991,335826,364666,621845,617929,704888,516612,394856,436714,390107,410983,617875,481533,563461,472356,311784,349189,390564,319475,722447,491053,426219,1073148,363688,363103,379594,408895,575902,568415,616765,1655820,412149,285585,366835,353894,648478,541765,548327,1820738,278539,292133,309514,349275,619434,568118,677570,743749,
166,374682,380360,379132,457637,1162775,195085,307900,3298187,495419,314327,421570,337272,1120604,1132147,516693,760541,392016,371798,360504,397118,1066378,897771,1290215,825948,422016,493859,419769,463586,994514,659205,858051,723554,357685,393995,436396,354015,1158738,640896,526170,2117182,403646,406424,413031,446489,870201,939463,978814,2997513,469558,324226,414781,404428,1067310,792701,671030,3207442,315990,334651,353996,394064,1030166,847613,1220616,1417301,
167,414768,426060,423754,513119,2335416,340211,565269,4844427,584663,349494,471597,376820,2254909,2314617,795408,1445321,418793,400587,396305,424159,2057639,1655233,2494835,1652893,458294,568194,462647,534409,1977754,1197155,1675624,1448842,399897,442768,488969,387093,2189415,1111082,825561,3212507,444858,455166,448282,493845,1681008,1914505,1854237,4125497,526629,361712,466592,449316,2088946,1511785,1002972,4380110,348955,374082,393417,439001,2032365,1597000,2371058,2555169,
168,466676,482567,483018,601848,4150589,645766,989925,6035503,784140,394154,549552,422325,4307716,4376010,1655164,2994244,467042,444927,448440,469213,3546491,3110173,3957728,3005192,513463,742585,522901,678974,3565319,2424319,3163018,2772796,449326,511151,565862,435229,3745566,2280210,1703590,3782276,505647,546608,501382,564940,3168285,3434063,3329023,4616374,602312,407718,558869,505642,3765645,2933668,1950136,5116699,389810,421614,442273,507994,3601730,3028941,3866531,3721444,
169,537042,556871,579577,789833,6022418,1098105,1470937,5482842,1236328,445207,701307,483266,6662819,6586566,3282605,5079326,531893,507933,533046,532597,4596427,4550784,4831589,4104185,607482,1160915,625663,1029996,4847394,3845756,4508274,3995291,511132,658867,712812,497789,4842744,3704781,3031871,3918447,599253,747140,579937,694044,4497081,4576497,4545073,4658314,723032,466941,752187,572765,5462378,4522065,3605129,4850650,440731,486790,497239,644011,5021539,4532220,4950235,4385322,
170,728395,759246,902583,1483567,6498553,1616050,2088110,4816281,2492962,571020,1213862,650626,7388527,6804093,5473293,6551469,690632,691994,831952,684066,5035335,5375892,5112646,4581501,915106,2487593,978773,2169860,5294100,4782647,5160136,4605759,653315,1197864,1231303,667350,5206574,4653111,4154303,3960426,910752,1461821,800926,1123750,5116524,4891830,5040139,4657447,1136312,627520,1386894,716696,6331510,5865528,5597965,4559680,561318,672365,611449,1121985,5629541,5555767,5219973,4526843,
171,1188233,1325602,1689996,2818573,5666986,2186669,3133829,4763205,3902517,890493,2264594,1100240,6316596,5758098,6060981,5818151,1118443,1178110,1620251,1069745,5007207,5464201,5126762,4653604,1717249,4368983,1848329,3866719,5211310,4851121,5127079,4598963,1023199,2320381,2331383,1107634,5265231,4895153,4559236,4024168,1685065,2792522,1375772,2126137,5077375,4880388,5029444,4726452,2127657,1042912,2563503,1070764,5704225,5747722,6752488,4582161,859670,1181234,879832,2122880,5300415,5532550,5060744,4471468,
172,2477609,2865488,3352054,4620398,5388155,3283898,5548594,4989179,4948408,1921821,3942204,2377333,5887163,5425482,5296503,5248417,2554122,2641477,3523355,2337581,5030979,5470201,5217380,4747525,3758287,6800129,3791343,6091891,5283492,4806513,5142772,4623051,2211747,4084184,4183191,2402908,5425083,5017329,4727180,4162296,3437434,4740039,2970654,4160109,5089846,5056433,5092202,4896668,4027907,2246571,4170141,2222136,5364895,5239791,6419194,4730254,1790390,2531596,1785933,3702568,5190430,5362511,5119078,4524862,
173,3992411,4511613,4718652,5442463,6089174,6856155,11788010,5888088,5230121,3329857,4993704,3764965,6635438,6235576,5438763,5707749,4808123,4701016,5608329,4292349,5409530,5891779,5699855,5288746,6176894,7135859,5883297,6802157,5869761,5228169,5606471,5124298,3814825,5255823,5634289,4054102,6220272,5724242,5491978,4925752,5201356,6118911,4947419,6170934,5560445,5943356,5765391,5672915,5312703,3625618,4933711,3851702,5768796,5462952,6236273,5316483,3065613,3864213,3150973,4584645,5629856,5667678,5699586,4911244,
174,5243922,5549834,5268770,5442487,55304564,56433373,63925108,71315163,5328499,4548148,5329027,4773856,66011133,66930779,90574843,56079701,7145425,6549583,6205266,6643935,47775415,50700101,59453388,66308407,7250033,6084015,6915785,5879981,53972878,44526603,46601440,53585832,5278665,5437849,6092757,5696666,72352569,72293036,74534508,81588007,6205721,5901122,6827405,7130046,54462398,74399052,20551779,76510702,5724442,4627876,4963959,5351130,51181996,44260471,48031152,60651301,4202033,4623314,4574161,4821350,51398224,45430768,61749861,59224162,
175,5430537,5591146,5224580,5591766,180571012,164216692,169143355,183104166,5544360,4923470,5379445,4945624,207412009,214025758,234053008,195649604,6896233,6177041,5546000,6809039,167521548,178502369,207897530,224400788,6546557,5783705,6245401,5560681,176423716,160476705,162216328,186893431,5650179,5472855,5852966,5827303,220981282,219303004,222482517,243004700,5947502,5608938,6676553,6505808,192713411,252965446,263811489,241878442,5943852,4799609,4984888,5680409,171483109,146100042,157295860,203022687,4597291,4968241,5111532,4944682,176320526,156418365,209643759,195130994,
176,5569476,6025616,5674932,6509594,270265727,228909311,193601793,312158273,6250729,5183026,5848723,5232908,270976448,282557991,255876248,263176334,6255628,5591394,5347450,6116814,210004933,234578955,232660433,273104166,6138085,6126135,5889751,5802427,221242554,203773757,193793598,198105318,6027055,5976816,6017571,5620855,172805210,174540928,185603669,179506480,5918520,5775390,6280309,6214709,203257277,198888963,196585927,198967123,6881660,5184178,5533576,5812099,254800227,218052838,221671173,252078711,5021673,5700490,5537817,5585949,278320526,226255686,254485476,217174020,
177,7117341,8356206,7785282,9280042,319867810,284176885,298509113,347808419,8838623,6926336,7842227,7101934,334745276,339582626,293943007,309800657,7466390,6524171,6694963,6510187,211449083,254650035,229539591,294278247,7155351,7687870,6811933,7421240,222886143,203862169,186605411,194187568,8004797,8128207,7822768,6622989,163451190,160040657,168261435,166995860,7212984,7334297,7812022,7423689,195277357,174045705,170553803,174745416,9865888,7183168,7798364,7444134,344862488,279359866,269146770,314829586,6986280,8297988,7373209,8033520,281802681,263144641,273080346,245989833,
178,63195220,66560173,65126343,69541560,353986376,316004821,379529642,393462923,97485084,66415848,60821060,65706980,389419647,395925320,335007969,353508710,80707464,102574785,84982026,64157867,210656772,261708057,229267832,302204585,79048581,80445247,65021880,83386153,229731484,212249714,183530865,190739107,94369375,75258816,67805161,58467744,157911022,156056290,158301320,160930558,62417324,66578533,65917877,75980196,199339044,159298341,165949862,167840591,111198270,80028083,74887050,59928366,353554191,300702668,283303000,339537385,98818114,103110925,74173065,104431703,312413770,279444224,258739539,295633513,
179,160462945,161489597,160311818,158835325,367613166,328924418,368430698,427111343,216663134,167636640,146959173,164506981,445291579,444181180,395536329,385438116,226653332,239030373,207828534,155284232,256063616,198262861,215308012,298029239,195034154,195568817,156232601,194249958,209311850,203643649,182390033,210077374,202584583,181789968,174422509,131000942,161049224,157109757,159940019,163337265,153945371,162947112,161559457,189145876,191488168,164607012,160828825,167548176,245622807,194124354,181823582,144758909,384142125,318033571,308199977,353755611,234665093,240076485,193390010,338627857,306472380,290336789,280119257,267931205,
180,164159436,180798003,178503450,170298695,388662146,338703440,390998075,455180544,209670223,201513508,163048885,198246168,463953307,486310777,456873924,429803805,263812012,259843567,248011111,189806154,199954258,215051999,211015446,293205634,238783182,239536713,198046851,218595967,208182619,184009830,178432535,191655865,212215915,391347442,232682452,194286486,154989334,156981437,158990835,161413024,202013715,209595806,212496262,228550705,197131506,163286860,171451928,163745844,198252564,182543638,179966818,172125082,395937895,329009416,313163864,366347273,194618239,197330839,185452639,200036878,145572724,295041515,416973576,274162513,
181,189410778,182211701,176266548,200122467,390080170,351333976,422754100,469730557,211143043,192051255,184778748,179560298,510359816,527229734,512775601,490001474,289994718,285115352,271880044,220199094,193730734,207591584,210228918,286068046,271734577,290797110,241854142,258874196,199280387,185484551,170187514,178890001,246234937,229917507,318082385,233644947,154387698,153519568,156318915,156855825,238934692,242387195,249260185,244536170,185913517,159598590,160643404,159657342,176475748,165484823,171568496,180943455,401627709,341198504,319370177,373109485,185840723,174649665,168958827,202663967,327407313,288799458,265277796,253969306,
182,182380660,185273170,185896936,124774579,423238762,367337906,499839837,480120324,170773812,189604156,184403997,177000919,537092895,554334047,546504150,527147262,318004216,323489244,320524364,266854431,180475624,197058153,210874293,269036366,326769173,337588557,286326449,297508681,182284561,183777077,162792185,175965952,269314266,250160185,332957173,274059337,154152570,153818602,154389788,154767937,275732166,272764106,296790508,294676118,165902588,157931686,155812702,157133279,165211410,163199609,163529907,189383639,383963121,354723015,321877656,368650538,164145921,165053675,160869480,162817185,319166822,287251045,260153817,239935144,
183,166877794,185991149,174288189,173003121,429505246,385845704,449547025,444428989,204470666,266603570,202520343,174374660,538046004,566960118,565252109,555575217,357137722,362408308,357286983,302375517,172780985,149451586,189256690,254673732,367975913,374421745,315488856,326209385,178442968,166846434,159354492,171272844,300295321,403063304,366738224,288291204,152875941,153082063,152516871,155175986,298516512,297863278,329360738,317244373,161953819,159523051,155888351,157548974,161881735,160621768,162676690,188444476,382215710,359664618,316648903,487474854,162766022,159468765,160499687,162889585,306650401,310738812,256989425,245488069,
184,198265593,190064367,173123348,129955779,440057531,409470453,476547447,487409272,218766725,207424400,196114814,177893967,550745693,577516822,576734614,569656866,390097012,397759754,398887635,341947107,169388607,186600114,188170350,249287221,403195431,400808207,326037944,337852576,167696927,166893098,158132130,167638116,307256589,272921058,394932897,317933885,153424971,152755019,155693108,154640381,309906970,312389768,351825991,330305271,160586374,160568271,154625703,156613323,160178497,159112056,162174788,186945865,375375546,362697627,327579086,351629931,160617039,159863967,158929744,160422457,284877633,282088633,251401786,262287607,
185,193821122,192724935,161893121,184925210,463081577,443619265,466022159,483807990,210303849,185765819,183141815,172170109,544991659,573762486,573062409,580755111,423797357,422931116,433852592,375968150,166313259,180708446,179985479,251673838,431772572,416277423,338580790,340775830,164670094,165806924,156374352,166047789,131905341,368838167,379641382,329569158,152454128,151986833,152291896,153138586,314980879,319186762,385732393,339191851,159941346,160764327,150997890,155116942,158383382,159648071,161631401,314501202,381607194,368171397,338375851,360410800,150494375,156891700,157480504,162534747,300291536,279923649,254882037,245767207,
186,185234321,193006198,164944666,181294727,491353355,461858216,451617084,472353329,216251306,214987143,181610380,169424533,525897253,540889171,549640426,571781438,450315363,450495351,458557240,409304132,160783060,181938992,172109138,232286579,453917003,439040435,350899194,354287994,160806589,161817994,154140787,166871061,303317417,268174390,394579589,332656882,150426996,150034986,150196745,151033604,309519653,321619334,364240220,352467357,159297634,158598144,152380927,152643947,156643999,157300401,160042589,577288821,400403041,377834754,350100046,370949546,155520148,154322267,162179016,156727771,301243063,285569432,248964136,242516750,
187,186254851,189236895,170014074,118211934,434412814,404631501,411353064,396614416,211517188,193211271,178716921,166985114,434774621,444309117,454290020,479614088,466437764,453560892,475170312,432064233,137524909,146365851,142851282,192495173,468702796,455869908,368365940,366664440,140782048,139857844,134417571,143531695,334979687,262208046,397943341,328025139,130287313,130246036,130912447,130914382,316280036,321375853,361727953,350453694,136815065,138635406,132812575,132281868,155645606,155264408,158535050,170978791,364226999,339165491,352949583,339875621,154281341,152627095,154624879,170174714,258390079,237195281,210382967,205401666,
188,187962691,191637364,152363491,166809056,231943642,217989558,207942126,211753356,197179322,190592758,177613707,163114935,228622467,232488758,237228673,248411983,468205010,460438180,481808801,442669000,75036980,77897870,75867803,93374197,306023681,470599710,391959917,387141687,78395983,75972762,73946382,78370757,283572312,289715214,410079675,322492367,71371791,71586141,71697239,71410697,323626057,322506016,353727302,360838855,74807329,76827113,73065522,73437512,154040198,154964152,159028006,173388187,196177484,187185689,181954034,186539432,153874527,86537066,153708161,154099251,140698130,126583903,112249574,107960623,
189,181463170,185261388,164114375,164352725,37246846,40437829,60701333,34966627,199058069,176159748,161040925,144389010,37141996,36928117,37133485,39088639,464610463,451150829,469809336,438548632,15012235,15660309,15324348,16548780,466927358,453162771,399543707,399975356,15613310,14889380,14944372,15005297,288834521,218296802,375231002,338988303,14880643,14573720,14477023,13894958,311482325,317263400,354536473,356747794,15193966,15271107,14825619,14583595,149492455,149744286,152175822,162477666,32871925,31623335,27374187,30385141,148743819,148410384,148807705,149408333,25280514,22259582,19558701,18611543,
190,135588868,139960557,121918781,127067307,5335456,11223613,11129198,5018273,139753509,129268344,117540065,117055609,5776956,5373909,4799192,5258864,350700667,341174351,342612102,327356856,5080743,5439000,5176845,4704501,342910383,332787616,311661376,301424259,5214577,4779752,5118512,4580732,205285571,176049163,415974654,229194532,5377323,5027501,4728399,4191775,241385441,245310840,265460029,285897967,5116267,4908713,5143219,4861594,111773633,111380048,113098142,119020698,5401850,5182648,5827903,4809619,111318154,110942354,111255947,111105562,5193365,5347305,4995771,4617811,
191,62146540,64906614,56431665,55713969,4754928,10604877,10519628,4465968,63122864,58895761,54348164,53564410,5233351,4813261,4247218,4670680,160729548,153596340,152096216,147590106,4885173,5244837,4991225,4490657,151864920,154138865,142631581,142593340,5017911,4581007,4929224,4390568,92289225,78636552,125304553,89118291,5189663,4828145,4521183,3983916,113334674,113878103,124650291,134185707,4933135,4699880,4942625,4667997,52526575,51872851,52829378,55356047,4900210,4690508,5311019,4328664,51900444,51759812,52211206,51972628,4807842,5024484,4722097,4363167,
192,8326872,8395822,7924576,8084528,4741657,10415885,10295885,4447487,8562997,7723474,8500717,7485821,5214712,4793928,4227893,4648651,14413821,13389065,13043428,13328419,4858108,5221250,4967952,4468254,13521608,13657570,13337297,13241699,4999462,4568942,4910139,4376279,10164234,9408649,12214085,10855019,5170639,4811130,4493848,3967590,11961319,13747572,12451004,13139512,4911753,4678271,4928781,4645153,8294810,7358247,7650120,8312406,4881698,4670769,5292124,4317936,7463938,7487412,7882208,7543203,4784210,4995091,4702398,4339803,
193,5304195,5310695,5138075,5382041,4733445,10303298,10113944,4445763,5422194,4873848,5300823,4834325,5204346,4784492,4221036,4642530,5850490,5340740,4264754,5654890,4857412,5214679,4958928,4459839,5660590,5790172,5654462,5650464,4987758,4560007,4905706,4365485,5484675,5177132,5677054,5224900,5155919,4803371,4492581,3963197,5498848,5466725,5724841,5930938,4903471,4672386,4921141,4639644,5763832,4793584,5065643,5627422,4872455,4662757,5283794,4312339,4891026,4933099,5317911,4982368,4781815,4989996,4693991,4336907,
194,5006117,5021515,4871107,5117743,4729282,10083121,9684722,4441328,5122571,4598173,5038926,4590372,5196883,4778397,4211491,4637064,5062744,4605950,4463761,4945392,4847424,5201146,4951338,4454340,4940147,5077632,4947993,4947522,4983351,4547672,4890967,4364108,5043031,4780953,5119717,4673053,5151324,4803715,4481201,3958540,4929534,4834138,5060449,5293016,4899915,4668653,4911573,4634108,5521314,4551237,4817875,5372316,4868766,4655872,5271609,4304950,4641605,4689833,5068884,4741540,4771893,4983927,4688043,4330161,
195,4948668,4966333,4818798,5071875,4717287,9663876,8728971,4435286,5057704,4524811,4985476,4530069,5188048,4765809,4209957,4627722,4930025,4484163,4340065,4831679,4842373,5190549,4936942,4444866,4816483,4961301,4828513,4831283,4970136,4541760,4880056,4345666,4960372,4702152,5016112,4564650,5138731,4790957,4475019,3958686,4804562,4730824,4933284,5104270,4889926,4663721,4901882,4631090,5475187,4505136,4770618,5327913,4857818,4648144,5258405,4304110,4600503,4654124,5020635,4699535,4764033,4968177,4679553,4329369,
196,4936069,4951802,4806703,5049902,4714650,8777950,6959901,4434057,5041478,4508366,4968918,4516967,5180515,4763488,4202362,4617917,4914988,4461568,4323005,4807017,4831585,5186860,4925306,4444756,4794563,4945626,4800147,4812475,4966759,4533356,4873451,4344218,4944123,4688563,5001363,4547384,5134274,4781601,4466289,3956469,4781898,4700269,4918851,5084614,4879549,4650613,4892539,4626617,5486078,4488709,4762867,5313035,4849033,4644498,5257255,4303524,4585897,4642253,5004913,4688081,4759157,4966201,4676325,4320874,
197,4928685,4941581,4803530,5039732,4710448,6865617,4311215,4425615,5031119,4495395,4962963,4515641,5174506,4755904,4196683,4612471,4904521,4450902,4317551,4801435,4819649,5176635,4922571,4433333,4783289,4934400,4806881,4803328,4953979,4528342,4868965,4331713,4935634,4676062,4992605,4541648,5117580,4771578,4454927,3953535,4768677,4693654,4907775,5073666,4871149,4642504,4884479,4626222,5460341,4479713,4755285,5306862,4838610,4630604,5250615,4299237,4579761,4634184,5003435,4680544,4752794,4966062,4666260,4321239,
198,4917479,4931961,4786162,5031936,4695940,4168140,2070934,4424129,5025747,4479990,4957328,4507954,5166434,4741754,4187417,4610883,4897140,4444436,4305108,4796166,4812299,5171006,4915858,4425027,4776556,4925823,4798061,4798595,4946619,4518916,4862184,4324037,4926629,4673418,4982285,4534809,5103474,4757514,4442931,3951393,4763005,4685166,4895718,5065735,4880298,4631118,4871401,4623945,5449041,4475575,4744621,5301471,4831617,4625444,5240836,4298843,4567625,4632982,4996918,4675420,4744958,4956658,4658651,4317517,
199,4907645,4917674,4778994,5023880,4681044,2182834,1111060,4421184,5011557,4480936,4946194,4498834,5141875,4732978,4177744,4598133,4889141,4438294,4301895,4782868,4798211,5162237,4901357,4415423,4764741,4917933,4792631,4785732,4934638,4510031,4845599,4317100,4916200,4663368,4977019,4526357,5089359,4738775,4428872,3950503,4759504,4677590,4891815,5056038,4844859,4610247,4865432,4620873,5436085,4478022,4737060,5286758,4822711,4617751,5228598,4291846,4566556,4620552,4991603,4668201,4736830,4951509,4648140,4318442,
200,4899517,4910201,4769764,5012556,4664207,1149001,786966,4413136,5004708,4472987,4937494,4491837,5122843,4708341,4162836,4573714,4875689,4432386,4291809,4773832,4785757,5145942,4885507,4399184,4754908,4909784,4781962,4778179,4912787,4495643,4825846,4298538,4912380,4653538,4963145,4517109,5065069,4716392,4407574,3940205,4747289,4676268,4882046,5046420,4830515,4593843,4841059,4607825,5427919,4462511,4725639,5282180,4813446,4605513,5219962,4283539,4555139,4608680,4983794,4658311,4718668,4939628,4632704,4317659,
201,4890087,4905181,4759437,4998166,4646640,805158,696244,4405609,4994600,4468164,4926590,4485060,5097317,4689436,4141797,4552157,4864259,4423777,4280504,4767595,4773107,5129084,4865479,4386493,4742249,4902482,4756953,4773811,4893644,4473090,4803869,4279733,4900414,4647063,4961322,4512365,5044314,4689301,4390576,3925268,4737749,4662486,4876802,5041928,4809263,4575233,4824336,4596116,5414250,4445796,4725590,5269599,4794004,4592514,5203019,4271981,4553408,4601516,4975870,4647988,4703701,4921473,4617978,4306032,
202,4878156,4892972,4752383,4988303,4621194,698126,658891,4391720,4985503,4472702,4911016,4473347,5070174,4666632,4122136,4532195,4855601,4407865,4269221,4756279,4742397,5106658,4832885,4363871,4729703,4884860,4758423,4758500,4860689,4449844,4772446,4255082,4891043,4639853,4944229,4500674,5013830,4670861,4363385,3915881,4730622,4656874,4869320,5034392,4781083,4546882,4795618,4580721,5398146,4442449,4706884,5250131,4768404,4566077,5182637,4260907,4536102,4582990,4959007,4633135,4678053,4896037,4586850,4301078,
203,4867843,4878803,4737530,4975361,4602126,660732,633563,4379189,4974348,4440857,4906110,4468825,5049312,4649144,4101990,4513791,4842478,4397506,4255543,4744277,4717119,5077561,4810343,4334764,4718447,4879144,4749925,4742147,4840821,4425890,4747797,4232498,4880773,4625698,4937931,4496191,4989188,4648748,4343448,3904417,4716752,4645270,4860772,5018869,4762958,4525879,4769742,4567506,5369060,4427897,4697774,5239164,4743867,4541898,5154640,4247274,4526642,4565256,4948437,4615177,4653243,4873306,4563395,4292002,
204,4860124,4865006,4727417,4952879,4576664,634745,609395,4365894,4962972,4431846,4891008,4451708,5028441,4630122,4084941,4495571,4819210,4388374,4246712,4737452,4701355,5056135,4790550,4318867,4705488,4858262,4738392,4723410,4813970,4403747,4731655,4215025,4865097,4616269,4927460,4486741,4962655,4626406,4323772,3891277,4702864,4630257,4847839,5006745,4754649,4508536,4754433,4547817,5337003,4413249,4676244,5227438,4726703,4524287,5131774,4230297,4503330,4540553,4928884,4597098,4631760,4845705,4541784,4276445,
205,4849568,4849858,4703856,4932571,4562194,609208,583691,4349470,4949853,4431362,4877908,4434441,5001128,4610392,4071084,4480779,4794946,4375004,4227212,4718636,4671556,5027328,4764425,4292243,4682728,4841411,4723503,4702755,4787508,4381683,4702523,4198885,4856198,4593764,4906863,4472310,4933422,4608004,4304993,3877701,4688159,4612534,4835198,4984355,4713157,4477657,4725414,4534211,5309981,4390830,4655989,5207188,4706187,4501783,5095730,4219368,4484337,4522441,4911352,4582377,4607329,4816754,4522475,4257763,
206,4832134,4823447,4681613,4899796,4537415,581409,555181,4338989,4924929,4407310,4851971,4410733,4974706,4591751,4049495,4454325,4770479,4355486,4204709,4698971,4654020,4995919,4731592,4271193,4657425,4815432,4699970,4677443,4760990,4355193,4679227,4167318,4834868,4572249,4888434,4448890,4904894,4591690,4284929,3866725,4662323,4591070,4813832,4964568,4708215,4448088,4701581,4521450,5290138,4364540,4641450,5176990,4678452,4479938,5069577,4204188,4455766,4501024,4885525,4552450,4585712,4797677,4494198,4244367,
207,4811880,4801373,4659985,4873855,4511452,556953,529379,4327609,4899671,4391992,4829138,4401419,4945553,4566309,4029438,4432574,4759889,4338619,4184530,4679473,4627165,4974580,4706230,4247171,4639525,4797363,4684160,4656782,4735285,4331581,4650329,4144960,4804948,4544850,4866954,4429988,4876577,4570150,4260039,3858739,4636635,4570640,4785826,4941883,4662052,4426572,4676569,4503805,5242632,4347558,4614635,5156390,4653186,4455268,5041955,4193699,4438530,4480041,4860360,4536830,4565498,4773428,4467687,4228197,
208,4787318,4775049,4629545,4843709,4481379,525210,496141,4310949,4871900,4373567,4799710,4368554,4909161,4537388,4001034,4405334,4728997,4317208,4164934,4654649,4595298,4933806,4683731,4223909,4615532,4776533,4659950,4635940,4698235,4298297,4610271,4115984,4780820,4517840,4844246,4412104,4833519,4525123,4224521,3846326,4609537,4548480,4760676,4910435,4630046,4385167,4643920,4483276,5207836,4322495,4586953,5128840,4626042,4429679,5007471,4173383,4408585,4459330,4833142,4510012,4531777,4741029,4438451,4220954,
209,4761190,4747469,4608127,4819315,4447465,496651,464840,4292655,4847606,4335734,4772880,4348843,4862868,4508504,3968340,4378661,4705010,4298372,4147662,4630515,4572733,4901764,4654990,4197151,4587351,4753353,4638352,4609762,4655760,4265718,4576320,4072303,4756219,4499006,4816104,4386481,4802323,4481800,4182243,3837436,4581902,4526618,4733470,4884565,4584565,4321198,4620021,4468723,5184409,4301515,4572093,5099248,4600259,4406507,4981245,4161194,4390617,4436166,4813601,4494976,4507226,4716303,4414028,4204473,
210,4734157,4716966,4574823,4782822,4386011,460660,426656,4275429,4814291,4311894,4745950,4324786,4776969,4459241,3913965,4326823,4676656,4275539,4120397,4606186,4537657,4856039,4608586,4146049,4558605,4723301,4612453,4585967,4565566,4202522,4487667,3969979,4726288,4471622,4787569,4358383,4748758,4398392,4099006,3818239,4557650,4493962,4709604,4856542,4554337,4137350,4581701,4453273,5139010,4276171,4545808,5069237,4570217,4365898,4939824,4142164,4371019,4412094,4784665,4466518,4463859,4682035,4368568,4187739,
211,4708432,4690310,4552619,4754655,4238150,426151,388466,4258520,4785747,4294235,4718615,4304854,4570164,4375949,3781881,4245744,4639972,4252173,4092061,4577190,4500701,4793858,4515248,4054720,4536681,4702282,4579347,4561618,4332598,4023756,4264895,3690453,4694943,4446444,4760763,4338024,4651410,4202562,3909113,3810307,4533593,4476250,4681174,4830080,4431577,3671291,4533305,4435446,5098704,4250729,4519022,5036267,4514026,4313679,4878502,4120930,4348024,4380982,4756970,4442200,4393571,4636033,4291278,4172828,
212,4681928,4651767,4520524,4717175,3877769,393990,351059,4237320,4758969,4268131,4688862,4272628,4094755,4176226,3467373,4063819,4600141,4218193,4059682,4547627,4427620,4636164,4321842,3837393,4504672,4680224,4549767,4530613,3802640,3613244,3763942,3126690,4656848,4417411,4731435,4313122,4439741,3773252,3500712,3787302,4500984,4449735,4653736,4798875,4201063,2864604,4445142,4413801,5046298,4218582,4489901,5006503,4414534,4191419,4765020,4097730,4316404,4335895,4733640,4411789,4199408,4557330,4104343,4156141,
213,4653304,4615481,4496950,4669836,3074941,348975,296267,4198404,4734717,4243744,4661575,4243362,3098990,3656764,2754516,3564769,4537381,4194431,4030083,4531353,4228911,4211730,3790164,3283178,4469998,4648161,4523210,4501392,2789358,2768580,2786185,2170907,4627940,4385790,4701460,4292126,3891191,2898236,2673866,3758782,4472906,4425667,4628557,4776465,3583460,1760716,4200219,4379333,4970318,4184309,4464906,4967299,4119980,3834119,4423462,4016961,4287670,4277368,4702853,4384829,3681695,4333306,3601322,4129884,
214,4625552,4554824,4443537,4571450,1853170,287407,220892,4089016,4705830,4218996,4623957,4202125,1725143,2556013,1636737,2493415,4374700,4161283,3963462,4490866,3626066,3231929,2701171,2234964,4409812,4613059,4495126,4450100,1522546,1593814,1536109,1118785,4571442,4339700,4671118,4255462,2745887,1656116,1523546,3690333,4427382,4377305,4587695,4740297,2426399,818773,3438572,4305883,4776671,4120709,4424862,4916356,3354734,2960480,3548770,3734284,4235708,4132106,4656713,4336768,2615852,3686508,2576126,4078349,
215,4592673,4423222,4371397,4340999,922173,219522,147530,3797937,4661918,4147953,4585914,4138810,821874,1396607,786341,1344110,4038922,4111482,3817505,4440789,2607478,2005777,1542234,1212496,4283002,4562953,4465474,4365401,737445,779760,747981,534626,4481221,4241130,4631056,4210424,1532598,795061,723365,3486127,4350149,4288155,4530072,4679384,1304303,424398,2392476,4091907,4377654,4008723,4374835,4832185,2215652,1822780,2310427,3079115,4159232,3844134,4597480,4271846,1488452,2613502,1483578,3940122,
216,4549515,4072368,4169230,3730922,464264,146660,85696,3058350,4592314,4033620,4520428,3961670,440912,656816,382052,618419,3257972,4011894,3431942,4343627,1459732,1004573,748254,576729,3950788,4429195,4390898,4125216,408424,405225,410136,312472,4222493,3961104,4572117,4131244,749338,414708,373543,2918100,4149216,4044321,4394227,4555647,624004,298679,1261946,3511141,3563372,3711060,4269756,4644538,1144752,888503,1164812,2032271,3971547,3214426,4493355,4126335,718488,1442136,722714,3526442,
217,4465838,3328360,3675956,2731966,319441,90257,53790,1972320,4423230,3758072,4371605,3517431,329789,385025,263873,356432,2147661,3751007,2686263,4107821,730159,531823,428063,340583,3236988,4099936,4259357,3537259,312233,291347,308198,248209,3664662,3346211,4435483,3896963,459126,303038,273311,1971584,3656169,3471380,4025875,4228742,378357,264720,632575,2496630,2398796,3088077,4004224,4176635,578177,456772,575182,1094497,3543925,2258835,4269736,3786332,405530,710246,410244,2687761,
218,4183725,1988902,2541137,1425478,275777,55081,40728,979161,3886090,2943214,3872403,2477757,297063,295498,230306,272732,977799,2977770,1505516,3369828,413789,364103,313155,264957,1924334,3164637,3750075,2314445,282995,256809,273510,228471,2479109,2144247,3941786,3164497,357010,269662,246959,990746,2533661,2279712,3037161,3286957,299520,252698,387681,1341635,1151536,1922913,3219706,3025291,363371,308756,363997,551908,2542795,1109727,3582196,2894645,302559,398686,304114,1547380,
219,3535161,1004567,1429744,716989,263678,41253,35916,541994,2925724,1879717,2955704,1424379,287422,269000,220221,247055,484413,1914426,744394,2283754,315005,315631,276919,242383,964117,1996434,2825103,1261240,272897,246944,262189,222381,1381101,1148679,3027306,2121900,322320,259814,238247,524221,1443957,1240822,1857719,2096187,277888,246199,309735,711774,596489,999643,2139727,1776585,298190,268867,313027,372444,1464082,540766,2522533,1808874,272457,307793,274567,799450,
220,2277983,465886,640729,404669,258262,36614,33853,392396,1597279,862073,1654260,633021,282524,260690,216575,239068,309297,867616,367070,1086804,276861,300145,263275,235036,455173,931476,1517033,589840,267256,241856,258498,218446,614539,528207,1688680,1013154,309034,255866,233254,364786,655606,566966,834133,1044025,269513,244022,277129,472619,392918,458947,1035546,802266,273809,256503,296696,297470,654902,318841,1258752,839162,264624,276415,264427,479669,
221,1222326,327864,387027,325599,253332,33778,31697,312103,823383,450362,847440,368451,277388,255070,212087,233471,272537,450906,271976,542646,258004,291418,256047,229930,321087,513481,746687,386703,264826,236748,252946,214932,373374,342267,855097,510795,302064,251239,230521,284956,392467,359539,452150,526908,263599,239647,262571,363750,344567,310548,555226,467655,263693,249407,290034,247894,391015,271006,631872,466384,258711,262329,258517,342135,
222,559041,285021,292548,294974,249890,31158,29233,259296,461197,295094,449120,278617,272184,250049,208837,229420,262126,297378,240175,333521,250312,285767,251590,224460,274674,349340,393270,300056,258224,232207,247747,210860,294530,275008,443207,313497,294979,245569,226332,231559,298227,278402,317729,351222,259851,234686,254964,295408,326629,258436,357811,349525,258095,243860,285238,220133,290709,255528,373366,323180,253779,255320,254014,268415,
223,373932,274869,265777,286828,245303,29181,27365,234222,356296,256672,337152,255611,267308,246330,204505,225426,255886,257246,231908,284984,244921,280778,246641,221037,261216,297878,308422,270547,253417,229347,242999,206556,276051,257739,337220,267422,290134,241958,222050,206387,273427,254473,286916,300715,253989,229456,251357,255784,319405,245417,297554,320785,253613,240211,279311,209954,262114,249294,312135,280577,249205,251338,249169,231869,
224,290968,266229,252916,279693,237535,25968,24161,221127,293466,239227,280794,245943,259565,237505,199113,218880,250631,239590,224631,264666,238612,272922,238614,215226,254097,268693,271691,255542,246827,222416,236610,200698,267000,248112,286643,248415,281214,234972,215922,192981,260544,241295,271635,277710,247061,223877,242793,234735,310736,236982,263259,304951,246079,233505,271913,202972,248013,241885,282719,261130,243282,244088,242194,208393,
225,273779,261579,248422,275063,234571,24065,22231,217091,276058,237007,268977,241409,255621,234334,195882,215108,245213,234956,221106,258842,233887,267934,235456,211867,249370,261983,263543,250151,242309,218652,231778,196781,262053,243591,275111,243563,275628,231155,211511,189861,256138,236540,267019,270889,242455,219885,239019,229163,306367,232744,255506,300852,241666,230486,266213,200778,242512,238787,276880,255508,238601,238928,239139,203213,
226,264604,256341,243316,268576,229516,22311,20398,213729,268515,230955,260080,237314,250140,230462,191589,211240,240852,229645,215470,253571,229890,261892,230646,208099,243898,255897,258275,244882,238103,213570,227333,192903,257083,238287,269158,238078,270914,226048,208158,186341,250486,232296,262399,265405,238781,214943,234127,225252,299710,228222,250673,293928,237325,226022,260850,196400,239004,233380,270181,249907,234279,235483,234610,200106,
227,259947,251978,239357,264519,225621,20056,18193,210483,263209,227752,256609,232983,246092,225087,187735,206620,237116,224964,212199,248930,224662,257576,226350,204244,240041,251092,253069,239825,232952,209818,223589,189785,251719,235389,264051,234555,266350,222781,203332,182945,247577,228483,257444,261407,233880,211558,230174,220864,293726,224073,244740,290088,233402,222290,257594,194028,233944,228744,266198,245777,229755,230407,230265,196726,
228,255216,246529,233579,258282,221819,18142,16252,207372,258322,222888,250839,229338,240788,222832,184951,203091,231499,220682,208213,245391,220652,253402,221559,200786,236349,247058,248813,236538,228973,205951,219199,186089,247302,230708,258930,229598,261978,218310,199253,180941,241739,224794,252657,255372,229754,207521,226100,217293,288085,220481,240691,284125,230202,218876,252477,191263,229275,225088,261447,241836,225267,226772,226559,193952,
229,250194,242000,230599,255011,216707,15972,13936,205052,253998,219267,246031,224158,237065,218076,180446,199140,228107,218054,204673,240590,217305,247740,218164,197155,230634,242356,244883,231549,224367,201777,214997,182225,243988,226654,254580,226066,256027,214736,195717,179015,239020,220361,247905,251826,226240,202774,221964,215130,282796,216862,236182,278963,225765,214469,248369,188157,225584,221690,255889,237142,222004,222561,222149,190736,
230,245973,237946,224397,248026,212661,13990,11976,200707,248360,215656,241826,219891,231264,213582,176756,195476,222766,212961,201049,236087,213213,242729,213648,192638,225996,237163,241111,227661,218274,198051,209672,177907,239041,221906,249115,221756,250962,209292,191252,175662,233474,215433,243149,245851,220891,198308,216480,211200,276549,211234,231885,273329,220751,209472,242250,184879,220657,216190,251441,231946,217120,218764,217417,187947,
231,242079,234781,221870,244885,208687,11959,9646,197961,244254,211441,236279,216607,226335,209165,172975,190513,218021,209332,196800,232257,208656,239144,209666,188504,222272,232927,236389,223822,215176,192994,205475,174292,234825,217896,244529,218548,245701,204875,187168,172598,229439,213225,238850,242216,217297,194934,211480,206462,270880,207945,228161,268372,216808,206159,237646,182623,216518,212394,247484,228284,212542,213324,213060,184888,
232,236312,229346,216466,240500,203525,9320,7023,193807,240504,207555,232315,212976,220923,204458,168934,186129,214415,205526,192950,228166,204489,232381,205090,184526,218304,229298,233061,218413,209677,188960,200580,170099,230621,213941,240706,213992,239569,199582,182882,169265,224930,207835,233841,237328,211695,188751,207772,203630,265847,204120,223759,264333,212134,200864,232228,178676,213626,208711,242570,224013,207555,209591,208792,181736,
233,233116,224929,213081,235974,198837,7092,5107,190988,235722,203538,228552,208596,215490,200503,165017,182504,210011,201858,189543,224326,200097,227463,200537,180095,213966,226019,227648,214378,203884,184800,195570,165552,225583,209657,236664,209971,234303,195623,178033,166869,221829,205112,229749,232660,207735,184862,203561,201344,260408,199801,219017,259277,207527,196487,228145,175675,209240,204567,236564,219927,203362,204763,204648,179224,
234,227715,219936,207750,230113,193175,5085,3469,187485,230427,199129,223719,204822,209793,194998,160761,177697,204341,196692,185727,218400,193967,221604,195762,175970,208641,220284,224285,209867,198634,178858,190633,160928,221198,205296,231724,204859,227573,189229,172197,164016,216917,200369,225678,227359,201839,178896,198699,196205,255193,195902,214197,253168,203224,192151,222247,172316,204419,199857,232710,214825,198148,199865,199376,174448,
235,224377,215718,203590,225583,188855,3787,2868,184909,227072,195627,219877,200928,203383,190634,155708,173231,199622,193686,181335,214805,185078,216008,188694,171276,204908,216306,218762,205157,193327,174764,183946,156017,216037,201481,227326,202654,222103,183558,167673,160606,212355,195917,221298,222928,197039,173020,193646,193677,248463,190664,211104,248493,198753,187747,216390,169662,200106,195714,227615,211861,194292,195845,194001,172394,
236,218745,210664,199291,220252,184166,2904,2396,182025,222338,190032,214895,195733,199780,186011,151601,169611,194506,188796,176636,210619,180567,210952,185156,166214,199384,212490,213825,200962,188700,169812,178772,151623,211069,197048,222032,197402,215262,177975,163338,157651,206702,191643,216266,216607,192202,167485,189892,191143,242967,186890,206302,242165,194701,183444,211479,166544,195691,190542,223335,206984,189185,191310,190027,169796,
237,215130,206040,193898,215278,178537,2545,2266,178140,217689,187398,210166,191755,192777,181565,146166,164185,189104,184994,172876,205088,176443,204936,179953,161481,195384,207926,209517,196933,182337,163198,172510,147110,206353,192609,218606,193762,208686,171782,157959,155313,203219,187750,211375,212482,186042,161589,184116,186516,237585,181944,202591,237061,188941,179049,205169,163169,191974,185362,219290,202099,183404,184965,184578,166491,
238,209881,199933,189295,208622,171723,2200,2076,174540,212255,181838,205168,186772,185729,174723,141476,158089,183554,181380,168471,200604,170487,198459,172805,155912,189615,202220,204956,190332,174850,157698,166439,140809,200974,187335,212015,188662,201634,164889,151518,152537,197207,182978,206337,206307,178744,153607,178758,182620,229783,177239,197066,230196,182728,172352,198356,159027,186751,180846,212726,196652,177366,180102,179503,161680,
239,205700,195199,184807,203333,165361,2067,1949,169696,207871,178086,201163,181960,178517,168666,135756,153211,178203,175924,163732,196052,165724,192663,167272,151164,184709,197789,200718,186777,168006,151615,159877,134896,196072,183502,208392,185434,194813,159343,146325,149061,192652,178912,201433,201275,172317,148571,172199,179191,223723,172816,192469,226189,177137,167729,192019,155146,182474,175376,207858,193035,171853,174610,173697,159204,
240,199962,188580,178711,196320,158977,1907,1798,166425,203249,172565,194904,176514,169042,162383,129811,146606,169991,170997,158150,190571,160084,184597,160251,144931,179176,192190,196078,180619,161279,144177,152318,128434,189303,177392,203020,178972,186318,151689,138727,144834,186206,174394,196325,194984,165280,141137,166085,173643,215187,167149,186658,217255,171284,160554,184165,151885,175887,168120,201918,187439,164575,168223,165975,155307,
241,195153,182597,173419,191067,152121,1858,1740,162400,198404,167643,190537,170787,161996,156382,123246,140524,164031,166746,153676,185382,153729,177637,153838,139075,173714,188097,190737,174807,152779,138175,144589,122440,184051,171969,199140,174254,179263,144604,131346,141364,181567,168895,190524,190002,158503,133216,159839,169474,208004,162303,182581,211993,165301,154838,177988,147055,171051,162654,196581,182823,158341,161994,160326,151574,
242,189697,175094,167394,183263,144538,1680,1563,156886,192207,162591,184165,166282,153435,148616,116283,133875,157204,161537,147371,179411,151783,169949,147123,132269,166473,181579,185813,168429,144641,130606,136980,114332,177677,166960,192121,168693,170477,135920,124095,137090,174528,163257,184300,183343,150933,124106,153387,165326,199231,156565,176300,203886,158892,148361,169424,142278,165866,156733,189993,175914,151630,154970,153063,146662,
243,184890,170234,162229,177134,137604,1532,1436,152808,185961,157789,178917,160230,143853,141831,108799,126654,150428,156659,141924,174393,145338,161716,139820,125306,160205,176225,179813,163928,134097,122189,127006,106206,171334,160211,186699,164448,161111,127226,115208,133198,169636,158239,178249,177329,142940,113163,146401,160952,191597,149625,171660,197200,151726,141765,161413,137656,160824,149638,184977,170992,143875,148395,146525,143013,
244,178953,161449,155474,168579,128324,1428,1321,148785,179585,151485,172252,153315,134058,134229,100077,120324,141510,149750,135760,166836,138711,153383,132125,118235,154137,170419,173379,156025,125024,113142,116542,95387,162867,154308,180034,157528,152339,117214,105622,129176,162771,151378,171688,169786,135579,99810,140903,155656,181174,143210,164457,188736,144582,134432,152413,132942,153377,142613,176722,164030,136608,142132,138664,138355,
245,173041,154067,148826,161582,117175,1348,1264,144068,174738,145253,167080,147462,119962,126012,88096,110799,134317,144832,129350,160557,131236,143528,123295,109880,147188,163827,167953,150445,110871,100138,102177,81072,157654,148151,173559,152681,142323,103173,91714,125957,156933,145796,164933,164176,125183,79665,132043,151230,172598,137264,158440,181533,136911,126064,142422,128285,147386,136046,171006,158570,127075,134109,131246,134230,
246,165535,145633,141852,151499,101497,1247,1135,138813,168265,137813,161079,140044,99381,114700,69315,99147,123285,137650,122569,153665,122525,131531,111446,97140,138763,156898,161083,143192,88384,79886,79222,60191,148613,140829,167618,145225,127373,80921,69969,120011,148121,138907,157148,156701,110266,53339,122603,144664,160599,129470,152204,172429,127589,115823,130525,122810,139550,126009,162276,150549,115030,124240,119365,129021,
247,160101,137967,134384,143424,80325,1167,1059,132309,161327,132569,154251,132889,72555,99067,47796,82200,112260,132286,114875,146815,111962,116475,94691,80202,132274,150631,154826,136561,63031,57743,53669,39299,140621,133718,159844,139032,108915,55588,47423,115617,141031,132115,150239,149572,90198,32555,112743,139972,146666,122023,145945,163502,117168,103307,113468,117419,132808,116753,155640,144441,99535,113958,105773,124028,
248,152962,128899,127055,132420,54879,971,869,127447,155619,123827,147128,126884,45848,76775,28678,59574,95450,125144,105694,140091,99105,95188,72635,58031,122255,142991,148144,129144,38562,35509,32692,23631,131654,125567,153603,131783,81937,33484,28056,110736,132740,125195,141676,142183,64923,20146,97118,134129,129853,114066,139187,154052,100757,84360,90955,110703,125315,102915,148067,136974,77561,98866,83386,118579,
249,145815,117707,118030,117924,34187,945,845,120605,148663,116276,140410,117443,27288,53037,17374,37172,73150,117940,94891,131743,79898,68866,49402,37248,112328,136482,141091,119953,24089,22090,20659,15181,120702,117058,146885,124577,54891,20773,17571,104937,124722,117638,133164,134208,41292,15116,76807,127217,106853,103465,131737,143948,79155,61294,64385,103119,115907,85788,139300,129523,53580,78813,58821,112252,
250,137616,97352,105165,95697,20877,865,797,113098,139630,105490,131859,103977,18501,31677,12526,21350,44144,107680,76414,120379,54910,42403,29212,21822,94031,126605,132262,109483,17079,15120,15594,11824,102658,103713,137849,114984,32935,15251,13450,97755,110223,105530,121082,122242,24417,13059,51734,119278,72106,85855,121853,126804,53183,37818,38715,92183,98841,59151,126645,118009,32258,53583,35772,105331,
251,128783,74878,88917,70933,15867,744,672,103822,131418,92640,123175,87740,15644,20060,11124,15153,26389,97543,55415,108346,34844,27072,19140,15342,71989,115994,122643,94334,14628,13075,13613,10566,82701,86147,128886,103379,23217,13210,11772,88543,93421,90741,107185,109710,17277,12403,32254,110974,45968,65082,112794,106144,32951,23172,23979,78027,78458,37518,113753,106299,20907,33330,22655,97889,
252,117204,46473,64177,44001,14124,704,644,91577,120764,70074,110577,63576,14765,15620,10530,12587,16569,78537,33599,88136,22852,19817,15092,12866,44762,99280,108845,72048,13718,12240,12628,10357,55580,60533,115910,84657,19132,12732,11670,77802,69216,68678,82707,89790,14944,11981,21884,99155,27755,39526,96998,75949,22486,16766,18205,60814,50388,21348,90339,84484,15924,21966,16909,87399,
253,102916,28030,41428,27750,13024,676,637,74579,107597,47525,95922,40707,14082,13647,9936,11453,13962,56487,20897,64592,16580,16518,13351,11723,27158,78246,93546,49456,13005,11735,12440,10104,34891,39229,98919,62626,17137,12414,11187,60620,45556,46368,58170,66541,13711,11385,16297,82681,21145,24254,76874,48805,17049,13734,15447,41386,31566,15548,65162,62033,14083,15950,14573,71371,
254,79524,17664,24034,19090,12605,598,579,52377,85652,27168,71837,23716,13594,12796,9792,10821,12473,33283,14306,38553,13553,15094,12465,11173,17444,51222,67014,29191,12746,11210,11939,9631,20800,22728,73651,38340,15797,12033,10610,40340,26915,26914,33610,40597,13176,11186,13680,59998,18537,15990,50049,28488,14563,12694,14622,25711,19840,13133,38467,36841,13138,13541,13475,50721,
255,56266,14939,17060,16330,12295,599,587,34429,62904,17991,49691,16579,13215,12287,9410,10560,12121,20728,12050,24452,12230,14649,11968,10563,14375,33221,44595,20127,12337,10942,11466,9295,16190,16314,49962,24190,15454,11667,10429,26253,18805,17982,22079,26200,12755,10972,12540,41029,17499,13299,32491,20951,13474,12229,13932,17558,15632,12417,25178,24033,12760,12511,12838,33286,
256,39320,13743,14302,15196,11744,592,580,18584,44691,14299,34657,14271,12351,11535,8982,10176,11937,15630,11334,18045,11304,13724,11254,10180,13204,23768,29978,16330,11888,10417,10739,8874,14416,14186,34436,17480,14613,11013,10036,14669,15839,14705,17228,19733,11939,10353,11888,21416,17108,12131,22970,18013,12859,11482,13391,11963,14252,12219,18959,18226,12053,11586,12248,16688,
257,24753,13402,12727,14665,11161,518,506,14438,29128,12644,23048,13007,12221,11289,8803,9841,11451,13081,11098,14809,10973,13252,10666,9841,12644,17658,20013,13829,11419,10174,10682,8489,13759,12807,22701,14045,14051,10616,9761,11951,14047,12477,14858,15553,11759,10019,11349,16385,16645,11771,17086,16710,12577,11095,12929,10455,13472,11721,15730,15212,11626,11338,12091,13215,
258,17217,13082,12000,14278,10979,540,526,12180,19537,11800,16249,12481,11854,10885,8475,9390,11281,11905,10510,13465,10453,12646,10624,9516,12191,14378,15189,12576,11199,9819,10077,8473,12837,12319,16682,12724,13608,10338,9393,10104,12879,11650,13561,13911,11503,9657,10757,13421,15894,11231,14301,15887,11703,10760,12433,9667,12686,11344,14367,13758,10992,10722,11740,11152,
259,14501,12539,11688,13546,10645,554,543,10991,16160,11376,14139,11913,11372,10804,8235,9316,10879,11548,10330,12860,10150,12423,10378,9329,11747,13379,13840,12037,10716,9388,9973,7884,12503,11649,14747,12089,13340,9953,8970,9105,12666,11075,13181,13123,11136,9452,10683,11995,15612,10998,13129,15501,11462,10633,12258,9313,12479,11204,13775,12984,11002,10392,11339,10105,
260,13482,12039,11102,13410,10286,519,509,10466,13927,10928,12696,11420,11121,10607,7945,9008,10308,11039,9888,12183,9850,11982,10069,9222,11424,12606,13173,11483,10418,9191,9622,7901,12176,11217,13305,11727,12983,9851,8738,8846,12324,10768,12619,12565,10853,9031,10540,11174,14989,10565,12303,14719,11482,10399,11688,9071,12327,10638,13236,12538,10642,10464,10984,9201,
261,12778,11605,11004,12857,10088,524,514,10193,13331,10488,12401,11148,10649,10084,7627,8677,10115,10506,9594,11964,9619,11821,9798,8719,11040,12408,12721,11158,10003,9007,9325,7601,11896,11014,13045,11138,12508,9330,8377,8723,11721,10389,12360,12020,10163,8760,10002,10689,14474,10396,11853,14498,10959,9928,11508,8769,11980,10248,13036,12103,10502,10050,10595,9111,
262,12455,11265,10509,12379,9626,504,488,9632,12646,10414,11900,10893,10443,9657,7524,8385,9765,10365,9207,11404,9361,11365,9312,8495,10803,11927,12347,10572,9891,8693,9101,7228,11512,10685,12767,11039,12119,8951,8181,8318,11348,10229,12072,11828,10088,8538,9826,10131,14111,10030,11545,14093,10741,9645,11042,8582,11518,10132,12494,11657,10015,9706,10391,8628,
263,11886,10928,10348,12229,9574,522,520,9453,12449,9991,11615,10497,10038,9539,7310,8088,9448,10091,9084,11375,9203,10947,9010,8143,10377,11454,11843,10450,9381,8332,8592,7069,11117,10270,12118,10490,11652,8703,7681,8089,11180,9910,11807,11295,9616,7992,9483,9985,13704,9791,11018,13813,10351,9363,10738,8329,11225,9854,12164,11388,9563,9388,10016,8489,
264,11821,10636,9994,11517,9084,485,475,9150,12043,9506,11301,10247,9500,9051,7064,7782,9136,9808,8837,10833,9079,10433,8618,8071,10126,10867,11704,10304,9001,7989,8259,6878,10887,10009,11803,10313,11162,8370,7627,7990,10846,9558,11432,11154,9417,7809,9272,9626,13151,9346,10778,13095,9986,8910,10368,8078,10783,9565,11636,11096,9431,9166,9852,8297,
265,11358,10447,9711,11464,8762,474,461,8981,11640,9664,10939,9937,9271,8899,6798,7483,8947,9485,8520,10766,8624,10031,8378,7591,9815,10720,11324,9953,8684,7816,8042,6459,10668,9795,11581,9935,10890,8008,7154,7828,10517,9266,11070,10617,9055,7414,8749,9374,12928,8980,10508,12674,9682,8855,10245,7823,10828,9052,11375,10750,9006,8808,9231,7802,
266,11105,10299,9394,11043,8245,494,485,8604,11088,9033,10563,9634,9039,8507,6409,7109,8550,9118,8225,10420,8263,9922,8120,7386,9485,10415,10960,9610,8345,7405,7542,6399,9938,9487,11011,9691,10397,7630,6940,7438,10054,9117,10675,10402,8550,7152,8540,9129,12309,8829,10140,12511,9555,8433,9519,7665,10028,8686,10930,10381,8753,8506,9115,7765,
267,10480,9725,9163,10547,7979,446,434,8630,10805,8877,10357,9348,8654,8290,6031,6977,8190,8884,8005,9925,8161,9540,7925,7113,9085,9981,10718,9196,7895,7022,7393,6136,9701,9236,10753,9283,10022,7264,6699,7202,9690,8923,10341,9950,8411,6858,8060,8834,11949,8537,9771,12148,9126,8183,9448,7283,9958,8476,10593,10141,8342,8087,8729,7547,
268,10400,9265,8799,10144,7819,434,424,8447,10438,8505,9770,8966,8196,7833,5799,6844,7950,8574,7603,9653,7837,9024,7418,6739,8952,9726,10127,8953,7752,6862,7096,5926,9412,8802,10536,9208,9586,6988,6337,7182,9607,8398,9869,9610,7889,6535,7966,8725,11399,8288,9456,11678,8865,7981,8904,7231,9600,8108,10235,9688,7984,8002,8521,7329,
269,10073,9057,8372,9742,7555,431,419,8057,10306,8261,9539,8492,7896,7567,5672,6429,7630,8294,7409,9345,7490,8834,7278,6484,8339,9619,9988,8685,7219,6444,6553,5383,9111,8467,10031,8765,9122,6477,6039,6893,9314,8152,9677,9275,7490,6259,7675,8393,10952,7829,9307,11360,8537,7583,8685,6967,9374,7917,10163,9418,7748,7481,8098,7173,
270,9567,8654,8048,9422,7122,436,434,7754,9912,7963,9109,8297,7465,7365,5370,6115,7138,7969,7119,8882,7274,8185,6862,6145,8348,9161,9537,8489,6954,6178,6176,5178,8617,8324,9829,8452,8905,6308,5845,6753,8824,7879,9395,8923,7245,5748,7349,8156,10257,7570,8689,10691,8200,7271,8340,6642,9001,7495,9768,9009,7574,7267,7684,6957,
271,9357,8496,7714,9146,6747,394,391,7612,9534,7638,8985,7950,6919,6982,5059,5894,6911,7826,6829,8641,6825,7894,6561,5880,7958,8780,9372,8068,6579,5832,5869,5070,8416,7814,9498,8276,8304,5999,5286,6414,8439,7539,8918,8394,6906,5497,7065,7760,10106,7266,8600,10455,7757,7133,7812,6599,8665,7096,9195,8716,7042,6962,7385,6752,
272,9027,8064,7372,8762,6444,400,396,7248,9399,7187,8573,7703,6631,6389,4506,5448,6541,7213,6470,8233,6456,7631,6218,5556,7319,8467,8859,7613,6042,5471,5516,4629,8069,7361,9094,7881,7895,5508,5056,6203,8161,7344,8469,8098,6634,5043,6502,7549,9772,6919,8260,9792,7572,6417,7205,6315,8178,6685,8764,8334,6608,6734,6995,6567,
273,8659,7524,7209,8316,5931,433,427,7132,8943,7008,8365,7420,6260,6238,4275,5235,6143,7075,6188,8136,6025,7215,5780,5249,7121,8307,8710,7339,5617,5095,5149,4214,7485,7318,8968,7370,7448,5203,4707,6002,7934,6941,8352,7940,6249,4616,6289,7358,9148,6569,8045,9473,7174,6219,6961,6175,8065,6626,8705,7936,6343,6206,6704,6079,
274,8292,7138,6766,7836,5590,429,425,6858,8645,6708,7853,7015,5847,6089,4087,4865,5855,6705,5852,7551,5908,6700,5472,4901,6748,7842,8307,7128,5092,4870,4831,3853,7300,6881,8530,7211,6881,4702,4386,5947,7609,6782,7860,7420,5717,4281,6020,7088,8648,6304,7871,9054,6930,5938,6571,5904,7543,6082,8175,7588,5997,5989,6190,5961,
275,8016,6785,6403,7396,5322,394,390,6632,8259,6474,7792,6610,5261,5397,3822,4565,5318,6528,5619,7206,5503,6314,5202,4575,6461,7489,7911,6726,4813,4472,4275,3521,6882,6497,8025,6915,6435,4334,3994,5690,7108,6484,7484,7261,5430,3859,5610,6834,7967,6050,7413,8850,6382,5492,6074,5617,7229,5736,7852,7554,5662,5563,5911,5751,
276,7737,6449,6159,7021,4827,430,430,6360,7886,6222,7462,6613,4988,5153,3457,4254,5008,6186,5300,7001,5298,5875,4796,4385,6163,7198,7592,6399,4573,4019,4011,3123,6592,6191,7739,6515,6065,3908,3549,5370,6796,5936,7272,6845,5096,3262,5247,6650,7378,5619,7028,8184,6196,5160,5811,5262,6869,5296,7469,7260,5388,5206,5482,5660,
277,7366,6078,5929,6863,4320,364,361,6109,7597,5852,7023,6280,4462,4711,2965,3909,4625,5850,5088,6559,5065,5525,4417,4076,5726,6968,7426,6113,4071,3488,3431,2761,6132,5952,7349,6289,5583,3498,3164,5220,6487,5719,6923,6424,4676,2863,4925,6576,7081,5285,6722,7672,5694,4892,5335,5268,6450,4873,6932,6782,4858,4761,5122,5369,
278,6917,5742,5542,6368,3950,385,381,5866,7166,5566,6600,5628,3775,4362,2437,3590,4120,5507,4497,6174,4375,4975,4033,3634,5295,6570,6890,5665,3396,2973,2938,2223,5715,5608,7092,5922,4984,2802,2538,4946,6179,5577,6415,6242,4158,2080,4700,6064,6551,4981,6403,7319,5426,4511,4846,4971,6133,4611,6465,6347,4369,4480,4671,5095,
279,6763,5367,5104,5829,3487,430,425,5500,7010,5152,6396,5312,3300,3945,1857,3103,3819,5327,4232,5964,4027,4616,3716,3144,4999,6234,6665,5544,2813,2453,2302,1727,5450,5266,6812,5665,4536,2232,1975,4702,5616,5146,6241,5862,3695,1568,4104,5975,6056,4718,6006,6843,5034,4044,4461,4695,5947,4150,6199,5914,4016,4210,4369,4887,
280,6387,4894,4758,5400,2834,379,374,5384,6609,4766,5956,5004,2498,3310,1413,2621,3324,4887,4106,5649,3735,3962,3102,2534,4701,6008,6303,5209,2112,1819,1677,1238,5064,4914,6436,5249,3882,1592,1441,4450,5385,4879,5895,5510,3004,1211,3927,5517,5277,4163,5786,6321,4536,3593,3709,4374,5453,3834,5871,5571,3529,3844,3802,4648,
281,6032,4552,4450,5038,2229,406,400,5116,6328,4386,5782,4606,1873,2933,1055,1931,2689,4662,3611,5102,3428,3446,2525,2124,4196,5586,6007,4823,1469,1359,1338,993,4539,4578,6102,4974,3011,1224,1140,4253,4990,4518,5422,5110,2366,993,3335,5256,4683,3960,5411,5976,4123,3096,3110,4222,4974,3393,5536,5376,2987,3400,3201,4606,
282,5579,4060,4098,4250,1524,369,362,4820,5919,4106,5340,4232,1369,2270,865,1424,1952,4286,3219,4804,2803,2723,1956,1499,3853,5196,5579,4463,1150,1062,1020,821,4137,4259,5738,4549,2181,971,930,4087,4490,4161,4916,4817,1700,901,2922,4989,3672,3481,5095,5462,3436,2427,2279,3814,4498,2691,4980,4876,2172,2919,2474,4212,
283,5181,3465,3623,3822,1160,365,363,4607,5508,3688,5070,3886,1187,1749,793,1095,1478,3946,2681,4429,2341,1947,1472,1202,3324,4919,5184,3956,1060,935,989,863,3652,3790,5215,4192,1736,879,858,3698,4127,3842,4466,4289,1324,868,2273,4708,2791,2904,4788,4905,2728,1811,1754,3683,3995,2021,4582,4402,1612,2222,1878,3938,
284,4852,2857,3177,2970,1044,385,380,4108,5234,3227,4723,3277,1077,1318,803,891,1050,3297,2102,3984,1863,1596,1140,982,2663,4562,4749,3573,974,884,905,773,2905,3192,4841,3784,1385,778,861,3600,3630,3429,3977,3786,1070,833,1742,4494,2002,2457,4415,4030,2169,1435,1391,3229,3179,1547,4011,4032,1262,1724,1389,3741,
285,4580,2097,2671,2411,955,376,369,4053,4808,2767,4293,2798,1006,1089,768,825,912,3079,1509,3518,1346,1253,976,904,2093,4074,4439,3300,915,863,840,762,2353,2674,4604,3380,1230,806,846,3303,3011,2911,3397,3399,992,808,1317,4139,1603,1860,3953,3282,1615,1059,1193,2928,2463,1142,3491,3623,1042,1239,1129,3269,
286,3976,1579,2022,1711,859,333,328,3547,4342,2146,3871,2081,985,981,746,796,930,2505,1214,2829,1028,1092,935,842,1479,3455,3990,2535,869,831,829,788,1739,2000,4026,2715,1086,770,781,3068,2171,2329,2690,2776,911,754,1072,3823,1357,1250,3383,2402,1263,1014,1116,2535,1794,985,2743,2943,982,1027,973,3011,
287,3550,1228,1626,1427,869,352,347,3122,4094,1566,3456,1597,948,934,764,726,832,1948,924,2207,932,1000,791,774,1146,3088,3423,2015,894,796,787,684,1282,1498,3589,2170,1044,803,783,2546,1647,1819,2017,2269,872,734,1001,3455,1213,1066,2826,1818,1169,956,1016,2197,1345,839,2123,2285,914,896,929,2814,
288,2825,939,1079,1172,824,355,352,2542,3362,1077,2696,1125,942,879,670,713,800,1306,794,1541,834,921,848,790,896,2128,2576,1380,831,755,771,737,1005,1064,2641,1464,1016,692,735,1890,1153,1271,1357,1495,848,755,810,2658,1167,856,2063,1325,997,917,900,1350,1083,845,1371,1511,915,821,862,2084,
289,2092,900,976,1060,862,366,364,2017,2685,956,2074,940,980,838,719,720,763,1037,825,1161,796,897,787,743,949,1673,1894,1167,801,746,738,721,974,885,2043,1109,940,686,689,1440,1089,937,1183,1169,838,687,809,2104,1098,893,1609,1192,1031,870,962,1115,1074,782,1166,1288,861,798,883,1683,
290,1555,861,900,1083,840,345,338,1500,2044,898,1438,950,878,799,645,681,772,886,788,999,775,903,753,721,849,1298,1392,928,785,720,741,657,884,918,1546,985,931,661,733,1123,945,880,993,935,806,709,718,1632,1102,858,1251,1193,920,872,921,930,1032,775,1012,1057,820,796,856,1254,
291,1232,933,854,954,834,306,295,1201,1586,834,1201,853,819,808,620,697,756,808,746,951,795,822,773,652,807,1048,1182,924,737,686,743,626,855,801,1201,903,884,695,692,977,969,810,937,874,728,656,779,1298,1036,778,1015,1123,959,788,863,790,1006,773,910,974,829,727,765,1022,
292,1059,855,806,978,776,328,322,1065,1202,762,1031,853,835,699,601,660,767,746,750,877,754,769,723,681,794,999,1026,914,760,705,730,626,863,851,1027,842,889,623,644,807,902,788,879,820,754,675,754,1049,989,734,933,1155,893,756,831,764,936,688,925,896,773,704,789,854,
293,937,802,763,927,775,325,321,928,1068,802,950,821,792,787,623,684,736,802,727,897,681,841,736,644,737,972,1061,867,720,694,616,571,858,800,945,813,829,625,639,756,791,762,885,780,779,633,700,989,1011,721,926,1120,926,780,855,722,1000,735,865,899,785,722,858,772,
294,861,762,752,963,662,335,332,811,907,748,890,848,787,770,585,679,675,825,718,856,740,741,730,643,771,848,966,796,715,684,651,556,777,782,918,801,822,583,613,735,890,773,858,745,722,608,646,844,1033,748,803,1059,851,769,830,732,892,745,828,878,799,655,754,738,
295,888,807,766,909,664,319,316,794,840,763,786,779,713,706,553,667,704,756,679,779,685,715,680,659,764,813,880,861,698,653,696,565,774,737,828,737,763,547,603,682,777,758,844,718,699,617,691,812,944,776,899,1006,955,746,818,685,887,658,801,840,743,625,714,694,
296,778,773,753,844,701,299,296,773,869,700,786,819,744,686,601,595,646,679,701,799,670,751,662,600,730,820,836,708,671,563,613,552,783,758,814,748,765,577,641,687,771,723,776,757,677,510,697,704,879,698,863,1001,835,719,773,727,817,656,827,773,736,591,710,705,
297,849,760,716,834,653,322,318,688,833,715,770,775,743,684,542,547,598,694,663,814,655,727,645,544,720,797,861,707,615,595,623,581,774,755,771,735,702,508,586,690,746,682,786,690,679,564,648,743,893,678,812,946,889,677,790,729,867,640,814,812,677,615,693,650,
298,853,705,707,839,658,319,312,703,759,676,777,704,681,637,505,571,601,670,658,710,614,673,581,607,689,817,859,672,629,589,601,542,746,680,838,753,701,545,603,637,784,663,785,718,689,508,657,750,821,654,778,850,837,652,747,619,842,634,775,802,700,592,636,639,
299,824,730,694,767,624,297,291,722,807,711,745,719,669,704,505,536,627,686,621,746,609,667,605,572,684,754,821,759,607,599,572,515,730,675,776,728,679,491,545,640,726,695,734,652,631,504,624,686,850,648,867,920,783,703,709,631,843,618,740,729,635,581,612,672,
