165,299,299,271,366,1265,358,406,3858,446,244,338,2521,1213,1229,509,740,262,294,305,299,961,1001,1011,801,332,457,352,397,985,702,838,675,273,268,305,282,1119,562,574,2172,270,318,280,230,909,917,981,3878,301,283,362,1805968,1246,882,746,3950,243,283,274,286,1119,727,1302,1210,
166,308,334,332,484,2122,462,503,11684,740,284,437,4725,2068,1813,757,1098,318,335,342,340,1482,1499,1533,1093,337,631,453,543,1438,1094,1254,1005,312,332,423,292,1585,823,851,6511,354,349,322,324,1317,1416,1322,11543,344,322,497,2585965,1915,1301,1185,11659,271,263,267,401,1704,1079,2247,2336,
167,420,439,428,681,5128,462,515,25833,1013,355,583,8835,3914,3726,1178,1762,386,391,380,403,3062,2907,3723,2023,392,912,584,717,3214,1817,2167,1722,370,464,618,366,3035,1321,1182,16268,470,559,424,401,2466,3212,2560,24297,463,332,788,3473331,3521,2382,1696,24186,273,342,310,591,4067,1916,5889,6294,
168,582,715,690,1051,14520,562,658,48365,1351,459,937,17940,11437,11355,1973,3976,482,484,503,505,8686,8225,10977,5882,528,1394,838,1203,9538,4693,6294,4843,513,703,965,549,9669,3001,2264,27655,620,796,594,662,7117,9945,7681,37898,770,425,1135,4729312,9999,6528,3598,39906,397,453,394,844,11773,5201,16134,15625,
169,869,1056,981,1553,32734,658,856,65357,2142,657,1306,33265,29105,28876,5287,12010,694,793,814,727,19839,21392,23885,15475,759,2039,1151,1745,23289,13551,16982,13011,800,1046,1380,774,24458,9605,6871,36589,1036,1139,936,938,18815,23837,20007,48774,1185,703,1583,6279803,23749,16990,9660,54591,513,707,641,1209,25948,14139,32518,26817,
170,1287,1727,1536,3094,62919,913,1484,82241,6145,944,2063,61683,63801,62432,16945,33144,1116,1402,1337,1206,35296,41441,39347,29997,1394,4346,1844,3589,43348,30096,34675,27995,1331,1784,2124,1191,44651,25001,19987,46861,1607,1988,1492,1610,36931,42935,38325,65409,1973,1046,2612,8681936,47731,36123,25944,83277,909,1065,1007,1852,48418,30737,53149,39501,
171,2069,3350,2921,8414,94705,1738,3829,183118,16818,1529,5000,105943,94472,87380,39900,59995,1756,1969,2289,1835,50845,62224,58772,45442,2219,11497,3556,9789,66145,48401,53141,44745,2017,4214,4687,1940,63018,41700,35750,78183,2968,4477,2429,3284,54477,66772,54960,142622,4081,1575,6884,11279185,72290,61377,51235,240954,1174,1798,1482,4641,72586,50044,84253,53423,
172,5219,10406,9168,25332,204736,4369,12157,625370,37252,3441,16179,226101,167063,148502,63194,82450,4166,4882,6554,3907,87049,104592,124892,84122,5991,32097,10503,26653,141118,80107,96026,87520,5673,13650,14671,4833,109747,62690,53345,244035,8962,14743,6807,10163,90188,162932,88474,468584,13719,4132,20891,15190415,112158,97245,82007,757008,2440,5574,3030,14688,143582,76318,204232,104595,
173,14591,26445,23449,47816,747434,17217,54297,2073432,55687,10419,33798,455155,614867,560440,115578,210470,12058,14075,18780,10740,286724,332438,460047,303301,17188,61293,25465,52573,531147,260630,339646,327041,15634,30217,32628,13537,396971,175292,132383,860916,23035,32475,18218,24195,304371,646474,290142,1380323,33155,12162,41353,19511573,350316,289278,156079,1968502,6449,15119,8441,30851,504470,205559,717644,368635,
174,35996,56638,48672,80428,3258661,783728,1036683,5051371,84707,28835,58534,895275,3392558,3324887,1867983,1830993,37535,42267,46805,32772,1735300,1941444,2329700,2067440,48905,88053,57704,82653,2362083,1616402,1852760,1967848,39537,56544,62192,35865,2497785,1847245,1746391,3087184,53003,63508,46849,55619,1926358,2972984,2528413,3590118,65776,31887,66684,25685073,2073508,1758469,1285224,4184028,19304,35578,25214,53262,2434329,1518212,2895303,2086041,
175,62447,106970,88670,213290,110060032,108829843,112591012,152359727,247166,52489,110585,1464671,141526397,144125326,203645645,127001376,70282,69713,71751,63294,112881049,118069787,140638022,154162244,79411,165502,89206,160250,113375013,99882048,107703559,127634655,76937,132631,104004,65636,158627806,161018076,167012737,183499560,95639,118621,85055,90586,128657542,180442898,205110545,176250938,127264,56701,117063,31492705,113114829,99248358,108336107,132921838,34964,63828,46534,91065,118982598,108116014,142650174,138924085,
176,172958,472676,396088,1031403,258453703,214810670,217980435,277408628,1148610,177206,532082,3269694,259675710,272359898,222562179,261990647,147874,129990,213152,122485,220973637,233285694,236209419,272790257,219127,796103,264128,781633,112148819,202047198,190842582,188701298,339181,711664,449470,205987,184839491,181190326,191875461,200692224,413971,600110,254063,299574,198920604,202323941,206009523,207329565,561590,182063,507658,39349242,246585118,171494114,214492263,263112789,72110,222414,98433,347340,230398674,219868369,248028030,233347179,
177,603847,1385960,1210624,2393696,322330163,280390605,293730531,344334187,2388970,649337,1444855,6785506,327611204,335208495,283171049,296482573,543683,454921,804805,385997,215054283,244271859,241700984,296107927,798257,2283644,871199,2123192,239242175,202107975,184152764,241393444,1057450,1757889,1285734,704322,156727692,157954365,162836486,164952046,1229366,1642546,831516,964161,211270237,168189807,167794518,172423817,1686041,667337,1488919,47713367,313484853,268805724,265111098,314389102,264434,808909,329018,1103055,282788832,261297960,262457616,230620648,
178,102976391,100068647,98504365,101307741,324865340,314335752,348072963,390252022,164063435,106898386,94780833,115567794,388695746,389696730,331802970,342536856,108153205,185818937,133619963,100970194,206466867,229243113,225792670,330136684,126903477,120602193,97417445,124204289,248955041,193931978,187217073,192321691,148452161,143194542,104975183,97996300,154546703,154345331,156126612,157618840,101984317,101934176,98673189,113966490,213298531,160609710,161434739,162973302,204973552,151874014,125406512,155092934,365642261,308519371,293597503,346378322,176937697,179869566,123985162,163066207,309017764,274602183,274039393,288215624,
179,164939707,160745662,165078201,150332569,379623919,328024990,378976768,430072708,235965408,175423085,141919167,162898767,440228804,443467034,382774347,373038685,250832237,263129655,209079414,156011528,211487832,204143159,211634206,301322493,197481299,202218110,151350726,185921551,222567969,201730530,184047086,193152308,215494125,190558767,171443901,151965427,146583152,155332554,157382949,160141130,158323053,162832529,158344472,186843796,196376408,161514156,162643067,163613546,283766401,215988738,190939788,77741074,397260653,327735906,302732682,359474899,258291305,267911733,217966039,284583750,330808457,296150053,177134392,253499603,
180,191929483,192362863,180471646,187609679,399781400,337820918,394346065,461873135,222716523,196930917,168350882,176854890,499324514,498757555,466034242,408310034,274674004,266446352,240219792,186217706,202965023,220954425,229768369,301561525,226264074,229803914,197476344,221221386,213422207,187789801,179017682,189089510,214765774,201408051,227807381,188964596,156569935,155477014,157034410,177184972,193899141,206368609,201306644,222547672,181220319,159252468,159745627,158286985,217098472,190417455,185565256,185683533,412794201,341220988,313813474,376945198,207837076,219229299,196847943,219827108,327214683,304342813,302229230,264273945,
181,190210174,185872576,182484720,213842690,422307599,335749917,418659667,476079254,215268162,211194839,185402347,175851141,538715580,548285054,546465756,493760866,287914136,283392675,267888146,217790411,179835148,211820745,222228465,299747221,263440533,274111484,231085306,280748395,197562640,177761872,166519421,177102940,223681715,231367668,285676291,227394210,152284141,153279875,153887620,155003200,230910418,237698058,246110108,251304107,198610889,155501333,155441446,155790074,185263349,173627430,173085571,184889311,407820513,357518158,316000637,376972988,191378163,181169887,175057966,199413977,330331530,306107191,272181811,257207994,
182,211305889,186935347,221208610,192857150,427661103,340609405,450681838,497037411,229849246,218256735,192581146,183662385,566995458,579705328,591636611,555691306,313945295,317573788,312254629,246874439,176491762,180343808,207951089,298361935,317403751,329802681,283941834,298032291,165843001,164775509,160228754,173370771,276108669,260266262,335139784,266759598,152162363,151953310,153092902,151869228,273456526,296946318,295159189,289196086,157405011,153844880,152951259,153507690,166508986,163850248,166323694,183032914,376551744,368819207,314759110,359459179,166102122,167687792,166005564,156613258,315428006,283113247,249633932,225279108,
183,212610716,194608395,180355972,187931898,417627732,350005870,209123623,489357769,218634325,166655938,194896162,187212225,566028937,590465710,605855212,580398604,346716073,357356267,353594360,294762894,164653365,172237819,199251820,246002861,359878931,369615440,313236175,324527671,162633000,161010745,155415902,170589901,303937322,277048651,372244636,300938356,151350708,152031010,186170364,152699175,300177525,297513183,331249507,314515324,157587112,156480185,153365465,154403974,161288813,160544895,163726351,190155290,348063434,362447430,315457272,331717163,162544276,160201249,160258551,162772537,301540119,286856021,234996708,214557666,
184,207478493,198458747,177822461,169307959,418063346,370071770,476630064,494214236,212084563,364998554,209628898,179958493,562695545,599832331,611085642,600372371,383326279,396306592,398298889,331658854,162944618,172473591,183841710,264560981,398445095,392203258,326513777,339878093,162274144,161157895,154613889,169594877,321190024,275460756,398351392,321694724,152508893,151792531,151905506,152595016,323696002,314276613,341997511,330291813,156457026,159616864,153212224,154853701,161128010,158937466,163162627,190965751,341413867,351774397,316586291,324936312,159695850,157695542,158325472,148362551,292250159,277896759,231649663,219875481,
185,214558723,195569003,176467944,183173055,443379191,423263126,473854635,493129157,225769982,240814226,194899997,176286756,564668480,606172043,607082768,614211616,417606387,422825241,435376024,362093770,160680386,172927148,177829201,236635141,428799106,410539594,334049239,342354893,156198303,160368967,153252000,166543309,322384621,273932593,382878615,331694960,151399138,151038279,151401600,151764379,321410695,320804560,368632096,335875819,152935586,160512640,152022886,153504626,158559415,158821763,163763278,188409396,350637518,348618468,322187037,333630764,158878695,156898162,146996903,157570460,288137749,274589170,234394532,232948239,
186,341470137,200039924,178759529,124310136,486552108,456971656,460599281,473905955,231512293,184280115,162644483,172302874,541812964,564747999,567120322,593097902,451387118,442069443,463088037,400862139,154912814,165791985,168241106,218660059,455714690,432009939,339322261,346792654,152554031,156534309,150417387,163931409,252499326,282551286,548525041,340545324,148903611,148782308,148875791,149148467,321282299,324175698,371399940,342970877,151082441,155850416,149877203,151105728,156689208,157745822,162405482,187167715,370873178,353946425,328001356,343103263,190688262,156716073,156423942,155944129,282326629,221336461,229754122,230377940,
187,201035571,198254217,175490831,169071661,352611549,318078664,309916767,316273329,228126812,188658326,277155002,168131381,353122676,357780717,365212631,386924168,478470801,453567938,480160361,429358759,103539073,107723672,110423961,137229995,471887192,447924119,351393685,354941149,103517449,104811950,102209340,111457289,335261984,269615916,405196010,319680397,101426841,101115709,101153332,101427802,321096898,322906297,365028934,347334753,102791633,106225375,101982218,102562703,155809686,152464189,159174434,187287321,264442966,248512196,249377695,244517005,156092465,154444842,154980803,155987171,187047793,174517827,148428201,150016745,
188,198377122,200506812,174496090,173145599,81831533,76887568,73697690,75571818,206977102,182675768,300403738,169279081,82340202,82775168,84735643,89564995,474652916,460359598,487114601,445460680,25797698,26482735,27190497,31725849,481136559,458144718,372344862,372730987,26062154,25894872,25702042,27517442,295767116,274389095,406851980,354019582,25630561,25421656,25184352,25212853,318525596,322488634,363199361,354995247,25854371,26774899,25641862,25739229,153881683,155217865,157906004,185656451,65247414,60814252,55537947,58635723,188290001,153280397,153641110,159289429,43800431,40662921,34364355,34455802,
189,192548260,200584129,170580838,170069497,5794103,5760491,4285207,5413625,183088038,174707442,158016718,165467038,5859479,5706372,5466201,5892303,492474759,453641744,472464687,441301588,3390490,3641892,3650268,3443573,471236333,453551551,385439740,383711870,3520091,3309179,3438481,3245020,284464438,246742538,409615146,303788122,3553642,3411480,3273902,3167702,313900526,317760986,353403029,358255225,3480818,3436596,3476521,3470531,149323334,150404453,149162387,184346809,5174081,5013651,5082138,4889594,149252859,149701256,149051422,149831739,4241435,4092171,3779164,3603042,
190,141272553,80651582,122637423,119219634,2579769,1381027,503385,2496719,140327806,127968227,143111439,121615208,2733677,2544348,2256643,2478973,343108726,331124826,337709621,316906054,2439132,2676965,2534690,2303502,336600869,332144675,295597682,292587517,2562892,2356635,2498757,2228889,204388700,183891947,276485932,222880885,2623703,2479764,2341540,2241937,219104935,234532813,260543364,266752234,2533074,2435924,2538517,2521969,107653698,108006039,109805587,147572819,2553180,2489951,2832660,2409912,108145291,107159463,107545839,107226577,2538380,2566243,2530930,2341114,
191,67070774,70034977,60847172,57393310,2483508,420009,149361,2419741,65747249,60499711,56745209,65046345,2646322,2457680,2165460,2384319,173413277,164229501,162482601,157711579,2408648,2651969,2502395,2267865,162759272,160471054,150615667,148691111,2527281,2323421,2462835,2195418,98158670,77998788,137222769,111733168,2596207,2449682,2309637,2210859,116976897,117326975,126500230,133991684,2500478,2398347,2504844,2496289,53866026,53818641,54633589,105612578,2470683,2414888,2758516,2336196,53020959,53373797,53829520,53691664,2476093,2518554,2494241,2304588,
192,5828155,5960418,5385944,5319821,2448919,101313,86589,2407618,5874359,5241703,5325810,17953890,2599780,2434868,2141915,2358167,11606752,10705151,10401110,10477092,2395020,2626423,2469610,2232886,10548727,10718956,10476408,10336593,2468948,2286761,2411409,2111635,7356818,6626946,9353725,6781226,2555845,2400978,2273172,2204269,8856458,8724635,9259630,9981272,2480726,2290655,2488925,2488654,5368620,4947631,5272291,66821930,2451666,2391642,2740808,2325156,4993405,5017592,5250326,5107052,2455268,2500062,2466282,2297437,
193,2686048,2739167,2595456,2686844,2351885,87194,75388,2400936,2804239,2470766,2698095,15431233,2470645,2368460,2063855,2293750,2959232,2737806,2588838,2843575,2369981,2594175,2389189,2146706,2779365,2954197,2878829,2858111,2301745,2189951,2266035,1885884,2798043,2562547,2820762,2649206,2483314,2272694,2181726,2198785,2794746,2729546,2897553,2882251,2409161,2020532,2462739,2481317,2845441,2402100,2720565,62702302,2417591,2353235,2713008,2311702,2446731,2490786,2705300,2580392,2405816,2471137,2410603,2294411,
194,2520251,2570394,2449140,2545206,1983173,74254,59596,2372196,2633677,2317384,2556609,15116001,2008269,2103314,1764723,2013987,2511438,2333185,2188460,2453100,2259049,2438167,2091646,1820671,2379344,2555821,2484130,2464601,1782858,1834998,1793060,1328914,2553293,2339209,2483238,2353542,2206071,1862161,1862704,2186705,2441393,2394697,2539074,2492043,2137288,1369536,2341262,2465612,2703932,2268957,2585115,59158317,2246528,2167849,2607506,2236503,2306560,2349072,2569192,2443151,2182686,2337761,2177805,2281596,
195,2515742,2558999,2439784,2525832,1301857,58641,40498,2277077,2627076,2312823,2551854,14924197,1219236,1492377,1172928,1404852,2501631,2330938,2181965,2447768,1936030,2015892,1479894,1225353,2374842,2551919,2478521,2458066,1032143,1197477,1064076,675839,2546187,2331441,2477985,2352182,1590837,1157251,1251057,2146043,2437303,2384949,2533599,2489180,1544981,650995,1980311,2403908,2663673,2253773,2571511,55802907,1795730,1690015,2267484,1985881,2300364,2323961,2556374,2435163,1653157,1962056,1645440,2239766,
196,2505331,2539337,2416411,2461097,619269,41952,22532,1989539,2609803,2302965,2539272,14579452,518588,768390,552274,696262,2459748,2323236,2154173,2438266,1356430,1331121,782289,606034,2343988,2535518,2473156,2435364,431622,568206,459203,251596,2526592,2297544,2465592,2340493,837102,506125,598000,1999151,2419645,2351151,2521847,2475001,833791,223575,1345764,2221854,2552067,2220639,2555812,51187201,1116852,1013798,1624761,1484391,2279212,2250181,2546133,2411972,960968,1326579,957959,2102893,
197,2491337,2480688,2347301,2296495,185256,21871,8559,1348474,2581919,2279590,2516959,14024125,139201,236081,153067,199851,2329883,2303602,2059404,2422907,640461,579134,261178,185867,2250507,2494660,2454575,2361569,121412,169501,129022,70365,2491264,2193022,2446073,2323212,262078,136630,172322,1554959,2369726,2245165,2496960,2443761,276719,64680,589047,1717020,2320336,2135554,2516408,46280805,442172,383129,784511,771898,2232901,2103382,2519311,2362230,355200,594836,357256,1692565,
198,2454240,2253965,2093628,1793369,56873,8201,3228,573403,2472540,2177654,2421675,12650145,50162,61279,42418,51517,1859958,2220876,1696391,2343345,185358,159701,70974,52928,1872073,2280095,2392271,2038667,47724,51768,46587,33782,2325745,1803285,2359916,2230085,69504,45966,49108,809160,2141662,1836857,2372455,2308976,72039,37884,154510,908449,1731261,1867580,2372273,39411506,115227,98322,230458,248251,2081820,1689569,2432164,2202192,94648,167216,97204,973272,
199,2332685,1780728,1592340,1103306,40083,3408,2248,170984,2175745,1904190,2181827,10307093,41285,38706,30417,34309,1145764,1972197,1101944,2105312,59750,59635,39796,33941,1218181,1786969,2193918,1423292,38575,35933,36736,29493,1934448,1191661,2100606,1964385,43815,36062,34932,277496,1642443,1184621,2030794,1931392,41214,34824,52591,332514,1006896,1393890,2041318,32867399,48547,43585,73686,74318,1765971,1095205,2242894,1875201,45441,56176,47262,392260,
200,1993107,1042486,879309,459824,37837,2247,1899,56360,1556513,1334055,1643018,6654281,39871,36627,28906,32408,460497,1395354,478094,1536744,37866,44316,35923,31643,520770,1008312,1671807,674053,36864,33679,34573,28751,1238413,539830,1525619,1372372,41261,34525,32894,76519,913473,515500,1337669,1225817,37120,33900,38452,98277,398492,748083,1399611,26126243,39571,36636,46537,39073,1171147,487954,1786943,1258651,38333,38389,39982,118166,
201,1358182,420011,332432,146320,36331,1816,1604,37945,804265,665436,913311,3287370,38050,35161,27968,31447,133838,679644,145831,796418,34648,41446,34011,30010,154092,380496,923566,217930,35453,32553,33742,27158,555002,173145,798301,676680,39919,33365,31626,37167,348985,158547,605287,530575,36221,32392,36401,45655,129135,280961,682102,21120239,38254,34447,42334,33847,535799,158368,1078753,596114,36275,34959,37838,45526,
202,538156,106002,81275,52004,34677,1583,1362,35561,222668,178352,281695,1273311,36957,34225,26992,30201,45403,168779,42552,213890,32419,39659,32722,29011,45242,86289,267099,56161,33785,30814,31831,26322,140506,50122,226650,177790,38111,32003,30356,32355,85357,46474,147214,125056,34807,31403,34615,37841,53227,73126,185369,18093845,36735,33286,40869,32191,137164,50428,362458,161948,35066,33439,36608,32695,
203,172547,50140,42256,41153,33744,1408,1171,34490,74158,59837,90922,832124,35212,32570,25925,28939,37611,55072,32044,66019,31572,38058,31775,28178,34912,44012,79021,38474,33094,29866,30667,24991,56120,35364,74882,58720,36662,31245,29369,31195,43508,34738,55063,49210,33362,30099,33265,36307,44878,38615,65969,16922919,35535,32213,39228,31238,51474,36431,115459,60774,34309,32086,35288,30939,
204,56518,41048,35259,38840,32550,1081,855,33329,44144,36091,44464,722314,33947,31448,24538,27597,35117,36594,29973,39097,29977,36467,29997,26923,33101,38342,41686,35879,31331,28838,29261,23586,40461,32754,44144,37046,34990,29544,27814,30603,36970,32333,40437,37183,31953,28464,32063,35183,41844,32366,42721,15919138,34215,31188,37506,30162,35140,33914,49567,40240,32897,31175,34172,29576,
205,39987,39164,33922,37647,30884,878,694,32553,40488,33161,38710,684387,32580,30357,23479,26312,33961,34126,29186,36745,29233,35131,28876,25668,31968,37095,38412,34345,30003,27351,28002,22447,37900,31644,40686,34467,33431,28452,26688,29688,35368,31481,38290,35829,30860,27162,31103,34419,40615,31173,39198,15089981,33452,29711,36420,29036,32989,32332,40322,36991,31550,29705,32646,29069,
206,36845,37099,32524,36150,29596,708,588,31472,39108,31538,36398,649744,30283,28533,22224,24758,32589,32368,27900,34880,27346,33087,27194,24337,30761,35647,36598,33199,27957,25753,25930,21165,36613,30082,38762,33295,31799,26364,24985,28630,33707,29761,36568,34277,28933,25101,29778,33094,38609,29593,37617,14060097,31975,28064,34789,28198,31598,31141,37997,35425,29741,28223,31105,28000,
207,35729,36090,31375,34827,27702,558,511,30546,37588,30595,35622,620371,28407,26975,20862,23356,31253,32059,26869,34149,26243,31577,25676,22357,29627,34610,35209,32017,26025,24149,24425,19284,35211,29076,37858,31753,29774,24164,23785,27415,32576,28925,35795,33295,27204,23274,27981,32396,37130,28625,36308,13153783,30278,26916,32596,26938,30537,29941,36805,34227,28452,26712,29602,27119,
208,34305,34504,29747,33172,25376,554,533,29354,36047,29429,33940,580132,25808,24885,18695,21346,29863,30339,25661,32708,24452,29228,23559,20662,27838,33313,34144,30473,23459,22040,21827,16903,33376,27890,36205,30972,27429,21905,21087,26572,31589,27681,34307,32094,25322,20433,26340,30895,35355,27389,34851,12012637,28238,25166,30815,25870,29106,28358,35191,33055,26472,24907,27619,25861,
209,33130,33188,28599,31641,22858,494,469,27988,34979,28061,32709,545667,23231,23029,16169,19283,27900,29400,24538,31071,22820,27485,21014,18498,26753,31850,33002,29321,20206,19512,18885,13470,32382,26432,35354,29430,24806,18937,18699,25314,30118,26285,32617,30190,22480,16672,24282,29554,33336,25787,33620,10973600,26305,22896,28445,24241,28177,26824,33980,31756,24220,22882,25752,24785,
210,31358,30922,26567,29805,19238,476,460,26580,33203,27103,31305,501475,18602,19669,12081,15519,26233,27668,23065,29658,20415,24714,17805,14855,24967,30365,31560,27497,15601,15620,13694,8826,30245,24793,33920,28048,21339,14017,14915,24358,27941,24797,31294,28714,19236,11290,21890,27931,31147,24472,32131,9756347,23529,20312,25308,22624,26374,25370,32176,30100,21231,20308,22918,23250,
211,30039,29986,24985,27926,14383,430,405,24829,31901,25758,29681,462430,12541,15385,7590,10830,24185,26592,21274,28036,17440,21168,13130,10317,23452,28822,30064,25784,9755,10545,8286,4605,28946,23199,32229,26750,15990,8451,9635,22836,26783,23367,29454,27143,14472,5858,18624,26812,28593,22910,30227,8710482,19892,16381,21337,21164,24860,23658,31017,28583,17252,16820,19059,22016,
212,28477,27764,23118,25268,8974,410,398,23255,30027,24016,27903,413692,6800,10690,3803,6051,21796,24721,19398,26391,13838,16526,8159,5828,21055,26876,28066,23848,4983,5863,4122,2079,26920,21325,30875,24658,10041,3971,5138,21416,24359,20989,27548,25498,9243,2670,14885,24988,25185,20861,28433,7528251,14991,11721,16462,19373,23382,20898,29108,26885,12405,12727,14267,20481,
213,26465,25496,21049,22532,4184,379,366,21229,28500,22030,26003,367178,2704,5190,1540,2493,18266,23180,16707,24580,8590,10170,3831,2483,18465,24753,26343,21876,2082,2550,1721,974,24818,19072,28696,23307,4579,1520,2066,19877,22728,19016,25289,23555,4411,1126,9459,22945,20999,18862,26724,6520621,8788,6417,10057,16322,21208,18171,27311,24844,6742,7556,8233,18650,
214,24826,22281,17537,17612,1615,353,340,18026,26031,19450,23685,301043,1236,1969,769,989,12569,20925,12863,22269,4062,4452,1504,1079,13978,21916,24466,18677,1061,1140,918,701,21631,14777,26369,20624,1796,881,989,17082,19358,15016,22865,20526,1645,798,4228,19824,13832,14743,24077,5383521,3843,2580,4392,11551,17893,13097,24597,22449,2855,3153,3511,15901,
215,22572,17909,12922,11947,1010,364,356,13419,23350,16307,21502,235084,992,965,713,824,6687,18346,8099,19146,1672,2032,882,723,8912,18567,21687,14503,832,855,800,643,17454,9905,23471,17658,1028,759,852,13246,14827,10330,19461,17322,977,753,1735,16047,7411,10238,21034,4475797,1651,1247,1856,6683,13706,7793,21614,18882,1310,1304,1503,11725,
216,19344,12100,7734,6347,789,332,326,8296,19946,11695,18011,159495,994,872,674,671,2921,14331,4118,14916,991,1077,782,694,4219,13549,18206,9141,845,743,766,646,11852,5210,19231,13712,889,666,684,8752,9441,5530,14152,12649,804,757,964,10808,3109,5485,16864,3692446,1120,927,1074,3155,8157,3528,16999,14434,903,890,960,7162,
217,15113,6577,3774,2939,792,357,354,4133,15854,6688,13167,91783,883,811,644,670,1273,9436,1689,9734,847,907,733,662,1658,8090,13725,4702,746,680,707,645,6554,2346,13632,8413,831,667,728,4458,4855,2423,8620,7630,854,677,769,6038,1538,2481,11605,3108100,992,773,949,1421,3939,1456,11512,8835,804,699,787,3601,
218,8763,2289,1391,1258,767,340,334,1660,9100,2613,7000,42867,812,754,601,649,822,3925,854,4139,757,856,718,644,898,3176,7407,1701,749,726,751,555,2539,979,6532,3426,825,625,660,1798,1805,999,3434,2980,796,635,750,2581,1006,1052,5245,2644741,887,765,895,905,1377,856,5200,3731,829,674,784,1560,
219,4301,1255,889,1029,778,330,320,977,4120,1228,3205,27635,864,737,629,639,783,1684,765,1750,720,795,703,628,773,1378,3319,934,733,691,663,607,1197,762,2779,1499,755,607,648,953,1041,765,1472,1289,741,684,733,1301,880,817,2380,2394931,884,753,899,747,890,733,2123,1682,743,647,778,958,
220,1605,971,810,891,706,323,317,861,1616,823,1241,22055,742,693,570,572,798,914,659,952,693,747,714,578,701,916,1339,807,679,629,646,541,937,728,1279,889,721,571,582,835,805,690,903,770,721,589,744,939,881,719,1085,2161930,886,727,839,724,770,717,1048,951,742,655,791,781,
221,934,911,745,849,691,307,298,782,1011,695,917,19915,740,662,537,538,650,764,654,792,707,727,608,559,728,807,1007,781,647,626,578,513,828,650,1029,783,705,518,608,741,800,666,861,681,688,606,636,778,799,663,879,1973944,829,687,803,696,727,689,861,878,710,607,750,656,
222,843,810,679,790,589,296,282,695,827,665,851,18500,670,674,512,543,702,725,590,787,617,756,605,558,681,753,871,718,568,602,583,511,785,630,902,736,606,464,528,716,751,689,840,724,578,515,590,720,801,686,897,1769179,793,677,760,701,687,613,792,819,675,556,701,704,
223,721,825,650,807,636,274,269,706,791,719,757,16722,577,596,497,501,644,758,594,783,608,669,563,539,628,791,800,751,599,576,515,449,760,633,939,686,584,438,505,698,716,630,748,624,612,493,588,749,769,676,836,1588938,793,631,715,687,630,625,737,709,658,557,658,661,
224,673,742,611,766,539,285,279,696,786,658,714,14604,595,546,416,447,593,648,595,731,569,591,498,424,638,752,792,682,460,480,488,394,686,593,893,695,541,373,492,688,671,546,729,577,528,433,549,667,733,610,755,1354909,776,602,665,628,660,592,703,737,543,507,593,655,
225,710,719,643,703,492,263,265,673,753,625,678,13258,555,507,376,418,535,663,536,678,544,550,434,397,576,724,778,661,421,451,398,323,720,580,874,701,453,321,446,659,673,524,688,583,472,370,519,628,664,570,770,1203602,693,521,603,568,619,567,712,716,562,470,526,622,
226,686,690,597,648,477,271,264,652,675,583,669,11667,476,466,320,407,518,628,535,640,459,522,400,375,578,668,723,648,366,415,355,328,628,523,751,647,439,266,379,610,601,511,672,500,427,306,472,644,657,568,731,1030912,570,488,595,579,576,550,639,684,506,443,485,586,
227,671,617,552,624,399,268,256,652,652,544,588,10191,370,437,289,342,477,565,464,688,454,480,379,311,536,639,633,568,337,343,323,242,615,532,757,570,387,226,314,651,604,464,635,550,349,255,427,627,573,512,708,895549,592,446,493,532,512,455,581,610,432,382,459,569,
228,647,593,496,580,328,282,270,535,640,471,577,8608,335,382,242,243,446,558,438,584,405,412,328,277,450,575,618,543,294,308,293,240,558,397,717,574,297,210,296,556,530,459,597,436,318,243,389,632,519,479,660,751708,530,366,446,552,488,401,596,621,378,315,424,564,
229,516,539,495,556,294,244,236,580,599,510,565,7190,309,344,242,275,412,534,375,530,350,341,295,231,429,581,627,570,257,292,262,243,516,410,648,514,248,171,284,546,508,441,513,482,300,248,366,552,389,458,597,640614,440,330,349,468,470,373,585,558,327,268,319,539,
230,535,489,407,488,256,244,240,500,541,464,506,5648,303,257,245,249,338,508,339,493,326,294,277,237,382,492,575,453,261,248,258,227,496,361,640,448,229,196,270,505,451,404,513,403,252,237,281,514,301,323,534,523277,372,319,298,450,376,322,517,530,300,229,279,458,
231,517,477,373,396,266,226,220,465,543,429,453,4234,326,251,229,240,285,455,284,442,297,260,244,260,320,479,559,419,262,256,252,240,412,309,575,417,229,186,249,513,371,328,420,380,255,253,261,525,285,349,511,440615,319,291,288,409,353,294,452,451,258,244,257,454,
232,506,382,291,332,254,240,238,416,467,339,424,2957,302,266,239,259,250,380,267,418,293,234,239,281,265,431,556,387,243,236,246,256,399,286,460,337,230,193,259,477,327,300,414,340,237,247,242,424,276,299,473,369250,318,275,273,309,290,255,418,403,264,231,212,427,
233,436,321,254,319,249,193,188,388,447,278,380,1855,291,223,239,230,250,338,222,354,233,225,245,233,246,382,463,335,257,236,229,204,325,259,433,321,224,196,263,398,303,258,347,268,222,219,226,427,253,250,443,315367,281,247,284,316,276,215,298,341,237,200,218,368,
234,349,288,252,312,199,182,170,345,363,265,360,1185,248,245,211,214,267,327,250,328,229,250,241,242,279,351,391,284,249,239,223,225,266,222,351,270,216,173,266,324,292,238,291,230,236,219,240,337,246,240,347,269240,288,248,278,275,234,222,271,308,264,212,212,292,
235,306,297,265,280,230,182,176,326,306,245,286,855,277,254,229,208,239,231,249,269,241,228,254,214,238,310,359,279,247,211,226,188,266,237,292,268,222,177,268,318,237,250,267,196,253,227,222,309,221,239,331,238341,300,261,245,278,223,236,257,237,268,181,223,296,
236,265,253,276,272,214,223,215,287,260,266,281,759,249,246,220,219,217,270,237,273,269,194,228,229,240,292,300,262,239,239,216,227,248,202,264,242,210,175,260,292,233,230,266,181,226,212,226,275,257,261,275,209961,281,215,293,272,232,249,229,274,227,225,204,252,
237,285,247,240,290,225,205,199,266,244,225,230,681,239,232,186,218,212,256,224,255,229,220,259,245,242,271,312,291,227,207,249,217,251,210,247,257,219,177,223,293,252,241,224,169,249,216,212,225,242,281,295,187128,260,231,227,275,233,221,239,240,240,212,213,280,
238,261,238,234,277,256,232,224,250,235,240,268,591,262,240,205,218,199,256,212,239,218,209,219,218,247,276,263,264,267,216,213,230,241,248,203,256,191,171,245,272,263,236,225,194,216,197,231,241,247,239,264,161677,284,260,238,241,196,192,221,265,243,180,219,274,
239,239,261,267,281,234,165,162,258,232,250,230,584,251,246,189,201,211,271,226,262,225,203,217,211,217,253,265,289,195,201,235,214,268,201,231,212,204,164,219,266,253,211,245,199,161,188,216,271,246,244,287,143619,251,254,249,284,216,197,230,255,253,193,205,257,
240,265,242,229,247,196,181,175,244,193,227,213,501,218,185,190,170,214,213,201,231,237,180,231,189,225,268,240,241,221,215,200,206,254,209,224,220,193,159,206,255,223,240,234,170,219,196,196,254,237,242,239,122941,287,233,284,252,218,229,243,227,218,195,216,263,
241,255,225,234,252,193,190,182,228,223,232,233,514,217,218,155,229,227,209,191,222,201,232,212,186,235,235,297,267,211,199,208,194,228,207,251,242,185,148,200,248,238,234,232,178,206,194,234,242,217,213,242,106470,278,223,231,271,203,224,235,255,221,179,189,226,
242,235,242,241,245,235,195,191,242,199,202,234,483,227,191,189,206,215,218,208,218,215,207,224,189,233,267,248,259,190,199,210,188,249,215,253,201,146,123,193,245,246,203,226,159,199,165,197,238,216,234,268,89861,224,210,230,254,250,220,209,224,222,187,202,247,
243,229,244,236,275,212,179,174,252,203,178,216,396,232,191,192,173,204,239,210,224,208,177,202,190,213,222,273,243,168,203,188,196,217,205,220,217,171,152,196,231,240,221,205,168,204,164,187,218,206,205,253,76953,216,240,226,242,203,176,213,231,209,160,163,266,
244,223,232,197,255,181,144,148,236,192,236,189,382,218,204,173,185,202,227,174,237,188,160,217,188,191,252,250,249,198,218,191,188,238,213,235,195,177,126,209,234,243,239,221,159,187,177,192,214,209,199,236,63542,228,197,241,242,188,183,213,229,208,183,200,235,
245,211,208,213,239,164,150,143,216,199,215,218,331,207,182,175,178,197,219,172,217,215,181,182,172,225,215,243,227,175,200,204,186,200,181,195,198,148,147,192,236,223,210,201,139,207,172,156,230,187,181,222,53747,246,192,233,218,180,186,200,227,180,141,165,246,
246,253,219,214,220,200,151,146,260,208,183,207,314,189,204,153,189,182,184,181,205,177,193,191,184,205,217,248,231,176,163,198,187,209,184,182,218,160,129,178,230,178,222,219,126,187,179,187,233,171,199,244,43770,218,204,201,243,190,198,201,196,172,146,159,228,
247,229,216,189,235,170,157,151,198,198,189,179,280,196,180,167,174,180,195,196,212,200,163,171,186,203,229,242,244,169,174,195,186,230,190,190,209,147,135,179,214,186,208,201,159,189,167,176,198,167,190,242,37016,215,216,220,234,161,170,182,214,186,164,167,256,
248,213,227,201,224,175,135,131,220,204,160,206,245,192,199,149,171,183,219,180,181,177,162,197,186,209,256,239,205,182,150,192,155,212,177,212,213,168,132,180,216,212,163,205,150,181,172,174,202,178,194,204,30965,205,213,203,215,170,161,173,202,175,151,174,232,
249,210,210,186,223,166,144,142,221,178,196,178,206,187,175,167,166,185,190,174,213,147,171,170,182,188,235,268,217,175,196,177,146,197,199,228,172,154,117,173,239,209,174,208,142,181,139,150,189,185,185,195,26938,212,194,198,206,178,177,172,183,187,161,167,223,
250,206,180,171,198,182,139,133,200,188,174,186,230,183,183,158,195,166,176,169,211,200,161,182,175,176,215,192,210,172,183,188,176,224,153,192,184,149,136,181,222,187,193,199,140,159,159,144,202,174,184,216,22677,211,176,182,217,151,184,178,221,172,151,158,201,
251,186,224,182,203,185,145,142,198,163,178,178,227,202,174,149,168,170,186,152,188,168,153,188,164,185,238,227,231,196,162,187,170,190,199,167,179,152,127,180,201,203,190,179,134,185,158,167,199,173,169,201,19943,173,198,206,220,168,164,193,200,161,168,167,207,
252,189,199,187,203,161,118,115,199,177,167,162,207,176,187,163,157,166,174,149,189,182,129,192,171,213,200,223,202,152,170,182,147,168,178,172,187,135,119,166,222,208,176,191,123,188,153,177,189,178,162,182,17359,201,196,176,185,176,153,186,179,221,145,160,195,
253,193,205,159,196,155,151,147,214,147,182,178,189,179,160,151,147,157,194,160,197,184,171,177,148,206,201,218,193,141,162,170,159,194,179,182,151,143,106,173,214,166,174,184,127,172,146,166,170,168,176,210,14792,165,188,193,175,150,159,160,188,199,159,125,199,
254,184,200,187,211,160,133,126,189,161,182,165,200,172,161,143,150,150,169,164,215,161,165,173,150,160,205,211,207,164,155,139,148,205,172,192,167,143,99,186,199,194,183,181,142,151,157,163,186,171,166,210,12867,200,188,182,184,165,146,163,201,170,145,138,196,
255,185,206,197,222,175,125,124,195,171,173,178,190,191,153,146,159,162,170,135,181,175,147,174,149,191,200,232,190,161,138,158,158,172,149,184,181,128,108,176,218,177,178,162,133,185,153,141,204,149,163,210,11076,185,173,184,186,126,152,179,162,177,139,159,210,
256,183,210,179,197,141,124,123,179,186,169,179,168,168,152,127,143,189,139,157,181,168,168,142,164,143,192,180,217,147,144,157,145,192,174,172,163,122,105,143,185,173,152,186,122,166,158,169,155,177,166,180,9965,161,178,186,179,148,139,162,167,138,145,153,205,
257,181,216,190,238,157,110,107,194,150,161,155,193,168,151,119,161,175,184,154,190,155,135,143,150,175,178,219,204,146,148,167,135,160,185,156,172,141,97,172,195,183,152,194,112,149,138,159,167,139,140,173,8524,187,169,189,174,148,137,151,180,146,139,124,189,
258,216,168,189,166,140,93,89,235,132,161,170,165,160,153,150,123,153,183,142,181,146,162,158,149,177,166,188,202,137,139,133,133,177,162,154,141,140,113,154,199,181,160,174,133,131,116,157,182,147,144,188,7100,171,166,173,169,162,122,155,169,154,122,140,169,
259,191,178,158,203,142,126,125,177,140,161,168,167,131,144,130,145,185,182,159,158,156,127,141,127,165,218,216,195,140,128,166,135,183,174,159,173,113,119,158,168,177,138,165,128,145,131,140,157,141,156,168,6137,181,146,182,190,136,131,183,175,169,116,151,196,
260,162,174,199,200,155,93,92,182,138,165,150,199,169,140,135,160,151,169,147,179,159,143,158,138,177,177,211,162,136,138,179,127,172,128,154,161,127,101,149,159,162,146,158,132,160,153,130,160,143,156,178,4970,166,159,182,170,130,130,144,163,153,152,119,193,
261,179,180,162,197,127,107,103,174,139,140,157,179,159,135,139,152,139,144,147,155,172,136,158,126,164,186,204,176,166,141,149,162,165,141,171,172,122,99,135,191,174,167,187,114,158,130,126,156,150,151,172,4231,160,157,153,170,140,123,152,159,135,134,137,176,
262,161,155,167,188,130,123,115,177,155,140,148,160,144,127,120,123,160,170,140,156,146,142,149,146,160,176,186,161,133,123,145,139,171,152,163,150,128,103,143,186,149,154,160,116,132,163,145,167,163,141,195,3514,182,145,186,176,127,135,168,152,148,128,122,181,
263,169,164,166,173,163,123,119,176,147,146,141,149,153,127,129,126,155,143,136,167,147,120,168,149,158,210,198,214,139,152,139,125,161,150,142,153,133,89,124,188,146,141,142,106,144,138,154,190,136,141,179,2848,148,130,161,170,146,124,159,149,143,125,137,174,
264,141,165,153,163,158,103,100,156,146,136,148,166,147,156,110,133,138,149,144,149,142,148,112,123,158,187,210,185,141,144,148,129,160,137,144,150,136,101,143,182,144,152,135,101,140,124,111,142,132,126,152,2464,163,143,158,181,118,113,159,168,153,105,130,172,
265,160,157,141,181,142,109,105,161,148,135,166,180,152,136,126,120,137,150,136,148,131,131,128,138,156,178,164,186,115,134,136,138,154,155,111,125,102,79,140,178,163,143,126,97,121,130,134,146,150,129,139,2081,163,150,175,148,125,137,125,147,141,113,147,188,
266,142,144,171,209,146,102,102,152,151,107,154,143,148,115,110,120,126,146,146,139,138,136,119,138,142,155,180,149,136,132,139,116,175,108,125,144,136,84,146,171,153,131,139,106,137,118,133,151,141,131,158,1841,154,158,160,166,122,125,155,152,160,110,117,160,
267,159,152,158,164,121,87,86,150,129,123,131,151,140,122,109,122,115,140,143,145,136,112,153,131,157,149,149,172,129,142,145,111,169,134,145,142,89,90,131,174,145,122,148,86,130,114,124,150,135,129,144,1637,138,129,175,126,137,117,155,121,138,113,116,166,
268,142,140,163,169,141,98,96,150,132,128,133,159,131,130,110,131,128,144,132,139,154,120,137,116,123,180,171,169,135,132,128,126,150,134,144,129,86,86,138,192,150,148,141,107,142,111,149,140,144,134,145,1297,139,136,161,178,117,130,120,149,136,112,118,170,
269,144,145,160,171,136,92,90,160,126,139,115,139,120,120,111,115,126,153,127,130,141,125,119,105,147,177,184,158,125,103,125,116,147,140,104,141,121,97,125,160,142,134,152,89,138,121,131,140,120,124,169,1202,136,144,158,161,113,128,139,134,115,111,91,152,
270,147,122,172,182,110,91,89,136,138,138,127,133,149,122,104,144,119,143,118,135,127,108,94,119,131,143,170,158,117,115,123,127,148,125,137,127,100,82,132,151,133,135,139,87,116,113,119,126,114,121,161,1106,159,125,130,166,121,118,139,134,138,103,111,169,
271,150,149,143,151,134,81,80,145,127,120,128,156,160,123,117,116,108,138,109,139,136,119,122,127,137,149,163,163,133,108,104,120,121,122,124,131,102,79,121,135,143,137,140,91,134,103,116,120,126,130,163,935,136,139,142,141,110,107,117,127,154,88,126,170,
272,136,123,149,159,147,95,90,139,113,117,146,128,138,140,92,119,109,137,107,150,126,119,128,122,158,172,181,146,130,115,140,131,156,119,130,105,114,83,122,152,133,125,128,90,122,120,112,148,121,125,142,832,138,135,133,160,97,130,137,138,143,92,109,169,
273,132,135,136,149,123,93,92,149,114,133,124,141,129,111,95,125,122,129,130,143,124,99,131,115,133,129,169,156,122,134,133,120,132,125,131,134,84,80,116,131,149,120,151,88,112,83,118,140,131,130,136,742,155,150,128,158,116,115,121,133,135,100,98,166,
274,151,166,135,168,120,79,76,138,136,134,109,116,132,97,99,102,130,125,104,129,109,101,131,97,139,155,174,144,121,116,140,97,123,115,110,130,93,71,116,159,132,140,141,102,113,118,116,123,112,131,140,603,128,124,142,160,100,117,99,126,126,103,123,159,
275,147,137,109,149,110,94,94,144,121,125,130,144,109,118,100,103,130,142,122,121,114,105,110,113,130,147,164,156,95,116,105,92,130,137,100,138,108,69,109,155,143,123,129,99,101,91,105,136,119,116,146,544,123,135,121,146,116,116,113,139,139,104,117,131,
276,149,137,124,162,109,81,79,156,125,123,134,142,115,110,82,100,85,121,123,130,99,110,131,97,116,130,165,133,100,110,111,109,136,129,150,131,100,64,100,145,120,131,135,82,98,103,113,101,107,113,159,470,130,120,139,146,104,97,115,115,138,104,71,140,
277,121,132,131,137,124,75,70,143,120,106,120,128,122,105,104,120,99,124,129,127,139,108,113,102,137,158,159,141,114,93,109,112,122,102,103,115,83,80,116,159,127,115,119,87,87,114,103,139,129,113,142,376,133,111,127,119,99,115,95,132,140,65,103,122,
278,124,140,137,136,115,86,84,126,108,121,128,128,129,106,91,110,124,124,112,129,126,103,136,109,133,151,171,128,111,115,95,96,128,131,111,111,107,74,92,150,126,137,121,79,97,92,112,139,103,121,112,350,126,138,154,132,100,104,118,130,123,98,104,124,
279,116,113,129,146,109,73,72,139,111,93,115,131,114,110,124,99,129,108,105,115,105,104,100,92,140,155,155,136,110,119,110,105,117,119,110,124,66,69,124,147,136,112,114,88,105,95,109,119,118,109,129,327,94,113,129,148,97,91,96,112,124,97,99,143,
280,138,133,112,127,102,65,63,140,113,124,104,132,123,123,89,113,109,116,99,127,116,90,124,110,114,136,150,143,113,107,123,105,113,113,108,116,78,68,114,162,132,120,112,83,96,115,108,122,95,134,142,282,125,125,111,136,100,109,108,122,100,99,96,137,
281,118,136,110,129,111,64,64,127,119,126,118,125,122,106,96,82,113,99,103,127,111,100,114,111,119,145,149,137,95,98,94,93,118,119,112,103,82,56,98,156,139,100,119,74,103,94,106,110,101,119,106,239,134,102,134,130,90,102,114,110,109,94,86,136,
282,130,147,134,159,115,80,74,125,117,133,132,124,114,120,67,113,110,95,88,104,91,113,96,107,103,158,144,121,104,115,114,94,136,118,118,124,86,62,115,130,114,117,115,71,108,92,91,108,107,97,112,214,117,106,115,123,108,100,96,105,113,80,82,138,
283,128,115,133,135,116,63,61,122,96,99,98,123,116,81,102,93,85,101,96,126,109,81,98,107,130,122,149,132,114,101,113,106,123,111,96,112,85,69,96,132,137,114,111,70,97,92,113,107,93,107,123,224,117,109,134,133,106,98,115,114,108,89,96,130,
284,119,132,112,126,134,68,67,106,103,113,110,130,124,87,84,81,112,91,103,112,81,90,97,85,135,131,151,143,94,89,109,105,129,110,116,121,76,75,97,137,112,106,123,72,96,92,110,93,100,102,136,185,128,100,120,117,92,85,121,126,118,76,106,135,
285,115,126,122,144,115,56,52,111,94,88,109,128,109,99,77,92,122,102,104,113,101,96,97,88,116,133,121,130,98,103,113,94,120,106,98,100,78,74,85,133,104,96,107,66,89,90,111,112,83,96,107,181,113,107,121,102,99,97,95,94,107,91,117,126,
286,115,112,108,137,115,76,74,119,96,94,114,115,107,88,92,91,76,115,98,111,121,92,103,85,112,139,124,136,83,112,90,99,137,93,97,103,80,61,112,130,121,113,93,64,93,104,96,118,84,108,116,187,103,101,143,116,97,91,94,90,111,96,94,109,
287,117,134,124,121,107,57,56,129,84,88,107,92,126,83,79,81,99,113,97,109,88,82,89,86,97,138,120,122,83,110,113,80,112,100,114,119,95,60,103,128,106,97,106,73,95,88,100,132,94,101,121,148,104,118,114,141,85,83,86,103,96,83,88,111,
288,117,112,102,128,97,63,63,121,99,125,92,129,92,104,66,84,110,102,110,119,99,87,104,105,96,125,128,123,89,88,70,79,130,85,97,94,97,75,94,115,95,109,98,71,87,98,105,104,96,87,129,126,98,99,106,128,79,103,88,102,91,80,85,128,
289,94,96,113,122,97,55,55,125,90,87,115,109,107,97,77,90,114,100,97,102,91,88,87,83,101,110,137,117,80,68,99,86,121,103,98,99,77,59,99,116,97,81,127,66,74,102,96,95,78,87,103,119,143,113,126,110,89,70,100,108,95,94,87,124,
290,111,121,104,117,102,44,43,102,81,81,95,100,88,78,68,94,74,91,106,98,75,94,116,73,96,104,141,137,87,84,84,74,118,92,103,100,79,56,109,137,104,97,95,64,91,90,94,115,96,114,115,130,111,114,108,119,72,95,99,102,103,89,81,120,
291,132,98,96,133,97,41,41,102,97,103,110,113,80,101,77,86,86,92,110,109,86,78,96,105,92,126,132,93,77,86,98,82,108,87,102,105,80,39,105,138,88,89,106,63,99,94,90,96,94,90,100,115,106,104,108,95,79,88,109,102,94,89,99,133,
292,104,100,123,111,83,45,43,118,88,86,99,84,111,91,65,69,76,94,96,103,95,69,95,92,104,123,138,117,106,87,93,99,93,87,80,87,63,61,104,110,117,92,93,60,82,77,89,94,83,101,93,108,130,112,100,118,75,73,94,89,104,72,80,129,
293,102,107,95,98,92,44,41,96,93,97,73,94,90,86,66,75,90,106,84,78,99,85,89,80,93,118,122,118,83,81,87,64,110,110,82,90,80,63,104,109,118,86,100,60,97,77,75,91,95,94,99,119,88,91,119,100,79,72,80,103,104,76,78,112,
294,117,103,110,123,96,48,46,108,100,80,105,105,94,79,69,89,94,91,78,109,93,91,76,81,103,109,133,122,91,87,88,78,109,101,107,104,77,38,88,104,94,93,92,71,97,78,87,108,87,83,88,131,90,104,112,111,84,72,96,102,85,90,76,135,
295,108,114,104,121,78,53,55,116,72,79,79,85,100,83,67,54,90,92,84,96,91,80,80,76,103,116,117,98,107,95,83,76,91,88,90,78,62,61,97,106,84,99,102,73,69,73,70,99,87,81,94,117,89,94,90,108,68,81,76,98,84,76,81,104,
296,118,97,111,119,83,52,50,116,87,87,87,102,82,80,79,61,91,82,78,92,96,73,64,80,84,111,128,125,85,97,78,68,104,94,88,88,75,52,79,117,99,66,101,58,75,78,81,99,88,77,96,116,91,97,103,105,82,68,98,80,102,63,70,111,
297,88,122,105,94,94,45,45,118,85,93,95,101,81,67,64,70,84,87,86,91,73,58,95,70,98,103,116,112,81,85,79,74,119,76,89,101,67,62,103,133,87,79,98,62,75,83,71,85,90,87,83,93,93,94,89,109,86,70,82,94,83,76,74,105,
298,90,96,93,99,96,57,53,115,70,67,92,105,79,80,62,81,65,84,77,106,80,69,87,81,76,102,124,114,67,89,80,79,94,82,103,97,73,57,82,98,93,95,110,65,76,79,73,94,80,76,86,98,92,89,115,93,71,71,94,78,91,75,75,92,
299,103,98,106,97,93,40,39,115,75,95,89,78,72,78,50,80,89,85,71,107,83,71,90,87,93,106,105,99,80,77,85,88,120,100,102,85,51,46,83,114,79,82,92,49,83,86,91,113,75,80,91,92,75,81,99,104,77,79,65,84,88,76,70,122,
