165,363410,364314,363853,436743,764433,147693,212178,2079558,471073,302446,406059,325396,787701,769844,454699,589092,381079,370126,357036,393615,745748,688513,827731,584191,420963,472235,413165,445365,697659,531224,632377,529716,340980,378839,421822,346216,827548,537878,465231,1306664,390811,392487,406683,438587,642917,641559,705606,1993324,449259,311508,399003,386976,741821,604592,595120,2174881,305412,318741,338454,377690,708000,641138,787805,896453,
166,406512,412470,412808,497417,1401318,236571,377203,3660755,541983,341553,459597,366860,1346578,1373616,582183,903873,416454,394984,387104,420803,1336495,1055639,1575848,1000017,452419,536107,453405,504076,1197855,767513,1027443,868121,386471,429220,473461,381213,1395837,741180,593572,2457532,433693,438834,441257,483796,1037971,1126963,1177698,3387792,510037,354778,451425,437706,1292146,942022,752115,3565693,343682,363627,386518,426992,1240469,1015277,1477263,1716229,
167,451345,461083,461703,558008,2752825,416030,679293,5244208,654531,377515,514660,407179,2700640,2773632,954631,1769826,451180,431885,427337,456720,2505472,1984228,2913396,1976705,494183,632601,498978,590622,2357973,1449015,2011714,1746882,433779,480487,531890,420375,2596786,1353967,993590,3446546,483163,499345,484145,537616,2023246,2266526,2216393,4362925,572648,393742,509777,487250,2499441,1826162,1185822,4660724,379720,406374,427684,476873,2408866,1929448,2750685,2916325,
168,508446,523084,529498,667213,4618045,771928,1137289,6057529,914837,425819,611054,458591,4871204,4951148,1999639,3499224,504670,481210,487363,508085,3913367,3532890,4290444,3355820,559940,861182,571091,782222,3965814,2798530,3554196,3139521,488492,568442,624468,470801,4126372,2655454,2023934,3875814,552858,616743,544558,622114,3570810,3800029,3713124,4695157,655062,444096,627802,547052,4225558,3363553,2331541,5151821,423967,458122,479773,562219,4009304,3459148,4203024,3977211,
169,596733,608754,656075,916174,6341171,1247056,1626090,5325863,1497382,486861,816844,532120,7076729,6901616,3748713,5570285,580297,558399,598798,579697,4808175,4860840,5001116,4307911,677838,1415627,705835,1247737,5080236,4137633,4758369,4233165,559633,764837,822384,547172,5035637,4005787,3352083,3968896,672544,888318,641543,791316,4740906,4765871,4778716,4702106,816939,514608,885308,625763,5815203,4891910,4066729,4797629,484217,536409,542743,742441,5293531,4868529,5118606,4497639,
170,848623,879533,1083284,1797280,6388151,1766427,2275919,4809543,2916225,649098,1476090,754036,7248931,6637124,5816987,6553060,786030,805196,1004099,778982,5104950,5494572,5168113,4660279,1093607,2979147,1176465,2617305,5350785,4881363,5229175,4681097,745009,1466273,1498118,770797,5289250,4795405,4326593,4005075,1086395,1787318,929559,1361393,5169891,4946405,5107418,4707868,1361014,726000,1681318,812885,6298774,6009480,5991604,4584699,644740,782498,687513,1359658,5641060,5666073,5223718,4550702,
171,1456454,1618433,2059648,3287924,5587592,2392314,3467098,4821893,4283463,1081693,2707117,1348588,6184759,5648571,5966047,5674333,1362214,1451739,1997442,1307456,5058117,5513315,5194046,4710744,2122558,4981165,2269254,4399572,5266394,4868131,5161194,4646310,1242245,2757151,2794447,1359485,5345638,4967056,4639733,4073787,2062314,3282945,1686638,2589334,5133992,4945980,5019644,4794551,2565655,1281568,3001791,1289737,5622321,5656748,6820529,4634679,1048324,1444864,1057231,2523823,5285518,5529614,5100575,4511545,
172,2921307,3313280,3787244,4955853,5451793,3648104,6197566,5078725,5119464,2292880,4334764,2770751,5930103,5481766,5193316,5249156,3058001,3138553,4078278,2815134,5108446,5537428,5295905,4815700,4382506,7137419,4351418,6496861,5374495,4861012,5210307,4701232,2632311,4479243,4632429,2840347,5527842,5100126,4808408,4227907,3925499,5188922,3485605,4720098,5159322,5148653,5167033,4976715,4479400,2637477,4488510,2653409,5401139,5247238,6343350,4804133,2144376,2915577,2138427,4034627,5251306,5408003,5192954,4570592,
173,4378969,4852892,4971293,5541757,6237195,7675641,12886289,6035062,5300361,3661962,5192279,4078382,6813998,6415599,5521553,5844020,5395887,5224727,5978316,4854707,5517651,6011833,5821619,5399425,6664692,6995383,6332768,6716699,6019279,5335877,5718628,5253324,4212085,5427863,5905832,4481023,6379514,5855306,5631891,5039884,5591281,6251451,5454969,6611380,5680741,6088334,5856563,5802377,5535267,3946765,5035307,4277724,5888026,5570573,6289096,5410469,3406163,4136235,3529627,4717850,5743429,5772602,5823260,4995280,
174,5381606,5624966,5293540,5471299,55503369,58199007,66836899,54307724,5399503,4705054,5377308,4876158,67335574,68567526,88776934,57460306,7298724,6632980,6094458,6911981,49037240,51906090,61009607,68413877,7176288,5977059,6841700,5772066,50543786,44229009,47795570,55099210,5470068,5438148,6043586,5870207,74002026,73594696,76140574,82273349,6211120,5789369,6964977,7061098,56247741,76529705,84756691,78820881,5822767,4745145,4995596,5548528,35251558,45550468,49854471,60203124,4386169,4797221,4799286,4878877,52791703,48017496,63451689,60110599,
175,5455632,5613362,5258887,5665596,195022348,162316674,170086799,270715497,5621698,4946756,5443440,4978074,206554750,214199904,264628118,195278308,6764765,6046752,5442530,6712641,169478631,178223667,337349038,223822866,6418788,5801354,6145153,5564925,184415380,158108669,162986080,189081411,5702296,5498894,5833762,5787019,224363328,223962499,227561698,241208925,5900074,5581673,6590615,6410686,191507069,242617827,270684895,240923890,6037398,4846357,5050009,5734278,173996914,145932691,153406492,201560113,4696942,5052976,5217280,5017323,175017619,164160891,208471085,196485276,
176,5646476,6134627,5780475,6653074,274409072,229532538,229337055,285708637,6375290,5252245,5956362,5311806,272382266,282843213,258798077,240657213,6244216,5574047,5388582,6065158,202041026,231722919,241279471,271608076,6149092,6240552,5905352,5856923,267033627,198369374,188246899,201174118,6112692,6071877,6083029,5626659,179287252,174222961,67837660,190976585,5965054,5834220,6259478,6239841,206868408,196842580,193511684,197785776,7059101,5283838,5662489,5895471,255698685,217001751,221710550,272895425,5127245,5840793,5647960,5720416,242625927,217156807,217190824,228781844,
177,7387386,8611884,8067289,9546347,325766273,284698483,297607527,353167007,8999364,7086768,8057326,7300812,335422555,347711315,294777832,306013060,7595138,6661846,6997913,6595573,212513494,251925706,238657980,295555125,7441504,7910501,6892011,7602228,239279660,219564908,183723750,192609414,8217729,8441331,8049394,6741086,165032211,159573445,163156841,166522110,7360376,7421948,7418135,7583539,219407324,171992783,170051365,176441489,10217841,7397770,8011683,7639615,312675530,269694617,262559759,309592647,7168386,8571607,7596009,8313448,282180091,256517009,274238949,254830837,
178,57468312,64563955,63188832,70013442,336514420,315073618,326844058,396227888,92339080,64565616,58336371,63332729,390611665,393936657,345323071,354395751,91026549,98062054,83205855,59722971,226928913,237605209,208139082,289089007,73746246,78375567,62889557,80260637,230177145,239673557,184109443,192675997,82447407,73303029,68448615,57456768,157945529,155783184,159585742,159385451,61832689,64518450,63535753,77910085,228595298,163793024,163497315,167488458,106869319,76797434,72038214,58183522,355507471,296392111,301619236,341227235,93545659,100230992,71407246,97901494,303501794,289838101,279473885,380136491,
179,164070642,162991050,156509737,199372698,374587683,329314905,369568294,431474119,215518556,173110930,148641332,163482808,435231764,444699594,395277792,386891637,238397056,237629287,201091310,155071009,202268133,238551869,223480159,298058336,197287089,199516134,156129982,184868802,218416888,209927890,182567917,178043691,196815320,181607658,166950649,147510544,163218306,158359450,159899437,171337306,153764944,162966356,159782311,157962468,205268932,164647061,164816551,167836187,252021530,193381590,181408736,145379755,338414007,313209031,306192492,360477337,244567976,236812883,203099363,217649201,309336625,293401444,280755098,344015946,
180,180405289,178995679,179453302,209528379,391109665,339193307,387425563,453274570,219122847,193410644,185358116,175071513,482352874,455070196,457886902,427742183,231671641,259504050,241324296,190959707,220450730,215357768,189534818,297426154,233112931,243589637,221923378,222621792,213411291,226037153,179201509,187262247,213845527,209113939,232666007,194556656,163694486,156841889,159931237,161083888,183415958,209136264,221485221,221736657,189148888,163337686,163484219,165717241,192980395,181946663,179851011,171549546,393496044,328848013,313042034,367493165,211136887,198427981,183142769,193260218,325637126,293942415,264792872,477364036,
181,179041360,185834318,177027030,163658035,409055517,352043817,419481467,468763920,211701368,212993989,176154925,198153268,517956139,525839671,511766751,488472008,273142588,284517473,278090260,206859118,189883093,207676500,212527734,290437865,269470236,383761872,242713719,259219300,204446202,185001772,171255529,184094159,236966107,230458291,286357417,232879815,155362534,154547217,156204983,157074921,236726047,242355645,249536633,258901475,185715486,160039338,159576495,159815374,177170286,170253361,172145944,195896174,393068515,342886091,317049855,373549099,167827507,177213093,170610773,180476098,327199559,302372502,266681052,261493677,
182,204388641,186007798,176752660,191442295,420071704,368595240,451870435,479229421,222122934,220406407,192971336,178061131,541306633,551771407,545925418,521946554,324084211,322490082,854554294,259598678,181015951,194874123,202907966,275659118,327698608,361964156,288472938,303226745,184616972,167005749,163378565,180211680,267796881,254265010,332739721,274952326,149320873,153152041,153798844,154930841,279250211,277079705,299442245,295796750,166602960,158576178,155142749,157418599,167461970,162636046,166367477,189921344,346959663,354895745,324693117,348786709,167564036,165949533,172085967,168898177,317766462,294431754,256587978,244689179,
183,198554109,183937968,175334432,142354957,429067165,387124930,465932935,484405948,205271093,197127386,190516648,186827085,545633267,566335741,574159902,548139690,353901458,362316310,359775866,302105226,173933573,189426340,190265612,258813232,366265793,369991353,316139017,323941836,171210474,177724713,159826158,170985154,300280361,289351974,365123762,295287260,154210844,152900362,153836468,155388689,305700794,296360808,332217662,320963825,161324747,159661339,155922331,156905256,161570697,161010347,163919429,198529712,376749222,357795542,326481478,355183343,163418026,159354515,160656291,148461139,306574959,284461120,243881499,252840314,
184,182161807,188154595,174084612,191691838,441446999,413994865,1002319036,492472317,200494771,237839957,195555917,176023628,549755666,577004802,570859896,566275125,389463764,397800648,401096489,341879596,169775803,187457100,143434259,242799067,403003383,421370997,332159017,336727159,168228740,167900629,157915691,165870422,265353499,272166439,384544316,309506068,155786472,152703693,154386954,154361785,312216808,312485047,350673432,330005945,161163100,160840812,155144327,156556115,160239604,161551880,162317402,183631188,375509970,361317629,324487892,352413355,158770952,158530440,159043414,158586897,300862079,280784788,251319649,241754415,
185,200282206,192541148,173210307,172535494,460076232,443295318,461965433,482812666,205585587,138770805,189084312,173086147,548741995,579244511,573427508,577892230,426349184,422844117,434243278,380922072,166967122,182760043,180648894,246083233,431339630,416362997,338667551,312433046,164730447,165984140,156503006,166038309,306359822,272727784,396752591,328331291,152822724,152054619,152645598,153009750,324223269,318802626,363413256,338692362,158661484,160261233,153184744,155280663,155967971,158188485,161165165,182826994,381926396,369896458,336538974,362627919,158376500,157217261,157968076,157651166,300966764,280525817,253134830,247486257,
186,159300952,192298791,174170995,174004082,486094466,460229055,458366922,465615011,189508608,183894725,188386014,169701355,525653992,1074693347,549125478,567623702,450621270,442114921,459883211,410481689,161135038,175162479,172082689,230124609,449807047,438515733,350876474,386692257,159581629,161883105,154325175,164186240,308506970,295977240,357495584,313691561,151993360,150113210,150878446,150677464,317475190,321348604,364594240,343429580,156948099,158537757,152474298,152908552,153537452,156706555,159963880,175198766,400417965,377662091,340320812,374924641,156698383,154738864,155148016,157002039,301109463,276484461,249701396,242080648,
187,185729693,191104978,170329710,169627203,424413980,402189226,389411896,398879384,203346500,182324882,247846586,164202390,436288229,444215636,454941679,476620253,470073045,453403521,475845182,433152830,137809734,145390295,143387008,183749690,471251792,455285811,366727360,390925371,126546514,139290485,134335235,143371433,294081271,259651803,440420789,325922238,130372517,130120658,130316996,130527218,316873394,321373568,359609101,351669473,139709658,139035084,132280598,133361775,155540473,155971379,158408687,171027996,356112306,340112155,316457138,340128884,152011473,154924324,154738329,154523766,263518128,236984677,211296134,205917191,
188,186871460,192399863,168872457,165380680,224004702,212666669,203187073,209398625,195714187,203162475,168998781,163905104,223946641,226326079,220139336,242904426,472396165,460415438,484370176,446544118,73504005,76703372,75276528,91317733,444261206,463204631,391719489,385184690,75889178,74023870,72358994,76395219,295244798,261380597,345645302,309644061,70850933,70086679,70171970,69770217,317741816,322834672,357587746,463859208,76029689,75535822,71378584,71507111,154318195,154766307,157199188,169407379,190820148,182047131,170985887,185723988,154005209,152372894,153647165,154047587,142331800,123006708,107736347,104193596,
189,184921038,188203492,164483253,163135486,37344146,40138665,38657979,33632742,185734842,172520304,154243634,158319286,36611957,36614381,36781077,38597248,465472623,451401153,466791572,426206812,14928580,15528516,15234491,17140115,465048952,451991013,400659710,393263682,15702374,14901279,14851501,14917508,278875067,244869688,398522581,294323154,14772125,14529545,14282354,13749167,315017814,319422679,348831490,318078131,15128726,15344470,16840072,14558125,149537808,149801148,152590809,161959709,32533749,31300920,30931872,30638657,149068551,148145642,149028334,149615912,25030105,22409929,19415576,18465810,
190,135521393,140160870,121410683,120279648,5285070,11335601,11241318,5006359,139730138,154590918,119763390,115512472,5819072,5406709,4844234,5290101,350396819,338689056,339071804,318613140,5147374,5496105,5242968,4755698,341774192,298755027,310866355,305301415,5282321,4827692,5179924,4634653,203029449,175939422,280392220,220096582,5448147,5083846,4781747,4224170,244682689,245489964,242663691,277560053,5177478,4968371,5202158,4909381,111589341,109344333,113000107,119411995,5456037,5217833,5835098,4833510,107716543,110684544,111149849,110013551,5240327,5397742,5037794,4647479,
191,59886396,62720381,54707194,53393079,4820309,10794631,10709848,4510577,61090955,55474636,53417488,52129160,5302020,4884968,4311522,4729910,155439233,148744080,145794547,142953955,4964500,5311536,5065853,4547005,147773513,144981657,138825696,137003404,5091658,4645571,5005303,4454947,81659216,64805669,122698459,102990249,5269443,4888925,4576229,4029605,110106728,110565690,120735643,129071370,4994610,4770276,5016834,4718514,50980772,50310219,51112533,53665615,4981643,4761394,5384449,4383165,50480822,50354124,51034305,50580173,4875811,5094193,4782595,4408546,
192,8700291,8653459,8191658,8324816,4800413,10600289,10485912,4502876,8842479,6973500,8282253,7714384,5280852,4858756,4287265,4705328,14988008,13923844,13526930,13878016,4932383,5291906,5036099,4522647,14050301,14084700,13837046,13642324,5073424,4629491,4980291,4431592,10534537,11280319,12769722,11091327,5237602,4872978,4552690,4005358,12371169,12200512,12739517,13939108,4992730,4751236,4993218,4699491,8580230,7572763,7875638,8574611,4956915,4733126,5367342,4367276,7686021,7701727,8104051,7752424,4855895,5069367,4758753,4384677,
193,5453641,5470485,5287247,5538352,4796470,10473618,10311744,4492032,5584569,5000076,5453882,4972036,5282606,4852800,4285298,4700957,6153758,5615094,5457592,5934979,4812267,5281667,5029337,4517867,5939607,6006658,5920105,5914682,5060143,4616269,4969235,4423528,5687225,5428452,5988745,5444189,5230864,4864578,4547360,4002849,5809009,5716901,5987959,6233748,4960645,4742807,4981114,4697623,5956379,4930103,5207017,5785806,4943236,4729302,5355946,4351202,5031897,5072216,5457916,5114414,4846625,5062958,4750236,4371709,
194,5056290,5061617,4916143,5172844,4789057,10289363,9978726,4488723,5164004,4612036,5095242,4633358,5264948,4846129,4276418,4689218,5077032,4612028,4471482,4969848,4805041,5264782,5021598,4512461,4950096,5094777,4960660,4964545,5045813,4604584,4970806,4425999,5075235,4812057,5148969,4685496,5217440,4853679,4535162,3999768,4928587,4847239,5065092,5256546,4942101,4725153,4978123,4688819,5626617,4592094,4870229,5434265,4933913,4722984,5340643,4356546,4691066,4740017,5121904,4785289,4837133,5051775,4744947,4370720,
195,5019999,5030707,4879727,5144495,4783440,9962593,9268306,4488219,5128641,4573097,5063536,4593991,5250558,4843077,4265863,4684203,4997257,4542851,4400209,4898661,4799376,5265884,5013713,4509494,4877258,5028416,4901087,4897565,5044982,4598819,4953901,4412362,5022766,4764902,5091072,4624848,5210116,4851653,4536969,3999331,4869909,4779926,5002364,5185883,4937115,4724159,4973806,4689534,5598629,4571100,4843364,5400337,4928976,4714879,5336374,4355827,4664672,4720112,5094144,4763535,4832400,5042794,4736517,4369236,
196,4995897,5017399,4873176,5127359,4780813,9292938,7848092,4486362,5113703,4559993,5046129,4588612,5249015,4838871,4266848,4677630,4979625,4520086,4382865,4875925,4785978,5254313,4999682,4501964,4860843,5001988,4877028,4879241,5034050,4590512,4942389,4401653,5008243,4742712,5067898,4609388,5203144,4847484,4520930,3993973,4848428,4763882,4980584,5161145,4930345,4707913,4958992,4685854,5583204,4553265,4829438,5385591,4920531,4712415,5326045,4353635,4657276,4703899,5077956,4745934,4825750,5037638,4722929,4364849,
197,4990157,5005588,4864484,5114394,4768117,7751822,5359920,4486072,5101307,4550471,5038362,4584902,5234473,4824685,4251912,4667759,4976032,4510963,4374621,4868123,4782757,5253209,4990313,4489207,4853786,4999653,4874014,4870878,5022932,4582432,4932223,4393741,5003879,4743443,5065228,4600380,5188136,4835131,4511898,3992543,4837193,4755187,4977844,5155418,4921688,4710595,4950089,4681173,5569796,4545240,4821699,5383713,4910978,4706635,5321550,4349884,4649266,4700666,5072205,4741477,4817789,5032779,4714893,4365271,
198,4982332,4995019,4855601,5108264,4749808,5136130,2742530,4475079,5087616,4545214,5021801,4571368,5224997,4814031,4244090,4664885,4958850,4507771,4365531,4858057,4769199,5241636,4983270,4484890,4839562,4991350,4846742,4861031,5012053,4575888,4925482,4386342,4990466,4733073,5054323,4588585,5181468,4816841,4497258,3992941,4829570,4753393,4964841,5149999,4922046,4690731,4935063,4671269,5550624,4537551,4814604,5367025,4903033,4692514,5310588,4346526,4640655,4693459,5062578,4733957,4808283,5018107,4709237,4359370,
199,4976872,4982522,4847880,5097609,4747793,2840248,1401019,4476360,5085838,4534203,5017030,4568860,5204864,4796707,4231699,4656254,4949474,4496601,4363477,4850573,4869196,5228328,4975133,4471439,4829047,4982774,4838848,4854884,5003974,4568003,4909498,4374502,4985573,4729412,5042748,4582087,5161335,4804221,4484442,3984729,4815742,4739716,4953085,5139671,4904742,4679598,4924388,4664925,5544906,4531128,4804830,5363600,4892937,4682594,5302301,4343434,4628987,4683650,5055964,4724655,4807358,5012213,4702465,4356815,
200,4965956,4977510,4838460,5081400,4728951,1464486,902831,4466833,5067795,4519584,5007753,4557883,5188682,4782762,4219074,4642230,4942140,4485107,4350076,4844321,4855848,5217430,4957937,4462786,4821108,4970513,4829893,4851727,4984928,4553302,4893192,4360838,4975077,4715308,5032445,4574567,5143899,4782734,4464652,3974255,4810100,4731298,4948747,5126770,4897282,4664172,4910235,4661160,5498166,4521881,4791142,5351118,4880456,4670091,5290959,4339023,4618096,4673668,5050485,4712871,4790727,5002081,4687081,4348469,
201,4953778,4966140,4825645,5070666,4711747,929055,754354,4457153,5062172,4525905,4997102,4553199,5163358,4760431,4202603,4610362,4932070,4484253,4340081,4828821,4850046,5203310,4933170,4447617,4810023,4964187,4827017,4841497,4963801,4534638,4873011,4339177,4966270,4713052,5027318,4581190,5125969,4761657,4448448,3967843,4804089,4724646,4944156,5120908,4885176,4636256,4892521,4655327,5487762,4510194,4785818,5343516,4866950,4656672,5284212,4329663,4614396,4660538,5042420,4711642,4774116,4988917,4673932,4349017,
202,4946992,4956304,4818960,5063501,4687049,758008,703234,4444655,5054817,4495649,4986953,4538884,5139297,4741284,4178901,4594812,4914990,4470233,4331357,4820498,4826243,5180041,4911757,4425646,4794046,4951788,4812569,4823772,4939547,4508609,4849952,4321282,4955798,4707843,5017977,4549974,5095951,4735421,4421551,3957070,4792005,4714079,4928194,5106887,4852071,4612554,4869416,4636948,5472797,4501851,4772621,5334628,4846429,4638224,5260338,4311350,4600397,4646998,5028835,4698434,4754023,4967467,4652374,4338777,
203,4939960,4946767,4802943,5048475,4669336,703513,672600,4436363,5048661,4487974,4974807,4530347,5119925,4720638,4163899,4577085,4898809,4456637,4318585,4810304,4802267,5150889,4881855,4398834,4785794,4939327,4803772,4815625,4913175,4484560,4816333,4293499,4948747,4692903,5007303,4547042,5059516,4715102,4401523,3943652,4779189,4701766,4922601,5095639,4829519,4595554,4844050,4621886,5451517,4489940,4763455,5320472,4813603,4610641,5228237,4303145,4590531,4632526,5013916,4679940,4728417,4942080,4626423,4337748,
204,4928907,4932492,4791629,5031759,4644521,674529,648317,4419981,5029035,4474494,4958493,4518580,5098854,4701294,4147625,4556613,4880573,4443154,4301719,4797768,4778779,5123358,4861297,4381659,4769148,4923461,4792491,4790100,4892261,4469418,4795413,4273441,4935409,4674572,4996419,4544181,5040640,4688083,4386238,3929985,4770433,4693568,4905476,5081094,4820088,4573475,4818828,4604178,5434138,4466467,4744208,5296841,4797403,4590537,5205913,4290149,4571940,4607472,4994898,4662245,4700659,4919490,4603969,4318321,
205,4912244,4918920,4774158,5008121,4625130,648698,622719,4404622,5017503,4465597,4949334,4507375,5070927,4679336,4128818,4537148,4862396,4433317,4288963,4788003,4755190,5094293,4832924,4355144,4749156,4903459,4786206,4772637,4862936,4445235,4771905,4254622,4922336,4666989,4985110,4522391,5011063,4673051,4360678,3915689,4750641,4679429,4896683,5066863,4780542,4544209,4793960,4592544,5408266,4452777,4724463,5285676,4772881,4565514,5183284,4276305,4557645,4591421,4978210,4641542,4681969,4894427,4576431,4301989,
206,4900829,4890730,4744387,4979064,4602494,622406,595955,4393277,4993271,4446654,4920796,4490492,5045813,4657977,4108925,4514257,4841295,4414604,4266709,4768489,4724669,5067000,4810465,4331163,4728197,4884314,4758916,4746773,4833100,4414737,4741853,4234531,4905318,4639960,4959552,4512108,4982257,4656783,4341672,3910534,4728599,4652183,4876785,5046771,4764126,4522983,4766411,4577354,5391855,4434786,4707959,5252635,4749860,4544933,5148832,4263079,4522690,4565790,4950190,4615813,4649723,4863543,4553797,4287988,
207,4882646,4868409,4727745,4950438,4575026,593667,566100,4379774,4974841,4434928,4906797,4466126,5014984,4633274,4087302,4498493,4820261,4392133,4243423,4746359,4698886,5045315,4782678,4309720,4705686,4867771,4739588,4725123,4805594,4391367,4717564,4203910,4882867,4618631,4940835,4496012,4950494,4628531,4314627,3896053,4705325,4634064,4851784,5022822,4721679,4495051,4746531,4559550,5363141,4401964,4677094,5230535,4722752,4524600,5118934,4245670,4499923,4546291,4932858,4593273,4628050,4837944,4530047,4274883,
208,4855231,4838921,4698753,4925734,4547856,562732,533721,4362877,4936510,4401315,4872314,4439562,4981638,4605325,4062186,4465127,4789787,4376284,4221766,4718917,4672257,5005004,4757040,4284215,4679464,4840195,4729944,4699679,4770366,4365334,4684787,4180448,4851383,4589538,4914336,4475283,4919595,4596386,4284771,3886211,4679850,4606885,4827485,4995487,4700325,4462993,4718603,4544802,5321056,4382694,4653583,5199654,4695152,4498938,5085077,4230005,4474665,4524953,4903926,4570302,4602880,4809418,4501020,4257951,
209,4832163,4813061,4675547,4892396,4517382,533940,503058,4347282,4912492,4382675,4847580,4419911,4946762,4578115,4036688,4444012,4774483,4353886,4202258,4701000,4642746,4973204,4730383,4256458,4651577,4821755,4706357,4671745,4735046,4331443,4649369,4147052,4825677,4567614,4885339,4454580,4886079,4559790,4249340,3877367,4657903,4585656,4804144,4968089,4673348,4412383,4686507,4527958,5274637,4364997,4626815,5170478,4666385,4473936,5058193,4218775,4455221,4502057,4881992,4550363,4579129,4784309,4477552,4241441,
210,4803787,4783621,4648896,4855078,4478839,499546,466088,4329077,4885181,4362309,4821374,4390880,4883305,4540984,3994938,4403526,4740284,4332838,4179641,4677833,4616304,4936890,4681938,4222481,4624381,4791900,4683234,4654153,4687890,4292934,4595018,4090652,4798545,4538809,4857029,4420624,4849239,4499223,4197850,3865003,4622755,4556178,4773596,4939391,4632508,4305606,4655592,4510646,5236889,4332942,4604961,5142341,4640691,4442619,5022224,4195771,4435962,4480467,4852577,4531668,4543163,4747858,4437946,4227401,
211,4778070,4754046,4619638,4827456,4396553,464936,428717,4310798,4864283,4330439,4791481,4371553,4779925,4487157,3916982,4352882,4713378,4308839,4153050,4647818,4581839,4890888,4636799,4174235,4602579,4767544,4659401,4626131,4563722,4206905,4484340,3951178,4769234,4516198,4827530,4402657,4786202,4394554,4095046,3846501,4592290,4531510,4749165,4913542,4563739,4060886,4619596,4493181,5198335,4315854,4585000,5114047,4601776,4401610,4973008,4182299,4416705,4452808,4835380,4502196,4493574,4722923,4392063,4209071,
212,4748229,4720314,4582413,4790887,4210098,433296,393774,4294163,4828613,4304828,4757808,4348543,4527438,4389024,3756736,4253234,4673248,4279506,4127404,4620765,4536734,4806002,4532308,4062053,4571001,4740930,4632949,4598059,4278634,3984303,4211208,3611725,4730920,4481741,4799994,4371777,4667485,4151949,3859687,3834538,4569647,4509919,4721588,4885279,4447833,3520364,4564225,4473725,5152120,4280622,4555128,5074460,4551377,4336694,4903739,4158989,4391751,4417595,4799407,4478192,4403207,4679297,4296959,4196007,
213,4723615,4687364,4558074,4754508,3714132,393200,346901,4264705,4805805,4286944,4733376,4320707,3875426,4106403,3321711,3993521,4632991,4257897,4100322,4597087,4440318,4587646,4247061,3749837,4538538,4716925,4606673,4570812,3571551,3427217,3533044,2893661,4697394,4455539,4776201,4350421,4366695,3580579,3291618,3814231,4546138,4486353,4694317,4854939,4099252,2544608,4438869,4447946,5089011,4255248,4526398,5039584,4405549,4159600,4736406,4121122,4357318,4365134,4775409,4448695,4123154,4562272,4022939,4176656,
214,4693204,4634864,4521080,4694018,2665974,340452,281530,4215807,4766619,4248084,4700757,4282132,2611061,3349682,2377811,3265448,4531889,4223969,4056001,4562894,4085841,3954093,3491000,2979733,4492664,4682643,4564608,4531992,2328216,2350178,2335076,1776920,4656840,4416641,4739093,4322014,3575123,2466761,2264557,3776911,4500109,4451970,4656320,4819423,3236545,1365143,4054639,4406332,4978364,4205999,4492199,4988067,3955253,3618261,4218977,3990048,4317482,4272846,4731055,4412686,3379211,4210065,3303816,4141977,
215,4661525,4567459,4470815,4569269,1528204,278702,207229,4075177,4737900,4213639,4662732,4240591,1392920,2201154,1333896,2137825,4339081,4190100,3972417,4525276,3317627,2884620,2357084,1921357,4424710,4647621,4546106,4484157,1235039,1298027,1247845,905184,4594422,4359821,4706570,4291802,2378849,1346497,1224952,3680542,4450662,4402419,4619671,4776346,2065653,665796,3226420,4311055,4744977,4138231,4456783,4945830,3068265,2649673,3213841,3623167,4267281,4107189,4689721,4364746,2269654,3436016,2237747,4082598,
216,4627579,4378679,4368887,4231726,746656,204476,131923,3665335,4690970,4163181,4625756,4152897,674110,1128226,625958,1080394,3859825,4129005,3766949,4469394,2217878,1658401,1267380,984845,4255520,4575503,4505403,4357701,613197,633051,619891,452009,4467816,4218466,4669883,4238902,1247651,647245,582495,3390080,4356065,4281766,4542237,4708142,1055389,382538,2038111,4013154,4210946,3978041,4395732,4839665,1879389,1509272,1922677,2824683,4157329,3711365,4622616,4282667,1212207,2267894,1209090,3891080,
217,4576943,3923942,4104885,3513823,418644,134101,78005,2798587,4604263,4017081,4540612,3911968,410773,564888,346107,526965,2962528,3995778,3288512,4341529,1193637,833371,641542,497176,3834318,4407257,4423972,4035104,383932,370559,383632,296992,4137471,3868096,4588758,4126018,650751,380980,342963,2694479,4085127,3966829,4363542,4547831,538747,296637,1044137,3300123,3269383,3604066,4253842,4586753,950232,733793,946218,1760874,3920763,2978132,4491323,4096496,605580,1198420,611063,3363942,
218,4435358,2839503,3333042,2230798,312565,79873,51053,1614804,4323887,3538398,4280543,3202922,329764,360665,259808,334854,1627351,3560250,2251526,3936367,591629,469962,392265,320253,2791729,3862365,4161843,3153479,313109,288687,305868,251463,3275132,2958448,4343954,3720380,434324,301857,273442,1615303,3312092,3098155,3750993,3993876,357704,271931,537245,2110810,1866469,2694217,3812065,3822360,493165,401568,486546,876112,3248085,1784066,4101906,3541551,370644,585650,374947,2327113,
219,4101480,1692289,2261910,1210757,284269,53406,41801,844410,3728514,2696253,3716358,2210423,308076,301997,238087,276482,807500,2745870,1284231,3144003,388638,362929,315849,269304,1655086,2917672,3595194,2046593,293238,264850,284032,236990,2177893,1888732,3796973,2960983,362752,278926,254479,839039,2261972,2022509,2758472,3034760,306238,263993,379591,1152386,969725,1669293,2987358,2700325,357459,308768,359434,508548,2266031,927594,3364360,2645390,306401,383621,307578,1328262,
220,3180901,757492,1100345,583969,275034,42776,37893,522222,2493910,1479062,2533026,1090611,299662,279949,229519,257689,407670,1503217,579259,1837581,313668,327501,287208,252532,744108,1595331,2396173,971814,284448,257365,273368,231702,1048937,891514,2601299,1708156,335209,271996,247934,494373,1118719,966856,1447801,1671062,289591,258395,316539,670022,509546,763972,1726141,1363554,306885,279147,322837,374622,1123090,442897,2057616,1425725,285128,315279,283825,730022,
221,2015509,428310,569591,395339,269943,38656,36007,389101,1387710,733849,1437155,553543,293505,271355,225810,249512,308456,739070,349974,923312,276270,311989,273024,244864,427871,816762,1304881,539840,279787,251883,268417,227688,540584,482318,1468263,860750,322098,266833,244012,358294,579973,518540,718405,848974,282005,254160,286560,459715,389843,422177,895902,696692,283154,266784,309701,299737,576992,315913,1066306,727253,275071,285213,274593,450004,
222,934399,319757,357688,328384,264520,35453,33435,313440,671255,386417,678758,337721,288140,265249,222040,244007,280333,389191,270571,452264,260926,302906,267656,239718,314855,457331,589817,367000,275337,247322,263450,224102,347715,326943,675996,428825,315425,261010,239910,282792,362310,341147,401438,462200,277531,249381,273044,362275,351802,299594,479760,426230,274193,260871,302787,251706,359167,275765,517621,415047,269575,273012,269267,334808,
223,517942,294022,298242,308019,260968,32931,30947,266101,452473,297048,432501,284117,284090,260103,217787,239012,272580,298130,248646,333158,253286,297857,262414,235300,284191,352995,381094,306723,269333,243467,258692,220039,301872,283567,428507,313272,307551,256172,234989,236589,304784,286073,322023,354692,271377,245333,266501,299920,338288,266704,357550,355411,267161,255406,296809,227769,296846,265223,368828,327023,265188,266342,263897,272251,
224,340960,282818,269937,296321,253214,29961,28089,235866,337839,258203,319188,263942,274917,254286,210792,232767,265650,258335,239416,285463,246022,288914,255132,228866,270079,294201,299221,274359,262686,236346,251179,213081,283389,265609,321301,267996,300693,248892,228827,204332,279100,257800,291101,302773,263288,239108,258648,252975,329644,251569,290220,325563,259750,247632,287852,215521,265705,258204,307937,282952,256536,258884,258159,224953,
225,301465,277675,264027,291375,248809,27616,25656,230627,303568,251027,292912,257171,272054,249605,206960,227723,261353,250893,235104,277436,248249,283697,250931,225366,266396,279872,281363,267083,257788,232394,247535,210564,278837,259407,298003,259613,294569,245529,223727,199975,272683,252646,283235,290418,260027,233664,255048,243081,323488,248171,274866,319177,255113,245436,283365,211950,258217,253370,295952,271807,252934,254905,253365,216030,
226,282025,271124,257051,285129,243042,25585,23642,225988,286343,244156,278049,251194,265397,243935,203277,223412,255335,244301,229601,270678,244985,278654,245212,220860,259268,271872,272221,260449,251981,227799,242252,205733,271487,254134,285474,252633,288713,239734,219593,196904,267630,245783,277368,283761,254583,229757,248006,236867,316146,241979,264851,310790,250979,239850,278350,208273,252339,248075,286746,265949,248431,250660,248356,210426,
227,276282,267494,253794,281117,240000,23859,21808,222342,280373,240140,272007,247967,261462,241268,200635,220546,251457,239998,226081,265303,240539,272868,242281,217122,254831,267766,269428,256031,248428,223124,237102,201857,268484,249036,280942,249658,284068,236820,215199,193356,262794,241902,272920,278581,250601,225438,244720,233769,311474,238924,261028,305721,247047,235833,273786,205936,249195,244459,283134,261189,243787,245729,243397,208214,
228,269993,262068,249689,274764,236208,21639,19618,219675,273373,235094,265300,242540,256762,236293,196853,216454,247128,235526,221618,260184,234948,268344,236505,212817,249692,262419,263554,251004,243657,218469,232860,198156,263836,244752,274701,244160,278027,233042,212380,190430,256477,237832,267171,271864,244833,221619,241058,230573,304582,233312,254867,300212,242202,232191,268351,202566,243065,239221,276526,255557,239455,241512,239570,205245,
229,265757,257468,243755,272198,231839,19503,17478,215291,269313,231439,261294,238071,251333,232633,193141,211854,241506,231230,217740,256496,232097,264138,233123,210549,246161,257297,259245,245727,239493,215760,229118,194239,258482,239951,269359,239781,273729,226854,207773,188382,252969,233749,262852,268389,241306,216931,236392,227878,299785,229438,250838,295632,238324,227841,263797,199437,239545,236064,273182,251747,235671,237253,236361,201601,
230,260760,251484,239436,265549,226350,17285,15116,212749,264638,226395,256176,233809,246098,227854,189649,208693,236761,225972,213578,250901,227532,258821,228135,205357,239868,253512,254279,241817,233989,210009,223396,189896,253108,236530,265083,236568,267277,223637,204201,185321,248856,229325,257658,262342,234892,212938,230820,222708,293421,224400,246870,289475,233596,222505,257878,195923,234052,230931,267035,246536,230853,231562,231342,198464,
231,255927,248871,233942,260940,222546,14980,12860,209300,259845,222696,252420,230274,240705,223624,184407,203639,232511,221780,209153,246932,223140,254746,223048,201818,236547,248877,250000,237478,229205,206654,219173,186107,250026,232481,260415,231281,262647,218439,200282,182129,244422,225588,253378,257710,230755,208014,227403,219903,287352,221246,241100,284042,229342,218789,253762,193309,231237,226428,262470,242694,225978,227142,226544,195658,
232,251091,243792,229885,255089,218079,12321,10023,205988,255103,218911,247587,225699,235334,218404,180709,199593,227336,218245,206520,241977,218377,247890,219758,197140,231701,243834,246489,232393,224547,201770,214335,181457,245243,228092,256085,227537,256508,213380,194589,179509,239880,222405,248917,252829,226723,202740,220967,215336,282911,217359,237541,278449,225632,214182,249035,189175,226530,222157,257722,238347,221912,222583,222572,192404,
233,247085,239910,225880,251128,212897,10011,7730,202647,250765,217244,243144,222687,231127,214778,176873,195490,222839,215537,202589,237944,214957,243246,214486,192689,228832,240491,242078,228275,218959,197111,210052,177887,240154,223453,252164,224883,250910,210066,190727,176881,234674,217016,244781,248565,221860,198379,218451,213558,277222,212840,233050,274265,220195,210919,242827,187453,222593,218226,252531,234728,216724,218520,218113,189718,
234,242052,234741,220461,245257,207517,7527,5368,199544,246467,211062,238570,217033,225817,209721,172589,190969,217254,210389,198011,233788,203988,236822,208251,188538,222005,235912,237402,222844,213701,192265,204054,172838,235017,219246,246076,219928,245305,203696,185739,173715,231078,212980,239971,243048,216939,193049,213621,209482,270275,208177,228355,267936,216604,205305,237242,183562,218849,212833,249047,230136,211369,213286,212354,186126,
235,238291,229476,216930,240601,203596,5599,3863,196614,241639,207890,233185,213463,219284,205073,168218,187358,212779,205303,193728,229068,198621,231867,204342,184326,217852,231519,233626,218750,207625,187400,199557,168026,231070,215090,242398,215376,239130,197581,181338,170521,226832,209187,235639,238302,212285,187355,208591,205777,267029,204082,224175,262534,210920,201305,232159,179722,214425,208651,244262,225088,207292,209601,207953,183118,
236,233552,224086,212221,235999,197848,4170,3096,192926,236373,203579,229260,208328,213176,200221,163647,182190,209243,201165,190097,225450,194501,227382,199248,179546,213585,225327,227977,214342,203493,182251,194185,163674,225533,210508,237691,211075,234075,193282,176207,167183,221154,204904,230498,233622,207388,181803,202988,201729,258834,199590,218107,257310,206563,196967,227046,176706,208570,203313,237539,220959,202566,204574,203421,180018,
237,229438,219343,207794,231018,193144,3245,2627,189542,232338,197430,224482,204773,207560,195226,159587,178211,203057,197052,185800,219897,190396,220590,194022,174636,209184,221387,223294,209310,196831,178064,186999,158178,221676,206544,232784,207177,227658,186596,170778,165705,217290,201677,225123,228172,200621,176349,198271,198734,252260,195038,215522,251442,201791,191765,220830,173024,204946,198714,233345,216364,197506,199915,198218,176321,
238,223602,212361,202003,224757,186836,2641,2381,185899,227127,193863,219241,199814,200901,189042,153640,171401,197360,193617,180601,214081,184748,215318,188537,170343,203096,216367,218653,204690,190272,171340,180563,153903,215923,202490,228408,201750,219804,180634,165459,162035,211626,195366,220522,221783,194365,169439,193393,195147,246819,190428,211414,245914,195569,187092,214133,170298,199680,193500,227742,210742,191962,194564,193058,172779,
239,220123,209503,197943,218612,180357,2440,2234,181608,222896,189419,215834,195759,194022,182882,148213,165913,192223,189199,176366,209966,179216,208179,182370,164450,198174,212052,213980,199484,183259,165816,174945,147083,210654,196365,223656,198244,211984,173945,158904,158062,207168,192093,215508,216017,187694,163050,187880,191017,240397,185292,206396,240699,190064,180683,208287,166119,195586,188508,222612,207433,186307,188698,187549,169673,
240,214796,203372,192907,213156,173257,2242,2087,178285,218062,185251,210396,189759,186268,176281,142490,159533,184364,184464,170350,204821,173856,201255,174949,157714,193192,206316,209542,194429,176374,158810,167134,141481,204230,191822,217664,192829,203506,167112,152426,154036,201223,187057,210521,210856,180425,155878,180818,186584,231243,180142,200575,234815,184270,174726,200925,162064,189327,182649,217019,202024,179266,182011,180997,166166,
241,211150,198036,187548,206080,167129,2111,1972,173304,212586,179569,205703,184836,178951,170430,136865,153773,178700,179596,166046,200097,167787,193797,168736,152160,188137,202624,204790,189779,168604,153018,160725,135299,199714,187697,213077,188431,197045,160292,145779,151456,195780,182085,206359,205679,173056,147757,175061,182620,225768,175897,195830,228269,179067,168714,193584,158114,184892,176829,212084,196674,172897,176818,175220,162601,
242,203936,190923,182322,199321,159899,1955,1826,168990,207306,174627,199544,179376,170579,163276,129914,147393,171657,173814,160467,194547,161106,185855,162473,145599,181524,195945,199382,183065,160510,144846,152651,127655,192086,180532,207402,182680,188641,151989,138616,146849,189375,176548,198194,198657,166213,139885,167859,177944,216040,168902,190877,220531,172255,161204,186287,153249,178980,170899,205266,190978,165498,170235,167550,158502,
243,199590,184137,175595,192055,152081,1835,1712,165158,201622,169454,194107,173474,162304,157381,122844,141834,165137,169624,154695,188563,155833,178248,154895,139346,176438,191856,194568,177645,152136,137865,145518,120833,186009,175183,202102,178121,179824,144733,131297,144114,184620,170451,192877,193645,158717,131871,162042,172704,207472,164220,184469,214036,165086,156340,177490,149647,174089,164514,199910,185728,159202,163586,160582,154278,
244,192606,176803,169946,184569,145381,1677,1575,160897,195407,164836,188311,167583,153548,150667,116373,135132,157656,163073,148913,181570,149862,170696,148839,133861,168460,185284,188022,171241,144534,130322,136109,114744,178639,168275,195163,171990,172154,136501,123357,140436,177717,164642,186355,186832,151544,121960,155649,169208,199640,157795,179384,204481,159547,150080,170639,144947,167415,157841,192801,179542,151970,157736,154109,149969,
245,187745,170735,164000,177397,136799,1587,1485,155630,190064,158845,182139,161740,142825,142796,107871,127605,150879,158335,142617,175663,143129,163060,140073,125819,162404,178423,183000,166163,134364,121713,125660,105257,172728,163397,188942,166277,162084,126069,113933,136469,171274,159859,179560,180329,143533,109127,148260,163711,190305,151419,173796,198636,152199,143470,162434,140480,161205,150651,185554,172665,144640,150779,147207,146077,
246,180575,162568,156368,169890,125829,1523,1407,150914,183505,151164,175108,155202,129549,132810,95878,118964,141492,151190,135734,168652,136229,153565,131474,117381,154952,171631,176182,158380,119627,107861,110539,89582,164627,155467,182533,158951,150761,111395,99464,131247,164367,153108,172810,172081,132473,88014,140001,158827,179949,144151,167702,189504,144515,134143,151515,135230,154731,142511,179139,166145,135160,142583,137426,140826,
247,174978,155313,150461,161556,111727,1411,1306,145610,177154,146293,169699,148598,111563,124312,79855,108136,132035,145746,129492,162413,127278,141519,120802,106851,147385,166203,169897,151647,100970,90653,91364,71138,157135,150040,176521,154632,138955,92727,81201,126989,157444,147231,165858,165801,119573,64480,131524,153289,170159,138523,161344,181359,135392,124561,139870,130199,148614,134164,172146,159905,124880,133423,128417,136156,
248,168317,146241,142811,151978,91799,1289,1173,139793,170778,139157,163634,141434,85266,109380,57504,92270,120987,140079,122601,156016,118717,127298,105540,90864,139741,159393,163029,145911,74823,68259,65227,48165,149283,142043,170791,148082,121097,67077,57062,122214,149755,140969,159320,158382,101500,40693,122140,147608,157621,130094,153703,172756,125196,112662,125639,124491,141395,124772,164368,152628,109907,123193,114572,131155,
249,162334,137553,135675,142528,66316,1125,1022,133675,164495,132461,155809,134304,57281,89725,36532,71245,106484,133286,114718,148219,106633,107435,85391,69449,131166,152464,157157,137637,48899,44774,41231,30136,139663,134712,163431,140544,96385,42214,35899,117246,142028,132966,150918,150536,77148,25058,108540,141285,142332,122459,147661,162987,110677,96343,103893,117901,132807,113312,157121,146257,89560,110727,95737,125045,
250,153581,124529,124833,128155,40567,1011,907,127658,156401,123432,148139,124612,33181,63217,20887,45573,81661,124387,102710,139541,88250,79662,58814,44894,119757,144018,147920,128610,28983,26751,24789,18577,127887,124297,154704,132328,65768,24793,21237,110379,132916,124376,141152,140701,49544,17416,87719,135168,116691,110545,139642,150471,89306,72014,75118,110034,122002,93737,147108,136666,63054,89674,68961,118825,
251,145588,109358,115378,108882,25912,882,788,120933,147910,113580,140872,113243,21972,39954,15058,27568,55429,115786,87380,129972,65684,52683,37003,27389,105885,135475,141667,117937,20290,18204,17909,13969,114215,114055,147364,123648,41735,18054,15516,104830,121116,114490,130690,132695,30930,14704,63278,126866,87073,96306,131097,137859,64280,47233,48222,100810,109725,71517,136755,127602,39908,66383,44489,112794,
252,136934,84539,98433,81838,18823,888,789,112325,139856,100065,130751,96532,18077,26211,12497,18565,31418,104969,64311,116991,45168,35028,24767,18907,82599,124650,131399,103552,16970,14980,15283,12182,93040,95323,136807,112132,28973,15258,13565,96389,103460,100289,116031,119032,21449,13464,42673,119562,54030,73865,120753,116208,42645,30314,31116,88817,88226,44544,122597,114528,26581,44731,29182,106262,
253,127571,58503,78095,55916,15660,719,665,101484,130226,82523,121529,75680,16139,18665,11487,14504,20361,89970,43272,101105,28873,23811,17852,14795,57514,111957,120400,85532,15173,13645,13868,11327,68061,74629,125942,96752,22091,14036,12426,86171,82631,81294,96981,103475,16816,13004,27469,109053,34898,51305,107327,90232,27694,20622,21284,72055,63904,27622,104879,98930,18949,28122,20207,95895,
254,111986,33335,49840,33176,14332,728,687,84285,116847,55951,104874,48754,15122,15377,11098,12632,15142,65572,25051,74590,19295,18960,14967,13058,33193,89765,102322,58837,14405,12777,13414,11003,41417,47582,109742,72390,19136,13363,12120,69499,54164,55205,67890,76984,14984,12570,19117,92819,23823,29408,86729,57055,19331,15556,17547,50214,37800,17862,75777,71723,15588,18847,16459,80864,
255,93488,21815,31119,23007,13909,686,644,63642,99480,35895,85434,30578,14869,14135,10784,11952,13983,43107,17378,49990,15381,16670,13603,12150,21920,64977,80640,37946,13924,12388,13152,10576,26139,29763,88773,49158,17884,12982,11830,50109,35118,35479,43511,52713,14220,12325,15826,72788,20661,19463,62958,35443,16108,14006,16273,32670,24319,14728,49794,48153,14560,15400,15016,61969,
256,75285,17955,22679,19253,13453,610,589,32836,81574,24781,67402,21733,14065,13303,10305,11379,13555,29189,14546,34543,12936,15377,12849,11496,17344,47420,61827,27569,13195,11924,12382,10069,19933,21495,68851,34019,16562,12246,11317,24614,25231,25135,30246,37495,13274,11925,13554,38750,19073,15991,45907,26545,14205,12987,15118,17600,19348,13585,34431,32972,13460,13363,13772,31051,
257,51497,15303,17091,17098,12731,590,582,22421,58287,17541,45486,16638,13452,12991,10079,11168,13156,19622,12764,22517,12337,14888,12222,10907,15068,30551,40014,19609,12804,11503,11966,9836,16406,16432,45681,22359,16024,12113,10745,17691,18607,18055,20623,25019,13058,11306,12935,26673,18533,13901,29659,20916,13613,12539,14799,14258,16361,13357,23378,22931,13258,12704,13561,21259,
258,30180,14486,14015,16219,12450,592,582,17080,34977,14206,27929,14281,13230,12533,9753,10847,12775,14825,11968,16841,11733,14463,12123,10870,13754,20828,23913,15407,12483,11126,11492,9464,14884,14012,27356,16232,15563,11699,10604,13634,15689,14482,16399,17929,12782,11026,12235,19461,17808,12869,20059,18013,13294,12248,13988,11828,14696,12896,18017,17162,12555,12236,12936,15490,
259,21106,13967,13296,15395,11988,569,557,14246,24320,12990,20151,13350,12840,11943,9467,10346,12333,13301,11621,14933,11248,14089,11660,10238,13486,16949,18377,14066,12014,10845,11181,9167,14288,13404,19944,13997,15002,11240,10205,11490,14683,12840,15166,15465,12465,10520,12061,15599,17489,12478,16465,17097,12858,11854,14012,10852,14279,12582,16009,15089,12311,11859,12731,12707,
260,16851,13666,12704,15012,11744,551,530,12505,18343,12296,16117,12996,12567,11676,8990,9986,11911,12570,11294,13992,11236,13588,11213,10253,12681,14716,15308,13236,11654,10531,10981,8966,13602,12822,16402,13419,14730,10970,9714,10357,13838,12107,14331,14281,12106,10388,11737,13644,16689,11958,14480,16636,12699,11597,13693,10273,13522,12140,15082,14135,12173,11518,12362,11371,
261,15027,13269,12237,14289,11431,546,536,11558,16247,12067,14417,12671,12238,11360,8873,9921,11392,11986,11125,13785,10782,13147,10952,9805,12295,13906,14390,12665,11308,10066,10664,8693,13381,12418,15217,12775,14123,10635,9842,9854,13368,11967,14137,13918,11792,10162,11429,12562,16326,11497,13627,16076,12174,11260,13042,9820,13061,11663,14514,13633,11785,11251,11994,10190,
262,13947,12667,11913,13789,11050,585,572,11098,14258,11498,13513,12311,11540,11140,8429,9494,11088,11571,10393,13281,10555,12823,10613,9525,11936,13031,13902,12178,10969,9923,10109,8463,12937,11779,14326,12332,13926,10248,9225,9449,13078,11179,13478,13473,11335,9662,10870,11566,15579,10944,13137,15407,11724,10893,12463,9484,12907,11238,14052,13149,11323,10772,11585,9633,
263,13522,12372,11565,13733,10697,560,550,10539,13810,11377,13132,11765,11155,10776,8328,8998,10640,11351,10139,12758,10157,12470,10191,9267,11760,12853,13308,11748,10565,9405,9888,8000,12437,11580,13738,12011,13424,9984,8971,9149,12586,11117,12966,12906,10939,9200,10728,11181,15191,10898,12512,15128,11412,10465,12218,9273,12473,10892,13461,13012,11259,10550,11304,9430,
264,12913,12009,11184,13141,10349,477,463,10290,13450,10900,12662,11496,10891,10475,8034,8881,10425,10962,10119,12210,10036,11957,9977,9286,11258,12467,12893,11325,10347,9139,9575,7781,11942,11316,13437,11524,12898,9690,8602,8839,12182,10933,12894,12592,10515,8892,10311,10846,14745,10588,12232,14535,11159,10236,11863,9172,12232,10397,13174,12411,10607,10179,10845,9184,
265,12678,11499,10958,12870,9929,480,468,10046,13028,10509,12112,11305,10438,10078,7543,8455,10070,10739,9723,12020,9544,11699,9643,8791,11044,12190,12608,11167,9864,8704,9232,7521,11843,11115,13131,11328,12397,9247,8423,8620,11922,10539,12465,12438,10291,8802,10125,10534,14280,10110,11831,14420,10983,10046,11364,8857,12064,10275,12892,11900,10396,10003,10705,8767,
266,12268,11324,10504,12570,9623,517,507,9737,12670,10195,12136,10871,10248,9732,7291,8340,9856,10391,9303,11603,9279,11169,9173,8458,10797,11885,12298,10848,9441,8483,8820,7264,11312,10658,12536,10938,12089,8897,8133,8317,11615,10207,11895,11736,9760,8281,9518,10285,13977,10076,11501,13916,10579,9606,11019,8585,11535,9811,12606,11759,10064,9720,10302,8505,
267,11925,10826,10267,12218,9161,501,488,9704,12087,9936,11623,10612,9787,9302,7020,7922,9370,9979,9018,11266,8995,10760,8998,8174,10318,11440,11648,10664,9077,8148,8486,7122,11011,10414,12300,10499,11475,8394,7618,8312,11036,9942,11855,11285,9515,7809,9408,10213,13410,9647,11049,13349,10110,9327,10695,8226,11287,9444,11910,11286,9462,9208,9902,8342,
268,11671,10642,9878,11603,9001,471,461,9321,12009,9632,11401,10210,9397,9249,6654,7541,9144,9774,8731,11125,8812,10456,8625,7783,9853,10965,11370,10058,8704,7714,8135,6818,10732,9877,11813,10330,10997,8105,7419,7873,10931,9615,11397,10912,9320,7643,9033,9585,13099,9422,10725,13189,9944,8916,10199,8283,10740,9227,11672,10988,9173,8965,9521,8215,
269,11353,10123,9486,11311,8666,453,449,8974,11481,9305,11025,9733,9024,8969,6421,7301,8495,9371,8623,10617,8696,10082,8259,7513,9534,10844,11377,9831,8447,7643,7810,6472,10328,9693,11475,10286,10522,7762,7060,7815,10435,9265,11076,10483,8811,7310,8756,9382,12704,9103,10514,12727,9404,8675,9872,7958,10415,8964,11411,10796,8985,8760,9096,7916,
270,10904,9790,9095,10804,8221,434,424,8881,11219,9069,10510,9552,8461,8505,6037,7139,8242,9156,8005,10322,8247,9605,7977,7337,9295,10445,10958,9573,8227,7023,7341,6140,9756,9342,11098,9575,10141,7314,6712,7479,9902,8968,10622,10074,8458,6878,8476,9107,11994,8618,10373,12130,9123,8348,9503,7775,10243,8489,10877,10345,8529,8382,8896,7773,
271,10690,9526,9161,10367,7896,429,425,8559,10782,8746,10101,9304,8153,7868,5740,6783,8138,8638,7955,10008,7992,9300,7474,6950,9242,10182,10595,9127,7617,6794,7124,5778,9580,9122,10872,9257,9631,7030,6461,7343,9854,8706,10419,9754,8054,6693,8074,8972,11260,8318,9890,11842,8770,8133,9118,7543,9765,8225,10852,10128,8369,8023,8623,7521,
272,10167,9216,8702,10050,7367,429,420,8368,10241,8244,9658,8743,7746,7712,5572,6435,7651,8458,7556,9517,7526,8851,7331,6532,8612,9699,10421,8768,7380,6600,6473,5453,9213,8663,10404,8931,9274,6760,5938,7056,9265,8285,9801,9457,7667,6113,7728,8774,10999,8132,9571,11239,8551,7641,8778,7213,9369,7911,10235,9595,7686,7544,8196,7307,
273,10025,8708,8318,9749,7093,432,425,8063,10233,8208,9561,8428,7435,7406,5182,6099,7195,8089,7244,9307,7074,8369,6927,6274,8396,9395,9766,8572,6838,6189,6176,5086,8818,8510,9936,8706,8799,6159,5783,6926,8920,8080,9499,8962,7411,5605,7487,8386,10670,7719,9205,10890,8136,7403,8318,7022,9181,7686,9795,9351,7568,7376,7957,7036,
274,9684,8459,7774,9068,6740,431,425,7848,9871,7727,9155,8196,7073,6916,4871,5871,6656,7776,6888,8799,6645,7939,6640,6021,8039,9098,9498,8268,6406,5676,5825,4804,8431,8204,9845,8300,8510,5905,5320,6563,8804,7770,9206,8753,6890,5235,7108,8041,9947,7302,8943,10193,7831,6988,7881,6726,8871,7193,9574,8940,7127,6946,7474,6855,
275,9304,8032,7594,8854,6333,435,428,7519,9289,7394,8819,7584,6603,6750,4586,5461,6411,7528,6617,8531,6292,7474,6214,5509,7560,8700,9110,7859,6121,5406,5471,4483,8092,7738,9434,7996,7774,5397,5041,6449,8417,7418,8843,8427,6470,4992,6824,7879,9538,6976,8649,10004,7355,6519,7395,6543,8252,6886,9064,8601,6691,6621,6999,6718,
276,8982,7736,7182,8427,5945,413,413,7304,9048,7172,8564,7553,6235,6419,4226,5318,6007,7073,6317,7881,6176,7291,5953,5291,7202,8358,8763,7483,5635,5127,5037,4290,7804,7398,8962,7589,7348,4902,4780,6175,7907,7166,8405,8024,6238,4480,6218,7641,9060,6674,8021,9604,7122,6416,6937,6196,7907,6423,8567,8111,6570,6324,6762,6480,
277,8605,7258,6976,8024,5506,387,382,7165,8698,6813,8161,7160,5603,5917,3939,4733,5812,7039,6027,7761,5721,6907,5525,5036,6824,8126,8558,7157,5295,4603,4612,3813,7444,7095,8685,7392,6955,4683,4193,6050,7530,6829,8058,7676,5878,4176,6075,7257,8515,6317,7982,9109,6904,5925,6551,6066,7546,5963,8275,7833,6020,6111,6404,6216,
278,8408,6887,6553,7487,5071,418,414,6714,8348,6301,7677,6625,5175,5591,3449,4579,5274,6568,5518,7619,5520,6314,5090,4571,6554,7670,8218,6680,4638,4271,4147,3310,6953,6640,8265,7012,6471,4208,3773,5829,7204,6416,7512,7362,5445,3573,5687,7156,7894,6050,7462,8566,6385,5498,6057,5649,7259,5688,7939,7460,5535,5635,5790,5890,
279,7746,6430,6166,7110,4720,404,395,6475,8021,6103,7464,6527,4695,5062,3151,4178,4873,6331,5401,7106,5157,5732,4695,4211,6208,7516,7912,6501,4269,3612,3539,2984,6509,6254,7738,6587,5906,3623,3243,5583,6663,6344,7301,6999,4837,3035,5314,6883,7533,5836,7242,8158,6004,5122,5599,5614,7016,5288,7377,7099,5127,5314,5691,5966,
280,7478,6051,5918,6643,4126,381,371,6153,7569,5711,7201,6068,4087,4717,2492,3746,4429,6034,4934,6702,4733,5344,4377,3666,5714,6998,7385,6216,3688,3180,3014,2408,6058,6036,7599,6505,5423,3021,2615,5403,6497,5880,6801,6603,4347,2252,4943,6407,6825,5275,6893,7615,5591,4751,5140,5285,6552,4822,7118,6733,4776,4889,5014,5464,
281,7042,5483,5597,6177,3604,392,390,6080,7506,5468,6759,5684,3398,4256,1942,3387,4059,5670,4639,6226,4379,4844,3924,3372,5342,6716,6974,5843,2860,2502,2389,1795,5733,5620,7221,6037,4838,2270,2090,5086,6054,5506,6590,6289,3786,1724,4465,6365,6278,4882,6446,7130,5234,4372,4625,5083,6237,4501,6643,6460,4140,4546,4644,5320,
282,6726,5245,5218,5814,2904,398,392,5770,7009,5085,6439,5318,2579,3747,1451,2635,3449,5172,4130,5818,3974,4206,3405,2867,5020,6228,6540,5445,2109,1843,1749,1296,5287,5348,6759,5793,3948,1660,1463,4798,5690,5203,6149,5729,3066,1281,4005,5886,5640,4586,6033,6638,4668,3894,4024,4750,5812,3989,6206,6120,3747,3958,4084,4973,
283,6485,4848,4842,5345,2159,370,362,5453,6736,4836,6125,4833,1877,3066,1066,2114,2783,4818,3856,5494,3673,3667,2644,2107,4543,5869,6291,5181,1571,1407,1301,1085,4890,4914,6680,5061,3183,1248,1202,4652,5289,4730,5682,5500,2422,1058,3497,5739,4777,4283,5645,6210,4099,3210,3140,4421,5358,3485,5777,5667,3021,3600,3347,4667,
284,6009,4213,4308,4741,1745,353,348,5154,6174,4399,5702,4524,1509,2506,938,1575,2031,4420,3332,4867,3050,2823,2161,1578,4050,5457,5981,4700,1360,1138,1168,904,4275,4379,5976,4825,2544,1072,1027,4221,4829,4463,5337,9058,1784,988,3114,5363,3709,3619,5299,5602,3541,2685,2537,3959,4798,2773,5314,5234,2406,3125,2696,4559,
285,5551,3687,3886,4045,1349,385,379,4743,5998,3828,5296,4078,1288,1907,918,1136,1552,4131,2804,4634,2496,2118,1623,1257,3525,5327,5484,4241,1107,1075,952,843,3801,4056,5689,4557,1891,956,949,4024,4306,4102,4774,4724,1467,852,2498,5059,2897,3071,5038,4926,2839,2011,1881,3872,4217,2168,4929,4699,1870,2459,2080,4292,
286,5129,2979,3445,3230,1134,377,371,4479,5514,3335,4928,3513,1177,1369,827,991,1154,3711,2107,4222,1864,1632,1245,1026,2728,4700,5177,3855,1050,982,933,850,3036,3433,5221,4095,1456,924,887,3735,3647,3684,4277,3958,1165,925,1888,4622,2031,2502,4404,4182,2204,1462,1433,3537,3311,1478,4274,4167,1396,1768,1498,4020,
287,4743,2224,2764,2423,1023,373,369,4196,4986,2927,4529,2764,1104,1139,783,892,957,3205,1609,3609,1368,1257,1081,979,2055,4172,4716,3299,1004,852,990,808,2362,2717,4891,3415,1363,830,858,3472,3021,3121,3656,3563,1044,872,1371,4365,1660,1823,4097,3346,1615,1194,1246,3129,2485,1149,3582,3884,1213,1412,1144,3608,
288,4149,1443,1858,1673,934,350,348,3614,4524,1933,3944,2053,1060,1004,801,860,902,2372,1169,2772,1083,1115,1008,850,1392,3570,4060,2400,976,872,836,790,1595,1969,3988,2630,1124,804,816,2794,2261,2442,2582,2797,934,837,1028,3756,1365,1269,3404,2195,1245,993,1090,2395,1657,1022,2600,2849,937,951,983,3105,
289,3573,1200,1455,1354,939,366,363,3134,4048,1457,3393,1528,1012,958,811,851,948,1778,967,2062,977,1061,877,878,1138,3006,3457,1907,910,795,829,775,1207,1456,3593,2089,1113,803,797,2476,1623,1802,1925,2117,1000,833,957,3218,1240,1040,2826,1761,1171,984,1070,1959,1391,944,1958,2226,953,893,954,2663,
290,2915,1038,1147,1252,883,339,336,2714,3450,1083,2737,1157,963,956,739,822,837,1332,865,1556,888,1037,861,868,1018,2209,2631,1405,881,867,841,717,1045,1147,2852,1485,1042,751,787,1954,1274,1190,1439,1544,901,771,908,2727,1201,963,2082,1405,1058,970,1032,1500,1238,925,1425,1620,930,892,964,2045,
291,2264,957,1091,1107,849,316,311,2032,2835,1039,2153,1048,876,1005,699,774,858,1054,865,1156,922,987,901,780,984,1689,2067,1186,845,758,789,650,1009,974,2196,1191,987,739,744,1434,1124,1010,1139,1268,899,798,906,2223,1212,927,1634,1342,1039,918,980,1235,1087,847,1205,1245,942,827,945,1630,
292,1666,1034,939,1079,832,347,342,1701,2110,911,1677,1008,938,920,699,767,836,990,862,984,863,956,875,772,935,1305,1406,1016,854,744,730,667,963,884,1534,1007,1051,733,786,1205,1049,930,1022,1045,858,744,806,1748,1167,866,1355,1184,980,905,995,995,1107,821,1074,1179,899,769,882,1335,
293,1305,970,912,1071,798,367,361,1332,1612,905,1247,1005,920,886,668,750,788,862,849,993,839,910,837,745,870,1155,1215,968,802,759,782,661,895,874,1343,927,937,703,725,1063,930,893,1022,969,887,748,779,1389,1179,845,1092,1203,1007,840,901,879,1070,865,945,1009,865,769,860,1095,
294,1176,916,884,1041,858,334,332,1030,1329,847,1047,945,840,829,700,696,714,860,763,912,724,893,810,721,862,1017,1083,925,809,732,732,624,923,914,1110,911,954,654,701,906,938,845,951,902,870,677,775,1199,1079,825,1083,1170,984,862,956,809,1056,814,939,981,811,759,857,952,
295,1014,883,857,1109,810,336,332,890,1094,794,999,859,875,856,624,699,752,851,770,904,786,903,773,692,889,1018,1025,920,809,711,744,672,884,875,982,856,897,728,668,825,847,867,904,847,789,646,696,1054,1067,793,987,1121,948,830,892,777,1072,763,933,949,840,744,817,860,
296,965,871,845,981,802,299,298,915,1018,862,900,866,852,798,659,691,721,809,795,908,713,843,737,726,830,894,1032,853,761,685,709,684,909,838,986,881,899,626,673,781,925,808,911,823,751,631,808,864,1137,845,942,1066,861,762,918,792,980,793,932,932,723,725,793,788,
297,985,874,830,977,774,337,334,826,931,788,856,828,806,747,641,659,683,839,718,863,773,773,785,648,840,945,1000,828,660,641,690,620,857,788,922,845,843,624,654,779,834,741,903,781,775,621,714,848,1010,762,953,1071,956,822,809,752,909,716,950,895,772,726,751,756,
298,869,829,776,914,735,313,309,793,858,776,934,819,763,776,558,660,704,829,711,835,740,799,679,678,813,889,930,791,747,638,685,639,852,792,920,820,802,587,640,720,887,767,874,746,734,609,699,795,967,756,887,1019,878,736,840,736,937,681,889,863,774,709,754,753,
299,887,796,761,950,660,353,348,758,878,778,853,789,761,676,582,618,692,696,671,843,712,760,721,711,763,848,931,767,630,636,657,528,790,709,855,787,794,578,656,709,838,787,870,690,722,582,678,779,957,764,885,1012,861,751,824,735,863,682,848,849,772,696,749,765,
