165,376,423,363,619,2542,455,478,13339,999,327,520,7066,2467,2289,1001,1522,350,349,347,370,1753,1920,2031,1397,369,801,494,753,1876,1391,1652,1264,344,401,580,334,2081,1181,1039,7588,407,465,395,359,1623,1762,1741,13472,405,337,570,3410251,2323,1803,1541,13458,290,287,318,532,2242,1450,2601,2967,
166,520,597,598,916,5788,511,557,30300,1405,413,914,14368,4872,4549,1403,2357,408,443,509,376,3731,3661,4687,2524,500,1210,752,1061,3774,2119,2661,1994,466,664,981,469,3784,1673,1624,19568,588,731,526,632,2975,3611,3237,29226,610,422,1058,4623741,4305,2933,2297,28019,347,419,362,836,4793,2396,6826,8107,
167,836,911,873,1419,15892,514,609,53579,1940,566,1249,26628,12474,12746,2328,4732,571,686,695,650,10127,8970,13092,6787,780,1842,1113,1564,10349,5202,7120,5438,700,987,1379,694,11077,3569,2658,32079,906,1064,830,957,8146,10527,8911,44258,1001,590,1439,6007332,11591,7223,4051,45287,478,593,527,1238,13000,6287,17923,18641,
168,1240,1407,1314,2061,35083,688,861,73562,2883,916,1718,46536,31215,32038,6048,13826,945,1163,1127,970,23066,23986,28018,17867,1155,2587,1729,2243,25373,14840,19353,14956,1086,1444,1956,1062,28040,10617,7534,42505,1364,1573,1274,1425,21230,26078,22876,56060,1655,873,2030,7776788,27708,19199,10834,61036,810,950,946,1610,29504,16797,36405,32169,
169,1640,2018,1819,3118,64757,846,1362,84000,6180,1322,2363,73358,64424,64639,16813,34137,1356,1577,1709,1497,38760,44493,44087,33216,1693,4622,2393,3729,45373,31266,37414,29453,1567,2073,2739,1614,49627,26176,19999,51614,1972,2226,1994,2035,40273,45507,42173,68391,2419,1319,2985,9837910,51063,37942,26817,76270,1115,1305,1280,2399,50729,33552,56907,44642,
170,2544,3581,3339,8852,96009,1566,3209,131513,19694,1906,5916,127658,100238,94201,41956,66957,2283,2551,2715,2386,55122,67295,61927,49469,2785,13965,4216,11477,67993,52297,57604,47810,2458,4550,5613,2456,69185,46366,39494,70142,3492,5444,3087,4072,59662,65155,60944,109172,4705,2047,8160,12922598,79226,65487,54856,155488,1655,2356,1940,5733,74868,55498,80799,57492,
171,5188,8950,8674,23340,150377,3886,9447,402425,38796,3560,15785,228092,137563,124970,69553,85660,4098,4979,6587,4100,78683,95406,100508,73735,6047,32777,10681,27408,108904,74430,85017,73259,4936,12589,14653,4849,98987,65753,57109,164366,8517,14652,6926,10292,84375,114582,83144,315891,12231,4178,20747,16205673,104865,93082,87822,513088,2670,5289,3364,14748,114033,77196,145005,88617,
172,16193,26665,25161,50528,405988,10579,30156,1260145,61600,11226,37673,484906,325919,294463,92487,134470,12753,15530,20668,12060,170355,194514,265939,170947,19316,68607,29136,58622,287620,146573,190256,177759,16086,32746,36696,14931,222127,109945,88164,544617,25106,35886,20403,28281,174500,339152,168426,937166,35186,12935,45118,20931323,207460,173350,124653,1351009,7754,16481,9659,34867,284727,135124,410784,224778,
173,35112,51937,47515,76088,1418520,59094,141098,3264371,81468,27093,59264,839945,1266034,1210857,266066,488233,33063,38299,45216,30112,623329,681575,926116,647208,45930,94316,57822,85620,1016235,549148,707098,673680,35996,55451,62662,33447,849655,411780,314445,1469931,50466,63843,43655,54443,652326,1200450,655057,2114907,63008,29906,68013,25776898,747530,606258,313495,2845234,19712,34413,23813,53782,980793,457211,1286849,778423,
174,63711,87119,75973,121088,5235324,1789205,2254052,6037421,136822,51034,86471,1365894,5839896,5757320,4269473,3804069,75694,75742,75693,69148,3281312,3567766,4140838,3908773,85854,123922,91679,116683,3925557,2981686,3467274,3612108,66278,84011,92556,65915,4592425,3797533,3696573,5121549,85787,93396,85485,91589,3614037,4970614,4150630,5386646,102102,56199,99260,31929642,3924142,3341273,2703738,5575083,39152,59790,49728,82559,4261272,3045774,4796193,3895953,
175,95075,166924,142617,367424,142469944,127486187,132790596,211183200,480293,82120,189225,2125536,166747281,169941741,242488492,151149991,106270,99838,109375,97143,133704281,139730872,166031623,182307553,121061,325667,134041,313752,131207076,118229663,127137088,151042138,120203,230026,173487,103939,186225627,189888538,195298941,213103658,155477,215361,130799,141712,154872106,211673599,232330646,206515457,221281,90851,216608,37455697,139745514,115242895,127669795,161705056,58154,110292,75329,166141,140870245,127006699,188124584,163144768,
176,367828,727953,635988,1484973,262410769,216668299,221355950,278657408,1649419,299402,842861,4763997,261784068,275485022,257014895,257851933,271687,236145,415148,213015,208370705,226130153,233295254,273912873,418753,1426826,486625,1330458,226062965,186411123,189759974,207867291,521707,1049519,743268,358395,184775040,180494118,191656134,205626408,669885,973471,445077,547105,210340569,204333048,200611163,205680089,923914,324230,889501,45574179,254916971,214973901,213718685,356644402,136948,424246,178250,639571,239818767,223254657,253420113,227572900,
177,970881,1919336,1729909,3063618,320686023,280519215,290211119,347634519,2994318,991261,1982849,9172779,324862087,335122067,283443561,297033213,1016510,861941,1418869,709725,211397545,204795110,229732072,297372253,1414910,3345416,1438019,3083908,224575709,203266469,185106347,215611119,1478305,2322939,1839566,1088628,158303652,158591253,162202987,167588649,1751754,2314065,1315290,1548643,193329141,167621281,167193427,173187756,2390799,1070990,2160523,54265235,312960463,262017762,263685254,314182492,517325,1326686,617158,1716596,283888908,251078370,271472331,250765663,
178,134492534,108416396,108900713,109754433,352271702,313097677,346156186,392362367,172475894,114623659,102652282,127060288,384929925,388812148,331526239,350339490,129387080,198836409,144133385,109044227,210440252,240970316,191770138,305273058,136889643,131113741,105391544,136625618,169010881,203274281,182160171,207830830,159034275,126616548,113326077,105754092,161658735,154677546,153262143,159998310,109979818,110260902,107144309,123212505,186895989,158724368,164577866,163311935,218333926,161627181,135045274,288812006,362727612,310531956,295049562,340562865,188912451,198325514,131809065,208097876,308302642,283855972,259649618,206661440,
179,165813255,160160722,157122337,161863292,379496131,327847249,378503937,429328653,236204647,172898527,144237038,177357656,439246532,443247789,382935764,373867747,209601487,263268649,207137910,156040884,212836251,220192150,209005139,279716410,182094809,193014642,151134590,213106654,210806801,201992768,182648697,194197291,214958238,191717348,170821021,151376438,156831698,155584111,166562800,160531642,157694052,162452443,156087570,186868573,195593909,161273437,165256256,163618414,281908424,215897367,190465669,172143567,395443105,327478717,311387809,344137451,271365734,273406025,223997168,293733399,325794607,280102088,277479518,280590539,
180,190666109,183177607,181098901,193575296,399420463,330645350,393816922,461475716,221490005,191056120,172157592,181739040,491840978,499051391,464045492,409397177,280954211,264972955,238417541,188216866,205891378,190093100,218946418,298802881,227766451,221846646,187354359,320344850,144637274,192150235,176965134,213116616,214605776,209184199,223411130,187297514,162931328,155853449,158403890,161917326,191989275,202796453,201232407,220570908,184600671,159905413,159458091,160825210,217152564,190704408,185211297,187230027,411358670,340491648,296489292,372579294,220861777,217731467,196288456,203348502,299675651,304704530,278031777,269477573,
181,192184685,186563845,182426783,191889653,417743353,337256623,419902195,476765317,222278613,205460576,171357258,177219830,537655768,547808461,545516275,491265458,295031538,282097772,267751671,221955813,178003731,195195741,215972505,337197033,263442108,272278243,230148624,235837484,188490274,178792497,166939482,177602141,230283816,226853673,269715603,225476415,154571968,153278400,154669131,155571940,230053363,236075461,242099712,252177678,160812560,154975178,155766203,155904739,182498676,173384152,173544535,186258182,407401276,357219083,316664253,384312574,194592264,182624641,174651159,193985155,330230404,300003835,259034583,253448970,
182,202053738,189791859,180776649,194698546,427018780,342821766,453325331,487787096,224862638,233902349,193609880,187947735,563927930,578017370,589642871,573034385,314618945,317079770,311209022,256298756,170912464,180331013,204990302,279541721,302675207,329931260,285870914,298758892,169065001,165662692,157619311,174639742,277493057,263703513,338393605,269775664,153891451,152098770,151971598,153275436,272627204,272968091,294603629,288697046,158048261,154472284,153394543,153943726,166463308,162315704,166718329,186523736,374899388,367947679,312998196,352009054,168598177,165351578,164598925,164606687,316300339,304190630,242741820,235504148,
183,224539872,192463958,187712882,182581553,417933825,352828234,468046457,489172655,239624580,221182889,290332310,179126740,564567520,588617047,602628655,580315350,343516592,355617044,353428302,293707116,165489233,172872951,190191276,247300681,359505568,366906609,311626966,348763261,163968485,162433455,155719013,168318178,304785671,272371157,373622932,307542557,153035543,152137619,152593460,121945000,299287333,297117031,266988227,312413873,156140091,156524590,152785883,154821992,159333299,160246132,163367838,190837819,349383605,361276866,309423655,332091611,154463052,161404101,160400664,159539300,293607263,285450122,237559668,228244478,
184,212937560,194731992,184030434,184530250,419860640,381747933,476852513,527915112,228191783,216090735,204767534,178367083,569570019,598909295,609172365,599244153,382313639,395145484,397179746,331910850,163485184,173683890,183192229,252391796,394395348,392175032,327872437,337502536,158683511,162125668,154823742,168637341,324616632,283659653,397336779,318921123,152330090,152013818,150223437,153563190,316866089,314278333,354681601,330354252,155582073,160076824,153814032,155029866,160851648,159039777,161669859,189058413,342340511,352987015,316109018,326677975,142698279,155856387,160169985,156100957,292485385,277989529,232913971,223624664,
185,210397641,199446512,176835419,132010179,437639628,424981985,473709058,490912936,217380084,211409315,206924842,174815652,563941911,603700625,604957417,611651818,415111556,422004635,433467589,355695188,160333039,173489234,177910237,228673111,427730671,376243795,331945985,340845723,159267670,158763477,153274716,166469804,320894408,278895317,407474623,329069045,151718892,151135868,151342155,152009144,320727556,320978086,369389103,337391831,154007988,160631402,158333238,153803761,158594383,158512481,161560512,187591468,352774231,350169276,316683176,334550393,154617974,156435716,157759500,158237500,288591447,272681793,235215735,232723812,
186,126923701,199978137,177552672,178192409,482122289,456946132,460315603,472374604,217206322,222389429,292719895,169488344,541556207,561332993,566085691,590179975,452770255,441091009,462497557,404071872,155022219,165646064,166980201,219975837,455756470,430344964,335778429,346515421,152961883,156731799,150609630,163925583,324497310,279824970,357639029,335856255,149020922,148717473,148683956,149045361,321107025,323839541,386533971,352725227,151132465,156517408,149677306,150704046,157390212,158016932,161779144,181923771,372323666,355956978,329141535,348361605,156772026,159676748,156494132,156558389,282791120,265838125,230473371,230844955,
187,203049414,199456364,177264152,174436406,292470251,331050678,320641602,328540456,215186254,212376331,183801774,169093594,366244727,371134849,378795934,401544337,436745644,451016418,476274317,425687100,107964086,112544118,114785982,142510471,470216339,447846557,352404412,355894652,108069873,109387094,106569109,116130933,300235474,269416755,415445743,332444305,105310422,105172528,105201157,111521315,319190236,322858224,365793435,347708994,107192073,110529802,108004829,106556951,155554985,156568486,159606455,189171595,278112719,260874178,222617873,255506006,147171432,156271076,155002464,156635078,194634733,181505076,155413251,156880235,
188,198636414,201097871,177167074,171142101,94022439,90600173,87040195,77734745,210150576,180003011,180794510,169865013,96189090,96978410,98665195,104852590,219418465,460155963,484654996,442589721,30143112,31045046,31685087,37089541,481188784,461071740,373737033,374329373,30876986,30294858,30020583,32090744,297618137,254734869,431099153,327423610,29738011,29622204,27358431,29432942,318594916,322654559,357417291,365847219,32321991,31395308,29856792,30058918,153931531,155127591,158424766,187300895,76826637,70965761,56471013,69622557,155040109,129599069,153665169,155200211,51674282,48489841,40530640,40650816,
189,194300225,197118461,171726545,170683813,8812797,9580327,7931987,8162578,199477721,201439936,161358491,165957504,8770871,8629507,8430737,9055376,468222668,454303914,468584952,397476800,4403054,4669246,4563093,4578847,606627360,451870393,387529950,385510666,4545753,4303186,4444611,4297665,283176381,233426928,389428212,274379987,4551385,4403458,4259695,4118974,315155638,317506818,348342163,358763494,4496987,4491612,4470318,4454150,149830354,151041636,154053995,183747584,7738157,7403947,7237584,7117465,150156360,148951196,149557441,149745442,5933809,5715673,5053903,4885963,
190,139898173,145379720,111198300,121133899,2844102,2586113,1180505,2730951,146906913,133300787,149090881,125832307,3004553,2811588,2498555,2748058,368456107,339628578,344220662,327805276,2651965,2902865,2748689,2498419,336584809,334865792,303676597,300924646,2773301,2545750,2707901,2428412,207693319,162289180,289550815,227822213,2843812,2682985,2534308,2403260,238733573,241263167,262421346,276608056,2748784,2639166,2748466,2720430,110621329,111008185,112977304,152883082,2806330,2743202,3098260,2635263,110418353,110580272,110201048,110446707,2758520,2794763,2733813,2531443,
191,71241189,73861978,63527442,61311357,2663251,1020385,331848,2579330,72032852,66201301,61512191,71787359,2843816,2645092,2334198,2569913,184120602,175145450,172901877,168081020,2595839,2849301,2696471,2440800,173519496,171017512,160732535,158733844,2718002,2493390,2652631,2369765,105069812,88852315,147103679,116936690,2786642,2631856,2477791,2354754,125318084,125620383,134249366,144408240,2695023,2579844,2691406,2668671,57518928,57293232,58292395,107033452,2662762,2598588,2969278,2499614,57354642,56825933,57387726,57275739,2661519,2711291,2667262,2474111,
192,8019253,8290785,7153599,7207458,2641943,152105,118673,2564402,8048825,7233403,7196204,20352737,2820794,2620832,2314960,2553035,17336237,15944833,15524147,15522788,2580936,2827476,2672140,2421027,15680024,15595306,15493092,15287415,2695863,2476967,2629147,2345923,10600165,9552478,13749343,11779502,2765472,2612934,2462382,2345552,12559074,12693459,13312157,14762527,2673863,2545961,2675361,2653791,7183965,6726817,7091525,71210374,2640977,2576147,2943683,2484130,6793108,6797163,7050591,6895628,2641240,2693377,2647030,2462036,
193,3060000,3121108,2951417,3046925,2626125,120161,106157,2557370,3178169,2829434,3054442,16461777,2795575,2609472,2298750,2536380,3684187,3388272,3241108,3495275,2569692,2810507,2655815,2404668,3448424,3614300,3528207,3503186,2664690,2453293,2602037,2305060,3273162,3011279,3429007,3162635,2742243,2586284,2443043,2338423,3404652,3318586,3511094,3536771,2662580,2488966,2665960,2644839,3203468,2734623,3067862,66398437,2628458,2563401,2932539,2475323,2781239,2818085,3052420,2908447,2629552,2681534,2633435,2462516,
194,2704041,2751810,2632672,2738509,2552836,105528,93214,2552452,2825620,2503023,2751409,16060522,2701698,2561072,2241126,2489295,2703234,2512678,2363463,2643353,2548768,2787583,2601299,2340031,2576707,2751932,2673686,2657225,2539106,2385283,2492789,2123617,2746743,2527117,2698513,2530447,2688897,2489976,2370646,2335561,2642885,2585996,2734070,2693095,2611796,2270517,2641584,2640481,2914853,2446267,2773333,63228000,2604154,2535498,2909497,2464923,2487718,2532262,2760274,2623594,2592010,2659257,2593628,2451395,
195,2691946,2736493,2622283,2720794,2300675,93630,78655,2535100,2808309,2491388,2738674,15871973,2377957,2392413,2044518,2315976,2685872,2489697,2342736,2624132,2486548,2691367,2405327,2124248,2552794,2729990,2656476,2634525,2161383,2136369,2149474,1683509,2725492,2512212,2676586,2512516,2509608,2193580,2143181,2323921,2617005,2564977,2715829,2669155,2435350,1743718,2569351,2627196,2894540,2434759,2762879,60250891,2501824,2420149,2843530,2423798,2478994,2518106,2747057,2607185,2449874,2585060,2440561,2444750,
196,2686218,2727856,2612018,2704181,1767558,79467,60445,2487634,2801425,2481006,2731071,15615654,1733223,1962742,1591436,1881233,2673190,2487160,2334664,2612341,2288458,2413475,1956736,1665774,2542482,2723519,2645714,2625236,1503390,1624382,1530674,1062293,2720652,2501399,2666015,2510420,2074808,1621679,1667711,2299968,2607593,2552662,2702786,2661914,2003621,1037799,2350149,2596356,2858223,2420492,2750846,56407584,2212208,2105178,2638755,2288534,2467739,2491817,2737376,2601773,2080881,2350505,2070890,2424673,
197,2679122,2711754,2597093,2668834,963932,58906,36563,2298908,2791811,2471737,2720750,15327296,852806,1173436,863869,1095623,2645253,2473798,2319375,2606561,1775716,1775593,1185085,945853,2525300,2714326,2637762,2609193,712566,875956,747217,443005,2706125,2479239,2660219,2500782,1266663,821803,917124,2218170,2594351,2537591,2691385,2649060,1233792,395138,1783393,2486616,2781133,2396042,2737795,52564109,1562816,1432573,2072027,1883331,2455553,2442360,2725089,2581416,1366105,1777562,1356962,2337877,
198,2666991,2656107,2540618,2525452,314288,34316,15379,1752944,2762052,2457043,2698485,14746736,242873,411551,268821,363274,2536464,2457263,2240923,2590676,958814,872912,444707,324425,2456642,2675281,2624293,2558225,208309,285530,223311,120766,2671474,2399576,2642858,2486008,457075,240474,292319,1882469,2556012,2458844,2674311,2625936,462495,103722,905295,2091240,2570286,2319749,2699005,47225144,713651,620005,1131237,1130585,2410117,2300907,2699033,2538973,567339,915808,568179,2031754,
199,2641838,2521215,2392213,2194865,95528,15309,5653,974356,2702189,2399202,2648588,13799448,78188,114887,73397,96764,2229853,2413395,2022968,2550219,358308,302196,131894,94501,2233367,2570044,2592336,2373313,72737,85679,72816,48576,2573958,2166017,2594416,2440601,128736,73818,82930,1225799,2434845,2226127,2608449,2560766,134814,50868,308712,1372511,2154450,2152290,2613701,41983411,231304,192689,425770,475719,2312265,2017759,2643183,2441955,177331,328164,181212,1418307,
200,2562842,2143122,1993163,1528804,51563,5872,3188,347930,2506841,2200652,2490066,11868521,52630,52348,40111,45637,1557705,2250683,1490223,2393026,106216,95660,56454,45875,1662081,2209593,2469119,1870101,49582,47244,47276,37887,2272407,1621977,2431363,2259010,59650,46691,45264,518353,2046172,1646227,2371284,2297371,57275,43857,89240,608231,1421662,1749486,2374702,35840610,75894,65919,125792,143318,2066458,1460980,2500323,2185986,65812,97218,68212,688676,
201,2350534,1475844,1329758,790196,46646,3329,2658,104164,2046367,1757810,2091539,8708936,49483,45566,36370,40504,780381,1822728,812974,1975180,52118,57201,45086,39547,906980,1521173,2115171,1109315,46239,42117,43534,35591,1683271,919090,2011100,1811104,51654,43400,41245,153792,1371764,907191,1816179,1724906,47516,42547,50044,195844,694724,1135767,1868393,29649520,50875,46457,62953,57136,1581155,797144,2173882,1688901,48526,51191,50334,237497,
202,1697168,595682,508712,228126,44846,2598,2298,49274,1121069,914095,1236280,4290064,47900,43733,35323,38903,205104,943193,233709,1085011,43120,51678,42785,37735,255087,596353,1244985,353672,44324,40296,41629,34565,767474,284182,1122405,940413,49635,42062,39489,51429,529820,267131,859090,779796,44815,40887,44764,65393,197250,421641,957169,23377394,47590,43012,52872,41892,753322,240874,1384039,833394,45727,43864,47274,70684,
203,933132,201480,165199,83685,44044,2314,2041,43493,458900,355956,552446,1965910,46071,42398,34227,38013,70947,348898,73794,431755,40690,49492,41380,36447,79230,187323,536017,107489,43074,38976,40465,33434,273920,92230,469288,362882,48007,40601,38197,39989,171807,84234,303194,267747,43811,39272,43370,47452,81785,141393,372962,20369796,46167,41717,50684,39611,275355,85417,657360,318481,44290,42371,45864,43672,
204,303022,70106,59757,53003,42126,1983,1784,42566,126764,97154,156776,1033090,44845,41239,33034,36494,46923,88910,41180,110336,39977,47911,40074,35673,44980,62173,138482,50077,41709,37741,39123,32319,82835,46677,129380,95856,46616,39234,37405,38035,60887,45273,83568,75399,42244,38033,41830,44932,56735,53898,107048,18746497,44623,40491,49253,38532,80531,47637,193596,95167,42964,41029,44358,38649,
205,100171,51826,44875,48880,40882,1785,1462,41238,61898,49971,66344,862581,43220,39507,31666,35362,44246,47488,37833,53761,38373,46863,38624,34375,42002,48538,59350,44732,40130,36193,38023,30919,52581,41362,62011,50104,44856,38036,36031,36833,46652,40916,52495,48401,41184,36610,40450,43563,52591,41842,58154,17868352,43801,39519,47619,37626,47371,42662,77165,54110,41076,39418,43193,37585,
206,52038,47743,42266,46972,39242,1394,1067,40039,49932,41814,47970,804305,41309,38171,30350,34012,42405,41631,36506,45314,36767,44696,36957,32733,40157,46118,47326,42714,38444,34600,36444,30029,46986,39681,50996,42862,43284,36428,34076,36371,43998,39441,47693,44961,38955,34729,39287,42353,50748,38854,48726,16907651,41905,37900,45469,36191,41449,40479,51354,46496,39866,37919,41658,36283,
207,46058,46388,40794,45537,37626,1059,792,39364,48308,39991,45773,770831,39622,36833,28861,31919,41004,40757,35325,43728,35565,42934,35493,31446,39179,44618,45311,41778,36851,33578,34431,28170,45651,38462,49075,41413,40990,34381,32718,35316,42281,38181,46083,43315,37808,33203,37934,41436,48981,37893,47030,16063422,40879,36507,44295,35268,40042,39139,48031,44672,38379,36851,39925,35452,
208,44372,44879,39427,43636,36084,764,604,37510,46589,38646,44189,732549,37760,35082,27505,30910,39524,39771,34084,42511,33838,41005,33846,29684,37713,43230,44326,39904,34517,31520,32521,26564,44021,36930,47222,40080,39520,32559,30667,34431,41205,36962,44575,42182,35563,31008,35975,39892,47371,36300,45381,15002383,38988,34709,42060,34220,38632,37777,45880,42686,36611,34916,38110,34098,
209,42990,43476,37806,42229,33956,608,545,36527,44936,37789,42640,699906,35465,33211,25743,29086,37961,38459,32874,41196,32582,38991,32257,28031,36081,41668,42769,39178,32593,29730,30466,24528,43058,35836,46010,38856,36503,30299,29171,32935,40090,35513,42991,40250,33626,29064,34268,38448,46010,35134,43869,14053100,37024,33093,40209,32488,37163,36602,44463,41720,34443,33285,36458,32532,
210,41466,41505,36541,40655,31423,536,515,35448,43436,36006,41057,658596,32519,31042,23620,27084,36403,36877,31429,39245,30751,37097,29909,26021,34212,40096,40927,37105,29845,27688,27848,22253,40916,34068,44378,37464,34460,28109,27078,31527,38234,33808,41371,38782,31563,26350,32708,37271,43063,33339,42048,12885187,35244,31481,37777,31202,35549,34800,42822,40196,32466,31134,33985,31647,
211,40282,39919,34912,38619,29189,518,503,33777,41721,34990,39629,622693,29921,28814,21495,24697,34522,35494,30370,37959,28390,34617,27456,24069,33574,38656,39423,36011,26928,25241,25007,19219,39156,32775,42832,36354,31777,24972,24643,30371,36790,32673,39712,37049,29212,22710,30326,35397,41080,32180,40402,11861530,32721,28952,35440,30059,34661,33259,41204,38540,30548,29374,32001,30582,
212,38412,37894,33186,36896,26954,495,477,32803,40291,33158,38422,578573,27146,26536,18752,22425,32572,33991,28705,36674,27071,32332,24917,21566,31233,37357,38293,34020,23350,22416,21538,15557,37532,30818,41751,34659,29141,21817,21574,29983,34953,31312,38422,35131,26476,18534,28056,34616,38837,30597,39171,10698624,30861,26941,32922,28823,32709,31410,39968,36862,28362,27181,29949,29195,
213,37003,36492,31235,34518,22328,496,479,30904,39068,31499,36587,539883,21369,23482,14140,18402,30731,32494,26859,35030,24118,28782,20945,17467,29441,35387,36656,32014,17957,17785,15781,10038,35835,29621,40048,32836,24959,15932,16757,28218,33512,29305,36365,33960,22561,12503,25610,32877,36261,28827,37401,9654790,28177,23942,29624,26917,31409,29721,37987,35225,25217,24356,26688,28213,
214,35373,34032,29243,32324,15904,438,417,28956,36426,29671,34562,485039,13433,17576,8011,12230,27608,30893,24988,33267,20711,23972,14928,11654,27121,33305,34825,30021,10477,11491,8919,4805,33197,27419,38150,31185,18151,8809,10096,26703,31458,27670,34688,31501,16191,6081,22039,30944,33025,26845,35156,8423705,23382,18975,24384,24370,29390,27039,35744,33611,19711,19890,21680,26240,
215,33260,31960,26701,29553,9132,470,451,27025,34885,27814,33029,440088,6582,11174,3594,6217,24592,29145,22862,31240,15369,17586,8471,6121,24805,31334,33076,27805,4862,5835,3956,2134,31174,25160,36119,29390,10566,3819,4732,24958,28852,25094,32025,29217,9544,2459,16216,28949,29352,24424,33408,7444126,17004,12906,17768,22281,27498,24649,33715,31228,13539,14452,15412,24174,
216,31588,29072,24598,25508,3968,427,410,24646,32769,25617,30768,386871,2605,5243,1501,2450,19988,27292,19445,28718,9187,10375,3893,2554,21767,28980,31144,25606,2036,2378,1657,1123,28336,22066,33692,27123,4560,1553,1973,22945,26047,22120,30129,27486,4190,1225,9778,26512,23389,21552,31022,6469216,9333,6631,10301,18386,24809,20192,31488,29000,6889,8222,8246,21904,
217,29275,25583,20814,20473,1831,408,398,21024,30937,23028,28258,326308,1452,2218,924,1222,13913,24579,14970,26357,4364,4788,1689,1222,16682,26196,28914,21850,1248,1290,1151,909,24828,18017,31080,24647,1952,1071,1141,19991,22665,18244,27132,24618,1811,1007,4599,23210,15641,17673,28206,5557477,4294,2769,4545,13403,21314,15159,28738,26354,2952,3686,3634,18833,
218,26084,19336,14719,12681,1140,395,387,15407,27592,18103,24561,239735,1198,1204,854,925,6581,20836,8781,22089,1796,2010,1096,926,9616,21237,25506,16168,1080,987,991,863,19095,11101,27391,20424,1267,904,932,15034,16669,11685,22055,19934,1178,969,1871,18236,7146,11014,24135,4577670,1885,1367,1974,7414,15298,7681,24559,21802,1438,1547,1692,13567,
219,22519,12317,8575,6614,1025,366,357,9452,23327,12855,20624,159234,1092,1044,801,829,2706,16249,4216,16646,1154,1262,1041,881,4456,15229,21654,9875,996,936,934,775,12606,5715,22027,15043,1136,855,878,9489,10565,6333,15834,14161,1004,904,1139,12131,3287,5772,19128,3893515,1361,1073,1370,3404,8733,3607,19191,15962,1138,1015,1150,8133,
220,16474,5460,3560,2599,976,408,395,4776,17232,6354,13737,82968,1099,1015,785,853,1298,8942,1678,9453,948,1175,950,837,1689,7786,14342,4209,937,923,935,810,5853,2220,13652,8203,1079,862,868,5029,4604,2404,8181,7260,1002,897,976,6883,1603,2287,11481,3306864,1239,1010,1175,1790,3359,1461,11262,8707,1069,946,1124,4273,
221,9791,2380,1558,1475,1030,375,362,2087,10147,2711,7943,45793,1010,960,741,808,1016,4166,954,4266,899,1061,886,850,1089,3531,7942,1890,912,836,874,764,2549,1170,7123,3748,1023,823,836,2204,1991,1187,3598,3148,877,824,979,3190,1338,1130,5668,2954213,1214,967,1099,1057,1587,1092,5300,3900,1014,884,1081,1917,
222,3960,1239,1049,1212,919,367,355,1177,4062,1264,3072,30962,1008,908,731,758,970,1540,857,1689,875,1008,926,792,944,1524,3043,1180,847,838,813,709,1332,943,2740,1485,961,753,825,1139,1242,858,1444,1322,915,819,960,1511,1181,978,2187,2674525,1140,960,1089,946,1067,946,2096,1720,1009,816,1015,1091,
223,1757,1131,952,1112,879,310,306,1055,1860,1021,1548,27204,931,906,663,777,931,1050,831,1125,855,971,795,739,922,1140,1580,1055,787,757,803,660,1153,946,1519,1149,928,751,752,922,1035,895,1116,989,843,765,850,1061,1090,918,1323,2469773,1180,933,1042,910,925,919,1288,1135,876,832,970,926,
224,1107,987,884,1004,823,311,302,946,1115,899,1032,24586,892,895,661,724,815,929,857,1038,818,879,793,709,895,974,1117,977,731,768,746,570,1013,867,1263,890,770,690,686,959,972,833,1008,846,826,739,846,945,1118,873,1089,2189741,1061,896,937,841,926,853,1078,935,865,674,948,856,
225,1105,1033,876,1016,768,333,321,909,1060,814,999,22720,848,793,624,663,842,912,744,960,772,901,768,660,870,1036,1069,916,719,704,679,542,921,848,1238,931,797,603,693,799,927,800,984,890,740,610,785,894,1015,808,1063,2006465,1044,828,927,827,879,851,1006,1077,856,759,864,838,
226,918,1019,872,926,704,319,312,904,988,840,902,20617,789,774,549,626,774,865,777,918,766,831,677,647,801,965,1010,844,670,627,635,524,940,794,1274,853,783,556,653,818,914,768,980,776,706,599,736,788,958,773,1002,1789476,978,795,842,810,884,793,1026,962,782,683,776,802,
227,844,919,744,922,730,326,321,884,918,781,915,18778,735,723,536,580,760,884,690,859,679,719,646,598,735,929,1005,847,611,655,605,476,916,687,1146,854,697,499,563,796,855,718,927,775,663,553,694,856,910,776,977,1620554,956,702,873,749,888,743,906,899,748,653,814,749,
228,885,901,725,898,619,348,347,826,869,749,805,17297,712,641,494,515,702,810,692,900,752,741,608,575,714,843,951,769,541,574,533,458,857,712,1056,849,660,496,579,783,829,661,900,744,623,493,667,825,865,779,931,1422704,876,716,773,740,822,690,852,874,681,544,698,783,
229,823,819,756,829,576,275,273,797,861,710,838,15474,639,600,447,485,665,789,612,791,597,676,573,517,666,863,931,752,525,537,474,377,793,614,988,771,620,415,495,781,745,645,905,718,583,444,587,827,770,666,848,1261000,856,639,648,686,689,647,803,846,602,543,675,689,
230,793,843,678,718,566,255,248,742,848,670,797,13281,521,527,372,477,626,708,589,742,535,602,493,456,669,813,911,758,440,435,409,346,764,627,988,711,531,339,443,696,750,653,769,625,486,383,564,791,720,614,821,1086141,747,582,740,637,675,591,749,756,609,529,573,664,
231,755,774,603,769,503,267,262,789,788,676,748,11793,485,487,344,368,548,764,532,723,500,536,402,401,583,702,863,686,352,362,329,300,698,586,896,656,452,276,373,713,701,538,751,613,457,292,515,711,688,623,792,951961,702,569,608,644,668,513,761,767,518,482,523,643,
232,728,708,566,739,352,274,264,721,710,606,702,10165,416,421,325,343,530,613,520,716,431,489,324,321,617,743,810,594,306,321,321,274,691,568,910,656,341,232,310,674,674,578,704,564,359,265,489,715,578,564,808,819662,636,475,532,565,646,501,714,729,453,360,435,639,
233,725,635,578,618,331,265,255,602,739,537,681,8571,344,360,244,298,414,668,438,627,419,380,321,279,469,680,705,628,266,316,260,232,620,520,837,611,319,226,288,613,581,520,694,527,299,252,376,680,516,516,721,702041,498,354,431,550,580,465,711,682,366,319,384,567,
234,644,584,485,532,277,220,216,617,675,501,606,6749,306,340,254,287,394,583,400,591,304,347,287,227,392,607,733,560,283,302,259,270,587,442,724,580,252,214,271,532,522,459,602,454,284,256,305,621,356,416,680,586532,423,281,347,487,506,375,561,568,339,295,317,579,
235,560,451,391,441,265,259,256,563,661,470,562,5216,337,307,254,239,315,487,350,544,291,285,292,283,386,560,642,499,271,271,239,289,474,391,770,478,227,180,275,608,454,386,538,493,253,231,308,564,330,384,626,505692,317,315,318,435,434,332,545,544,300,255,286,523,
236,562,463,378,410,288,255,247,496,536,405,536,3543,302,280,249,279,286,450,274,464,278,265,279,235,308,461,599,435,259,231,261,248,398,307,647,447,245,191,255,511,392,299,505,364,261,248,250,558,302,313,556,423068,325,318,311,398,326,285,474,477,295,230,245,449,
237,531,357,315,346,228,201,193,457,505,340,467,2292,298,295,248,287,264,374,272,424,256,270,285,211,276,443,496,326,265,232,256,235,386,276,533,401,240,219,279,431,338,280,375,292,249,222,247,434,275,273,498,368155,300,276,321,379,293,288,399,390,269,206,245,397,
238,411,303,281,303,237,250,236,416,424,294,400,1485,303,249,244,261,226,332,254,288,285,294,260,256,278,374,458,341,237,266,245,231,294,259,386,294,267,208,246,393,300,280,313,230,246,246,229,378,267,246,364,319278,314,274,284,361,244,233,336,334,252,217,212,369,
239,303,297,304,295,239,211,207,324,360,304,338,1116,279,251,236,250,254,270,259,326,242,226,268,225,250,337,353,297,274,271,264,221,307,302,327,264,196,190,267,306,311,246,298,239,265,228,223,335,250,268,349,287853,337,265,279,301,257,206,264,311,269,235,234,303,
240,321,267,270,297,243,202,197,302,303,231,284,945,274,249,227,237,237,261,233,237,256,248,270,219,232,312,334,303,220,248,264,240,266,238,288,247,224,221,244,344,269,264,270,205,251,217,231,286,254,290,312,255256,283,283,292,258,248,254,250,303,225,225,236,318,
241,243,271,280,295,228,212,207,275,260,279,266,928,270,236,224,235,231,278,265,255,250,236,256,224,272,282,304,292,229,287,240,215,290,254,263,273,205,200,238,268,246,283,255,180,252,237,255,265,240,232,290,232042,269,268,282,245,221,240,253,259,252,228,228,287,
242,268,283,234,290,267,213,209,270,248,257,253,797,281,280,231,235,264,243,238,251,265,222,281,245,267,281,303,300,229,263,247,241,244,243,238,255,214,159,244,279,259,223,260,188,220,227,246,265,252,287,259,204608,281,302,286,291,223,237,274,258,247,207,229,293,
243,280,234,243,308,227,225,220,254,258,236,254,698,278,252,205,222,272,243,234,257,228,224,247,236,246,272,314,303,210,237,253,231,277,246,267,272,213,167,254,280,254,247,251,211,216,231,236,245,215,271,284,182239,308,252,266,241,239,256,249,229,223,227,248,261,
244,256,279,267,294,223,226,220,260,248,237,231,671,265,241,195,227,223,234,231,219,267,224,265,193,252,255,293,289,239,223,231,197,280,231,228,252,229,162,228,248,272,237,261,186,244,198,196,242,239,253,274,159607,302,250,247,269,220,245,248,286,221,220,207,251,
245,255,245,293,295,225,165,160,264,204,228,236,633,239,217,197,205,217,237,241,266,252,215,215,202,220,276,313,268,207,223,226,220,243,217,244,249,178,191,243,306,264,248,248,182,218,206,186,255,223,257,285,141153,277,273,252,260,256,198,227,225,238,150,202,294,
246,279,272,244,271,235,187,181,256,195,222,242,567,262,210,180,219,242,241,234,242,242,188,248,193,245,285,294,293,186,219,221,200,263,258,229,261,194,158,220,261,249,212,229,190,221,193,223,251,221,256,269,120459,273,257,276,275,212,200,211,249,241,184,190,275,
247,252,244,261,273,177,197,194,247,244,242,256,573,255,225,184,213,224,251,241,261,241,203,214,192,231,266,311,251,203,239,209,190,260,230,235,227,182,170,182,234,216,234,254,157,199,214,200,252,211,255,259,105335,272,246,230,265,186,225,262,209,209,175,184,244,
248,265,264,222,257,216,179,175,257,211,237,226,485,225,209,176,197,215,214,202,217,198,186,192,224,225,236,296,252,196,190,204,203,232,205,267,224,207,142,188,271,235,186,236,190,207,169,207,210,192,213,240,90425,263,262,250,265,196,210,232,217,211,195,193,247,
249,233,233,246,262,186,165,163,250,185,241,220,431,247,191,190,174,216,223,242,249,220,210,231,188,235,260,293,232,178,196,211,202,234,214,231,218,171,154,240,242,209,221,213,157,187,192,216,216,233,242,267,78444,243,253,255,225,208,178,201,232,219,173,206,256,
250,244,275,233,268,203,190,185,253,231,221,198,383,227,202,181,201,201,197,214,189,227,181,217,202,183,268,277,221,200,202,168,176,233,221,229,200,176,151,191,253,203,178,232,175,187,180,203,247,230,226,250,65468,247,215,232,219,165,227,228,238,201,177,204,251,
251,238,241,213,255,211,163,157,250,177,216,228,352,228,202,205,184,215,244,181,192,223,203,211,181,233,253,306,244,201,189,200,178,220,201,223,226,160,165,218,242,215,205,210,154,209,180,194,212,189,225,234,56751,266,214,263,232,182,187,188,220,185,183,182,246,
252,221,242,225,236,174,170,167,264,207,189,198,346,235,183,176,216,187,233,207,221,203,162,210,173,236,230,246,257,200,170,209,207,218,204,198,223,188,148,222,214,210,206,235,163,176,184,169,217,213,191,261,47852,225,212,234,243,177,194,210,227,182,170,195,234,
253,241,226,212,232,195,154,148,234,210,196,209,253,208,190,184,188,168,179,202,219,213,172,207,192,216,217,242,263,195,169,175,163,223,217,235,187,182,148,164,255,233,205,211,165,190,172,189,204,184,226,245,41143,213,216,235,215,198,195,213,220,180,146,186,224,
254,214,205,188,212,212,167,164,215,210,182,190,244,205,200,181,196,193,226,184,203,223,180,191,178,202,233,244,207,201,181,231,170,201,188,262,218,162,145,191,242,218,195,182,148,181,163,167,203,209,215,222,34621,215,221,194,233,202,177,206,235,213,142,190,254,
255,205,228,220,226,179,172,168,211,216,184,209,268,235,165,155,161,161,171,198,220,221,181,219,201,177,204,240,227,173,175,157,190,249,191,190,173,171,106,187,241,172,188,197,165,191,164,168,209,230,244,228,30757,226,213,198,221,182,171,192,192,216,166,167,238,
256,189,199,210,233,184,155,149,232,168,177,228,223,202,213,146,163,189,150,179,197,204,164,178,168,178,215,241,238,205,171,171,184,225,189,177,202,149,125,212,238,200,198,198,151,172,164,175,184,190,188,199,28013,193,204,211,201,194,174,195,200,182,159,150,194,
257,225,228,204,220,181,161,157,202,154,183,179,250,219,190,158,163,170,192,183,211,194,155,218,187,185,209,250,191,166,181,211,147,203,193,185,168,144,123,164,193,205,189,178,140,176,178,187,216,176,182,197,25115,217,207,240,212,154,167,170,175,213,174,182,234,
258,196,197,204,231,192,141,135,199,198,178,214,207,190,173,140,161,191,199,181,217,190,154,181,130,187,247,255,206,163,173,188,155,198,193,218,196,134,128,190,224,212,169,204,150,149,138,172,173,184,189,213,21921,194,171,189,216,154,187,191,180,189,131,146,214,
259,185,220,204,217,172,141,137,198,185,184,192,222,204,178,168,147,190,185,184,203,202,167,207,161,214,226,240,224,194,176,167,167,208,194,183,194,150,121,171,244,204,169,208,147,156,164,188,185,159,207,221,19079,202,169,209,219,165,169,160,177,183,173,167,208,
260,212,219,212,222,170,128,125,218,168,183,187,199,196,172,158,171,174,188,174,191,179,166,196,158,208,235,210,196,167,166,161,190,192,189,185,179,160,124,191,204,172,173,178,123,164,155,162,177,172,182,202,16692,210,203,192,197,179,176,179,174,177,143,163,183,
261,200,212,203,225,150,100,98,192,189,168,180,211,179,184,142,172,164,182,183,206,180,139,166,141,186,246,240,192,162,164,150,165,192,177,150,193,142,136,146,191,203,194,203,154,177,163,149,179,148,189,188,14676,247,169,186,170,148,168,180,178,194,145,143,200,
262,204,194,187,200,159,144,141,177,146,173,161,207,195,169,147,152,197,189,171,197,159,135,184,127,187,213,235,200,148,152,134,151,201,162,169,201,168,119,143,199,164,177,201,121,179,159,158,207,184,167,180,12549,182,171,192,207,167,162,159,181,155,162,148,181,
263,181,177,181,217,154,131,127,208,172,176,183,192,191,158,134,146,164,179,182,196,187,163,142,164,172,205,214,195,162,155,169,161,198,164,181,168,147,120,179,226,197,168,188,113,156,154,138,172,163,182,196,10808,179,209,179,176,157,139,193,183,182,145,144,207,
264,176,197,164,215,179,142,139,174,190,164,164,195,182,162,135,134,190,168,191,182,164,138,150,149,188,205,226,204,148,157,177,153,158,171,180,188,170,120,204,192,182,182,188,127,149,145,171,184,174,170,172,9479,187,171,193,196,157,143,151,202,161,115,165,226,
265,172,201,180,180,150,116,117,211,160,163,186,180,177,154,138,157,184,159,155,174,185,143,177,157,191,189,222,224,151,156,154,153,202,140,134,169,142,119,149,210,171,179,187,118,142,158,157,183,164,183,203,8187,158,176,202,230,154,143,144,185,159,134,147,206,
266,201,170,160,199,139,121,113,197,186,154,153,223,163,170,130,140,158,177,140,185,163,151,176,152,201,200,227,204,156,171,163,162,158,153,156,166,149,97,176,221,170,201,175,127,133,147,155,170,140,150,221,6725,170,166,155,192,144,138,166,189,177,138,145,192,
267,188,181,179,186,148,131,126,193,152,154,151,186,165,148,136,140,166,157,162,173,156,138,168,155,167,193,202,182,149,140,153,134,198,173,151,158,127,125,161,192,165,172,141,118,116,119,126,160,159,148,189,6018,184,186,178,180,125,137,161,158,137,139,135,201,
268,157,174,173,204,155,109,103,169,150,167,150,185,175,168,151,153,148,135,157,180,153,130,166,142,164,187,193,204,129,141,132,142,184,147,150,191,132,116,170,184,158,127,173,110,144,146,157,153,157,162,188,5073,195,176,172,188,135,126,144,170,161,139,147,204,
269,179,180,181,195,143,101,99,170,150,167,137,181,149,143,136,125,153,190,157,185,155,127,142,129,182,183,203,199,165,138,153,151,160,156,166,186,119,104,184,188,182,169,170,127,166,153,150,172,138,162,187,4352,165,142,156,164,128,128,168,156,157,125,144,184,
270,178,194,146,182,139,131,131,155,140,157,153,154,158,152,149,141,157,159,152,150,150,132,166,139,189,180,214,185,151,144,174,134,147,165,144,161,127,110,144,196,169,152,139,112,147,144,128,160,143,159,182,3612,151,155,196,184,143,141,164,156,176,129,150,197,
271,172,160,155,195,148,94,92,162,132,153,155,162,182,148,133,124,153,164,135,159,169,128,143,146,156,193,198,192,142,167,166,150,172,140,132,144,132,101,165,179,161,148,152,120,145,150,136,173,140,169,177,3176,167,173,157,176,146,119,127,143,168,109,120,195,
272,160,176,201,166,148,106,102,165,157,144,164,186,174,148,128,141,153,145,180,186,162,121,165,138,175,185,178,146,157,153,150,157,151,154,148,138,128,116,154,181,138,181,174,101,131,140,139,156,143,148,177,2704,180,173,168,180,148,152,140,147,155,114,107,161,
273,185,178,159,198,126,108,107,156,148,140,165,158,152,152,136,122,126,150,161,173,142,123,141,120,161,166,184,168,142,140,155,176,166,162,143,138,116,127,144,161,159,159,151,93,167,120,143,163,140,140,184,2333,140,142,168,156,124,139,145,122,166,94,133,189,
274,143,158,150,179,150,108,104,156,148,143,142,170,166,147,138,129,142,132,146,159,139,137,161,129,170,165,175,166,140,164,147,124,163,127,149,145,110,109,141,180,143,157,153,98,156,129,138,144,127,157,170,1959,161,146,155,178,117,135,143,127,139,104,134,177,
275,171,179,142,175,136,91,89,177,138,133,135,170,153,123,108,139,149,142,129,151,158,129,145,120,161,182,184,165,155,143,133,102,148,172,130,153,111,92,167,155,160,141,149,100,140,149,131,158,146,136,165,1887,164,152,146,157,127,152,138,147,143,151,122,172,
276,155,172,177,167,131,99,97,173,135,134,151,161,163,144,105,135,140,151,141,153,127,128,141,144,163,184,198,186,114,118,126,136,165,140,141,138,107,92,133,165,159,151,162,92,157,126,126,147,151,134,163,1639,146,147,159,196,141,123,123,133,122,115,108,188,
277,160,160,177,161,125,99,93,172,112,129,131,176,163,144,112,130,144,154,136,162,141,124,127,114,167,179,196,146,138,136,148,127,165,155,126,151,111,88,122,166,153,152,169,115,141,127,125,136,134,145,144,1411,132,135,148,158,129,119,150,152,137,111,130,158,
278,152,147,162,172,124,94,93,173,117,155,134,150,151,124,105,118,122,165,125,165,149,128,123,124,132,152,167,169,126,137,129,120,154,132,118,157,124,80,134,176,137,163,132,105,126,118,128,135,125,129,143,1200,158,168,142,157,130,125,145,142,144,99,128,192,
279,170,154,159,194,116,84,83,150,148,142,144,147,126,130,103,126,149,129,131,153,135,87,129,124,148,174,176,154,111,116,124,106,162,114,132,131,103,91,131,161,141,144,143,100,150,125,115,153,140,148,151,1081,163,126,180,155,114,134,144,161,126,98,122,180,
280,155,158,141,173,149,85,82,158,120,143,139,173,134,131,111,107,122,129,139,150,126,113,112,109,159,145,154,152,137,111,130,124,133,158,147,145,106,70,128,160,166,154,137,81,117,127,131,137,131,133,139,926,154,127,147,152,122,129,128,121,129,99,118,188,
281,163,144,137,182,133,92,88,162,150,112,121,136,154,130,117,125,134,135,101,149,137,127,129,108,137,159,171,153,125,109,131,107,121,125,145,135,86,75,112,137,138,138,145,95,116,100,135,118,110,135,165,826,151,107,134,154,124,100,131,139,129,97,114,158,
282,151,166,136,147,127,80,78,143,128,103,132,150,154,139,111,117,137,129,122,153,108,107,143,121,150,173,165,152,105,128,111,131,142,123,158,165,96,79,120,145,139,135,129,91,129,110,127,151,121,132,154,771,150,143,121,150,152,107,119,124,138,114,126,154,
283,153,146,155,153,123,86,85,150,124,122,116,145,142,94,114,129,138,152,119,129,115,107,123,108,156,160,175,162,112,112,116,118,121,113,115,131,117,80,120,180,136,133,144,84,113,118,131,135,133,99,152,686,124,134,112,152,107,120,136,130,111,102,103,153,
284,168,134,147,137,123,70,67,141,98,134,132,132,138,127,109,104,127,125,138,155,122,129,139,110,116,161,181,157,112,121,131,123,151,131,126,132,89,85,120,135,138,123,130,96,100,111,112,140,122,127,150,548,133,125,123,145,112,106,132,108,111,118,117,163,
285,146,140,138,168,125,61,59,154,129,107,121,121,142,102,117,135,107,120,105,135,91,115,122,122,129,139,158,165,116,103,142,95,148,118,136,132,98,101,138,140,144,128,117,88,115,112,115,144,131,141,146,506,130,153,141,124,103,101,149,121,128,107,109,160,
286,163,145,117,155,123,82,80,147,120,116,107,144,126,108,101,117,132,128,127,137,126,104,125,119,110,157,158,145,121,112,123,110,120,123,108,140,114,77,104,155,127,111,137,83,134,122,130,161,105,98,125,412,143,130,145,131,105,101,116,119,97,83,121,171,
287,141,148,150,160,107,74,74,128,119,111,119,140,118,118,79,105,116,119,106,137,121,99,96,123,130,140,171,142,103,113,135,117,149,100,134,131,90,79,117,161,112,125,131,81,138,114,108,133,105,121,137,382,122,131,122,130,91,102,104,112,128,89,106,137,
288,140,117,114,157,107,66,64,163,110,139,123,124,116,104,95,89,122,137,122,125,113,88,116,111,146,153,173,126,95,102,111,105,106,119,130,124,82,85,113,135,130,122,130,82,137,96,116,152,116,153,125,310,119,99,140,156,113,101,127,134,112,89,109,152,
289,137,131,113,149,106,86,87,134,105,114,151,141,116,119,96,99,109,102,90,135,119,115,105,114,151,160,151,126,113,106,102,100,144,115,116,133,99,93,112,151,121,105,127,73,124,117,101,111,109,139,111,311,135,119,134,135,106,92,123,120,125,88,79,171,
290,130,137,142,168,122,74,72,129,99,119,130,132,123,113,103,96,120,100,106,107,130,106,126,105,141,139,145,148,133,102,122,101,116,99,117,131,108,70,101,148,110,119,124,100,121,96,114,143,108,117,139,299,128,138,122,120,117,108,108,116,118,85,104,166,
291,139,130,129,162,109,75,72,140,100,121,113,133,114,84,101,110,108,106,106,135,115,110,103,94,125,147,139,129,92,131,124,102,133,127,111,119,108,72,105,139,117,114,114,69,112,85,124,122,122,111,144,233,120,128,126,154,121,106,112,123,116,97,95,150,
292,132,148,128,131,117,74,76,124,105,133,124,111,128,113,97,104,94,117,131,124,110,111,108,99,118,155,150,142,124,110,114,90,145,104,109,111,94,71,119,148,117,108,155,70,116,119,125,125,83,133,130,237,122,111,165,136,111,94,102,139,119,96,124,161,
293,119,132,119,135,104,82,79,119,97,108,113,125,113,115,89,97,130,120,112,115,122,81,110,103,120,139,166,147,112,116,115,95,114,121,105,109,74,75,90,155,125,112,124,78,107,103,114,120,112,104,106,245,128,100,110,130,106,107,103,124,140,95,102,136,
294,143,128,117,141,81,79,79,122,88,103,116,128,110,98,89,91,134,116,104,119,100,96,119,105,105,153,117,139,115,93,99,99,113,114,90,116,95,77,92,138,130,111,113,82,107,102,117,108,96,94,141,220,108,131,124,121,87,100,117,110,123,87,100,135,
295,132,128,114,123,102,56,55,122,115,119,100,114,128,113,88,80,101,126,101,136,112,86,119,81,106,153,159,142,108,107,92,100,125,128,119,116,84,92,110,143,123,111,108,56,97,86,111,132,92,104,128,215,123,93,121,139,104,99,97,102,108,104,109,131,
296,127,139,116,147,102,69,67,130,102,110,118,133,113,112,76,87,99,126,118,107,123,82,95,73,108,133,134,118,96,95,90,117,122,106,121,101,87,73,108,163,131,99,127,73,104,106,101,102,95,99,107,193,119,105,106,118,96,111,96,135,103,66,100,126,
297,118,118,110,135,95,72,72,104,107,98,88,124,99,98,67,78,95,116,99,127,121,74,106,100,111,126,120,119,106,96,105,103,117,120,97,128,71,68,109,136,107,113,92,71,97,96,97,90,94,113,100,161,106,103,104,125,75,84,94,115,114,88,100,121,
298,122,143,126,157,104,52,49,138,90,98,100,126,93,93,72,88,100,94,95,108,97,97,82,97,113,131,135,118,97,100,116,87,105,118,86,121,78,62,110,103,108,123,114,66,95,102,104,125,91,102,116,150,108,98,107,128,89,86,99,101,101,74,88,128,
299,98,111,106,144,99,68,65,117,96,99,108,105,100,100,81,84,111,89,93,107,100,74,101,91,111,133,127,140,88,102,101,84,126,116,98,113,99,53,110,125,94,109,122,77,97,93,110,120,96,89,123,171,121,118,116,117,94,106,97,102,111,87,84,114,
