165,217,259,245,292,613,336,380,1494,262,215,258,838,670,623,323,375,201,263,213,232,504,506,544,419,220,322,289,312,537,389,464,356,265,260,201,242,483,248,320,996,234,236,234,187,478,453,521,1218,236,225,292,813682,645,469,400,1373,180,185,214,235,628,391,609,663,
166,253,258,263,360,938,346,390,3297,361,229,252,1542,1022,893,423,536,249,263,240,249,741,723,776,634,274,349,326,336,754,548,588,527,260,260,272,271,784,405,454,1666,253,277,242,225,717,734,723,3104,252,255,326,1239249,918,703,564,3359,205,217,212,243,840,563,1050,936,
167,271,275,297,411,1680,394,444,9492,501,265,309,2683,1579,1527,589,786,261,278,280,296,1010,1139,1236,784,311,447,360,405,1075,798,924,699,239,291,363,291,1111,611,649,5160,317,316,307,246,994,1097,1020,9082,318,274,386,1761157,1398,951,843,9507,223,250,268,322,1410,875,1799,1679,
168,359,379,323,531,4636,450,506,22505,792,308,431,5473,3445,3276,875,1289,289,338,320,362,2397,2403,3103,1636,390,680,444,570,2731,1491,1867,1437,289,387,443,309,2552,1006,976,13200,359,390,367,309,2034,2825,2076,20114,325,314,622,2511279,2766,2015,1289,20409,249,266,294,452,3549,1526,5128,4935,
169,382,525,503,824,12934,520,623,42397,1076,354,669,11529,10266,10057,1623,3403,345,412,434,388,7059,7246,9090,5103,398,943,615,838,8295,4312,5624,4236,476,529,732,387,8268,2559,1944,22973,500,575,452,430,6000,8998,6505,32021,539,332,802,3518003,8321,5487,2939,35351,276,346,284,606,10156,4217,14282,12528,
170,641,889,799,1433,32172,668,861,59715,1936,525,1061,26348,29227,29970,5312,11745,491,639,579,562,17623,20606,21341,14521,611,1595,902,1413,22222,13359,16095,12809,660,855,1092,542,22679,9549,7299,32052,788,949,778,803,17600,23022,18515,43299,891,518,1202,5185077,21961,16107,9553,52561,398,532,475,991,24670,12916,30773,23346,
171,947,1431,1186,2861,60530,946,1614,92030,5218,800,1794,47448,59800,57494,15947,30899,842,984,1034,923,30333,37343,35510,26453,1013,3312,1410,2805,40058,27827,31555,25622,1006,1490,1689,938,39242,22462,18446,44555,1281,1509,1151,1185,32787,40703,33815,70551,1495,865,2114,7001370,44071,33394,23938,111304,641,839,735,1492,44829,26903,51605,34533,
172,1749,3644,3000,9655,108493,1806,4670,277860,16830,1365,5302,96174,96430,84779,36546,54122,1434,1679,1993,1500,48155,59634,61641,44221,1765,11008,3198,9113,72274,46284,52956,45481,2115,4592,4521,1647,60575,37387,32071,103321,2705,4380,2223,2906,51272,80700,50987,206424,4269,1441,6726,9907522,67818,58034,46615,371834,944,1729,1286,4263,77271,44853,102245,53568,
173,4580,11151,9086,24082,375246,6485,21637,1134424,33276,3470,14946,203196,290779,254262,65952,101292,3743,4157,5635,3133,128805,159662,212664,137338,5002,27719,8829,23408,258219,123931,156898,151730,6020,12784,12893,4180,177575,81364,64550,435023,8470,12629,5869,8383,139901,323849,130768,776088,13061,4000,18529,13315304,164647,139848,88833,1209055,1810,4829,2448,12346,248368,97911,373638,164818,
174,16036,30612,25640,52080,1807843,217545,347399,3478067,55108,12429,34588,486260,1645130,1566555,598474,686581,13732,15647,19890,11542,739827,873881,1089695,873120,18476,58861,26568,53308,1222485,725372,880301,885678,18635,31933,33397,15116,1101150,670144,597408,1645109,25381,33979,20125,25204,839369,1543979,998389,2221593,36845,14178,41422,18683895,910341,769332,471505,2967741,6496,16603,8872,30458,1193166,595107,1513161,900493,
175,35534,67702,55069,131087,81029318,80010549,84708745,106106392,123955,29741,66804,917425,105719632,107624402,136249773,94067966,37043,38980,42822,30568,83623106,87945034,105162387,115279095,44303,92873,54295,88981,88901907,74033326,80522957,101468047,45761,78899,62807,36100,118328217,120322269,124818643,137344730,55287,67824,46692,53076,95766092,134710787,133948354,132312798,74778,32021,68137,24352261,85667564,73945018,80649272,102582710,16601,34772,22766,52435,80523377,80845288,105928736,102324090,
176,99394,302769,248568,693366,265803978,222293102,219185192,275406191,739213,106166,326945,2138336,258489898,270484579,291627159,221583772,83460,76467,107656,70321,206128265,233791588,232689080,271752643,113292,407796,140059,420663,221309241,201913723,190292708,202861812,222090,471786,260358,113267,187734405,181724044,192107894,203714540,242521,339872,136894,155439,227239347,206143289,204918956,209855598,327333,101574,267959,32340693,245617425,166378422,195726711,263992522,38088,107964,53112,169012,240013409,220020395,241705302,226447465,
177,356012,959168,819207,1782551,320521303,280464025,294573889,347104323,1819701,408130,1001663,4715810,329496983,335294847,282590015,295528512,269856,224233,413664,194731,178521720,247150696,234129724,299194251,412925,1365207,486448,1332344,248316238,201666553,183006462,185581878,733673,1290062,856250,427209,163639015,158031055,162935273,162939171,826149,1101158,488098,553734,165502703,166160454,150021236,168800218,1111496,395153,941484,40434868,313440399,258348355,264027144,319702372,123471,436569,162947,625869,289433075,295042462,236132024,249412147,
178,94126921,83379245,82006060,84681131,358071627,315249805,341768695,395412880,138030176,90494340,78678385,97760827,385774639,391607006,331741204,342307961,146255218,155108297,111608883,84161286,210022049,238977922,206064847,303164848,105841102,101857450,80849850,98228051,227549219,201134589,180499494,193560528,125171824,99141195,87909713,81906472,155533887,154052899,155356339,157488231,85300037,85386161,82066235,94946284,204058297,159540974,159994145,162709061,172962564,128252255,70998385,125507837,368283298,309487160,293425833,347463722,148980966,153853351,102773483,193193308,309130639,288146174,276919683,198156327,
179,166636915,159897135,156584528,192900154,382083658,328818350,380420876,430072597,235883696,174458470,141961568,111683055,428250120,445035227,383388835,372731023,252688302,264771191,208482436,156690717,208121640,233785692,213550503,309041135,196560169,174689247,150262245,205545533,196387786,200364302,183568211,215857142,214715412,190994362,171482908,152179512,157554559,157029333,166170047,160139678,158529010,162720596,148011635,186692793,217832961,158278820,161560860,163047881,285415439,215714336,190489900,183230247,399633745,330354658,317120727,361750491,243345184,272855056,218753520,307482664,323320811,295533416,262229515,320396387,
180,182352702,184210110,181165105,177813279,400793923,328562622,394149096,460179959,222544652,191913940,175622737,181266376,492387196,499551884,464778840,406053073,280802415,266865999,234474925,189051481,193557185,214856699,218392414,266827657,227416291,233883587,187805648,222809363,202059345,189047058,177281140,184595792,217070632,209696021,224845446,189236050,157053513,155564396,157098640,160492432,194556449,206338465,202494286,221621096,184828465,158834005,159242648,160602852,223192325,192250044,187704794,183347155,402139408,341865331,310420473,367651503,219781908,219193611,198034272,153098073,331202701,287787286,279237417,278013688,
181,189810208,185344011,182210844,178549889,423100421,334819131,418577962,475457995,220227342,214757383,199894215,161764340,539008184,548728459,547805081,494843905,290620930,284022618,268213477,215556226,180239830,242913870,218050833,297020422,262632196,277790316,230593417,248193297,192296073,176849128,167035653,179481770,242539938,232042156,277181289,228898881,151021691,152987262,153621388,155212856,232025103,236895562,241096323,252643960,180284630,155040595,155391820,155336397,183138001,173234280,173435794,173254786,407611929,358356255,315391359,244262658,185897673,173478895,173171806,206952637,331150952,229942572,264679883,254010093,
182,192703222,188904468,177164898,202616171,427495280,339127384,451723984,488060775,225152993,250104700,194384164,182746248,567247811,581035417,594477587,558388608,316013111,318040705,311778414,255091500,167554684,179655815,206159859,273036753,318000718,331191943,284810928,299854638,165367671,161914882,157388561,173728885,284392832,256670032,335380092,272042894,152314798,151785897,150067589,152745749,274733351,274353588,296177305,290007610,156952109,153311955,152739465,153133585,166506060,163136868,166113518,186360325,374894168,369596804,313449158,350475002,166570590,163449169,164507929,166793638,316967885,300186073,248593296,229087177,
183,349731477,196332187,178776350,196691742,416956812,347518880,468341424,488612112,210697783,199592538,206425290,183195365,568155349,592206377,608984241,583679751,178999894,357574481,355012976,292547512,163949862,171828452,189291523,247694152,360894614,368042685,313059783,322913898,160007765,160117664,155271878,171839986,307139902,274076817,375928037,301972667,151412605,151804230,152530718,153698811,299973308,298285991,332250053,304976791,249010963,156637164,152829049,154188436,161121012,160406502,163100283,190073541,347689936,361610616,311442050,331306253,163852552,167677428,160502477,161628431,302003345,287032780,233985635,227649072,
184,195630725,194218114,176779556,182072994,418829312,376113248,476974897,494949490,226521772,243591002,191753822,177932829,564412621,601368610,613422833,602610095,384071796,396734530,398757747,330619163,162952331,171485892,193498047,229978113,399102594,394223935,327881573,340400169,158240978,160622338,154357005,169078341,314687278,278855730,407014615,323598531,152042477,151670881,152564737,153369910,315978401,314719773,358604629,331531290,154908076,159987768,152364899,154447858,155220190,160216035,161087351,189540860,339044319,351920716,322422248,323189302,159132708,157579049,158501096,158389236,292685620,278242520,229429375,228336551,
185,215034757,205207660,177228648,183344801,439501620,421751618,474383814,493892111,211048503,167169881,189827113,161804202,565665818,591341377,608778462,616614951,416571203,423062806,441488129,361163796,160270004,171907466,176741880,228974735,427934394,410211261,331337146,341541232,155821545,160462238,152882571,166398364,319635934,288610225,416893953,335537355,150995887,150951474,151196366,151726312,323829225,321888529,369862892,335571397,178515113,160077732,151815732,153491781,157969221,158122003,161233121,186640559,349183361,347952756,311204710,331741782,161772108,158132136,157392358,157934566,287743561,274151932,233548810,232674581,
186,209246169,209992536,177438999,181230597,613737800,321234807,460767483,473531693,217087389,172435336,175199936,173675557,543642751,563928797,96522296,593517343,451625595,441603800,464238398,400322360,153996637,164249391,169356043,161927843,455487402,429872836,338117176,344297420,151593907,155504608,149812148,163754682,313709272,251514095,382951688,332368032,148769606,148422147,148491954,147728103,320558298,323753671,371595020,345135752,150108607,155808376,149387545,150381221,157167913,157497668,159978464,187079693,368465800,354621618,312582136,344488965,167159701,154940355,156120178,158042529,280718384,256725649,227907459,218007735,
187,203243209,140935605,175740939,181831002,309073116,294718180,285880869,292443229,214538183,215847820,158462335,170629113,326305916,330763411,336986765,357972201,465041853,453612212,480846901,428546847,95142227,98904524,101241184,127731106,475379767,447072421,350218746,354528542,94982424,96213604,94112176,102663937,301701865,264863922,407022187,333502704,93355703,93194065,93221879,99636134,318965195,322742700,364562841,347038701,94512551,98414072,93962263,94482775,155497405,156301704,159454089,185739693,242049140,227069947,206241593,223208231,191620668,154782823,154891697,163683944,170995328,170633379,135432948,137367579,
188,198153385,202595252,174944363,203939118,89843867,60082971,57512426,59757681,203413805,137304428,301778291,125886908,65133706,65283758,66273189,70610231,477895171,460464024,488297573,445956408,20496404,21018070,21675232,25183614,482173948,466696592,370228128,370530158,20676517,20468483,20420458,21713320,426900347,250643841,401754241,318919978,20385426,20228090,20142646,20098789,317652127,321045566,354400492,352403422,20547014,21395221,20410674,20571225,153793232,154978542,156865990,185140801,50865159,47458191,43497488,45732566,154313676,152266306,153709429,154573444,34287939,31884460,26952552,27091836,
189,192347668,201558375,170588382,167195479,5005396,4111192,2994728,4714233,205210456,162316058,160451679,163911318,5084255,4940044,4706123,5090094,474014876,453583313,479140879,440912077,3025395,3263677,3150092,3073411,471333434,453409160,385022149,382164477,3150504,2962771,3078137,2886664,282088453,261571286,374550329,338874055,3191355,3059945,2936003,2859513,313216501,316272286,347308040,353214771,3112872,3005099,3116494,3133849,149135487,149712207,152989108,181379874,4544506,4350911,4456528,4201776,149044297,148414594,148878689,148990704,3730446,3605297,3374990,3196569,
190,141646961,140175107,119495627,122022627,2318766,587767,174146,2263827,146318474,121013386,117622905,119154467,2462941,2286441,2013746,2219370,338064433,325615423,329965540,313985351,2232512,2468691,2323928,2103529,330411175,321193285,289724535,286807794,2341961,2164089,2281715,2026649,197146277,183744455,273516689,252592853,2412684,2278397,2153719,2082542,223410075,229086496,248109702,263049607,2325917,2223182,2332781,2338307,105632903,106027786,107695040,145929181,2301537,2245308,2574449,2185500,106142022,105304296,105492236,105605961,2315504,2332578,2329499,2156316,
191,62697380,66149898,55841416,53649678,2305941,175237,88495,2259173,62755774,56962753,53754947,61953976,2452792,2279130,2007934,2211261,162089726,154234545,152406780,147888795,2221181,2456336,2306055,2085835,152664240,151256012,141242279,139372369,2316999,2147385,2257066,1989999,91210821,80917294,130154237,101943041,2397132,2261840,2140453,2078247,109516131,109225645,118062837,127383902,2317506,2183138,2324801,2333919,50557818,50390674,51168132,102772148,2295607,2236122,2565516,2187404,50221303,50205012,50543524,50388800,2300257,2328597,2317277,2151695,
192,4163917,4240701,3853089,3886020,2104772,70646,58615,2244764,4192392,3773732,3910062,15940837,2192071,2145790,1854945,2066401,7356645,6800609,6562646,6702049,2168088,2384040,2147568,1908324,6706738,6864975,6731115,6640762,2001826,1956760,1977550,1582353,5050537,4463765,6210715,5226115,2249624,2016111,1966040,2071964,5842489,5657141,6083268,6422303,2180500,1697918,2265125,2319635,3971618,3579355,3890034,62259243,2211355,2151927,2517103,2147473,3626904,3656482,3870689,3746778,2195039,2264367,2202350,2140798,
193,2438989,2495574,2357656,2439742,1670767,58732,44696,2205977,2552754,2248214,2458302,14464211,1657494,1799462,1495686,1712811,2587330,2405774,2260222,2497176,2020010,2181717,1774241,1518981,2432193,2602621,2540923,2513393,1441847,1544970,1462490,1024483,2515621,2291932,2484264,2356398,1897358,1542460,1590325,2053675,2471094,2407674,2565097,2532261,1840304,1059013,2098913,2297816,2567804,2180586,2482808,58597127,1979879,1899115,2368312,2031432,2216701,2256042,2463711,2352353,1907678,2078863,1905970,2123957,
194,2340245,2390711,2267081,2337002,903373,42847,25807,2018743,2456508,2166829,2373518,14168105,804982,1056858,809801,973016,2321324,2175659,2025305,2273410,1549388,1609945,1047474,838764,2195421,2377253,2318702,2285972,666833,831865,703287,407368,2372641,2158567,2287265,2185301,1135638,771199,883321,1972503,2266357,2213231,2362653,2310387,1124013,391515,1581347,2187797,2437913,2090305,2402276,54515054,1302671,1274821,1880374,1637773,2134779,2148274,2380306,2267054,1245063,1542753,1241712,2040597,
195,2331901,2365436,2235898,2262095,322272,25296,11025,1542964,2437478,2150808,2364497,13839443,250933,398609,276899,345696,2272560,2169808,1990727,2264969,880322,855306,418464,307044,2160947,2361588,2308612,2261776,208147,297540,226111,115045,2359120,2117340,2280790,2177116,438668,246633,314492,1690654,2249001,2165587,2352320,2298789,457144,104484,848670,1851000,2314278,2050506,2382402,50325829,660438,590564,1108064,1000867,2108820,2071282,2366851,2241322,562343,833771,563992,1778990,
196,2313286,2270570,2125672,1995122,95626,11587,4080,896405,2390184,2111122,2324205,13119549,71759,113057,74197,92187,2066195,2143483,1824819,2236661,361828,328931,129376,90331,1988967,2273246,2287764,2120580,64709,87067,67700,39273,2293831,1923466,2248202,2148039,127638,68699,87751,1160133,2155371,1970860,2306351,2247250,139951,39214,319155,1264779,1979457,1918933,2316538,44232687,229720,198453,469291,449020,2042282,1852549,2327413,2168105,189381,325623,192796,1278728,
197,2263854,2024473,1838826,1495943,38634,4221,1962,326799,2248144,1984680,2212930,11717134,36711,38957,28338,32465,1583440,2040160,1435973,2143238,101108,92682,42927,33356,1570428,2013184,2204951,1749877,34724,35176,33297,24941,2103803,1508789,2132312,2033615,44188,32309,33448,515029,1884174,1526052,2153378,2073128,44707,29382,82688,578316,1421887,1637746,2151174,37863583,64382,55929,133085,132181,1879163,1447233,2237984,1994068,56873,88953,58979,638268,
198,2051438,1376627,1160357,711206,31240,1981,1544,79820,1774986,1561443,1819102,8440535,32645,29787,23981,26314,756734,1631770,724737,1750769,36743,40514,29642,25758,783082,1300723,1854264,962434,30342,27873,28492,22961,1542357,773800,1707448,1597765,33837,28268,26914,133006,1137502,750533,1622526,1501740,30949,27837,34211,162756,632210,1014611,1646987,29303456,34647,31163,46476,41766,1413284,744187,1935786,1504499,33504,35039,34723,196064,
199,1591730,686812,529735,250013,29540,1516,1304,35247,1081880,942583,1188541,4803441,31207,28603,22939,25288,253351,984307,258678,1101854,28400,34135,27911,24364,270857,596023,1227808,368865,28810,26179,27346,22147,849032,287308,1057699,958120,31899,27259,25375,40374,557729,264341,906909,793396,29271,26337,29713,50799,212269,455820,962219,22655739,31196,28295,35784,28831,797432,277592,1377630,861088,30268,28743,31876,57295,
200,882165,220299,157372,72807,28569,1275,1094,29870,425461,366538,518407,2030163,29979,27606,21507,24060,66673,367364,66453,443687,26682,32254,26575,23276,68519,170364,522247,97471,27562,24972,26152,21163,299566,78568,427999,365345,31023,25783,24994,27548,167857,70274,316612,260982,28163,25061,28447,33259,66875,137115,363644,18214628,30017,27339,33443,26914,283837,78555,669415,318888,29100,26994,30282,30024,
201,337326,68518,51232,37986,27790,1200,982,28597,127539,107494,165565,961406,29041,26198,20774,23050,33351,100202,29712,126602,25528,30979,25582,22239,31591,51410,154044,37587,26398,24325,24774,19999,88501,34089,129651,103942,29887,24785,23748,25827,52633,32063,88204,72446,26794,23940,27325,30886,39291,46488,109038,16275454,28826,25965,32143,25774,83085,35589,230833,96905,28072,25932,28961,26119,
202,81460,36200,30271,32277,26414,873,708,27473,43913,35798,48460,670885,27408,25302,19822,22066,29168,34366,24676,38917,24241,29864,24100,21229,27020,32259,43274,29539,25256,23327,23412,19088,37508,26771,43992,35780,28055,23503,22734,25313,31273,26458,36213,32800,25362,23120,26076,29260,34178,27757,40919,15138800,27893,24716,30573,24796,32643,28139,60759,38448,26491,24563,28054,24652,
203,38051,32238,27693,30525,24812,724,576,26772,34193,27990,32930,614340,25814,23935,18730,20676,28384,28506,23677,30256,23089,28199,22709,20395,25814,30119,31992,28249,23589,21803,22072,17717,31872,25540,34410,28568,26820,22030,21173,24510,28613,25259,31748,29570,24730,21343,24863,27927,32748,25191,32786,14236577,26827,23727,29324,24147,27270,26775,36092,31019,25422,23844,26785,23796,
204,30440,30785,26426,29088,23658,555,477,25778,32333,26211,29801,576552,24228,22786,17561,19563,26730,27079,22718,28584,21968,27145,21735,18852,24789,29001,30091,27007,22363,20719,20843,16366,29966,24332,31964,26914,25326,20532,20144,23779,27587,24172,30829,28126,22921,19953,23624,27210,31308,24141,31187,13228329,25296,22486,27841,23173,25790,25218,31281,29392,23879,22544,25172,23010,
205,29627,29586,25309,27691,21905,499,460,24835,30771,25100,28834,546234,22482,21359,15937,18075,25484,26008,21623,27511,20741,25272,20088,17309,23522,28121,29204,26083,20296,19078,18676,14642,29035,23394,31148,25964,23477,18771,18480,22740,26614,23367,29366,27072,21483,18118,22282,26200,30195,22917,29671,12305847,24023,21167,26242,22171,24729,24163,30358,28021,22388,21103,23839,21970,
206,27777,28346,23647,26616,19948,446,432,23583,29546,23826,27620,509726,20371,19449,14124,16289,23938,24797,20600,26248,19168,23412,17835,15588,22186,26758,27856,24775,17944,17004,16153,12017,27467,22072,29735,25149,21219,16391,16602,21700,25302,22222,27948,25633,19275,15424,20649,25268,27944,21767,28690,11163006,22152,19327,24350,20874,23319,22866,28560,27185,20721,19604,22238,20917,
207,26799,27097,22773,25362,17421,452,428,22694,28581,22922,26534,475796,16973,17253,11302,13874,22537,23782,19241,25388,17477,21628,15884,13290,21359,25694,26575,23335,14842,14202,13084,8602,26130,20842,28731,23869,18514,13213,13744,20667,23932,20907,26281,24610,17201,11255,18738,24126,26483,20703,27541,10130044,20340,17682,22053,19667,22324,21816,27320,25819,18503,17436,20042,20004,
208,25446,25408,21215,23583,13283,425,411,21354,27031,21485,24923,434256,11706,13592,7338,9848,20693,22355,18013,23957,15092,18369,11614,9247,19489,24007,25653,21884,9481,10034,8243,4627,24685,19526,27507,22727,14474,8006,9334,19608,22557,19135,25112,23249,13027,6221,16345,22518,24268,19404,25771,8898171,17121,14373,18741,18114,21071,19932,25952,24435,15504,14554,17140,18603,
209,24010,23817,19940,21622,8321,400,384,19808,25596,20038,23686,393705,6420,9340,3510,5386,18948,21173,16533,22770,11678,14042,7145,5118,18029,22771,24098,20371,4664,5579,3797,1870,23162,18185,26181,21089,8925,3717,4962,18219,21228,17979,23839,21643,8333,2691,12600,20891,21968,17894,24322,7817841,12813,10172,14640,15976,19829,18136,24620,22643,11065,10818,12507,17097,
210,22392,21694,18032,18925,3739,355,335,17490,23866,18791,22150,343829,2490,4288,1219,2030,15972,19797,14383,20833,7004,8765,3070,2112,15623,20870,22660,18602,1800,2168,1491,866,21180,15686,24794,19495,3849,1325,1892,16735,19027,16136,21987,19673,3772,1011,7714,19291,18183,15750,22686,6574407,7186,5324,8770,13486,17900,15679,22549,21270,6024,6156,6954,15498,
211,20852,19774,15491,16078,1474,352,341,14984,22163,16723,20395,296352,1096,1774,684,886,12341,18134,11756,19222,3437,4334,1301,926,12608,18992,21069,16532,901,973,781,599,19154,13184,22743,17998,1535,692,862,14629,16721,13314,19826,17867,1487,735,3747,16831,13506,13454,20653,5573759,3306,2307,4222,9641,15862,12527,21050,19408,2604,2758,3180,12977,
212,19034,16081,11625,10786,885,368,358,11780,19783,14160,18064,229087,811,871,545,616,6908,15820,7529,16426,1585,1828,794,648,7991,16023,18378,12404,720,703,663,544,15328,8769,20438,15416,888,545,686,11804,13048,9192,16861,14981,822,613,1686,13923,7285,9445,18184,4469546,1491,1103,1848,6107,12163,7537,18613,16573,1199,1242,1420,10042,
213,16654,11482,7320,6231,699,377,363,7365,17584,10554,15245,162428,749,644,501,587,3224,13052,4052,13440,826,974,659,590,4078,11920,16060,8236,650,623,645,539,11283,4825,16922,11838,728,585,616,7921,8810,5192,13049,11312,664,566,841,9693,3331,5345,14923,3623988,924,759,964,2831,8020,3689,15230,12890,788,701,795,6282,
214,12383,5732,3012,2495,629,311,298,3370,12826,5716,10711,85486,704,645,527,579,1107,8033,1507,8103,635,656,638,515,1394,6522,11249,3758,605,587,580,484,5722,1754,10873,6927,642,528,574,3763,4131,1936,7342,6085,599,518,643,5051,1216,1985,9470,2833908,813,685,784,1207,3346,1237,9707,7448,642,543,671,2914,
215,7830,2476,1288,1151,619,313,310,1445,8256,2545,6395,42723,702,601,484,547,727,3999,723,4059,594,698,583,524,728,2882,6888,1579,578,584,512,481,2573,842,5917,3399,615,495,554,1604,1730,857,3384,2808,592,497,580,2304,766,985,5014,2389815,778,632,729,781,1371,727,5311,3636,655,570,702,1371,
216,3730,1117,764,772,585,326,319,771,3768,1058,2816,23796,632,616,436,502,641,1475,624,1629,564,584,556,472,606,1205,2982,852,573,541,500,433,1156,611,2437,1383,579,486,556,774,881,646,1367,1099,596,573,599,1064,753,632,2025,2112398,733,576,719,644,757,615,2040,1441,638,492,599,671,
217,1599,792,665,704,587,310,301,686,1493,706,1206,18214,649,580,448,491,607,781,574,834,580,579,571,460,621,767,1259,690,560,501,511,410,736,576,1130,773,553,409,516,680,675,604,854,657,545,507,536,765,678,589,980,1908741,722,581,679,672,633,554,909,865,558,493,613,667,
218,827,649,589,714,571,272,264,633,792,620,756,15863,653,532,409,484,596,594,533,647,505,586,527,479,547,695,758,659,514,503,486,446,681,503,872,627,524,387,451,659,596,536,700,550,528,477,508,650,644,534,708,1707989,732,575,642,585,649,528,687,719,589,510,576,559,
219,690,726,619,682,507,273,263,627,717,548,639,14525,592,487,418,429,522,574,480,621,548,559,459,443,522,631,742,567,472,457,491,401,639,550,744,638,509,391,462,593,543,549,635,559,508,407,483,606,656,537,704,1532078,638,541,645,573,579,521,669,660,531,433,500,551,
220,620,623,546,639,509,287,282,600,621,573,609,12984,541,490,373,434,513,585,458,572,456,522,490,405,526,624,674,589,457,441,387,372,636,535,767,557,445,335,407,531,576,463,586,508,421,376,489,639,615,524,633,1354192,626,503,567,518,557,488,652,644,490,382,502,526,
221,674,619,478,573,472,254,249,577,679,521,608,11657,486,483,336,379,487,555,453,552,445,478,412,368,509,591,645,554,399,406,391,336,559,468,693,487,450,319,405,584,547,480,582,484,436,346,498,628,576,475,663,1195557,650,481,503,542,511,460,617,618,500,400,503,514,
222,623,563,530,560,417,235,227,539,575,508,546,10179,446,412,302,352,438,538,439,527,424,421,402,349,439,569,612,548,374,366,325,262,541,451,670,525,374,274,353,541,528,434,598,425,404,307,431,530,536,471,603,1018259,578,465,440,506,516,423,565,552,444,390,446,577,
223,550,557,502,544,377,255,248,552,578,486,566,9048,389,391,268,324,446,504,419,512,399,403,340,298,406,543,590,531,311,316,277,263,514,460,699,499,329,220,332,494,505,449,545,432,337,287,403,541,462,458,621,880295,471,423,462,464,454,442,508,565,402,345,413,518,
224,554,487,442,507,311,223,223,505,529,393,504,7351,268,288,229,276,340,498,345,488,303,367,280,245,393,517,614,468,259,300,298,245,514,338,619,480,286,173,261,485,479,441,490,349,280,255,334,518,434,384,561,701014,386,323,388,419,392,344,524,489,360,313,331,430,
225,492,446,422,459,273,244,229,450,489,400,467,6120,264,288,216,226,366,420,323,492,297,273,251,230,345,487,555,461,253,229,223,238,456,364,566,458,221,166,240,419,416,345,455,355,265,239,285,473,385,375,490,584562,371,284,331,380,386,308,493,485,267,205,299,461,
226,505,476,408,400,266,219,214,429,447,403,445,4671,266,263,244,236,269,430,278,389,280,247,233,210,328,450,527,438,263,219,228,221,410,313,550,413,243,174,242,458,371,346,452,340,227,228,255,425,301,308,498,469782,294,265,288,394,359,265,416,423,269,216,238,409,
227,457,429,313,356,234,213,210,412,428,340,424,3484,262,265,219,229,248,390,257,379,253,249,244,240,283,426,473,351,226,242,223,222,366,274,515,407,193,158,251,385,316,301,440,304,220,235,230,428,273,320,429,385737,294,276,263,340,318,255,376,407,245,215,221,404,
228,359,343,295,314,227,218,213,370,426,315,375,2354,268,242,241,247,240,340,259,351,211,213,235,205,247,359,444,311,233,201,211,231,320,253,450,276,167,158,239,345,303,287,333,268,209,194,217,379,237,246,402,306657,267,249,254,309,218,231,335,332,201,219,215,361,
229,368,278,272,290,187,193,184,347,430,254,337,1378,261,232,182,203,261,297,246,309,216,232,244,200,236,309,375,278,222,228,250,201,255,243,364,285,188,162,250,349,254,207,303,254,215,253,220,333,226,255,364,256458,271,251,265,272,241,218,266,298,254,198,205,305,
230,335,246,236,274,234,171,166,285,268,237,293,864,281,253,214,214,229,243,233,249,234,201,239,188,247,297,341,302,212,218,210,206,258,245,288,273,171,166,214,309,223,247,256,180,224,227,202,286,226,242,296,212797,252,273,248,259,231,233,253,272,212,195,217,285,
231,311,273,258,260,247,190,185,297,277,248,251,683,261,219,191,231,222,267,233,276,239,230,254,233,239,272,318,258,209,195,203,187,244,232,253,201,185,144,215,250,239,200,238,177,251,218,250,249,222,245,285,187949,258,231,258,224,195,185,222,251,223,213,223,265,
232,278,270,252,260,208,191,185,226,227,235,235,559,228,224,188,211,216,222,213,252,238,235,221,183,204,227,266,248,198,235,224,240,244,183,184,215,183,149,215,258,222,237,230,184,188,183,192,243,219,241,273,164755,236,219,265,259,204,229,259,180,221,222,196,240,
233,223,264,220,268,211,165,159,249,210,212,244,504,212,208,188,189,228,233,193,266,200,185,218,190,214,239,253,251,210,188,210,188,232,221,198,230,188,160,197,256,233,216,211,150,198,177,208,208,215,220,251,145465,242,234,264,231,218,196,215,224,252,171,205,219,
234,233,224,233,271,218,184,180,262,189,223,236,508,248,206,179,204,189,224,205,255,219,175,207,183,227,244,274,240,182,189,198,190,257,217,211,220,162,149,212,264,238,198,226,161,192,197,188,243,214,242,250,124144,224,228,239,259,192,190,190,261,197,192,200,235,
235,208,253,237,292,191,179,177,253,178,201,196,474,216,192,172,183,216,242,211,217,212,212,176,187,242,228,257,227,212,191,183,161,257,226,240,219,168,147,178,275,222,198,224,175,184,167,198,240,222,213,235,107689,232,240,251,257,205,202,208,240,231,170,179,229,
236,233,265,214,263,191,187,181,248,198,216,206,436,209,178,182,190,219,213,192,212,215,198,199,182,219,239,252,239,182,193,185,172,233,179,254,189,166,128,191,268,238,198,244,170,188,185,194,219,195,212,243,89877,241,202,230,257,180,189,224,234,220,177,192,237,
237,234,223,211,232,166,169,169,265,180,224,211,387,217,209,187,165,215,219,185,227,218,188,212,184,221,266,259,246,194,183,161,184,215,191,201,199,163,126,185,224,217,158,220,143,173,185,192,203,191,198,214,77757,225,205,215,225,202,198,213,211,202,153,185,250,
238,227,240,217,267,178,160,157,250,201,189,227,370,220,188,160,169,178,219,173,217,196,180,185,179,214,227,269,243,171,184,188,150,223,196,212,225,169,114,197,227,226,198,197,135,195,164,186,199,188,211,232,63474,226,223,229,230,180,181,192,200,190,150,165,254,
239,228,225,236,227,182,163,157,220,214,231,202,321,188,188,153,149,185,220,184,200,174,159,176,168,199,240,258,257,185,186,184,189,215,166,216,197,157,137,197,256,226,198,218,144,158,172,172,220,152,193,220,53075,204,187,208,237,185,213,210,194,155,150,169,250,
240,205,246,228,226,168,151,143,222,189,188,220,299,203,174,163,154,174,219,145,207,190,166,170,182,199,224,247,212,182,188,170,164,213,166,196,185,166,131,175,229,207,224,199,141,153,157,175,190,180,190,231,42243,216,200,205,235,172,181,201,210,171,156,161,212,
241,201,212,189,226,174,143,139,193,193,216,196,285,203,160,158,181,169,174,160,196,166,168,166,145,172,207,237,221,180,170,178,168,228,170,199,190,131,138,164,214,195,189,221,130,146,175,158,203,161,189,211,34768,198,190,206,225,172,161,194,190,210,162,124,232,
242,186,206,207,203,164,120,118,214,163,183,184,258,199,158,161,168,186,193,155,185,183,156,174,182,209,198,239,185,168,182,175,174,191,161,186,178,150,129,187,244,177,194,198,153,147,166,187,211,170,204,198,27738,189,203,187,203,153,138,186,186,164,151,163,216,
243,188,206,167,245,150,146,142,193,182,168,207,221,165,166,139,154,170,187,172,203,146,164,183,160,170,191,257,218,159,162,179,162,201,142,172,180,143,102,183,199,176,150,197,123,153,131,150,191,166,148,213,23090,219,194,214,185,179,164,191,179,196,155,148,223,
244,180,210,180,200,171,117,112,187,165,162,169,195,184,170,156,162,183,182,185,184,188,151,148,171,192,203,218,205,149,173,144,147,195,154,185,166,137,132,166,192,199,153,187,123,175,137,164,182,178,169,178,19081,182,188,188,188,140,158,149,171,152,148,165,216,
245,207,164,180,205,168,144,140,176,164,157,176,195,185,145,138,167,137,189,165,198,173,144,169,140,152,191,194,218,154,169,164,143,190,145,172,174,136,118,157,172,167,166,188,125,142,156,151,184,177,158,197,16568,199,183,178,176,149,151,205,167,181,122,138,210,
246,184,199,189,184,168,101,97,205,178,184,179,183,172,174,128,173,155,169,157,184,174,148,178,151,184,192,209,180,178,170,148,138,191,164,179,173,122,104,180,200,176,156,171,125,171,145,161,189,154,166,200,13768,192,176,205,169,168,143,156,170,167,146,165,215,
247,188,198,181,204,163,118,117,203,143,182,180,178,182,166,132,154,181,170,140,158,166,172,161,171,181,195,208,219,156,137,160,140,185,147,184,141,157,117,188,212,158,161,176,125,140,152,159,175,171,153,182,11917,177,192,174,202,128,175,187,172,185,137,158,203,
248,164,190,182,219,176,115,117,181,171,146,167,174,185,173,114,141,156,142,139,167,147,157,137,134,168,190,203,151,173,143,141,145,183,132,166,161,134,103,173,185,179,145,172,118,151,140,151,179,174,167,214,10316,159,177,167,191,156,157,147,162,156,124,153,196,
249,174,188,190,196,148,133,133,168,161,163,143,169,193,147,131,147,169,167,156,166,151,133,145,132,156,185,200,177,152,152,162,142,191,139,173,166,144,89,162,189,165,157,174,118,143,143,135,151,149,148,183,8966,182,171,161,191,144,142,159,166,146,121,159,174,
250,181,185,157,211,136,102,100,175,139,142,148,163,149,165,135,140,151,146,182,167,171,132,159,134,180,178,227,186,141,150,163,134,175,152,140,160,130,100,149,192,183,178,155,131,165,125,147,172,155,163,194,7414,163,161,167,183,143,144,147,170,164,166,126,209,
251,207,189,158,208,153,124,121,197,148,164,149,178,153,152,132,160,144,162,134,177,162,119,152,150,168,183,176,199,149,152,135,158,156,130,144,159,123,95,142,177,177,144,152,114,138,141,138,172,160,141,154,6483,160,156,190,199,147,143,174,168,152,108,132,171,
252,152,147,162,190,129,109,106,172,167,154,151,145,176,134,120,145,169,163,162,171,152,132,163,137,137,197,207,183,131,124,142,136,159,136,158,161,138,88,130,180,155,169,170,112,153,123,140,153,123,134,188,5181,150,182,174,157,142,129,146,173,150,121,111,168,
253,172,169,159,197,137,86,86,161,133,152,141,160,141,135,107,154,162,156,143,165,171,125,149,144,167,191,183,167,143,121,143,118,161,139,135,152,118,94,148,178,158,153,158,102,137,130,139,163,127,147,174,4330,160,166,169,178,135,118,144,151,159,122,120,172,
254,167,172,140,178,145,94,93,193,131,145,156,167,159,130,124,117,161,142,138,153,136,121,131,142,140,179,167,158,117,144,143,127,154,136,133,145,114,103,141,172,155,148,133,102,133,133,129,148,127,144,184,3492,139,149,168,157,136,141,113,134,153,97,122,174,
255,152,179,138,154,138,107,102,168,135,139,162,164,161,125,96,119,140,151,147,175,134,131,145,133,156,183,175,168,125,131,137,126,154,113,131,143,103,97,147,170,172,140,124,105,150,115,131,116,106,136,150,2897,161,158,146,162,133,124,161,160,135,110,119,172,
256,196,159,129,183,164,114,109,184,135,145,146,161,122,145,93,123,118,148,144,162,134,137,131,118,154,141,202,146,136,126,129,118,158,139,141,162,113,94,125,168,155,137,143,100,129,118,122,152,120,145,140,2505,165,137,159,165,147,118,131,153,146,85,112,159,
257,147,148,157,158,133,83,81,150,151,117,127,142,139,112,102,136,152,121,115,144,126,117,119,134,153,154,197,143,140,131,133,113,135,98,124,114,106,90,147,157,147,176,123,97,139,108,130,157,138,142,166,2081,136,155,160,160,118,112,141,139,128,118,118,162,
258,143,172,147,147,111,101,96,159,137,115,159,150,150,123,113,123,126,159,127,144,146,116,122,103,148,157,181,162,137,130,115,122,138,150,136,121,116,85,121,194,152,151,121,103,121,116,114,152,130,147,167,1671,146,151,154,139,116,103,132,138,137,108,127,178,
259,141,176,168,159,126,78,77,164,128,152,132,141,129,115,104,109,131,126,117,121,135,128,119,132,124,170,179,159,137,132,139,118,164,128,158,133,120,79,125,160,129,135,137,100,117,119,109,153,126,120,154,1516,143,135,134,149,127,128,120,140,112,100,98,149,
260,160,162,137,149,119,78,73,148,120,132,134,143,138,126,103,119,117,124,125,131,135,115,126,111,140,161,166,162,108,101,113,125,138,122,112,129,124,62,105,168,131,130,123,95,124,123,123,142,118,135,114,1203,148,151,149,143,107,120,123,126,127,97,113,160,
261,134,119,140,173,116,75,75,135,106,120,140,154,119,125,105,127,107,158,123,149,120,110,121,123,151,131,176,148,103,118,113,106,124,145,119,105,105,87,109,134,121,121,130,85,127,96,113,114,108,122,144,1026,136,145,159,149,111,115,124,129,137,103,109,143,
262,146,159,148,145,117,60,58,153,123,125,134,150,117,104,86,98,139,132,113,145,114,105,128,111,136,149,162,157,89,115,102,104,131,127,105,120,113,78,116,122,137,141,148,71,127,113,109,128,121,124,158,921,142,117,146,142,115,115,128,141,111,101,123,171,
263,167,147,140,150,129,93,92,163,122,118,134,140,121,106,96,106,128,124,115,141,127,113,129,113,126,187,154,148,117,119,125,111,135,102,101,122,105,97,117,166,120,119,132,80,118,106,116,151,110,127,156,801,106,99,150,146,117,120,128,134,122,114,115,181,
264,138,134,136,134,113,81,79,132,89,135,127,136,113,122,102,99,117,125,101,120,106,101,94,112,132,136,132,148,99,105,117,115,111,127,129,110,97,69,116,130,123,133,139,96,112,105,103,116,122,133,126,689,149,123,122,137,97,105,116,116,103,84,102,160,
265,147,123,137,131,124,72,71,142,95,116,108,134,128,109,116,102,132,136,104,155,122,114,104,95,120,155,145,141,109,93,110,117,114,102,108,127,84,80,120,146,146,123,148,103,111,111,100,120,111,111,135,605,111,108,138,123,91,102,108,116,114,88,90,147,
266,136,127,161,150,114,72,71,124,115,133,115,136,131,103,76,100,120,134,109,121,117,95,120,95,125,129,158,132,100,134,123,113,134,110,119,117,99,74,103,125,138,104,133,69,104,96,102,140,100,89,144,510,128,126,140,145,120,96,108,123,127,95,113,135,
267,123,132,142,136,118,70,70,131,121,106,130,146,121,86,80,86,126,116,121,133,102,104,110,115,129,152,183,120,117,92,109,88,103,106,122,140,85,62,123,149,122,119,118,81,114,83,123,125,115,124,145,427,125,120,131,114,105,74,110,112,111,73,99,130,
268,150,156,135,153,113,86,85,145,113,108,125,130,88,119,88,93,109,122,99,127,99,99,109,106,134,133,156,155,100,102,88,90,118,111,112,102,60,59,117,145,102,121,119,80,107,107,102,113,114,104,136,395,126,106,126,122,105,83,120,119,108,93,124,118,
269,124,119,129,127,106,69,67,119,101,108,96,131,124,102,96,99,112,118,110,122,96,112,108,96,120,134,165,140,103,100,101,87,110,107,129,99,74,56,106,124,130,108,131,89,111,79,105,127,100,119,143,361,134,111,107,138,100,87,92,120,121,75,100,142,
270,134,137,120,124,125,63,61,128,106,102,134,129,117,110,85,94,102,128,101,113,111,90,100,101,103,143,160,157,87,113,93,100,130,85,114,120,93,51,106,127,114,113,114,84,103,94,101,110,102,93,119,275,97,111,105,116,99,88,81,121,126,97,100,143,
271,122,137,112,149,106,72,70,121,92,94,106,115,109,99,78,81,109,94,97,108,116,97,114,103,120,136,142,140,101,92,100,86,137,103,99,111,93,66,119,127,95,110,103,76,95,117,118,101,95,97,122,243,119,114,107,127,93,95,89,94,109,80,80,114,
272,134,120,124,141,92,53,51,113,94,100,109,89,120,98,87,107,94,93,108,121,89,74,95,82,122,120,128,133,96,100,90,119,119,116,103,113,86,58,107,123,123,122,109,65,95,86,102,120,88,103,133,223,142,113,102,134,90,98,97,91,118,89,94,138,
273,111,148,133,121,97,73,68,106,111,97,89,102,114,107,85,97,98,104,107,112,98,94,98,99,126,142,151,126,101,96,93,93,122,93,78,102,86,59,104,110,109,102,100,68,104,79,77,122,105,119,118,205,97,94,115,133,99,112,123,124,115,73,104,118,
274,125,137,110,134,96,53,51,115,76,91,100,99,122,86,78,87,92,117,92,112,97,107,105,90,105,111,131,134,108,90,112,94,83,83,107,118,91,66,97,145,118,88,111,62,104,79,85,98,97,95,118,162,108,116,105,126,89,92,84,112,95,74,75,121,
275,108,100,113,143,105,60,60,129,85,86,102,98,98,97,80,105,104,111,90,119,98,92,88,70,96,111,144,121,93,86,86,79,113,109,79,108,76,49,101,111,103,105,100,66,97,84,91,129,96,87,104,176,112,93,110,110,82,86,85,110,106,72,94,111,
276,129,125,118,142,98,61,60,116,88,96,76,113,89,80,65,79,83,86,95,93,105,70,104,91,120,126,133,129,95,76,88,82,116,98,91,95,78,49,86,136,103,93,108,72,107,81,95,107,95,106,103,160,97,103,99,126,78,84,84,93,106,76,87,111,
277,112,128,84,137,103,61,57,121,103,100,88,108,79,76,68,87,83,108,83,106,79,76,96,96,104,113,107,103,81,88,99,88,116,102,90,89,68,67,98,137,109,78,108,54,105,74,84,106,98,105,97,150,85,92,126,133,74,73,77,109,100,75,79,117,
278,116,106,108,113,91,68,68,126,99,82,82,86,82,76,84,74,78,114,84,108,80,73,86,86,110,104,129,121,85,78,96,79,111,73,88,81,76,47,89,125,105,87,85,65,85,73,87,107,84,88,119,127,101,95,105,130,72,71,90,107,99,63,80,116,
279,133,114,113,118,84,52,47,128,83,81,99,98,95,89,94,73,96,100,92,101,97,76,101,88,98,118,149,110,77,104,89,80,98,94,99,100,77,54,91,121,100,95,118,55,83,77,81,83,87,86,112,131,87,90,107,119,79,88,89,106,95,80,86,129,
280,94,112,89,128,86,48,46,116,102,79,86,105,96,87,67,83,79,113,92,91,80,93,93,94,108,98,131,125,93,77,91,83,114,95,80,80,70,54,73,110,88,90,91,67,84,77,88,100,100,90,116,138,75,97,99,104,68,77,93,105,92,60,97,113,
281,118,117,90,114,84,51,50,100,100,92,94,94,93,83,75,77,109,94,86,80,81,75,72,81,86,120,116,97,96,93,84,67,111,87,97,111,78,47,87,99,89,77,102,56,68,78,85,97,68,74,99,98,102,70,110,113,87,66,95,91,86,75,77,117,
282,125,103,130,129,109,54,53,123,87,74,101,106,97,85,51,64,72,87,80,86,86,84,80,86,96,90,136,99,71,107,79,84,99,81,87,110,61,60,87,112,105,95,97,60,73,87,82,91,72,72,108,115,93,96,80,101,71,80,79,86,88,81,63,118,
283,95,117,104,100,99,44,44,116,77,95,75,83,97,79,78,72,88,81,83,96,77,67,86,71,103,106,99,92,86,80,88,90,97,69,117,88,54,49,78,122,94,92,77,65,66,73,96,93,65,69,104,107,85,108,105,109,67,80,78,88,88,71,67,106,
284,93,91,115,94,84,47,48,113,73,68,90,101,90,70,65,82,71,99,82,106,79,60,94,77,82,97,100,97,72,80,77,79,94,85,95,95,64,52,80,98,78,85,88,57,89,82,85,107,70,100,69,88,92,77,106,95,71,72,74,105,79,58,71,110,
285,90,110,87,91,83,49,49,89,76,91,91,92,85,77,78,73,73,100,79,100,72,63,95,103,85,131,105,120,78,82,84,85,107,96,84,88,63,52,77,110,85,72,94,50,71,66,69,108,72,91,87,97,86,86,92,115,73,63,78,73,88,66,75,111,
286,101,104,67,120,75,46,45,116,75,86,79,71,82,90,61,68,89,78,80,89,77,88,79,63,104,120,116,112,96,96,93,94,98,92,86,92,69,30,97,83,81,85,79,50,87,55,82,81,57,76,97,85,88,103,85,101,72,68,85,96,90,57,61,94,
287,107,98,97,110,81,38,39,100,71,66,90,72,98,59,72,76,103,81,97,89,77,81,89,64,103,113,100,94,75,83,78,95,67,70,77,89,59,55,72,113,85,77,96,56,69,73,85,85,77,79,69,110,84,83,96,115,52,63,80,103,89,69,67,110,
288,102,99,91,103,82,40,39,101,68,67,89,71,80,73,53,68,80,77,63,79,78,66,77,72,96,113,113,82,58,78,77,78,90,63,89,86,67,50,84,99,70,76,68,54,67,64,64,92,76,79,85,98,63,88,92,107,59,82,78,98,68,65,61,100,
289,83,102,84,111,69,35,34,105,65,98,85,90,71,60,58,76,80,76,57,78,69,61,87,64,93,105,107,97,85,77,63,80,102,82,76,89,80,56,76,101,82,84,100,44,77,73,80,77,70,88,92,103,81,81,97,94,69,61,64,86,89,45,52,121,
290,96,94,83,92,69,33,33,91,67,71,81,81,95,67,58,47,74,81,77,88,86,88,81,62,91,110,101,101,72,86,73,67,87,84,87,75,55,42,80,77,96,83,91,50,62,45,80,100,80,77,83,80,80,86,99,95,57,59,67,63,77,62,69,81,
291,88,107,87,118,74,34,34,87,77,88,66,76,77,89,49,61,76,58,67,81,58,59,83,61,87,88,109,80,83,54,69,68,92,63,94,88,60,40,64,112,92,80,93,51,58,66,84,87,76,69,94,93,89,75,81,98,61,58,75,73,79,56,65,97,
292,85,106,90,93,65,40,39,94,75,71,75,85,75,69,51,45,77,76,84,82,69,65,81,62,88,97,105,101,62,62,66,66,88,77,77,64,64,47,74,99,77,74,86,51,79,60,68,92,56,76,73,84,87,92,72,94,74,66,72,65,77,59,60,91,
293,102,94,93,102,77,47,45,82,67,70,82,79,81,77,75,54,73,76,71,85,78,63,69,77,75,105,94,94,75,73,73,55,91,78,76,71,50,53,72,93,78,61,80,53,55,67,68,86,63,81,84,78,79,62,104,73,67,49,65,86,81,61,50,104,
294,76,104,90,109,63,41,41,91,67,74,78,91,73,60,53,55,73,66,73,93,72,50,80,60,82,107,102,98,63,73,61,62,92,69,83,70,60,40,59,99,75,69,93,44,62,67,64,76,88,69,86,90,72,89,82,91,54,57,58,69,72,54,76,79,
295,87,82,56,95,60,28,28,101,78,60,64,70,67,58,65,52,68,79,67,87,75,65,71,52,85,108,97,92,47,69,71,55,85,76,83,68,39,42,57,100,79,68,82,48,64,50,62,80,61,57,78,88,76,79,79,64,47,57,76,72,56,62,58,99,
296,108,105,89,87,58,26,25,92,83,63,60,80,66,60,48,62,70,75,64,85,66,60,67,61,74,83,112,80,64,57,81,66,80,62,75,81,53,32,71,95,65,93,66,35,70,48,62,90,67,66,79,81,82,59,71,99,50,68,49,70,61,54,59,108,
297,77,92,75,99,74,32,31,93,65,71,65,68,64,66,51,49,62,68,83,85,66,54,70,53,74,91,95,92,58,57,61,68,85,64,83,83,50,26,68,97,68,77,79,35,62,69,75,84,74,59,64,75,70,60,75,80,49,64,66,75,57,67,61,86,
298,88,84,73,100,70,37,34,91,76,51,68,72,77,63,50,57,75,65,58,79,71,50,69,54,79,84,91,92,61,72,66,59,76,61,65,69,48,33,68,85,70,58,82,45,55,69,62,90,55,58,71,77,68,86,61,96,57,51,62,76,70,48,51,90,
299,70,80,88,122,68,26,24,76,80,62,63,65,58,64,43,51,82,53,70,67,52,63,55,62,75,113,92,97,73,76,70,57,96,56,81,67,51,39,63,86,75,59,82,45,52,55,70,64,61,58,84,71,68,49,74,73,53,61,57,67,63,64,60,90,
