165,677,701,740,1271,6437,476,515,34388,1896,526,1088,20256,5233,5201,1898,2672,504,582,681,590,4490,4175,5556,3073,616,1749,1004,1484,4295,2693,3211,2524,592,883,1213,585,4614,2145,1995,22573,808,1001,707,786,3475,4031,3879,33476,803,470,1397,5733614,5251,3418,2788,32288,375,493,451,1089,5323,3198,7390,9764,
166,1100,1173,1234,2014,17607,582,660,60200,2599,828,1748,39258,14122,14283,2876,5582,698,975,1016,913,12659,10512,15399,8045,1058,2538,1618,2129,11546,5828,8390,6311,913,1323,1886,981,13249,4120,3176,37647,1290,1510,1187,1349,9429,11319,10566,51125,1481,802,1967,7473903,13751,8412,5032,51312,738,816,733,1669,14751,7646,20531,22736,
167,1606,1817,1749,2702,37885,681,874,83061,3752,1289,2338,62071,33798,34470,6662,15534,1202,1489,1508,1436,27896,26387,32825,20508,1632,3473,2226,2990,28383,15943,21671,16699,1459,1835,2537,1447,31962,11651,7996,49276,1837,2086,1839,2075,24303,27892,26048,64582,2125,1172,2665,9279378,31521,21249,12023,68792,1052,1293,1213,2154,32834,19349,40345,38224,
168,2314,2628,2374,4047,68671,908,1332,93205,8308,1764,3322,95492,67066,68793,18224,37098,1802,2208,2276,2109,46706,50060,51646,38229,2356,6097,3022,4967,51202,34360,41902,33561,2037,2575,3435,2066,56187,28915,21975,58998,2645,3053,2662,2825,45461,50281,47369,76325,3111,1745,3996,11555032,56718,42325,29694,80821,1517,1768,1813,3066,55585,39284,63574,51440,
169,3062,3794,3471,8325,100320,1568,2807,113843,20270,2384,6100,143169,106405,102849,41579,69146,2727,2996,3132,2915,62664,72614,67881,54443,3315,15120,4547,11946,73009,55684,62548,51602,2916,4606,6081,2809,77181,50441,41624,71503,3858,5686,3652,4549,65616,70170,67271,98501,4980,2380,8494,14168579,86100,68519,56830,115107,2083,2568,2492,5867,80013,60739,84200,63665,
170,6519,9565,9734,24864,131529,3373,7380,251586,44696,4298,18503,261811,133213,123914,75918,94161,4807,5912,7854,5235,82104,97389,93632,73355,7299,38122,12707,31755,100168,77028,84781,71833,5437,14598,17316,5806,100580,70947,61919,118318,9809,17552,8105,12391,85966,97396,87241,209001,13674,4789,24298,18003779,108576,97305,94539,317823,3590,6088,4153,17601,105650,82750,120080,83245,
171,16581,24406,24642,50289,268529,9263,22143,847050,67123,10987,38523,483743,228219,208641,96383,119711,12408,15294,20501,12464,137451,153080,190083,127161,19091,71772,29429,59850,195478,116766,142429,127237,14642,32703,38016,14928,167340,99427,84819,366138,24598,36921,20383,29509,135891,213805,135738,668772,33380,12320,47810,22046123,164728,140872,126197,986323,8228,16397,9722,36243,200149,119332,275539,167914,
172,39548,53723,51595,82681,798464,25610,69414,2284523,89908,29035,65803,889945,668596,623439,149375,261781,34879,41153,49291,33312,369363,386911,565169,360598,50133,107048,63439,96182,585341,294899,394038,372395,37829,60914,69145,36884,474190,215625,163044,1043554,55358,69523,47886,61331,362079,675945,356317,1626077,67716,32632,74370,27262615,428228,343984,201206,2178115,22953,37388,26748,60878,571336,267435,792418,486906,
173,64890,85440,76335,107407,2338314,100598,244333,4192531,118436,51105,87746,1322041,2245559,2213150,484856,985498,72305,77588,81120,67948,1129662,1200700,1540457,1122973,89464,122588,97052,114714,1673201,987805,1247042,1162610,65948,85160,97266,66022,1477808,774819,587079,2016307,86529,96577,84985,95590,1179338,1859744,1180002,2705385,97846,55559,97395,32199593,1370955,1105043,582089,3527758,41608,59352,50340,80626,1632770,871428,1992681,1332111,
174,93275,123348,108102,194270,5450217,4831766,5723484,10610818,250293,76483,128718,1941756,10662190,10586954,10882396,8257000,112098,106534,102311,104791,6812633,7301215,8359103,8537365,118762,198872,123714,184326,7452653,6047645,6883376,7417409,97677,124567,127892,98962,9545515,8793547,8903702,10516440,118731,134434,122147,124979,7468231,9758161,11219272,10170996,161048,84382,158932,38260034,7917803,6895428,6349854,9167286,63402,95473,79513,132388,8205190,6687978,9483384,8193354,
175,148518,278130,246499,641982,151696498,137356520,139562675,187542079,870782,128364,341032,3081571,177652290,181172242,254045985,161498803,155833,140249,183596,135229,141610011,148572201,176401188,193508092,193401,653667,218592,613602,146208971,125657097,135212302,160759491,189829,406444,308092,159870,197891525,201791890,207649349,227871299,264087,408934,203604,241173,160472447,227686861,261813411,219641785,403497,151361,415218,43868310,149771192,125908696,135781845,213263106,93097,202173,117524,315217,149776905,134691640,177307949,175223910,
176,541701,1134084,1032681,2118036,262092030,217184714,220062687,276019471,2269894,516091,1303758,6884211,263209827,275832161,257526772,257120515,529560,462090,799652,400859,210057684,235049377,360886163,272559713,802311,2408543,875123,2184200,215303836,195943213,190640467,201189206,816423,1531705,1190202,622557,184352521,182054575,191870687,207801323,1074027,1538000,776647,965636,246906513,204185502,197480947,201967327,1489515,588447,1457736,52283351,247170400,209405827,214072206,262982990,274482,774729,342948,1119971,243203300,261241801,254031078,221391496,
177,1598700,2654543,2443305,3841917,320062276,279599292,292966620,346700954,3626283,1494562,2677017,12203264,328632345,334593409,284459467,291383317,1831517,1577869,2325117,1261867,212858044,241604328,229784087,299395367,2360488,4422598,2276051,4082187,267416911,199943670,184970210,296103044,2054011,3029358,2552970,1651772,161293574,158453060,161884747,166662429,2460237,3159245,2025416,2404370,210830375,168411920,167010149,173488998,3308620,1687866,2967131,61101200,311908919,273012554,202395047,314116693,981221,2063026,1117667,2499317,284046404,259114703,269295841,114849074,
178,118931074,115713620,114139575,117179490,356193210,312788605,344510333,390389812,189123165,125887115,109101293,132910105,384293828,413413448,331802476,342608608,164997429,211451429,153427698,115988866,211581820,247177849,217315507,305826492,129010256,138581210,111958853,143632722,236103025,204764267,182107219,174545389,167675788,133199500,122210355,112549977,146659277,154878120,157139434,158850634,116907598,117279472,113644670,132237617,221660630,161642124,161870750,164292216,212817229,166399682,143605119,160404606,360382100,305364922,275763638,345131432,200085813,204971278,141074493,218282632,301329932,284810641,271124674,208535525,
179,163735488,160980949,157684977,160586984,379041248,328852787,378435047,429113198,234859971,168315047,141463309,177763739,439037029,443372935,381739562,374824142,247266290,260865368,204954281,164175526,198333487,247220874,235665365,233424995,196943638,157268652,151777340,201061256,225168685,184848462,184964669,195088540,212871878,191104065,170415195,151294072,160168289,157807941,158907536,161094149,157637717,162304707,156456119,189203849,193411910,161534635,163983383,163979952,277823859,215315849,191245803,190977908,394601827,327251426,305699046,359786599,257040370,270498844,213639452,265003897,321855052,293767784,280431111,261238905,
180,190398594,184067070,180025729,181499591,398131596,330421195,392768343,467354040,220614500,199352109,168558078,182848935,489773176,494483544,462774918,410445838,313244638,260092094,238633643,164802548,199893270,212937564,224394500,330393095,225400991,255164710,189506029,213784074,206175207,194564185,176247225,187948913,214764707,209448722,222705630,186426517,161822100,155773955,155025395,160761124,192247257,204964368,200251933,218945436,206675371,159748752,160490678,160642419,220236161,191424625,184471491,142914623,405772732,339037569,302065216,372133813,225951316,218790531,195669865,213341270,330420207,304155271,283758149,225105334,
181,220806973,184660743,181879258,190002668,419869460,337943775,418948387,473808987,213834931,195123345,193198308,175836184,536765043,545785622,540623489,494050550,297338082,282825277,263483870,237863597,186438324,195895161,211324373,295687943,252598195,271618808,229408952,250949269,193218637,177811886,167281572,177802004,233839391,231146245,271374530,223876657,154024773,153479444,154044583,155691983,228303352,235557365,241014216,252298147,169909891,151689707,156272415,156480293,183441483,173167854,165759390,49712417,405724810,355163885,311899259,372659418,188017667,182697470,181728713,119743592,287862995,304200517,271423084,246852650,
182,186572126,185661583,189109202,157490680,425507354,344323150,454807133,487585202,235169539,263067788,192598866,188242913,560438198,575641857,584585108,552699583,339488617,317022083,311811120,255523813,170799382,181236653,197510222,271237397,316909931,327694900,282616077,296648823,167673902,165741395,158328809,173464869,276417949,256151593,331001978,267224064,152516920,152175147,152586935,153680116,270608706,271900692,291702037,289716746,162712687,154275614,153826291,154297910,167325533,161835702,167652392,187367704,378389013,366227471,316505208,338980151,133574880,166404220,164577032,161803315,316587400,295488282,258169726,240692287,
183,207940673,193105166,180238314,225480189,418481955,355472830,468426916,489283687,283937182,236741403,212833256,189263437,564420980,587650691,598033808,577484823,347169187,355947950,359390308,295581425,165665167,164614447,227704255,232500696,359694124,369739659,310392618,326029252,160806169,162248709,155797474,169333862,304520008,278685779,351643209,297439804,152037073,152236511,152520296,153990088,297832031,298369771,331554104,314853183,156461520,156901795,153505004,154962775,170625061,160912169,164030312,189669024,350899910,360654463,317258739,330578093,163584748,160360946,161452352,160991362,301869577,282807547,238337698,227230254,
184,218795716,195170601,184412573,194476986,429704319,383033597,477284435,494339241,234385310,223406893,172858026,179655706,562606934,597747576,606493741,532251124,383671962,394223961,396862340,331621928,164250880,174054021,181543046,233807783,397332348,393539295,326771950,340411117,159286683,161701784,155307422,168685740,312212112,273287561,395658833,319137498,152428565,147761051,152677786,152692328,321629896,309470351,354586994,329344555,155681386,158811736,153423338,153240030,159782787,159240065,164367900,187570197,345525531,351217729,317905652,324206352,194829695,155510260,158709351,164244510,290205282,279363332,232672774,228345079,
185,215318826,200387999,179992535,181635292,447031890,426871456,472981742,492866102,225549536,161139157,195864402,175661766,562755744,601714833,602482771,609243462,415919511,423851904,431941279,364032816,162081350,172500188,177663905,229000414,427422629,408784818,332204992,340570536,161454062,161163447,153444887,166232172,320067057,278708927,395452775,162344805,150579590,151157268,151347048,151934276,321819853,326812893,366628128,336538325,154236129,160077472,152486245,153941292,159041355,158210129,162401444,179139119,355216502,352679195,335364223,336826075,159724070,153765262,157626889,156718219,289256457,273617471,237021383,234369272,
186,213343201,200719372,178333908,176756195,494616672,458127425,460967415,473480253,215408289,225308200,191783185,174052630,541660781,560208238,566474150,589663018,455068912,440847755,461770615,401537893,155826827,166394444,168730562,222348148,455795567,430646426,340323492,338313396,153630535,157466936,151088916,164374737,318184882,98799013,411013329,337472539,148842767,149033851,149168345,151647154,321548368,323171900,371337971,344125591,151886358,157419785,150289186,159664641,157443861,158227345,161119923,186847587,375786650,358640874,336934714,352030271,159938175,155369168,156639847,146874992,284726209,270890901,232478941,232263903,
187,159948677,201237522,176464860,176091462,394247384,341646376,327919681,338478987,216139639,251923595,187900022,170896860,376371553,381184336,390346596,413336999,470002880,452692824,478254269,428049544,111739066,116723688,118175513,142955250,471693434,471041630,350311799,358630501,111980717,119328008,110180279,119801681,341976321,275335251,386630379,329019567,108550187,108556581,108568948,106556798,319339942,323056103,364480304,349342417,111064225,114277041,109603409,110222418,155422653,156733991,159939221,187409468,288967285,270050048,268444788,266756711,156968325,139141828,155560678,156199457,203866101,189653730,162041384,162856578,
188,189025553,199541443,175917012,166684548,109587103,104110267,98742926,99219120,214506465,194382614,164345154,169363821,107751655,108674412,111010841,117270492,474961618,459755345,486134507,444873937,33971045,34826198,35592238,41098388,480073439,462272732,375927530,375765811,34323143,34022485,33730295,36038398,300344172,270798998,404291930,332769986,33404534,33193977,33118177,33068500,318735449,323651676,360203985,355417670,33928209,34951076,33581787,33614997,154457016,155470592,160582752,187503455,86395952,81068251,72097435,78698238,154235795,151124351,153814046,154346220,58521816,54136524,46202619,46089437,
189,194521100,196195113,160640625,154202686,6389923,12085982,10522838,9594191,184701170,184673620,157901535,166575997,10403065,10295003,10088381,10813819,469239632,454759403,472831413,441467646,4989500,5309186,5213106,5360619,472850405,451155917,389438470,387816726,5214196,4932636,5076549,4936497,288815145,254264737,386675621,318287233,5184598,5016891,4818994,4697030,316063322,320008837,351000346,363071029,5127312,5131705,5032684,5061288,150472893,151164709,154846400,254586898,9229377,8741164,8443663,8515072,149879275,149582348,150031368,149384594,6850566,6558859,5838739,5649952,
190,141083619,146205222,126597515,132605520,2903963,3881016,2170036,2805289,144412160,137439553,116305346,126490770,3107013,2896772,2567755,2825372,357642562,342950999,346955141,330925890,2759842,3069898,2912665,2642057,348175536,338812419,307023571,304218972,2939540,2692602,2864851,2565061,212032370,188501212,292854954,231312070,3011071,2846226,2675167,2519071,242065357,244801112,266605982,280051500,2900910,2783426,2907070,2867808,111865095,112224982,114360096,188724931,2913130,2841674,3223722,2714666,111236348,111674355,111629200,111697595,2888612,2942201,2874680,2663109,
191,74680928,77217416,66063708,63958998,2848615,2107998,794110,2745135,75230697,94229603,64292943,74397677,3038977,2829666,2503779,2750070,190827200,181503365,179581896,174520763,2733605,3045620,2884372,2614397,180200859,177926398,167127074,164767054,2911939,2670280,2843469,2543954,109568224,96570793,150502159,121250146,2988382,2816238,2648780,2495581,130704132,130912607,142580471,152598363,2877159,2755103,2880041,2839425,59792859,59674978,60737208,114314183,2848439,2784550,3169559,2657829,60235178,57047039,59748458,59498245,2841269,2906307,2844789,2637887,
192,9306539,9370015,8537206,8323098,2816851,270560,161413,2726972,9390014,8418854,8351505,21906819,3013639,2802554,2478367,2726896,20486878,18869969,18379873,18374469,2768854,3018312,2864283,2594645,18437522,18646361,18299830,18046882,2891094,2649290,2819539,2521729,12955516,11214376,16188243,13684506,2960806,2798374,2630465,2483776,15201677,15015121,16202247,18401975,2852280,2730465,2859848,2826137,8269868,7795339,8176781,74407031,2826555,2757482,3141737,2638564,7853377,7852355,8129845,7948947,2819579,2887192,2823081,2625962,
193,3158066,3214558,3062536,3168015,2809663,165600,140093,2722113,3281208,2914943,3175819,17250836,2998603,2798120,2469655,2721258,3630746,3341180,3189699,3472162,2761317,3014665,2850967,2585421,3425995,3587099,3495448,3345892,2875658,2640206,2808020,2511245,3330772,3081038,3445361,3003599,2949751,2789139,2623866,2479709,3395434,3297687,3504513,3532682,2847327,2710624,2849327,2817997,3350085,2838277,3182816,69422847,2815131,2751326,3132661,2631777,2886689,2931203,3178444,3018445,2811495,2879211,2812839,2622879,
194,2883984,2928621,2813874,2925664,2796524,139520,126178,2714263,3008074,2656008,2941163,16959673,2979936,2782493,2453875,2709859,2883858,2660036,2514681,2814243,2746213,2999111,2839333,2570797,2751003,2922219,2835477,2827004,2854244,2621302,2788780,2472195,2913104,2697816,2889225,2694532,2931305,2768043,2606247,2475159,2807142,2754199,2900914,2868792,2828725,2671425,2841875,2812660,3122822,2612802,2957064,66662098,2805016,2735992,3116485,2625774,2659996,2707006,2946561,2794409,2799092,2869016,2798767,2611026,
195,2880339,2920692,2808203,2914060,2751540,126172,113432,2710282,2999482,2653962,2934277,16825776,2916176,2750474,2417265,2672041,2875806,2653652,2508794,2808453,2734233,2976793,2804161,2529752,2741913,2912425,2829916,2817522,2775124,2577748,2717856,2356945,2908003,2689805,2883508,2688052,2889486,2701669,2555629,2469965,2800594,2746566,2894332,2861683,2799621,2520556,2824448,2807336,3107652,2608755,2945175,64114958,2783991,2718959,3101404,2619543,2651279,2699060,2941011,2786228,2775094,2851612,2771845,2609599,
196,2877757,2913543,2795571,2906669,2605440,114846,100120,2701391,2989946,2650275,2927978,16628079,2730920,2661098,2303043,2577938,2865061,2645182,2503180,2801618,2701742,2988656,2695529,2408435,2736802,2911313,2820993,2810943,2537735,2424609,2504719,2064698,2900389,2681700,2876429,2682895,2788645,2522851,2416247,2461913,2791304,2735156,2892838,2851795,2704530,2152697,2781760,2798644,3098331,2597634,2938359,60785828,2742191,2659265,3068857,2601277,2649828,2690597,2930571,2778086,2699682,2809093,2693552,2603624,
197,2869241,2902436,2789473,2891069,2165753,99460,80747,2671743,2982145,2645160,2920355,16398273,2180503,2345416,1940362,2258742,2859704,2641030,2496212,2796189,2570390,2731808,2349887,2045465,2725842,2901399,2817744,2800017,1944264,1995967,1954613,1446421,2892022,2674568,2869751,2673670,2465979,2035091,2021016,2446671,2781380,2725972,2881734,2847469,2373541,1428749,2639518,2777240,3070847,2590161,2930803,57549538,2538469,2437735,2927906,2520139,2640199,2673985,2922315,2770264,2425618,2658688,2412260,2585815,
198,2858134,2880582,2772141,2855622,1306768,77918,53094,2546091,2965990,2631297,2908002,16042497,1201902,1568057,1177438,1484421,2828192,2629015,2479782,2781252,2140876,2152421,1577949,1297254,2708065,2887500,2803712,2784442,1022128,1186134,1057137,671582,2876476,2655473,2857051,2664585,1676391,1149628,1225051,2390148,2767921,2709497,2869184,2834901,1605226,599820,2158427,2700975,2994509,2561110,2914276,53133827,1957010,1813881,2444250,2209211,2622259,2625815,2907795,2749955,1733459,2163988,1721687,2532778,
199,2847280,2848649,2739511,2769879,542262,51830,27281,2168754,2949303,2618802,2891653,15574140,442293,713155,474113,649089,2757395,2620897,2432202,2770647,1389488,1286562,750682,571290,2664058,2859981,2795562,2754470,372783,487025,395944,223613,2853987,2610378,2844804,2654719,780112,434236,499851,2183802,2743834,2672583,2853812,2817823,759968,184710,1341485,2455056,2841840,2510766,2892525,48902446,1116368,985012,1591567,1573936,2590635,2523377,2889216,2721408,896504,1356323,894846,2346273,
200,2823768,2746848,2635627,2513162,165290,26561,10671,1428060,2903420,2584297,2856644,14757240,129290,215527,131910,184209,2528713,2584904,2275339,2740518,614608,516587,244808,175376,2512991,2797044,2767990,2637394,116541,147671,120594,74312,2782567,2453339,2808248,2626150,239173,125429,143020,1638693,2663517,2511178,2808738,2770110,244155,71017,547942,1842641,2501383,2381220,2821886,43913303,422614,353387,702704,796078,2513836,2287171,2845432,2644193,315203,579597,319824,1851014,
201,2777327,2477626,2364811,1981551,71044,11037,4838,642108,2785840,2450144,2750808,13288864,67965,76360,54652,65434,1991122,2488064,1885772,2643748,196710,164778,85723,66240,2103345,2575543,2703823,2291735,64296,64098,62132,48448,2582152,2052186,2720595,2517604,86529,61370,60908,863881,2410603,2098354,2666672,2620392,84665,54272,164161,1004023,1879014,2086545,2664127,38667884,132580,110548,225538,279800,2339408,1840983,2744775,2471285,104920,182936,107883,1094170,
202,2597480,1774638,1662004,1065927,57373,4850,3514,187087,2378818,2031711,2398758,10008005,60214,56424,45321,50538,1028426,2100205,1080717,2272181,71828,75838,56946,49624,1221669,1892221,2396590,1454108,57112,51762,54457,44515,1982913,1231422,2346971,2108485,64676,53678,50462,274224,1704498,1233451,2137816,2064966,58708,51537,67265,345457,945027,1416873,2184187,31950512,65974,59531,85072,87836,1856833,1038021,2438284,1984606,61504,70999,63837,415015,
203,2175655,973358,886565,439954,55023,3708,3290,73099,1666842,1362381,1765309,6219115,58478,53924,43538,48209,391756,1410089,455650,1587170,53621,63297,53178,47081,511830,1051578,1770747,675286,55014,49416,51501,42847,1197544,555583,1670915,1418091,61379,51939,48822,87085,916478,538310,1339802,1264925,55690,50246,56098,114174,371806,734218,1451088,26688207,58814,53563,65619,53785,1166114,444422,1865860,1280019,55933,55340,57684,135484,
204,1308789,317302,280803,130464,54229,3205,2846,54643,669388,559038,849435,2723021,57169,52247,42291,47150,107512,555686,121463,674114,50470,60756,51447,45057,132611,329763,829445,184387,53574,48435,50306,41497,431309,157604,752596,578221,59808,50353,47614,51850,290314,146433,490247,450199,53872,48441,53500,64339,120334,231771,595392,22576849,56765,51728,62913,48746,437423,131995,946913,503762,54420,52476,55796,63547,
205,574912,112401,98758,70615,52490,2755,2438,51271,254907,185111,313363,1396532,55642,50716,41139,45859,61167,172040,56472,218548,48084,58911,49517,43664,61522,106359,282885,73329,51582,46890,48299,40361,143239,67820,261820,187202,58292,49071,45823,46183,100343,64090,154803,139312,52197,47229,51955,54762,74483,86614,204481,20800544,55361,50186,60281,46824,145243,65340,364613,175439,52757,50952,54398,48718,
206,162795,64632,57966,59845,50686,2474,2138,50182,87800,67847,98371,1013576,54008,49063,39647,44299,54415,64034,46935,73286,46772,57051,47915,42791,52030,60689,84446,55173,49897,44834,47333,39420,68317,51582,87201,68247,55894,47346,44208,44865,58867,50388,67233,63256,50779,45561,50037,52756,65433,53083,79133,19684059,53681,48907,58857,46065,62509,52714,113269,72826,51032,49409,52586,45863,
207,75969,58802,52238,57890,49050,2103,1734,48677,63735,53249,63750,941920,51984,47867,38384,42797,52637,52504,45366,56626,46494,55476,46466,41534,50138,56497,59439,53151,48406,43955,45928,37296,58459,49242,64464,53712,54110,45826,42651,43684,54476,49158,58816,55337,49069,43926,48713,51732,62906,48527,61717,18850509,52167,47326,57504,44424,52114,50236,68020,57851,49898,48014,51013,44412,
208,57558,56227,50602,56103,47265,1750,1312,48016,58760,49050,56173,896450,49369,45856,36832,41092,51048,49416,44153,53813,44871,53019,44340,39758,48462,54870,55407,51824,46452,42239,44105,36245,55477,47524,59196,51025,51990,43949,41044,42967,52936,47400,56647,53241,46957,42049,47071,50022,61164,46921,57159,17844521,50345,45939,54956,43422,49353,48939,58725,54448,47973,46102,49646,43375,
209,54591,54841,49045,54390,45593,1321,968,46606,57175,48176,54424,863544,47376,44510,35350,39658,49147,48494,42938,52503,43223,51137,42751,38137,47415,52787,54152,49950,44227,40377,41832,34227,54456,46434,58059,49432,50196,41979,39622,41744,51320,45582,54707,52111,45215,39987,45581,48877,59134,45492,55471,16921730,48971,44315,52851,41972,47668,47126,57592,53494,46117,44195,47965,42059,
210,53090,53185,46929,52804,43229,957,741,45011,55388,46205,52749,821249,45657,42594,33835,37361,47670,47125,41130,50497,41529,49451,40686,36409,45440,51573,52185,48130,42127,38633,39700,32439,52250,45134,56082,47829,47702,39673,37362,40454,49230,44832,53476,50304,43399,38121,43822,47236,57096,43766,54484,15858693,47061,42581,50785,41082,46823,45489,55351,51518,44146,42651,45569,40588,
211,51860,51595,45986,50716,41470,672,582,43809,53879,44808,51176,789389,43006,40714,31946,35786,45986,45815,39961,49402,39612,47201,39026,34464,43908,49939,50925,46812,40166,36561,37211,30261,51128,43468,54476,46579,45297,37508,35245,39244,48302,42893,51815,48797,41241,35867,42139,45736,55013,42627,52224,14921112,45023,40795,48495,39561,44923,44028,53692,50157,42399,40620,44005,39894,
212,50366,49398,44224,48893,39023,616,568,43023,52255,43059,49873,744949,40362,38879,29742,34122,43593,44500,38228,47646,37653,45061,37232,32986,42206,48310,49223,44966,37678,34859,35570,28731,48881,41707,53577,44945,43416,35309,33506,38211,46308,41840,49830,46929,39366,33485,40088,45219,52503,40849,50933,13757488,43391,38773,46383,37690,43653,42514,51645,48365,40740,38899,42108,39040,
213,48152,47995,42514,46906,36838,530,512,41080,50621,41806,48182,705141,38207,36504,27794,31701,41520,42682,36988,46045,36061,42917,35060,30665,40633,46787,47374,43217,34833,32160,32522,26046,47096,40478,51682,43542,40594,32505,30800,37190,44448,40256,48146,45196,36995,30458,37545,43528,50827,39145,48978,12740080,41678,36456,43715,36596,41699,40403,49875,46732,37961,37036,39899,36724,
214,46195,45804,40407,44743,33695,537,515,39361,48798,40228,45892,656509,34209,33502,24886,29307,39779,40838,34247,44310,33442,39663,31965,28229,38524,44308,46307,41092,31270,29219,28565,22238,45305,38008,49702,41914,37069,29080,28306,35559,42511,38074,46658,42709,33984,25796,35555,41879,48024,36831,46889,11498123,39085,34127,40379,34852,40032,38511,48296,44426,35115,34560,37296,35341,
215,44767,43807,38630,42410,29827,536,509,37350,46976,38298,44223,614071,29226,30594,20578,25236,37054,39237,33364,41995,31313,36378,28445,24492,36318,42983,44396,39415,25838,24990,23888,16696,42641,36170,47795,39904,33517,23822,23515,33886,40478,36257,44314,41324,30055,19682,32512,39738,45081,35320,44946,10437205,36061,30820,37246,32895,37991,36312,45741,42857,32129,31581,34132,34056,
216,43363,41277,36373,40216,24353,518,496,35791,44526,36525,42489,567593,22608,26240,14554,20279,34747,37383,31052,40803,27493,32627,23379,19410,34257,40943,42905,37299,18777,19079,16241,10194,40672,34375,45706,38227,27478,16668,17303,32528,38532,34497,42304,39239,25010,11934,29525,37977,41861,33286,43221,9402920,32000,27103,33603,30741,36522,34220,43843,40800,28024,27871,30143,32438,
217,41304,38850,34550,37159,16775,488,468,33623,43065,34532,40509,521513,13586,19661,8196,13188,31740,35982,29012,38537,23679,26849,16324,12752,31864,38909,40773,35168,10798,11804,8981,5039,38809,31971,43930,36550,19682,8883,10024,30612,36173,32180,39639,36948,17756,5596,24740,35778,38360,31006,40601,8434758,26293,21457,27390,29023,34510,31436,41801,38462,21741,22834,24087,30473,
218,38283,36006,30980,33707,8474,484,460,30553,40266,31848,37721,459811,5997,11218,3261,6068,26994,33089,25804,35756,16494,18621,8580,5923,28504,35828,38121,32209,4538,5224,3596,2100,35217,28934,41182,33644,10336,3620,4276,28764,33284,28848,37309,33960,9264,2215,17649,33336,32496,27856,38338,7316618,17755,13140,18100,25586,31491,27076,38863,36025,13295,15515,15371,27729,
219,36468,32566,28130,28740,3703,467,453,28150,37869,29329,35546,401800,2617,5170,1532,2522,21474,31045,21736,33172,9551,10238,3861,2576,24459,33185,35795,28865,2153,2357,1909,1317,31948,25508,38702,31342,4436,1670,2036,26046,29972,25451,34111,31527,3916,1438,9997,30520,24994,24285,35412,6407189,9695,6440,9980,20829,28326,22153,36144,33417,6603,8499,7950,25509,
220,33774,27406,22679,20732,1905,412,398,24048,35097,25532,32160,323706,1669,2395,1151,1466,12608,27902,15487,29537,4761,5083,1983,1468,17450,29259,32888,24087,1516,1480,1414,1114,26611,19071,34989,27598,2267,1233,1388,22922,24748,19861,30288,27756,1988,1261,4778,26942,14818,18317,32007,5447272,4767,3014,4728,15176,23200,14342,32479,29106,3253,3930,3732,21549,
221,30111,20216,16191,13326,1391,396,389,18211,31413,20327,28494,241249,1482,1479,1025,1221,6048,23327,8980,24968,2160,2333,1395,1166,10030,24460,28956,17629,1338,1227,1282,1024,20248,12179,30910,22869,1557,1154,1126,17455,18399,12973,24592,22408,1460,1226,2249,21270,7369,11661,27388,4705164,2327,1654,2198,8665,16449,7430,27996,24192,1701,1816,1928,16252,
222,24547,11034,7946,5768,1316,412,400,10829,25679,12440,22390,141888,1387,1284,1047,1128,2276,16230,3680,16762,1387,1583,1189,1097,3903,15722,22826,9652,1287,1232,1155,977,11554,5263,23440,15188,1450,1117,1187,10708,9820,6141,15680,14217,1322,1106,1392,14019,2948,5032,19761,3991646,1697,1357,1664,4059,7883,3031,19532,15983,1438,1268,1452,9394,
223,17883,5043,3393,2683,1247,401,392,5139,18735,6171,15336,79184,1323,1215,1002,1117,1373,8950,1702,9746,1144,1451,1154,1096,1811,8398,15503,4483,1296,1109,1201,965,5558,2390,14742,8254,1335,1093,1112,5088,4765,2546,8090,7646,1221,1118,1233,7883,1859,2315,12195,3562019,1614,1238,1518,1906,3399,1533,11161,8719,1291,1121,1323,4615,
224,7734,1810,1450,1560,1174,373,358,1767,8126,2037,5986,42013,1287,1205,906,1008,1284,2664,1152,2972,1084,1334,1130,1027,1260,2647,6023,1678,1132,1046,1091,861,1873,1316,5136,2601,1303,1014,1021,1561,1840,1285,2576,2343,1197,997,1166,2333,1574,1248,4099,3140462,1518,1196,1404,1194,1485,1224,3626,2750,1150,1122,1227,1571,
225,3391,1421,1290,1507,1140,387,368,1277,3609,1320,2756,35545,1172,1113,897,954,1133,1528,1120,1768,1048,1255,1097,920,1199,1574,2604,1239,1085,1029,1034,896,1473,1258,2508,1545,1274,997,963,1206,1306,1132,1578,1484,1091,1017,1177,1510,1479,1118,2068,2926411,1418,1134,1359,1142,1271,1125,1849,1616,1196,1001,1280,1238,
226,1718,1333,1115,1353,1138,360,348,1193,1791,1169,1563,32217,1191,1118,861,866,1118,1255,1037,1379,1115,1168,1024,903,1158,1385,1604,1251,1000,935,968,827,1355,1151,1669,1253,1149,881,905,1137,1251,1118,1358,1149,1100,959,1059,1287,1425,1113,1396,2681040,1386,1055,1310,1131,1240,1160,1334,1305,1081,951,1122,1072,
227,1351,1281,1121,1304,1037,367,356,1197,1353,1089,1365,29780,1117,1000,763,936,1063,1216,971,1215,968,1185,910,904,1031,1269,1358,1258,1017,921,929,797,1164,1055,1541,1209,1113,783,936,1069,1290,1083,1330,1135,1042,823,1088,1242,1343,1001,1400,2480548,1319,1055,1213,1041,1166,1069,1301,1251,1079,979,1073,1023,
228,1217,1280,1020,1340,998,336,322,1110,1285,1089,1254,27725,1115,997,779,840,1067,1132,902,1199,916,1110,960,865,1034,1263,1409,1202,877,898,831,737,1276,1016,1514,1060,1064,769,814,1101,1213,998,1267,1099,997,811,998,1177,1351,1014,1288,2260175,1325,989,1135,1033,1114,1018,1299,1196,1015,889,1058,1006,
229,1184,1246,992,1170,1009,341,330,1056,1218,1085,1220,25931,1007,982,697,780,973,1103,920,1165,937,1110,854,837,1037,1185,1231,1098,857,800,827,702,1139,946,1427,1167,941,774,777,969,1173,988,1222,1026,976,820,958,1118,1271,951,1288,2067228,1253,925,1080,956,1130,1034,1273,1192,906,902,1068,1037,
230,1163,1099,1002,1187,942,338,332,1085,1215,972,1123,23500,983,897,686,771,951,1034,911,1043,868,1019,833,727,969,1112,1214,1007,800,787,805,635,1057,959,1329,975,943,690,807,986,1103,923,1106,980,852,701,835,1122,1146,951,1138,1851703,1176,919,1076,946,1059,957,1253,1162,885,793,967,989,
231,1112,1125,971,1168,809,345,343,1013,1143,959,1049,21280,855,874,635,722,861,975,807,1046,817,910,736,715,847,1109,1153,1002,794,761,689,556,1060,883,1237,929,839,648,679,993,1040,894,1078,912,752,687,775,1043,1127,908,1145,1677451,1124,893,963,960,1049,837,1098,1074,851,775,905,933,
232,1061,1055,890,1033,768,311,308,955,1146,899,1111,19487,781,793,550,614,833,960,732,979,779,885,717,697,853,1059,1202,950,684,677,619,559,950,871,1240,953,764,584,695,983,1021,856,1067,889,765,567,743,1041,1073,858,1124,1501263,1102,827,887,924,1017,787,1008,1082,789,727,881,912,
233,1062,1008,871,1040,690,296,290,947,1026,870,975,18040,744,709,506,621,762,935,764,985,699,825,673,572,824,995,1029,938,602,601,562,452,988,740,1322,980,718,476,592,877,923,858,1046,889,659,498,674,972,933,788,1091,1338536,1040,766,826,820,915,748,1111,1004,753,714,814,896,
234,980,921,865,948,614,263,258,855,981,838,978,15603,608,663,407,523,665,852,758,937,701,729,532,524,749,917,967,894,531,523,457,376,932,775,1165,890,664,429,485,836,861,734,994,849,609,405,670,897,928,771,1078,1161642,903,634,772,717,834,733,979,880,686,579,700,792,
235,886,875,767,839,589,319,311,836,1005,770,910,13836,515,580,342,467,669,806,698,867,599,715,505,428,726,835,1050,806,414,424,401,305,853,686,1140,785,544,283,376,802,779,739,869,805,518,337,580,874,790,693,946,1026191,842,647,654,754,827,681,884,893,611,553,637,767,
236,915,826,714,802,460,281,275,803,869,715,884,11788,406,455,288,378,599,795,579,802,531,572,426,347,648,844,894,734,355,352,339,302,806,616,1073,765,432,250,331,773,790,694,785,689,430,304,573,824,694,661,934,882959,778,498,670,710,698,539,842,849,535,484,546,697,
237,824,767,616,692,354,304,294,768,877,677,787,10171,355,364,273,311,493,760,518,767,427,444,352,302,575,759,834,709,302,300,321,268,711,608,984,744,356,241,301,716,687,566,782,623,341,259,456,803,601,556,823,772879,629,438,471,675,671,500,780,779,422,403,462,675,
238,773,669,574,659,306,252,247,704,791,653,731,8056,338,375,243,263,387,645,474,694,341,399,338,265,516,712,815,620,283,280,288,262,602,511,950,641,287,224,293,676,635,524,721,582,295,267,342,699,476,478,825,656991,498,339,379,617,610,414,705,669,337,322,336,604,
239,731,543,507,522,272,256,247,704,719,530,733,6267,336,314,243,268,315,601,377,635,310,289,293,264,435,650,833,573,298,271,294,232,588,422,831,567,260,215,297,636,542,418,607,522,285,272,315,643,359,402,730,572616,385,344,382,525,501,349,683,660,321,290,303,572,
240,643,467,409,443,301,257,250,607,701,434,619,4226,324,289,264,256,268,523,349,527,300,273,265,276,329,604,657,474,275,279,312,303,450,357,742,511,236,244,281,573,467,384,552,448,288,283,305,580,305,327,661,488487,350,313,312,445,353,297,583,544,311,260,281,551,
241,574,379,334,400,271,227,226,544,610,377,549,2858,326,266,249,279,268,465,262,443,304,277,308,268,291,457,631,390,273,291,270,281,371,285,633,413,236,219,253,527,372,290,469,337,278,247,274,548,278,284,592,434536,297,300,300,370,298,270,440,455,285,254,215,463,
242,483,333,307,342,286,272,266,427,469,303,453,1753,310,265,266,264,271,341,283,354,294,272,294,291,287,419,539,346,264,284,284,263,326,251,454,353,256,188,257,414,322,275,347,261,274,270,269,493,280,297,437,382446,347,296,301,350,265,279,335,351,298,273,280,397,
243,383,307,277,321,291,258,254,360,455,256,379,1399,310,250,250,253,270,314,268,290,267,237,285,246,286,364,438,321,247,287,281,243,294,261,373,301,223,206,278,365,310,290,292,226,268,273,288,400,308,303,360,346397,333,280,300,312,278,227,290,271,270,235,243,319,
244,324,268,309,327,255,217,214,331,334,299,303,1241,304,262,278,283,258,249,288,289,269,274,258,275,275,311,358,314,270,253,278,252,325,261,301,297,217,184,256,327,291,289,259,202,286,250,270,335,269,271,324,309894,290,313,278,279,239,268,283,249,277,231,263,333,
245,291,338,310,308,272,220,218,284,290,219,277,1125,281,258,220,242,258,252,264,275,269,239,256,255,290,282,335,324,250,244,252,278,287,250,277,287,246,208,269,306,268,267,282,226,245,258,253,317,271,281,277,282877,348,291,295,299,242,236,278,292,245,249,251,316,
246,284,258,253,345,272,228,224,275,271,258,268,1028,317,257,229,252,272,279,243,285,278,260,267,268,275,317,288,321,253,251,294,238,282,259,281,247,227,211,265,272,275,273,299,225,241,241,249,249,251,241,313,252058,289,313,300,299,250,260,256,266,276,228,243,275,
247,274,306,290,313,249,213,206,262,253,260,280,934,257,276,231,241,261,231,258,257,262,240,259,244,268,272,330,287,245,220,237,232,262,275,256,270,231,185,258,297,262,264,271,225,237,253,240,258,241,238,310,227327,283,280,312,268,246,272,271,272,265,204,264,302,
248,264,247,283,296,259,236,229,279,262,288,285,890,284,253,225,251,230,294,254,274,240,208,245,235,280,314,323,304,240,275,255,233,268,260,270,285,230,176,219,276,269,243,301,215,232,219,269,278,266,276,295,202328,298,276,276,290,254,227,278,249,281,208,219,284,
249,275,258,276,326,243,210,200,282,243,260,250,803,273,292,210,232,240,281,247,259,273,234,244,211,227,284,333,320,258,246,226,216,266,237,262,233,230,184,237,324,290,269,271,195,215,188,261,275,269,299,314,182065,304,266,292,244,235,226,223,268,264,220,212,312,
250,260,288,256,260,222,225,223,280,240,254,247,726,259,256,220,242,223,222,219,273,247,253,243,229,244,281,302,269,210,234,263,200,285,248,278,258,199,183,210,263,239,238,295,209,260,217,230,284,258,247,280,159078,296,263,263,280,218,234,218,258,254,201,214,274,
251,306,282,287,302,232,183,178,260,233,239,243,681,255,255,202,243,261,231,254,261,226,219,227,223,241,274,287,288,235,205,231,214,259,248,274,239,192,197,244,253,250,270,261,192,229,200,244,242,232,240,278,141284,295,270,255,260,239,240,225,257,221,202,262,283,
252,252,279,242,279,239,198,194,288,253,240,240,596,279,224,179,210,239,231,240,252,196,203,253,216,278,294,298,277,227,225,223,218,269,211,280,249,202,194,243,271,285,253,216,201,225,207,225,257,249,257,315,121736,302,233,246,273,244,225,237,246,236,210,223,247,
253,251,244,252,261,236,204,201,252,226,244,237,589,226,235,177,203,231,260,247,223,222,210,230,210,254,266,290,251,205,218,210,202,264,204,245,235,184,164,219,285,255,214,236,172,217,188,221,227,218,227,290,106104,307,221,253,280,221,230,217,216,224,199,200,309,
254,262,246,257,288,214,175,174,256,222,218,219,543,219,212,184,189,211,227,215,253,242,202,192,201,248,286,270,261,211,213,214,190,260,217,267,225,191,173,196,261,234,221,239,186,201,212,198,268,185,225,269,90818,265,233,238,252,205,217,212,251,245,193,204,273,
255,269,236,233,294,200,193,186,259,234,240,223,468,232,240,215,195,227,216,185,271,199,188,216,211,259,280,250,250,188,181,222,200,252,216,255,208,175,162,238,241,254,232,248,192,190,191,205,254,209,240,282,78782,279,240,252,261,201,197,233,215,191,206,199,284,
256,258,239,216,263,225,190,189,238,221,250,239,416,216,222,192,181,209,228,229,245,202,186,224,185,228,242,272,263,176,200,213,198,234,208,232,222,199,152,199,281,216,216,206,176,209,179,203,220,204,251,248,70470,260,247,256,244,220,186,225,262,209,186,190,244,
257,226,252,230,260,205,159,158,235,221,238,228,376,218,215,189,185,219,214,212,231,221,186,203,188,241,261,278,263,200,225,225,214,206,204,259,231,158,165,209,248,265,207,228,151,180,176,179,227,223,228,254,61475,241,219,232,239,202,194,233,217,205,204,171,236,
258,236,211,212,215,204,192,192,229,220,185,214,379,201,201,190,194,206,246,214,231,211,188,217,214,211,241,271,232,209,188,214,169,218,196,220,242,191,155,212,256,248,213,211,164,202,199,178,248,199,215,261,52613,255,202,218,233,190,178,193,221,227,176,207,269,
259,237,221,216,257,180,162,159,222,201,215,215,296,214,212,155,233,216,230,243,230,187,167,233,199,217,251,268,246,200,223,211,178,218,211,211,211,169,142,203,252,228,202,230,159,183,193,188,216,213,196,215,46322,239,224,220,241,194,205,214,209,200,175,172,265,
260,248,214,205,211,192,166,163,218,180,225,231,315,236,199,177,185,201,205,204,228,194,185,196,174,205,214,232,240,196,212,200,185,223,239,214,237,172,148,204,256,251,206,210,151,184,177,179,238,203,226,203,40202,233,211,245,216,206,191,184,188,182,190,180,222,
261,218,228,240,249,177,179,176,255,188,216,192,228,225,205,161,172,200,210,196,180,183,174,221,170,181,213,246,210,197,195,193,189,214,196,193,222,172,127,200,210,240,202,225,165,195,175,188,219,182,216,216,36287,230,215,220,210,183,197,184,205,196,158,173,235,
262,209,206,197,212,198,141,138,206,189,193,209,258,239,204,183,172,207,203,193,201,196,195,186,195,204,211,227,239,193,212,187,228,238,209,184,200,156,138,184,206,206,202,202,149,216,178,191,198,183,197,225,32066,250,201,214,230,181,193,180,209,189,185,157,226,
263,204,197,226,205,218,164,161,199,214,208,191,214,213,208,158,176,159,228,206,208,161,177,210,180,214,212,244,205,229,189,194,157,226,169,210,193,160,134,192,252,202,203,202,137,184,164,171,213,171,226,213,28853,215,209,260,217,184,197,196,215,198,162,172,203,
264,212,199,201,239,186,155,154,214,170,185,206,218,223,205,172,179,185,207,190,203,194,194,196,169,208,225,245,248,179,179,185,181,212,181,204,165,160,148,194,199,209,190,191,154,175,171,203,179,193,204,196,25613,200,215,175,216,167,202,189,181,196,175,188,223,
265,222,201,209,214,179,161,155,223,170,200,196,241,205,194,177,193,196,189,190,202,207,170,183,193,209,220,233,202,195,182,193,185,222,186,210,206,164,132,210,225,189,206,184,134,203,157,184,219,173,191,206,22850,210,166,221,195,183,166,156,180,217,142,171,253,
266,209,201,178,226,181,161,158,199,180,194,191,234,202,191,141,149,184,191,218,180,207,172,204,154,202,200,221,227,169,160,156,174,200,197,224,178,134,134,169,233,185,202,191,155,186,172,188,196,209,210,222,20056,221,186,199,212,166,173,191,187,188,164,157,223,
267,195,221,216,247,176,162,155,190,177,185,203,218,185,176,158,154,196,215,190,190,172,164,208,162,186,254,267,225,162,180,176,154,210,170,158,203,147,127,177,199,219,172,202,165,178,147,161,199,177,198,214,17750,207,189,223,212,164,164,198,199,190,148,168,222,
268,199,214,192,211,193,149,145,187,164,158,192,204,201,194,177,172,181,197,181,208,185,163,175,174,170,224,233,205,197,176,170,165,197,172,193,197,153,134,193,216,174,177,204,131,187,149,182,185,182,175,221,15470,202,182,189,214,164,190,205,166,166,160,189,209,
269,195,225,200,243,183,135,132,209,155,189,191,230,198,154,130,184,171,176,153,209,186,158,154,175,195,220,225,220,196,194,172,147,197,192,188,192,133,128,183,224,198,174,183,143,156,155,155,217,185,172,217,13293,209,203,207,227,180,136,164,197,208,139,165,207,
270,183,195,198,200,192,135,132,217,149,167,168,214,193,177,155,152,155,158,159,191,193,148,182,178,198,217,249,229,163,162,160,163,201,176,180,171,155,118,165,182,196,160,199,134,160,153,184,209,168,172,206,11756,173,194,202,211,161,154,178,187,161,169,160,210,
271,185,210,192,214,182,138,135,202,134,168,207,192,170,174,184,158,200,198,162,182,155,145,172,157,213,226,264,222,155,153,190,144,199,147,197,197,150,133,171,219,202,181,179,130,179,153,176,190,186,179,202,10175,198,209,215,197,166,143,170,201,161,151,176,213,
272,182,190,218,231,175,133,131,203,182,163,186,210,161,151,135,154,191,163,174,179,148,150,173,144,178,230,214,210,171,138,174,147,185,160,161,194,144,118,167,195,195,191,197,132,184,159,179,188,161,184,180,8753,193,184,186,195,166,152,169,187,175,160,151,203,
273,194,207,194,190,156,141,140,189,142,151,173,196,177,176,152,160,157,176,176,181,145,175,191,175,175,189,232,190,151,157,161,157,177,149,178,170,140,97,163,207,176,186,178,124,160,162,176,174,145,179,179,7440,192,164,163,183,157,161,172,197,161,135,146,223,
274,184,203,189,187,157,116,114,151,151,175,142,166,186,193,133,162,166,191,172,191,174,143,161,148,157,203,210,210,166,180,156,133,180,157,167,155,143,103,157,210,166,161,174,131,130,146,152,137,150,177,191,6472,208,187,202,195,156,127,151,169,139,134,162,223,
275,180,204,186,220,164,137,133,199,166,176,152,170,168,159,158,154,166,180,178,184,155,147,175,170,198,171,210,199,156,167,174,141,190,165,158,161,169,102,177,181,207,177,190,129,167,152,163,183,167,176,177,5753,166,161,180,173,159,145,203,185,148,137,151,178,
276,182,177,173,213,166,110,108,199,170,162,164,177,168,141,134,145,154,198,138,176,169,147,176,157,175,188,211,208,155,157,163,132,184,173,151,159,154,114,158,222,190,169,158,130,154,157,156,162,150,163,208,4797,178,179,190,205,149,140,138,198,168,138,144,187,
277,167,178,169,177,172,135,133,182,146,142,156,186,181,153,147,137,163,167,160,153,155,132,166,155,153,184,204,188,137,147,138,154,174,134,162,177,118,116,182,199,208,162,180,112,154,143,152,178,134,170,195,4252,174,159,165,176,150,154,143,188,153,142,136,181,
278,172,175,150,186,162,117,114,191,140,144,146,169,195,157,120,140,171,172,179,179,162,155,167,152,177,204,204,190,164,169,159,144,196,156,162,176,146,96,168,193,166,157,162,111,142,130,165,174,131,168,177,3726,155,145,180,170,129,110,125,154,171,122,143,186,
279,195,188,170,192,134,133,130,175,144,155,159,172,148,171,128,159,158,178,138,164,154,146,142,154,173,203,204,183,143,156,162,153,181,144,149,156,112,99,171,173,152,161,149,134,139,142,154,192,146,144,167,3203,151,181,206,195,156,157,158,166,147,128,127,181,
280,166,190,184,175,147,117,116,189,158,143,157,164,164,149,141,133,160,182,160,164,135,123,153,134,176,178,209,191,147,143,148,132,164,176,146,145,127,117,171,183,186,176,143,109,163,140,135,168,138,160,181,2822,145,170,168,168,137,147,150,171,134,135,129,178,
281,194,149,158,166,146,110,108,177,157,160,140,176,138,125,121,132,148,161,134,166,141,121,121,138,162,171,205,201,161,145,141,139,167,147,134,149,131,89,166,199,171,138,146,91,138,114,129,152,139,171,153,2626,163,136,151,145,126,137,150,159,162,133,139,198,
282,160,161,173,184,149,114,111,156,134,149,155,159,165,147,136,154,133,153,139,182,129,127,140,146,152,190,176,179,140,134,131,154,179,146,165,160,111,94,127,145,151,163,151,98,141,138,170,162,173,146,156,2398,181,141,160,180,141,138,136,150,144,108,145,176,
283,150,158,159,194,136,105,103,171,136,144,155,169,152,138,123,141,142,163,165,153,160,140,142,146,155,176,185,195,143,132,157,132,174,159,133,169,130,101,167,178,140,142,154,98,145,146,144,157,153,160,188,2019,171,152,162,165,134,130,129,155,170,130,121,167,
284,175,156,181,171,150,101,101,171,138,150,135,161,158,160,130,124,154,130,159,152,166,129,148,110,165,193,186,154,142,142,136,144,181,146,149,160,127,97,154,178,154,174,155,137,126,123,157,167,167,152,166,1796,159,157,151,172,145,128,138,173,155,122,115,171,
285,152,183,175,193,141,86,84,164,133,161,122,161,134,121,136,119,151,143,145,151,172,148,142,143,170,174,194,175,134,155,138,137,168,147,147,156,95,98,143,168,139,137,150,107,159,140,151,159,135,153,171,1575,172,178,160,160,141,149,156,149,135,122,127,170,
286,157,168,153,187,128,85,84,173,137,128,139,143,134,145,135,125,137,147,136,155,140,134,141,132,150,174,185,197,131,136,158,117,180,162,148,161,100,97,116,193,152,137,163,97,150,115,109,151,128,157,164,1411,149,157,147,159,117,139,145,140,157,124,142,177,
287,156,155,145,157,123,98,92,156,149,134,157,163,151,133,122,140,130,147,149,171,181,126,158,116,158,169,160,176,133,158,159,122,143,129,158,145,116,110,125,155,144,137,146,102,136,136,142,157,124,137,147,1237,153,156,163,155,149,125,115,122,133,117,120,162,
288,157,132,156,193,136,95,94,148,133,133,138,149,154,130,117,133,130,128,137,168,132,122,138,138,134,166,184,167,105,144,136,138,152,144,157,141,110,87,147,151,174,139,152,99,128,128,128,128,145,162,152,1053,151,139,124,159,118,140,142,155,122,108,118,142,
289,161,166,167,178,132,93,92,169,146,139,148,137,141,152,105,117,119,137,139,150,143,128,141,135,133,189,160,168,119,117,136,151,158,134,136,143,103,102,103,169,149,152,148,103,144,138,147,138,118,122,138,936,146,143,148,176,125,119,142,161,143,132,107,176,
290,147,147,145,171,119,89,87,173,136,131,133,142,137,116,113,119,140,125,118,168,143,106,140,121,110,177,183,173,134,132,145,123,165,151,125,145,109,84,116,175,147,146,122,109,126,128,130,157,119,126,157,802,174,151,142,172,116,119,151,140,134,131,124,174,
291,163,156,162,182,145,100,98,141,145,145,158,158,160,118,126,114,123,132,124,135,146,125,154,126,149,144,155,165,126,130,123,140,144,130,120,128,114,87,125,180,161,136,137,89,131,112,130,154,131,119,147,709,170,132,118,163,116,127,122,136,142,94,102,168,
292,149,126,149,153,107,73,72,161,118,128,177,142,126,103,101,120,127,160,115,130,118,123,150,132,115,163,148,196,149,132,140,117,145,125,125,127,125,74,143,141,147,140,121,87,115,124,131,134,125,122,149,592,152,155,141,157,114,115,157,142,140,98,100,158,
293,149,138,136,154,128,106,103,151,123,145,133,132,149,149,100,107,119,140,116,150,117,104,155,119,137,138,158,148,121,144,133,114,152,137,129,137,123,97,124,150,147,124,135,79,133,102,134,131,111,137,147,542,115,145,158,178,108,107,130,130,146,97,111,163,
294,148,149,136,154,137,91,90,137,98,155,124,130,137,113,119,127,108,130,113,122,132,118,124,122,147,150,160,145,132,126,147,114,140,119,130,152,104,81,131,162,129,133,139,85,118,109,139,120,115,149,135,518,153,157,130,147,117,115,141,131,120,109,130,159,
295,141,162,172,135,131,92,91,142,109,116,161,159,115,122,105,123,104,132,139,138,126,110,124,126,137,179,180,161,113,121,117,105,141,133,133,139,86,64,146,168,155,127,125,90,116,117,128,136,113,146,150,481,139,150,126,167,115,129,117,123,117,120,136,135,
296,161,161,133,157,117,77,76,158,127,125,112,131,122,107,111,118,120,120,131,143,127,129,138,110,134,153,167,144,124,129,134,106,149,143,136,146,100,84,126,133,121,115,139,81,126,111,100,147,114,116,124,404,123,116,158,137,134,122,126,136,121,101,88,166,
297,136,116,106,153,103,84,82,146,117,122,134,132,127,134,104,114,119,107,108,138,142,103,119,137,136,160,187,156,115,131,119,83,141,144,139,116,92,79,136,147,133,117,124,97,118,100,100,125,126,108,140,358,147,118,155,168,99,100,111,139,120,101,116,119,
298,136,139,162,144,111,85,82,143,124,110,132,145,142,131,83,129,126,113,100,111,122,100,113,111,142,145,189,147,123,115,128,107,124,109,123,123,89,88,118,153,132,131,124,77,129,118,107,134,107,110,151,324,127,120,144,155,100,118,131,127,121,104,117,130,
299,124,148,133,154,108,88,85,147,103,106,95,145,127,105,96,119,127,122,132,124,104,102,119,99,136,148,142,136,104,94,116,95,136,128,114,137,90,61,124,143,130,126,121,95,113,95,118,130,131,110,124,295,144,132,144,135,114,117,118,129,124,94,96,139,
