165,1027,1112,1091,1806,11084,552,638,48504,2626,720,1614,33999,8793,8902,2533,3972,692,856,963,859,8122,6723,9773,5131,878,2390,1479,1986,7160,4152,5232,3939,867,1352,1834,853,8038,3085,2641,33283,1139,1442,1069,1278,6019,6736,6654,46430,1270,701,1917,7260005,8877,5574,4045,44098,588,736,607,1590,9141,5030,13145,16944,
166,1606,1827,1693,2553,28498,674,761,78115,3439,1214,2185,59435,23677,24312,4385,10167,1077,1408,1496,1363,20692,18350,25504,14091,1550,3285,2236,2944,19756,10106,14554,11052,1378,1877,2625,1439,22653,7427,5101,47906,1827,2079,1789,1971,16534,19364,18432,62916,2149,1205,2635,9259385,23239,14719,8214,64118,1157,1283,1206,2200,24031,13645,31364,33592,
167,2225,2564,2382,3554,53882,873,1148,94323,5884,1727,3094,88240,50163,51394,11550,26222,1805,2157,2121,2038,38939,39548,45156,31317,2282,4899,3013,4089,41397,25232,32656,25671,2029,2508,3312,1986,46799,20362,14253,58282,2517,2748,2602,2872,36351,40027,39552,74583,3031,1742,3737,11265393,46016,33070,20318,79031,1535,1742,1769,2893,46332,30477,54092,48613,
168,2970,3418,3260,6013,88781,1171,1911,104217,14594,2358,4873,130237,90858,91880,29143,54376,2689,3115,3043,2820,57216,64823,63549,49213,3269,10362,4236,8444,65706,47600,54848,44987,2776,3673,4920,2790,71490,41562,32739,68884,3523,4463,3508,3916,58978,63022,61792,88272,4284,2337,6361,13750179,75256,56785,44089,94038,2086,2494,2336,4645,71649,53003,77157,61386,
169,4422,5738,5657,14344,116220,1974,4051,138869,32293,3059,10642,198705,124367,117408,59271,87728,3660,4197,4763,3852,73274,87825,81509,65719,4757,25440,7499,21094,87011,68869,75867,62983,3986,8128,10498,4071,91564,63508,54486,84766,6125,10183,5349,7378,78595,82655,79764,120701,8102,3429,14867,16651523,102671,85723,75495,148750,2768,3954,3338,10322,93646,74697,97083,73238,
170,11283,16188,16680,38512,157152,5377,11409,360747,59297,7283,29786,378025,156481,142501,90321,106960,7942,10067,13955,8521,97136,115312,115565,89194,12882,57148,21781,47893,121719,90983,101080,86568,9433,24156,28847,9959,121223,85219,74441,163481,17490,28631,14077,21470,103506,120060,103162,298192,24036,8396,37822,20809252,124386,112926,113699,455034,5898,10748,6790,28601,126444,97854,149378,103520,
171,26883,37046,37168,66978,366245,13450,32930,1168652,81127,18502,52660,668129,305649,281828,109644,149671,20510,25630,32357,21045,182953,200110,265887,172288,31339,95601,44831,81441,268357,149940,189274,171421,24058,47134,53348,24320,227490,125003,104146,530160,37852,52824,32149,44772,179100,296782,179102,927261,50483,20454,63031,25004637,216319,180791,149129,1300776,14606,25799,16739,50332,270575,151083,374499,236909,
172,55785,72385,67525,98544,1081536,39067,102981,2874160,105425,42179,81246,1133772,930094,888791,199432,374924,53439,61809,69101,51561,516442,536823,782129,511479,73436,122174,85851,111744,801721,413609,552448,519754,53455,77223,88639,52820,674881,306783,227514,1348405,74565,88642,67662,83063,514589,912582,512100,1999531,87176,46163,89862,30355194,607801,479102,265333,2614935,34699,51025,40681,74370,781427,378106,1045946,683947,
173,81309,101671,91191,128063,2894315,145993,330305,4474734,144152,65313,104542,1583147,2871695,2850493,689679,1373866,96134,98607,95860,90892,1428559,1534560,1899174,1424025,109559,140434,115568,131752,2051044,1281607,1586937,1473447,82195,98784,113292,84255,1861990,1047145,805578,2260815,105602,111035,107048,113981,1514110,2222974,1536119,2932701,118865,69891,114707,35191012,1793252,1445568,795088,3738857,53911,74580,65957,97767,2033626,1166368,2376803,1664858,
174,110097,148570,132354,255916,11928974,6809569,7841493,11637264,349938,91359,160629,2265539,13427915,13428107,15129553,10933907,128814,119090,119542,120745,8903606,9584488,10976159,11418642,135950,269729,141958,249723,8939980,7906229,8939848,9777789,113678,157038,154478,112802,12625293,11903286,12230817,14095143,139255,169900,140063,146454,9820283,12687089,15782811,13342292,209561,102337,207724,41085250,10255954,9059123,8684108,12301470,77108,120734,96226,171994,10527109,8938269,11655539,10846489,
175,192690,369806,335561,855607,160821278,141930569,148955011,198775671,1146551,167919,468564,3713621,183571385,187506558,296305570,168129092,197412,176959,255096,166225,146104680,153546263,182104206,199764708,259480,930860,295885,860205,149230464,129924650,138563160,165978595,245614,548425,423270,207676,205616489,207962048,213710913,234891675,353977,564880,265110,329644,167562024,235955828,292013830,226657168,555483,202964,578642,46791878,146488468,128171826,140361265,186624936,121256,279071,150028,441014,154427542,138735798,184399845,179654141,
176,711843,1391675,1285783,2466648,263755168,218063882,221314972,278909484,2594445,675286,1582729,8096160,263944216,275107715,255699561,257953939,731743,642821,1085846,544314,205530736,233918282,236621153,273462755,1087630,2997452,1149294,2697470,197286266,199015340,190396333,195873157,1010318,1825945,1473100,801872,187250422,179672257,190679501,199159871,1327229,1881616,1003342,1257204,198456648,202933916,201488670,205475340,1842426,777062,1796213,55297168,247885796,209845159,216576083,252698477,390097,1011647,469435,1419220,240510821,218994593,253489902,269258764,
177,1877541,3058793,2844405,4163182,320704278,280722976,295764057,347984231,4043967,1804564,3056830,13664813,330676674,335930392,284816013,298335543,2361298,2051178,2855334,1635553,205568940,240086321,236262119,295696446,2934045,4885651,2781328,4523244,227394649,203074580,183592600,192538515,2398917,3416855,3014680,1992181,162800955,158426259,162855831,300195429,2857337,3597516,2453968,2901968,212119379,167767162,167404015,173652039,3783719,2045820,3366986,63957986,313466148,269540420,269649263,314206855,1290375,2476419,1448419,2907104,281205103,258828327,269335300,257197026,
178,121086935,117996689,116356668,118900152,356330273,312716723,344767762,388190488,190424781,125013804,110779522,134745709,382909997,388328495,331709252,341891457,32537626,213962239,156469103,118256149,214497292,241691479,232533950,299917762,150304886,142251510,114458762,154892496,226248935,214222443,183715472,188158735,170254357,136821861,122803524,114548731,153500781,155053900,164284866,158601839,118981379,119647164,116156213,134559046,193367557,161636837,161921942,164447188,232244404,172305759,145781509,167122256,363804754,305380019,301929911,344130092,199958821,208329326,144242892,218657456,306575371,282408519,277017929,312461061,
179,161177742,160621833,158223077,162039746,387627749,327952520,376631895,429653002,221315873,175523168,145830003,178590781,437611113,443553343,384058257,375635727,224832212,259097126,211043531,164260613,219752685,246004357,217627447,301504718,196298836,194668118,152281313,182706994,214953328,202332325,182670074,195380539,218602144,189285237,170788511,151041420,158755946,155902377,158431883,169133121,157568676,162037460,155969396,142834448,205291282,162221106,163245504,163906537,277178859,213779858,190588878,191147772,394479805,325972730,305890095,359675191,258896166,441664720,214887990,288412116,322237138,292182199,296645662,251476785,
180,185858444,183683345,180113806,205815509,399293345,331210899,394703172,461666342,220247895,216729950,167077389,180251417,488978463,498462819,464396182,411534517,303540357,264474427,239740605,188578172,296906717,199233087,212403191,265711376,226491763,223318970,187284617,217383541,221644306,191011096,176029025,187475672,214537104,211089992,222893578,186658993,157409544,156003123,158987263,160596132,192580195,202486558,203879461,221160705,189774938,159556831,160900451,161292935,217180185,189786820,185675049,186127844,411563654,340254673,318493169,372245394,153301260,225138671,195734101,324563714,329805412,304105620,275399949,274270582,
181,173169139,186057845,181255125,280029537,419223725,338838247,418319634,475196381,216125022,202646185,176864289,177875733,532977527,544704152,539411896,495017132,283601898,282549953,267212545,218696300,188214733,200334829,217298543,289265316,264816439,269470517,235834907,249850380,199542409,177013422,167045664,178421291,235347666,224560852,271357803,223700389,154652501,153608083,154981433,155645678,227646936,235522396,240880746,249371519,174372868,155734703,158351578,156387395,183597320,168248118,174033612,182407773,407339406,355096857,316608201,375379301,187351886,184117710,174694874,183141046,329649136,414950499,258640007,236670223,
182,168838830,187571141,179827911,199870608,424791818,344953608,450415608,487430800,225371014,204289079,336073393,176838128,559397117,573286989,582356438,551382809,314812273,317138925,312077818,257346647,172392488,182496712,206997368,271539747,314427486,326288495,283198217,296682173,169183557,166101824,158254642,173552364,248002757,256591592,331336452,266385190,152674786,152154468,153359958,152701736,272474715,271719865,292333569,289389360,194094128,154619068,154617429,154202544,167880052,164202476,166667576,187219338,378254189,366157879,315717664,356779083,167978878,109910739,163440674,300085457,316704977,294432913,249971505,235749510,
183,210969351,198927056,180413905,196921088,426055521,356552759,467423417,488656358,231390350,424962824,192728286,177262330,560525141,587414275,597803265,574143830,351666317,356111090,353213111,296391195,164693489,173633842,191981917,260137505,359215012,366465582,312308659,324377448,163939245,162642289,154902871,171739740,301114327,256663879,374844293,296638503,149649103,152226200,153179713,153986761,297280989,296163627,329743539,314255389,156128506,156979212,153799368,154491816,161945457,161595237,165857646,88557206,352993288,361986267,324623724,335525781,164701404,160731688,159847678,161474339,302016824,422090264,238275462,227831900,
184,89532270,195338192,180491479,203407821,423373169,385345971,475981216,494180447,230330572,223181724,198388132,175652104,562085658,597022311,605481886,595266446,383323631,394304222,395599190,332185036,162860655,174786637,170163412,233320942,397979490,392756166,326986977,338857125,159632147,161883303,154883970,168909962,321628376,280723957,396435186,318557023,152683745,151934799,152440655,153588636,313580794,313024943,354991890,330887306,157481527,160091463,153695778,155464695,148851202,159749163,162173834,189397800,346972004,353528842,318676001,325747817,162119183,158958166,158852901,158211077,294383448,278701368,234220088,228867746,
185,224020648,198855240,180019759,185866160,430423922,428147894,472774660,490263866,227554516,177725933,209231644,278471176,558566064,600281099,601696351,603027334,414340093,421443979,432076210,365856610,161664736,173341698,178111092,212028511,427689539,368113621,332372224,337066578,157725844,161448722,153822701,166119602,323618928,280309331,399563216,328479567,152019357,151318665,151514506,152179999,320238337,320534150,369024553,335253815,154366035,160198404,152602809,154049837,158440867,159379840,162308933,189261752,355195833,353318159,333866971,336978382,157197469,160240637,158068042,160163461,289114336,274878079,236824057,235545341,
186,206133399,201148676,174838256,170894775,479528258,458462001,460640048,473498852,221045902,152431249,117062057,173478616,541980218,559738617,566678069,589984003,450627296,440861079,461407737,401737339,156062973,167060069,168879339,221921567,455432125,431036824,341362312,347601522,154020206,157635916,151267600,164248311,297746663,278659164,409453973,338501601,149440294,149141189,149641134,149790692,321935184,323611075,395764089,342258957,152396424,157324540,150540784,151461001,157491835,158520611,170353210,178537491,377866368,359804874,290676166,351684469,157930887,158255593,156524109,163372154,284784830,268584789,232874690,232357046,
187,146865034,195952626,183331834,174055676,414308483,351760504,338340587,348066305,215462524,206065480,170955130,168847597,386817813,392925023,402374282,425256708,493045728,452391272,477338818,428369193,115059162,120595142,121781613,184597801,470596292,450843373,354932538,358570238,115689926,124981908,113538399,123597823,307849861,239527226,422880406,338464836,111931227,111749727,111799368,111927684,318817755,323225488,364033666,349991471,114442871,117935151,112764128,113122962,155743491,157180012,159814851,187097803,299512762,278085723,243857113,275218589,145570658,155410213,155127032,155618333,206206568,195905458,167385761,167599690,
188,198103891,198818958,181148240,169741823,113781319,108426918,104966727,107074527,201732927,334679726,205822868,168715570,114639416,115410287,117675756,124906319,469003210,459961743,485439926,445392170,36049885,37040126,37890853,44578313,479790881,455498724,376973649,375935231,36033737,36266465,35851837,38325398,290624145,264019076,343054663,325155425,35459221,35285008,35243725,35181436,317234694,323958263,359691085,351825749,36079454,37288388,35599507,35728506,154352578,155875925,158481399,184861550,92609524,85814918,77825436,84121700,153056287,153261711,153362975,153388097,62645700,57592267,48906853,48956688,
189,193316441,195667299,172373549,171935705,12442927,14043992,12690270,11099170,205408860,193958796,168253357,165438501,12048333,11948562,11776474,12605063,469055481,453943553,472462238,440681437,5560388,5901354,5800590,5992161,470870890,453937841,390219216,387005368,5782408,5501743,5645356,5528133,290185548,258304362,377445438,143756014,5754791,5576665,5541071,5231368,316215851,321075706,351024230,387570296,5686599,5732575,5673249,5626927,150101866,150695430,154976079,187272825,10669412,10226142,9818841,9860044,150022724,149277555,149668185,139609668,7896357,7429776,6540778,6378071,
190,141483934,146616226,126460236,125225994,3099189,4641033,2925682,2971367,150149479,136831561,128388746,127334934,3295356,3079224,2743589,3005926,358754128,345416446,349659432,316829895,2879723,3196929,3036922,2753521,350743880,339952417,309760080,307186693,3061647,2809028,2988425,2678978,214243055,192510986,285446668,228640711,3136646,2964197,2792997,2618255,244075918,247159381,205741019,288056917,3004777,2902659,3028830,2971520,112777162,112951603,115398487,155569738,3081942,3008943,3400533,2870310,114763885,112487411,112492397,112549788,3031474,3083274,2998736,2780251,
191,75790672,78203178,67596971,66572395,2933131,2802943,1197892,2827227,77391738,81408259,73002574,73052956,3135626,2915112,2581298,2839395,194762975,184573632,182359833,177325958,2832151,3146631,2984628,2699475,183352087,180302585,169948843,168323654,3014410,2759380,2936842,2628850,112133068,105749944,152470750,125410225,3080779,2905882,2742471,2567283,133578126,133915542,144397572,156816765,2954046,2840504,2980517,2924468,61101512,60581253,61835793,116048977,2942775,2870949,3269762,2740059,60813946,60304682,60803332,59750944,2936029,3004427,2931651,2716770,
192,9865109,10035436,8977362,8649916,2909117,395009,195231,2813805,9004839,8919281,10421950,22741556,3111453,2897203,2564089,2813854,21804185,20101128,19546555,19571013,2814761,3124802,2969145,2678934,19877242,19980982,19499306,19224806,2988882,2740495,2917408,2608174,13124826,11929533,17199958,14671301,3061611,2890087,2718527,2557327,16449182,16084688,15313654,18850402,2934542,2820456,2959183,2912516,8747668,8256922,8653895,75854620,2922327,2850324,3247641,2728722,8253770,8304956,8600225,8392291,2910534,2991370,2914389,2713417,
193,3525787,3617089,3396979,3495124,2905227,202061,159933,2807142,3659162,3265472,3511788,17854564,3105175,2890253,2555667,2808105,4483931,4112966,3952286,4230559,2800775,3113878,2951021,2670889,4208590,4358967,4188351,4229611,2978887,2733185,2905478,2602577,3835627,3610450,4121208,3788931,3053967,2882966,2711718,2549834,4082084,3980460,4222618,4286254,2927797,2811897,2952122,2907215,3678048,3154423,3500440,70874783,2915238,2840491,3242182,2720089,3202399,3242168,3500756,3332929,2908240,2975238,2903698,2707985,
194,2983026,3046558,2909609,3025033,2894667,160123,145036,2801181,3105427,2762736,3040356,17348533,3089675,2878378,2544956,2802209,2980300,2745535,2602863,2909145,2796336,3104135,2938296,2661971,2845140,3024458,2930199,2920809,2964996,2722824,2891611,2579475,3012910,2799153,2996510,2781544,3037694,2870572,2703145,2546061,2901889,2848181,3005474,2969778,2915507,2788003,2945076,2901122,3237841,2707048,3050454,68228517,2903557,2831155,3226469,2710434,2752691,2801811,3050553,2885815,2894852,2971539,2892517,2699262,
195,2978906,3037809,2901774,3020645,2867522,144545,131784,2795328,3102836,2758700,3034864,17260518,3058650,2859909,2523446,2782318,2973465,2737249,2594863,2901614,2785324,3092505,2924972,2639208,2840501,3015926,2914382,2908291,2928017,2700301,2857585,2534896,3008956,2791808,2992009,2778256,3016249,2839904,2673214,2541229,2896959,2842663,2994733,2961801,2898096,2717940,2928622,2896296,3223996,2699535,3041523,65845961,2890321,2819647,3211317,2705109,2748351,2795008,3037513,2875596,2878440,2956881,2876617,2692419,
196,2971756,3025000,2892861,3005815,2806274,133353,119184,2785341,3091977,2749583,3022817,17074102,2974447,2821843,2477847,2742463,2965477,2732933,2589338,2896155,2765301,3064881,2874626,2589103,2828269,3000506,2908917,2901338,2820421,2635000,2767733,2383493,2996071,2780288,2983328,2768610,2967899,2755929,2609158,2540355,2884927,2837611,2985698,2957374,2857865,2529706,2905338,2888989,3208442,2686719,3028950,62630606,2869481,2795550,3192136,2692285,2735563,2783294,3029180,2868881,2850023,2936370,2838069,2687048,
197,2963681,3015297,2885318,2992016,2576390,118057,101397,2773482,3083567,2734803,3018923,16861107,2675941,2673978,2290790,2593663,2954174,2727933,2579703,2888098,2713380,2977430,2703522,2402211,2821751,2993988,2911582,2890964,2469291,2399356,2442826,1962163,2987237,2775324,2973484,2768753,2813862,2477110,2392606,2531031,2876225,2827139,2977923,2948511,2698243,2007248,2840450,2875923,3191367,2682834,3022562,59568680,2780772,2701550,3131844,2662865,2727523,2772332,3019678,2859867,2722856,2873246,2707256,2676218,
198,2953669,3005515,2869662,2972474,1953655,99516,77634,2727738,3064481,2726282,3008107,16564164,1923202,2195453,1764941,2111285,2944498,2715707,2570095,2880487,2505921,2663297,2201801,1882248,2811260,2988689,2903051,2884565,1681327,1794784,1707022,1205837,2977094,2761451,2965609,2752035,2321098,1807026,1824516,2504761,2864823,2813365,2970098,2937540,2209613,1146701,2605279,2841804,3147056,2664707,3010525,55638770,2469300,2351027,2895509,2527818,2715222,2739602,3011922,2847669,2304881,2626480,2284458,2655870,
199,2948189,2978749,2850558,2929679,1085125,76862,49829,2555471,3055421,2709620,2991493,16223025,966357,1357225,976233,1275509,2902125,2709104,2549531,2869483,1993452,1979520,1373315,1108408,2788995,2975249,2880647,2864171,817540,982781,854910,521300,2960906,2736818,2953783,2744702,1457880,933419,1011651,2424118,2851618,2791921,2953656,2927079,1381300,446814,2019406,2740658,3061220,2632795,2994156,51703644,1793081,1640748,2293929,2138731,2698925,2681060,3000202,2828405,1537267,2032751,1526607,2579345,
200,2931596,2930761,2798620,2799387,396928,47475,22959,2061244,3026981,2698020,2970954,15611866,313176,535004,337736,482092,2787972,2690716,2478043,2850460,1168983,1051964,579303,429587,2725821,2945167,2865311,2817025,268221,353157,285501,161625,2924788,2666869,2937547,2726885,589339,309461,356906,2124446,2814089,2725180,2934507,2902327,573510,135064,1114557,2392315,2849184,2563848,2958035,47208693,908420,784148,1334077,1398222,2655034,2540574,2967704,2787326,700610,1146408,702300,2318743,
201,2904030,2790088,2667584,2476636,126769,23336,9253,1247916,2975896,2642945,2922926,14658682,104998,159869,99548,137881,2482012,2645633,2271764,2809836,475263,388730,184510,68062,2521073,2850997,2831611,2658493,97378,113797,98152,66680,2825146,2461070,2895063,2686613,179366,99434,107921,1478749,2698554,2522177,2875813,2838535,178485,67340,415326,1648135,2433850,2398053,2876800,42459136,318707,263705,531663,647128,2559662,2251589,2910394,2688076,234456,446978,238076,1724736,
202,2819477,2333673,2218623,1695006,68087,9026,4763,467373,2768057,2419682,2744628,12397919,69210,69906,53123,61777,1672208,2461603,1657025,2627105,139150,122960,75091,61781,1873596,2461711,2701354,2090265,65749,62396,63367,51196,2473040,1845013,2719132,2482842,80203,61967,59686,650672,2265180,1883077,2603974,2547180,75080,58490,118043,774582,1570474,1935295,2605891,36206270,102972,88069,157325,197620,2270723,1590990,2745964,2403284,86029,131431,88502,878062,
203,2596239,1605256,1506842,898884,62048,4847,3819,148600,2299681,1941046,2343254,9132515,65365,60342,49270,54756,838498,2008224,921875,2189946,67927,75954,61407,53167,1052850,1750606,2344700,1279744,61538,55965,58132,48642,1835318,1083954,2288350,2014295,69241,58806,54620,207834,1547125,1085159,2006817,1944305,62197,56869,67229,268932,785403,1267534,2080172,30737310,68120,61540,82135,78568,1741176,879185,2384995,1873697,64344,69313,66306,326246,
204,1962239,692781,641025,291215,60380,4034,3572,72404,1370185,1078066,1487012,4769845,63923,59222,47973,52414,246128,1104742,297508,1276224,57195,69298,58346,51202,335053,770912,1482025,460660,60532,53805,56646,46973,888695,379518,1392751,1120224,67553,56621,53717,80340,657406,366460,1017409,962437,60084,54922,60450,105250,250976,518710,1151685,25393670,63711,57736,70522,57176,889672,295045,1581737,997569,60952,59868,62376,118938,
205,1130314,242176,219557,111295,58655,3487,3137,57739,599713,439356,702309,2261664,61972,57482,46028,51707,90800,428504,98677,532008,54233,65887,56422,49782,108209,257578,667282,145812,58418,52843,55287,45896,330266,128353,618559,454326,65236,54765,51458,54054,224025,119735,377043,349838,58202,52949,58322,64957,108480,181791,475949,22596946,61817,56212,67899,52715,339100,109485,777248,400482,58636,56759,61058,61861,
206,381418,89628,79478,70073,57081,3114,2770,55842,170958,123076,208178,1225766,60149,55840,44667,50076,62445,111869,55411,139742,52597,64370,54439,48541,60146,83903,179592,66797,56464,50854,52937,44253,103811,63294,173532,57880,63102,53402,50047,49698,80599,61096,107164,99721,56745,51377,56560,58939,76296,71685,140263,20989719,60477,55005,65864,50990,102903,62768,236311,123497,57691,55499,59000,52250,
207,135510,68801,60370,65063,55785,2732,2364,54172,83881,66781,90734,1040280,58504,54071,43877,48318,59007,63534,51357,71152,51072,62136,52744,46904,56170,65000,79517,59553,54776,49354,51952,43464,68988,56100,83282,66837,60942,51946,48685,48541,62689,55299,69238,65339,55705,49979,54967,57557,71743,56200,77200,20107080,58479,53550,64011,50154,63583,56801,100531,71590,55769,53684,57566,49481,
208,70238,63524,56937,62540,52960,2288,1897,52926,66475,55662,64852,977216,56253,52158,42125,47009,57257,55924,49426,61203,49355,60018,50610,45117,54193,61289,63362,57412,52888,47500,49819,40764,62202,53922,67151,57526,58840,49971,46448,47545,58641,53297,63129,60479,52858,48271,52763,55450,68762,52525,64979,19130339,56244,51973,61710,48390,55749,54670,68036,61154,54141,52164,55583,48151,
209,62239,61952,54964,60775,51828,1843,1413,51989,63837,53923,61498,940691,54066,50635,40677,44954,55563,54442,48250,58492,47831,58135,49637,43601,53405,59431,60778,56153,50353,46225,47296,39585,60309,52602,64361,55367,57045,48360,45264,46301,57585,51829,61968,58551,51473,46191,51273,53940,66794,50616,62300,18288286,55438,49768,60266,47146,53927,53159,64200,58949,52507,50844,53585,46956,
210,59937,59926,53228,59256,49501,1312,972,50226,61966,52110,59231,900392,52088,48920,39012,43262,53434,52782,46620,57115,46271,56374,47513,41726,51422,57566,58771,54299,48858,44298,45917,37719,58362,50419,62169,53535,54694,45564,43222,45051,55742,50075,60135,56573,49566,43922,49801,52852,64653,49121,60616,17215747,53327,47775,57770,46171,52328,51268,61883,57602,50431,48753,52193,45879,
211,58009,58230,51726,57590,47735,966,720,49059,60654,50417,57780,867300,49582,46790,36904,41272,51939,51654,45422,55367,44375,53966,45225,40385,49522,56344,56730,52544,46232,42406,43416,36005,57361,49331,61033,52075,52571,43941,41443,44190,53910,48995,57977,55151,47392,42014,47814,51658,62553,47765,58848,16298527,51085,46731,55423,44608,50797,49980,60317,55794,48401,46826,50385,44262,
212,56481,56637,49709,55594,45934,764,639,47886,58835,49005,56191,828054,47544,45303,35414,39683,49938,49962,43386,53868,42921,52256,43420,38780,48335,54106,55765,50735,44572,40705,41764,33832,55401,47782,59332,51016,50365,41885,39708,42941,52290,47370,56693,53295,45482,39680,46144,50471,60627,46583,56898,15262967,50169,44936,54014,43098,49108,48357,58335,54167,46801,45445,48504,43237,
213,54516,54708,48644,53875,43092,655,608,46196,56598,47646,54443,790055,44787,42741,33374,37350,47821,48678,42144,51894,41514,49632,41389,36887,46547,53151,54087,49650,41643,38326,38921,31944,53390,45635,57551,48997,47929,39302,37278,41747,50427,45584,54592,51428,42963,36977,43819,48963,57976,44708,55581,14257364,47947,42813,51808,41767,47890,45961,56929,52839,44650,42981,45977,42402,
214,52907,52282,46405,51335,40841,583,556,44402,54899,45831,52693,746033,41916,40591,30714,35019,45612,46685,40146,49961,39018,47306,38735,34271,44570,51100,52292,47075,38703,35605,36346,29076,51096,44695,55851,47841,44473,36230,34567,39884,48720,43661,52584,49387,40698,33820,41776,47465,55307,43153,53186,13067266,45686,40171,48394,40003,45649,44498,54636,50350,42056,40925,43797,40662,
215,51015,50638,45000,48995,37680,523,502,43434,53286,44066,50430,704469,38548,37461,28053,32380,43756,45072,38429,48778,36487,44096,35790,31726,42686,49361,50110,45261,35286,32685,32434,25803,49334,42261,53909,45782,41052,33144,31581,38682,47054,41864,50684,47399,37508,29737,39324,45537,52852,41480,51730,12025038,42912,37989,45519,38474,44305,42397,52606,48882,39223,37961,41020,39245,
216,49421,48332,42505,46699,33896,509,493,41802,51040,42377,48921,659767,33815,34556,24466,29288,41261,42998,36928,47299,33901,41152,32610,28375,40809,46795,48836,43566,30387,28638,27666,20671,47176,40428,52186,44622,37795,28269,27484,37356,44601,40354,48176,45444,34179,23880,36430,43557,49986,39522,49633,10962309,40406,35011,42130,36740,42419,40019,50563,46911,36081,35429,37987,37191,
217,47499,46321,40592,44518,29014,519,491,39590,49525,40232,46812,614414,27887,30043,18944,24348,38623,41228,34922,44389,31358,37235,27850,23855,38612,45543,46943,41443,23352,23190,20787,13897,45049,38399,49896,42541,32675,21295,21509,35631,42571,38320,46775,43343,29374,16058,33141,41799,46855,37560,47518,9953644,36875,31465,38044,34386,40233,37829,48516,45039,32401,31710,34623,35647,
218,45030,43205,37532,41407,20673,492,473,37095,46951,38068,44254,557232,17891,23953,11136,17029,35837,39012,32121,42158,26749,31117,20507,16476,35822,42341,44438,38518,14283,15210,12190,7076,42396,35433,47902,39600,24522,12082,13173,33798,40012,35622,43863,41169,21752,7944,28670,39778,42557,34362,44902,8786395,31009,25377,31659,31935,37920,34671,45843,42530,26119,26941,28172,33889,
219,42889,40149,35097,37778,12179,449,426,35011,44675,35686,42283,504466,9129,15592,5215,9291,31167,37162,29661,39626,20866,23880,12478,9125,32529,40517,42191,36048,6946,7922,5509,3124,39621,32872,45395,37453,15299,5495,6491,31748,37305,32829,41339,38487,13248,3414,22560,37421,38398,31847,42276,7842171,23320,17755,23574,29253,35163,31384,43784,39855,17798,20029,20470,31736,
220,40111,36433,31514,32678,5929,431,411,31919,41686,32919,38847,437173,3983,8293,2201,4140,24958,34145,24934,37131,14131,14864,6314,4289,28115,36916,39285,32930,3178,3532,2683,1665,35594,28931,42347,34458,7438,2467,2992,29544,33479,29226,38306,35120,6611,1869,14759,34396,29454,27891,38993,6779661,14608,10324,14621,25259,32048,25564,40017,36784,10439,12837,12127,28946,
221,37506,31797,26966,26306,2746,462,442,28364,38893,29360,36651,368354,2104,3564,1421,1950,16864,31128,19781,33841,7171,7466,2815,1898,22303,33905,36692,28576,1805,1835,1623,1260,31047,23808,39264,31464,3302,1591,1666,26286,29464,24496,34412,32153,2838,1444,7529,31369,20050,22753,36555,5923183,7187,4614,7028,19578,27570,18260,36528,33664,4739,6210,5637,25477,
222,33973,24271,19662,16581,1680,441,432,22035,35476,23622,32614,275524,1717,1758,1240,1332,8031,26556,11385,28751,3086,3210,1656,1347,13094,27979,32736,21423,1549,1429,1441,1185,24025,15519,35069,26085,1848,1315,1277,21046,22230,16691,28533,26221,1701,1410,3173,25486,9585,14565,31366,5030320,3108,2122,2989,11811,19835,9690,31674,27970,2250,2728,2563,19817,
223,29452,15223,11974,8712,1527,414,408,15149,30699,16777,27383,184981,1610,1509,1172,1278,3373,20653,5749,21926,1701,1907,1390,1213,6326,21083,27766,13954,1441,1332,1374,1085,15729,8464,28891,20035,1675,1287,1276,14470,14060,9556,20809,19270,1527,1340,1688,18547,4415,7924,25060,4391172,2106,1518,1953,6065,11784,4421,24718,20866,1543,1531,1710,13474,
224,19633,5173,3913,2892,1457,393,383,4987,20557,6817,16589,84412,1556,1393,1118,1179,1618,9701,1993,10388,1315,1632,1282,1156,2015,9237,17040,4985,1343,1243,1341,1082,5996,2727,16376,9258,1549,1223,1205,5062,5275,2935,8986,8351,1359,1223,1360,7304,2054,2517,13158,3727736,1756,1430,1667,2007,3596,1701,12435,9598,1476,1340,1447,4637,
225,11771,2573,1952,1901,1348,393,374,2379,12243,3063,9324,52442,1467,1274,987,1214,1342,4445,1339,4989,1268,1542,1217,1119,1386,4411,9334,2487,1301,1157,1228,987,2806,1658,8350,4092,1465,1112,1105,2404,2572,1631,3895,3956,1353,1192,1322,3529,1853,1604,6350,3423357,1710,1385,1485,1454,2017,1397,5837,4390,1420,1245,1436,2212,
226,4795,1725,1402,1674,1320,404,394,1502,4937,1670,3777,40298,1415,1297,990,1125,1320,1813,1200,2127,1177,1454,1164,1049,1322,2073,3695,1520,1299,1201,1142,940,1636,1329,3299,2023,1455,1079,1102,1467,1652,1284,1833,1811,1265,1146,1258,1867,1664,1364,2630,3145983,1731,1309,1475,1232,1493,1321,2469,2029,1329,1219,1354,1402,
227,2277,1566,1453,1544,1252,360,355,1364,2379,1375,1958,36379,1343,1240,928,998,1275,1392,1174,1549,1125,1413,1154,1036,1293,1624,1978,1397,1118,1115,1107,852,1559,1279,2035,1464,1310,1056,1064,1285,1364,1318,1579,1430,1223,1086,1203,1466,1631,1262,1855,2920818,1637,1258,1424,1200,1464,1213,1711,1588,1274,1143,1357,1235,
228,1533,1539,1239,1505,1226,354,349,1329,1692,1310,1590,33772,1264,1166,868,1039,1264,1326,1144,1473,1061,1288,1141,1017,1323,1432,1560,1276,1139,1035,1024,877,1448,1195,1659,1414,1328,932,1030,1203,1416,1242,1535,1326,1185,1025,1213,1351,1617,1176,1490,2684973,1485,1195,1424,1214,1350,1215,1565,1522,1246,1076,1293,1229,
229,1443,1447,1252,1420,1203,344,335,1310,1482,1257,1415,31836,1208,1114,819,931,1130,1262,1103,1347,1089,1248,1068,980,1174,1395,1538,1322,1081,1003,998,876,1418,1220,1609,1278,1224,948,984,1165,1356,1097,1462,1261,1124,891,1104,1335,1457,1179,1559,2491160,1435,1169,1381,1149,1290,1173,1497,1325,1158,1048,1206,1126,
230,1323,1463,1163,1394,1119,354,350,1232,1464,1191,1388,29075,1140,1105,837,910,1113,1211,1031,1345,1017,1147,969,902,1139,1321,1440,1250,1009,972,1002,781,1355,1110,1579,1250,1139,846,933,1167,1263,1072,1341,1187,1101,840,1112,1242,1345,1186,1383,2263189,1453,1095,1293,1104,1251,1089,1408,1325,1125,1037,1200,1118,
231,1336,1382,1138,1240,1046,319,311,1213,1378,1113,1279,26796,1024,990,756,829,1061,1119,1032,1299,995,1145,961,905,1098,1248,1431,1215,939,906,862,749,1232,1048,1575,1231,1085,859,906,1106,1256,1072,1279,1185,1002,799,1025,1208,1381,1046,1330,2073986,1370,1085,1244,1079,1221,1016,1333,1297,1027,968,1068,1054,
232,1318,1241,1106,1305,935,307,305,1202,1403,1103,1249,25229,1017,980,771,787,1027,1218,957,1187,903,1074,873,853,1074,1181,1366,1172,892,846,833,690,1260,1047,1453,1153,1000,709,798,1094,1221,1043,1326,1119,987,824,973,1207,1324,1015,1340,1882532,1334,993,1122,1037,1168,1034,1266,1323,931,906,1021,1046,
233,1244,1222,1026,1244,917,360,354,1123,1270,1006,1173,23210,968,963,668,724,941,1096,939,1160,865,1008,843,734,965,1194,1217,1090,815,793,746,642,1116,1014,1416,1078,927,667,735,1043,1136,964,1223,1020,944,644,864,1128,1207,966,1295,1706427,1243,935,1064,1000,1111,943,1287,1209,915,813,1001,1013,
234,1182,1087,973,1144,858,330,321,1109,1130,1034,1103,20933,855,819,599,709,911,1034,825,1094,823,938,820,678,959,1126,1253,1044,731,729,686,550,1097,926,1323,1074,849,605,693,1043,1050,918,1186,987,836,607,821,1058,1162,905,1209,1517239,1183,871,1043,926,1082,866,1205,1119,876,735,870,893,
235,1147,1040,893,1120,785,326,321,1035,1167,965,1059,18990,803,749,534,647,865,1017,817,1043,818,930,675,633,869,1138,1197,1022,653,648,599,477,1010,922,1348,1026,784,490,613,986,1028,890,1110,965,724,518,769,997,1074,898,1238,1359462,1068,851,957,939,1033,868,1153,1022,812,712,827,912,
236,1114,1045,869,989,649,339,324,992,1077,875,1054,16787,738,687,430,557,786,933,780,982,717,781,637,527,838,1034,1142,948,563,596,478,463,996,854,1295,908,732,416,554,894,977,832,1019,880,647,430,719,945,978,846,1120,1186055,1083,746,810,850,907,821,1039,1013,717,707,829,848,
237,1064,949,782,978,600,259,253,944,1051,852,996,14727,649,606,349,397,708,849,676,910,656,756,553,476,757,1005,1083,876,437,429,435,348,869,812,1213,888,554,331,416,943,875,776,999,834,577,359,645,936,868,786,1047,1054896,984,676,739,769,897,661,954,1049,693,594,686,856,
238,983,860,786,848,472,303,291,880,1012,808,892,12541,438,553,291,371,609,803,600,889,560,674,444,393,730,977,1006,805,390,386,337,297,869,686,1107,760,467,268,338,798,822,736,923,787,457,292,562,898,780,659,1071,910960,812,584,687,818,818,628,953,866,627,503,593,842,
239,877,836,687,806,395,281,274,828,915,733,900,10603,422,459,301,294,529,802,550,845,487,497,367,360,634,828,937,747,357,305,316,279,792,644,987,801,363,236,286,776,748,633,834,763,368,256,492,825,656,615,905,800415,688,506,491,716,759,551,885,917,469,464,509,718,
240,884,719,630,660,321,307,301,788,880,650,809,8568,338,346,291,326,423,726,472,728,385,387,314,310,517,828,857,659,329,306,295,262,683,537,992,738,326,234,306,779,722,560,793,652,310,286,397,767,483,541,863,683568,539,388,385,650,629,431,720,771,385,360,355,731,
241,791,655,528,559,298,228,224,711,793,553,753,6740,325,356,275,273,356,639,352,668,338,346,310,279,454,705,825,614,309,310,301,263,566,509,909,603,288,234,284,708,571,488,698,570,287,298,324,726,377,422,783,602021,429,325,317,580,516,343,718,718,336,264,324,602,
242,700,471,395,447,287,266,261,652,745,463,663,4493,321,308,271,295,303,583,312,620,276,309,311,284,345,610,688,512,306,299,323,275,464,406,816,528,249,200,299,666,441,409,590,480,304,292,296,668,308,379,695,518085,368,326,341,500,403,303,600,615,288,273,273,567,
243,610,387,364,413,279,250,247,536,676,394,570,2981,347,279,272,291,283,485,303,486,271,250,276,304,292,534,666,418,277,279,293,267,394,298,631,423,251,209,282,527,382,336,444,364,293,275,287,613,303,324,629,464097,349,312,330,435,351,271,474,506,318,279,253,473,
244,593,351,347,375,269,264,258,475,569,314,501,2050,313,291,277,275,299,371,322,393,268,277,260,266,303,477,553,343,292,292,288,269,336,281,544,388,246,210,306,510,364,304,403,289,314,293,262,517,322,297,457,414351,372,325,306,384,298,248,375,391,294,260,306,428,
245,457,316,322,319,270,230,220,405,472,298,388,1661,329,302,266,261,300,323,283,352,298,275,295,274,259,339,429,328,280,250,285,270,352,283,412,302,243,223,227,374,297,275,297,251,305,280,317,450,322,282,421,377802,342,296,301,328,253,258,323,345,304,270,253,380,
246,341,298,295,345,276,214,210,319,354,252,336,1364,290,286,234,301,243,274,258,278,295,263,274,217,306,331,412,288,254,293,293,245,295,268,315,278,214,226,261,334,286,298,291,256,269,239,242,331,288,275,359,338771,320,309,291,335,270,272,303,297,292,238,273,333,
247,294,303,296,318,271,242,236,334,296,269,309,1285,302,291,264,273,259,283,288,320,299,264,301,282,287,294,371,303,283,273,282,263,318,285,292,251,252,192,266,307,313,273,303,222,263,236,285,312,268,266,309,309739,338,290,293,354,279,256,281,287,297,221,255,314,
248,291,300,295,326,257,252,246,279,267,269,271,1159,302,301,275,275,227,292,276,291,255,274,300,256,291,301,345,280,255,264,286,250,269,240,279,265,249,209,261,316,307,249,284,228,268,235,247,270,287,276,316,280556,327,282,321,303,282,263,263,288,235,241,240,309,
249,323,329,305,319,281,240,236,267,258,299,292,1116,319,249,240,270,244,271,277,273,273,244,288,253,271,299,323,297,276,285,261,252,275,247,296,249,241,195,269,289,288,276,279,199,246,261,282,258,283,290,351,253084,311,302,307,303,291,245,276,294,306,235,249,329,
250,281,261,295,307,252,225,224,292,273,262,269,1009,287,269,235,264,263,261,266,293,263,222,257,213,292,345,299,283,222,279,244,211,276,281,301,279,221,185,239,261,279,259,286,226,253,275,257,252,286,273,327,223975,326,309,286,267,272,245,251,272,257,220,240,286,
251,276,261,291,283,260,237,230,282,250,251,247,932,282,250,231,220,255,275,233,277,271,250,256,245,286,301,314,293,239,230,273,236,284,249,272,256,226,194,289,332,300,285,265,206,268,240,239,296,249,275,296,201315,296,280,283,270,260,247,282,249,264,205,221,282,
252,254,262,276,301,226,217,218,272,250,263,275,872,287,265,235,246,265,285,255,245,263,248,275,242,259,274,339,291,247,250,240,240,247,224,279,256,227,183,254,275,277,247,249,196,245,233,251,282,251,279,306,176954,299,262,276,254,240,226,236,273,304,213,231,304,
253,300,296,291,325,218,214,206,269,267,253,250,776,276,263,235,231,268,229,250,285,239,233,210,276,253,275,292,298,241,251,221,211,290,232,288,233,233,165,276,294,264,244,262,220,219,213,229,274,275,243,298,158753,282,300,285,267,231,232,236,260,270,209,213,309,
254,215,285,271,295,221,198,199,285,254,265,263,711,234,228,199,252,206,249,259,254,263,210,242,256,249,269,325,280,230,225,227,191,256,249,278,231,216,185,220,249,273,228,237,209,246,215,225,259,244,270,273,137040,287,276,267,286,229,231,231,265,231,228,222,301,
255,257,284,246,303,235,199,197,260,240,258,239,605,272,223,222,215,229,206,229,279,242,210,241,236,233,290,297,297,235,214,246,215,265,236,265,256,210,166,210,299,256,267,251,194,219,209,209,244,229,255,258,121251,290,279,252,256,227,217,240,260,230,209,221,295,
256,260,248,294,303,209,203,191,259,240,207,285,580,271,263,220,200,234,233,219,268,218,244,245,218,267,253,305,249,205,216,212,232,272,246,284,282,212,167,209,257,269,243,215,223,200,198,223,229,234,258,264,110402,258,234,252,255,199,240,264,247,223,193,210,255,
257,250,258,289,286,196,185,186,262,238,254,254,525,253,224,180,214,230,255,230,258,205,225,218,231,264,283,296,262,190,221,240,242,274,238,241,278,216,155,208,270,243,241,269,179,230,201,212,242,211,248,263,96872,307,249,280,268,196,213,251,236,231,206,204,272,
258,237,261,243,279,207,184,182,259,185,213,253,493,219,219,177,220,201,245,223,238,205,194,215,224,197,269,258,256,232,210,194,204,246,259,238,272,178,158,210,244,235,239,227,180,219,195,239,244,203,243,314,83116,228,233,217,256,224,181,227,231,235,178,186,257,
259,285,264,236,236,218,175,173,271,240,232,250,412,216,220,207,210,208,247,204,248,221,205,213,201,246,265,286,258,213,193,221,181,266,222,245,225,163,151,203,270,249,259,231,171,209,193,184,256,205,206,257,72838,247,246,241,261,201,221,235,219,215,213,200,266,
260,259,251,245,237,194,169,167,250,225,233,239,371,231,230,194,208,198,234,216,271,202,200,229,190,252,243,273,267,221,205,205,207,243,199,232,239,188,141,216,267,215,231,197,168,211,188,198,243,213,224,246,63379,223,219,232,243,211,205,221,218,213,203,168,236,
261,217,241,217,234,217,188,184,233,219,229,227,358,213,201,212,196,189,204,202,244,223,187,213,175,198,255,255,228,196,227,207,184,233,208,229,221,164,141,205,283,226,210,242,194,178,214,216,215,206,214,242,55777,232,203,238,249,230,155,215,235,218,177,189,259,
262,240,231,223,236,179,157,156,253,220,229,228,319,234,218,193,197,205,203,220,220,207,193,211,194,209,259,275,262,191,194,206,187,251,203,209,234,176,163,207,222,227,209,199,167,208,185,204,242,210,207,261,48553,240,255,257,218,200,218,195,212,202,193,189,241,
263,241,219,221,243,203,171,167,234,227,194,210,261,224,198,198,174,203,216,207,230,215,178,227,161,240,227,246,241,200,201,197,167,232,199,208,206,169,151,209,250,195,202,213,147,210,181,197,198,192,195,240,43283,227,235,197,228,198,196,209,210,202,202,205,249,
264,226,219,210,244,197,168,167,252,221,208,202,298,222,185,163,191,190,229,200,236,238,198,215,223,192,263,271,244,189,183,201,217,231,196,186,233,179,154,202,227,206,218,215,154,198,168,199,221,184,187,224,38258,222,225,226,234,181,184,196,218,188,167,177,231,
265,213,251,246,253,198,163,156,204,217,217,189,273,224,225,161,203,188,189,185,219,203,188,200,212,202,231,276,226,210,194,204,210,227,204,211,170,157,132,189,213,209,204,230,165,200,169,187,193,213,171,237,34746,232,216,217,231,196,193,202,191,229,145,159,226,
266,217,234,199,244,185,159,154,206,198,178,200,249,204,195,173,182,204,188,195,204,206,161,204,179,211,241,234,243,174,179,223,186,193,188,196,187,162,134,188,248,211,199,197,134,170,148,193,220,210,210,229,30932,205,208,220,215,177,178,194,225,190,160,175,249,
267,255,228,221,197,184,157,158,217,186,188,196,252,210,214,166,189,214,207,168,193,209,158,204,183,199,203,252,241,202,184,198,200,216,185,193,213,183,157,202,224,214,192,206,149,173,180,209,178,197,202,244,27590,223,212,211,192,179,198,204,181,197,148,170,257,
268,222,218,204,226,201,153,146,228,201,174,205,234,184,208,159,178,180,162,181,200,182,157,205,155,223,206,238,222,168,176,188,177,191,201,189,199,167,145,194,225,210,198,193,139,181,196,195,203,212,218,227,24372,234,217,222,235,193,174,214,211,221,177,195,242,
269,191,219,224,208,208,140,138,206,191,211,207,243,182,159,172,163,193,179,188,244,209,152,197,188,196,237,211,238,176,193,180,160,194,203,197,225,166,131,179,231,193,207,185,128,178,158,187,190,194,220,235,22027,228,199,217,185,181,187,184,198,164,175,177,224,
270,199,218,198,260,179,172,168,187,158,180,194,225,201,174,176,180,185,190,181,188,189,177,186,161,206,230,272,213,216,161,201,164,198,208,185,204,143,124,171,248,207,187,221,141,196,170,209,190,170,206,232,18954,206,219,213,194,171,179,200,223,199,144,157,226,
271,205,194,198,262,174,144,143,166,169,183,190,204,211,159,172,185,173,173,189,193,203,168,191,155,202,207,204,236,196,189,178,145,198,177,176,202,143,143,187,197,185,182,197,143,192,175,183,188,190,198,213,16743,192,180,183,210,176,176,181,204,207,175,162,228,
272,184,219,206,218,181,141,142,209,192,215,174,258,207,186,162,172,180,176,174,228,145,156,184,166,210,233,258,240,199,174,173,180,198,192,194,207,151,127,176,221,228,216,168,155,191,141,163,195,179,210,218,14795,197,186,209,190,165,165,200,192,191,145,155,188,
273,206,186,203,245,156,140,137,188,219,178,202,208,190,155,159,190,187,192,195,161,165,162,183,173,196,220,257,196,174,170,169,173,173,173,180,171,141,131,155,222,226,192,199,133,173,165,166,208,181,190,210,12924,213,202,200,207,161,163,199,191,182,161,148,208,
274,189,196,207,212,176,148,148,209,162,168,198,207,193,156,155,157,182,170,170,194,179,132,186,184,215,218,213,194,182,154,160,158,203,205,195,214,137,119,169,215,175,169,197,134,180,173,184,197,176,201,192,11276,210,206,185,221,158,172,177,184,165,135,153,208,
275,218,189,202,218,178,131,131,189,166,184,174,192,169,164,163,188,191,167,160,189,189,156,179,152,167,209,210,215,184,154,189,162,203,178,179,175,153,101,177,226,201,187,179,125,163,161,171,175,146,174,207,10035,199,184,194,201,148,164,186,193,176,130,158,197,
276,179,197,207,185,176,140,139,194,158,185,188,195,190,178,142,185,162,184,153,212,161,166,175,158,205,203,237,206,147,172,166,163,214,162,177,192,144,131,184,225,192,170,168,120,180,160,172,190,160,169,220,8435,203,202,184,214,163,149,177,184,175,138,148,208,
277,200,206,210,239,169,121,117,194,170,185,174,199,170,188,165,167,186,175,151,194,186,165,162,146,184,194,227,197,159,164,183,148,205,183,182,173,169,104,154,198,146,175,188,123,172,176,163,170,158,193,176,7541,188,176,205,185,128,157,160,173,172,150,153,200,
278,171,174,162,207,154,118,118,180,169,152,181,170,175,148,143,167,166,182,159,177,179,161,162,146,177,191,240,194,171,151,165,160,189,177,171,190,148,128,180,201,160,185,189,136,167,163,164,177,178,169,194,6466,204,197,171,184,154,164,152,184,157,151,131,220,
279,159,190,171,184,158,145,142,185,163,158,192,188,182,148,149,131,146,166,168,182,153,159,158,182,180,190,181,216,170,161,153,169,191,154,180,162,142,109,164,217,177,159,202,113,149,154,123,187,166,162,209,5688,176,189,192,196,151,138,153,181,162,123,155,212,
280,192,177,191,220,155,116,114,172,167,139,188,180,176,155,141,142,154,174,174,195,180,152,160,136,184,215,231,181,177,134,160,139,183,169,168,170,114,115,174,201,170,168,193,112,161,164,188,157,163,162,196,5012,181,160,163,182,138,153,162,185,163,121,148,191,
281,181,192,190,176,151,145,142,185,161,161,167,177,166,157,143,153,165,172,168,190,171,147,186,133,151,194,210,184,151,175,172,148,162,164,186,160,141,106,169,197,157,176,185,114,141,153,153,182,133,159,171,4436,184,173,187,181,155,146,161,159,170,123,121,219,
282,178,169,161,198,161,124,120,200,141,155,157,204,172,143,124,139,140,155,142,167,156,153,140,126,173,198,182,176,150,154,161,152,162,168,165,161,155,116,164,208,204,152,186,128,171,129,165,154,165,149,172,3862,169,171,192,190,141,127,170,155,184,151,134,185,
283,161,160,177,207,161,112,110,177,168,154,153,183,151,177,118,157,170,156,159,173,168,151,162,152,190,205,201,184,158,151,154,143,164,154,164,162,129,98,157,201,168,168,182,115,140,130,151,173,153,157,203,3431,194,164,194,185,156,156,143,170,173,133,149,208,
284,204,166,170,190,115,100,100,206,152,160,145,176,150,145,120,149,147,176,163,166,152,133,148,156,183,187,200,199,143,162,174,147,169,150,152,152,132,88,160,184,164,164,157,115,142,133,139,153,148,169,196,2979,193,170,179,180,141,161,155,165,168,137,133,169,
285,175,175,163,203,161,98,93,163,150,141,148,169,170,140,121,163,175,168,143,154,161,131,152,159,159,185,163,188,150,168,150,133,159,158,171,134,120,92,165,192,153,157,158,105,161,140,150,169,135,146,175,2748,190,147,180,176,147,123,160,157,138,132,132,194,
286,191,162,183,175,154,114,113,174,141,152,175,180,146,132,145,134,155,150,142,155,130,139,157,141,175,170,209,165,144,144,139,148,161,165,163,151,129,109,156,172,145,171,178,104,169,144,146,169,155,154,180,2371,177,156,161,188,149,139,157,155,148,130,109,191,
287,178,159,173,183,145,121,118,149,143,124,156,162,162,154,107,147,142,146,150,152,147,125,149,150,156,193,208,174,178,160,130,145,157,154,154,158,122,96,146,180,167,172,152,105,136,136,137,145,141,165,156,2054,150,166,156,174,133,129,149,156,145,120,133,185,
288,167,169,156,181,127,106,106,169,142,140,154,179,165,112,115,151,137,161,132,160,136,135,133,146,161,194,190,150,161,135,141,142,166,164,153,167,139,100,137,175,150,150,143,104,143,133,146,132,140,141,163,1790,160,160,169,158,153,138,138,157,145,130,148,185,
289,176,187,176,183,134,105,100,178,152,167,137,147,142,163,118,119,136,142,139,157,135,127,126,146,164,205,181,161,132,142,141,131,187,149,129,154,119,80,152,184,167,160,165,90,132,130,150,159,163,154,181,1638,158,159,153,146,141,118,151,147,174,120,137,190,
290,170,172,155,181,137,86,85,166,141,154,160,157,154,144,122,129,164,153,126,150,144,137,153,132,187,177,172,183,127,139,139,131,159,144,140,146,123,89,124,157,178,153,150,108,148,120,131,149,150,142,182,1422,164,126,153,171,120,119,138,162,158,148,120,183,
291,163,155,178,153,129,109,108,177,123,141,122,141,150,130,126,149,142,146,138,154,150,136,143,121,129,185,185,175,127,135,145,139,148,158,144,154,133,96,142,180,144,135,145,118,141,127,141,173,125,138,182,1275,178,141,152,146,125,128,122,136,162,128,117,178,
292,173,166,139,181,133,104,100,149,143,130,141,174,129,137,116,117,141,127,128,152,145,135,146,137,168,185,181,146,126,135,142,127,177,155,133,134,117,99,141,172,136,130,165,114,134,143,108,165,112,123,172,1085,147,157,153,159,123,137,153,137,136,120,123,180,
293,161,150,147,161,140,105,104,164,126,131,167,165,157,142,121,117,136,157,139,151,131,118,131,146,118,163,179,186,124,128,131,121,155,124,162,152,113,83,146,152,152,137,164,100,138,118,133,153,139,141,164,1005,154,166,146,167,117,128,126,150,158,110,109,142,
294,169,175,152,140,121,103,100,164,135,138,144,135,162,115,130,125,135,144,117,132,131,124,129,136,151,169,190,177,117,154,133,126,154,141,141,144,110,104,128,154,153,148,167,89,143,116,141,144,129,141,142,953,149,132,166,172,140,136,115,150,140,88,106,165,
295,147,146,161,160,110,107,107,161,132,138,130,140,143,114,104,118,121,125,123,163,129,110,130,128,159,178,168,138,118,130,146,128,158,149,138,133,95,92,141,159,162,121,147,94,101,120,127,132,131,161,179,774,142,154,137,141,104,129,123,137,116,99,127,170,
296,150,153,156,132,116,97,91,156,128,132,151,125,133,125,113,122,138,152,116,117,147,133,129,123,146,147,169,172,122,129,123,130,159,127,140,138,122,83,112,147,160,133,151,101,127,141,115,148,115,140,160,651,142,146,155,162,111,141,111,138,107,99,89,149,
297,155,143,162,166,129,85,85,170,147,133,129,147,142,123,115,128,136,144,132,136,151,128,144,131,124,168,166,162,139,114,123,127,136,142,128,137,118,85,118,170,129,121,136,97,119,132,154,155,146,148,170,637,149,136,140,179,111,121,129,145,146,109,103,146,
298,136,145,141,167,127,90,87,149,114,130,132,149,140,105,109,123,152,129,130,164,154,123,125,125,142,154,175,151,134,124,132,128,172,141,120,117,118,94,130,173,127,118,143,93,118,107,116,119,126,111,165,521,132,148,150,149,113,118,121,136,120,116,112,173,
299,157,135,153,156,124,80,77,149,121,103,134,142,133,111,107,110,126,147,134,139,134,103,142,122,141,168,157,155,139,142,151,119,160,118,126,128,107,96,126,181,149,125,135,85,151,121,126,145,124,150,153,478,130,137,144,159,127,113,112,146,128,124,112,164,
