165,626853,620739,631821,752142,2561492,529366,799877,4877407,923414,524450,714516,558693,2542726,2653268,1030434,1818083,594875,578091,579875,621920,2630186,2000186,2971000,1973483,671005,873045,674226,812230,2261107,1439932,1993881,1694575,589824,657422,727566,567234,2639558,1402282,1052651,3471632,654047,680603,647699,744940,2030636,2095381,2289240,4404168,774783,544477,707501,659821,2544037,1849891,1306395,4451230,532238,556247,596218,653513,2329544,2042229,2625057,3008993,
166,710297,697834,728669,896953,4238006,891883,1279594,5945753,1273465,586003,867100,626962,4456276,4490152,1901119,3323960,670330,647117,660750,691881,4013209,3434367,4360077,3309698,762861,1196499,768732,1089110,3802724,2628428,3447829,2997231,659525,782853,870941,635920,4120370,2550207,1902577,3909348,746887,854606,725298,875014,3493474,3556268,3685937,4782760,886843,610385,889086,737462,4143680,3281678,2286173,5050160,593040,621484,663585,776838,3854241,3477210,4032346,4004656,
167,832581,793522,891787,1168444,5710226,1372453,1769799,5600639,1853984,663699,1124709,716813,6308359,6239808,3318631,4976121,752867,748727,792644,780532,4879789,4747297,5078773,4286888,912479,1793551,935146,1580165,4971130,3918060,4655385,4104961,740136,1014425,1121701,730658,5075870,3855732,3106320,4015099,895922,1175553,842175,1095234,4690267,4648622,4752103,4820715,1068977,696892,1191281,828361,5470197,4639497,3818217,4902580,676453,709085,740049,1002263,5032997,4759004,4962758,4468343,
168,1089650,1006672,1262153,1809852,6549268,1871967,2237440,4990041,2967605,824081,1675460,910289,7477202,6966600,4989581,6379972,921348,972495,1122496,969727,5238426,5517798,5330172,4720706,1276946,3005505,1330133,2619355,5485598,4795390,5281296,4704282,900481,1575071,1689051,935803,5447184,4739991,4153456,4045048,1245935,1889401,1098864,1585988,5255336,5078778,5218940,4814904,1500372,893240,1813426,1005396,6322168,5711339,5428925,4630716,847503,908991,883918,1498772,5619684,5584302,5308481,4587854,
169,1615968,1536473,2041976,3021992,5952195,2321327,2787152,4847473,4250976,1187776,2705086,1375227,6757718,6087349,6056825,6118364,1329235,1490715,1895421,1402265,5254924,5688997,5346838,4806994,2082045,4612499,2209924,4113923,5466881,5027441,5355807,4789294,1286109,2649735,2785150,1406674,5500944,5047624,4639652,4070470,2013550,3140772,1680866,2600893,5314345,5069671,5250591,4847278,2430008,1326251,2903880,1391598,5971395,5986864,6617980,4603631,1206505,1397831,1203526,2451045,5525864,5703079,5195836,4538821,
170,2890708,2932747,3592549,4693360,5403122,2984072,4044139,4948072,5099597,2190940,4257201,2584209,5986986,5464932,5441544,5331217,2608375,2821385,3593217,2635109,5250888,5664317,5400042,4854737,3911348,6568577,4014044,5865878,5442139,4954820,5301150,4752160,2407648,4254865,4476921,2654165,5570243,5120648,4787545,4126310,3634185,4814464,3180197,4487377,5282041,5096557,5252785,4924425,4195728,2453577,4347446,2466646,5487184,5449052,6619948,4687999,2142387,2623490,2093235,3898229,5306810,5504348,5163665,4555451,
171,4224818,4392728,4762732,5529606,5476476,4381895,6943034,5179506,5414745,3443141,5133420,3861335,6021108,5549156,4917767,5259830,4427661,4453534,5284792,4283701,5326140,5738004,5505029,4964887,5820068,7146299,5653304,6745728,5575971,5004329,5402914,4843527,3833922,5260526,5611409,4080348,5726899,5221202,4902929,4234806,5076574,5952208,4828696,6070043,5373504,5262008,5352300,5054800,5441342,3673915,5043943,3899639,5512135,5313173,6118142,4826338,3284973,3856948,3311256,4692870,5378793,5530955,5291346,4637277,
172,5291209,5526398,5361590,5646577,5878762,7672599,12332610,5580903,5465843,4554648,5489543,4816178,6470430,5947144,5019560,5559917,6666050,6226857,6284825,6285487,5470067,5903417,5666362,5144874,7244662,6210731,6892909,6068245,5830132,5193552,5596609,5039259,5194007,5550013,6152197,5468509,6015950,5450156,5163804,4450880,6174103,6031038,6521198,7239905,5538412,5604064,5568480,5320257,5968155,4638424,5152344,5277149,5767871,5511085,6123246,5054690,4323300,4717785,4602700,4955006,5597433,5696082,5534072,4742282,
173,5547916,5667908,5291589,5559117,6862063,14380651,19617343,6683331,5520346,4939605,5449830,5040347,7752607,7346697,5965787,6632178,7168480,6348754,5685782,6969643,5976317,6513595,6324712,5857381,6686863,5690680,6397285,5524659,6474853,5830110,6252156,5736793,5642384,5339477,5799128,5846652,7050209,6476258,6200450,5396494,5932349,5475322,6786123,6720493,6216131,6750123,6410951,6301243,6023705,4876581,5092270,5778295,6422017,6086978,6646426,5760234,4713236,4971240,5177976,4989319,6198859,6172649,6305215,5216845,
174,5423982,5529981,5261296,5672506,54506463,55985857,61012320,45963478,5636929,4953588,5489384,4980358,59316610,60754998,110331080,51073726,6205131,5479437,5120069,6118746,43360770,46245955,53034107,61698632,5849300,5700746,5661599,5481285,43837600,39765199,42827350,48448090,5583829,5367381,5634594,5348773,65080188,63791288,66917666,71683287,5525270,5360381,5976991,6039701,49722639,66669289,72193334,68394857,6185977,4881362,5153529,5734362,46292992,40121578,43434604,52870676,4865429,5135094,5371360,5096433,46123819,41756110,55096459,52199537,
175,5498339,5736479,5454147,6065892,164068995,161860933,151872001,214732335,5938206,5077993,5706697,5088910,199114396,209237831,251307513,189219377,5954591,5315313,5200740,5786014,167320357,180765005,194307863,219214108,5884561,6033372,5709651,5756513,199672686,150719237,162847271,184248716,5778983,5657463,5852411,5347010,209654653,208115067,217722548,231995520,5694059,5598025,5908380,6133175,192299229,239955637,259505841,232454973,6592887,5024238,5370614,5755542,194053151,146511818,155058360,229423262,4985821,5436665,5489451,5353596,172053688,157356790,197313814,185473858,
176,6015676,6645328,6243344,7260191,272781443,237631775,233358514,282598392,6892721,5614403,6437903,5726912,265737826,281582513,259473775,262850356,6397089,5697999,5774608,6016798,192626868,233305120,233779544,270113406,6466335,6740004,6160188,6362540,327104937,197712143,191659435,201759901,6463154,6483454,6421717,5674672,170563628,173407870,185715115,204016478,6196890,6157228,6271519,6582127,218280230,197711137,190097473,201808000,7839453,5756852,6199891,6281141,252794218,217618618,220493741,261092835,5561005,6456348,6120942,6256035,241434351,186484054,247171740,233027593,
177,8150741,9426852,8887534,10466614,319825625,281799309,284141645,344840834,9928528,7834068,8865662,8132023,329480703,335940278,291999107,301383637,8384426,7246887,7585208,7107005,216257840,237405539,234594803,289805905,7973217,8531006,7510899,8271400,230633983,205032356,187016786,194914447,8960361,9138590,8695584,7133456,163758358,160429360,167036092,169933756,7945229,8088080,7898015,8294749,176272696,173715119,174405072,177947545,11271354,8305331,8888013,8468971,310218121,268742451,268535956,292197086,7995730,9588109,8481384,9078598,283923318,258221738,271605285,197526760,
178,45260828,49824564,48757667,56329716,351302774,312072984,343511238,432899999,67461406,48083495,46120157,49613801,384177359,391458460,344187142,351860152,64460770,67303395,59355555,42724784,214123272,259459599,219022339,254805180,60078524,58423851,47147263,44590442,236089126,196855740,185506395,193612061,59726191,52663901,50445677,42581370,161865909,156465965,159063812,161457624,44941309,49566829,48812696,55208351,205819171,162922316,163800764,161389469,74827024,53997021,53099532,44399389,352199770,299651061,323105367,341936105,66353439,70867324,52623316,73233828,304579932,278311126,298795111,319591940,
179,152225157,162109783,193643418,163923560,370023256,331062587,387925415,437622210,209268700,192274076,154837521,158609135,432597725,440922716,392926267,381118646,205332957,228593754,211229185,155195856,212906789,216613353,215525234,268521347,191062641,197310643,154407037,191060715,302197471,202156863,183221278,190437713,190148304,173173086,171010765,144899317,161505745,157438591,161232476,163252992,150756989,161197292,162718972,187142354,200075226,161754550,161597251,168558524,230477042,185869930,176700136,136373341,404737407,312112997,303421765,345408924,222305970,226000898,181278367,225212818,317657880,290857857,274381329,276084362,
180,177890885,180912574,178723909,180888130,372728530,340203116,395601019,452167719,210468409,205068974,168601778,176284775,474612974,483628192,453384335,450000000,272776070,256414615,241508405,174571150,206049128,220362103,215460769,292349870,237597895,232440390,194397862,221054738,238243406,204113670,179594230,195884533,212467699,211056274,231058479,193215120,158441138,157174349,168947213,159614820,197941709,208703825,210220128,234987384,192420857,165223763,161475872,166587038,195360765,185691076,180968358,170890547,393538195,325729792,318742095,376981612,200242762,194614953,189604260,190477020,319647294,293579909,294538291,269114197,
181,175417491,183565114,177689803,166068517,271931761,353994517,416664474,503580592,223509378,203040047,172766318,168082507,506860040,520947735,504719906,481701441,316745639,282468837,266381157,221384134,199840058,206157298,222535610,276053011,263245622,283168114,241287484,259577961,204074671,185623558,170723458,183058611,235857336,244111852,281409123,232651452,155336382,154984340,157744859,158321190,236164506,242232471,250676297,258440273,187420064,161147305,92822866,161554854,176562132,151938012,171723432,181105623,397880304,340339225,324175093,360777873,162817467,170365960,169535811,174895345,326495338,287550433,273534643,254517607,
182,180167928,183484218,174501653,181698498,423785302,370674988,432184836,477893943,209257306,226859841,211353505,176690183,527265729,552742398,541094098,527193308,320172104,314718769,318006500,260966316,182147023,196623473,200341785,271925908,322136170,349274464,290225113,304101622,196751251,169062678,165267837,176348729,265384718,256405366,326899760,231597509,154048024,153763173,121468571,155455581,275560326,274973985,303603461,293085176,194040543,159278262,156579488,158275849,165499120,163211645,166336134,196908672,389217009,352405421,325334264,392292203,166724191,171741890,160998744,166467244,318102394,290707047,257255254,250232405,
183,192787052,186540244,172225727,191570685,429329007,388940212,458776312,482392370,224755626,160130788,192762691,176628498,530352325,560492955,559449834,574062320,353607727,359444324,357962101,302705161,175477890,190568775,195117846,269027387,366285220,368752726,316149586,324765817,175392654,172927023,161598724,172519878,296891840,274930868,331934372,230751353,153657084,149401132,155409289,158588530,297487218,296365707,325728969,341539358,166892390,160818829,155400436,155516683,162650972,161710242,163955149,190571183,377889813,358454483,317070235,348425871,168216586,163429681,162430818,161381710,307641237,287318929,255676223,361324886,
184,243303795,189878672,174233640,182318430,441398239,414465299,568417775,480579942,217001519,240580597,191880010,186268071,545811681,569704596,568623622,565385978,386909350,394691697,400452397,343233254,171292495,188317924,185981038,264285970,401593885,396420313,330830307,340970942,167110519,167253541,159569611,169226624,303020001,249792336,364051807,313669906,153379245,153269385,151315298,155209018,310761934,310424434,339397552,315465967,162482760,161823162,156150519,157300175,158832064,159017611,162493260,195399332,381083762,362798641,357834505,353743579,157943777,157269984,158823640,157012594,298752787,281841666,253481047,246474749,
185,197899635,190211008,173235395,178354831,463068876,445625945,465552241,482269036,198412435,224600334,176316147,173162749,543836716,566282599,570454756,573460990,414454856,420424944,431066729,372228423,167362570,182084966,185278857,246815973,432383290,419503053,331408744,347481248,166466523,167195047,157504218,166997791,304493961,277494071,409070445,327553886,154921587,152303108,153158511,153772473,317594408,317877630,359982984,336307709,159514112,161275915,143952985,155640304,158329284,158324323,161745547,179776892,386755469,371250421,338049731,364855017,159827791,157831647,157241579,161479994,302238220,279648592,249361794,247990149,
186,195382659,192562851,171647050,189931867,483508769,456136000,455571672,475204768,199181394,222334079,196296040,171945477,521586841,535800634,546097509,562508412,448041087,382342559,458513306,408282368,160644275,176502083,173756062,230340818,456021580,438781842,353168505,354238428,162857135,160644304,156748945,163671243,300636635,286122073,390066664,330215203,148022463,150015023,148227242,151658582,317400234,320554681,361571104,300733926,158654188,159099084,152487689,153377465,156837056,156485561,160110533,174427286,399165679,377442186,348934541,373904345,156084933,154848092,155649571,159251536,302356340,275113665,251368585,241198504,
187,183017993,186284294,42802901,169921657,425991956,396894211,383726189,385856817,201559669,220376057,164058139,173007500,431652804,438621285,445292956,472358491,461876375,452952686,471642430,432694283,271849080,146391758,144296694,184056914,477976223,456216828,370965323,371444531,143340974,139179876,133820509,142241884,300375775,256573051,382426652,332958990,129664490,129257725,129861654,128149810,316661827,321955449,357657821,351401606,136709298,135784123,131249203,132161822,155479830,155880272,158335701,171807520,356484624,336078129,314132058,336232562,155625789,153643444,154852757,155616510,266963985,237340951,212159514,205394772,
188,191639310,191987752,169515059,168095719,227513704,211466126,202758211,206249172,197393427,182515364,169763887,163198843,223025581,225615816,231110448,242305186,472929833,459554471,480920601,445423565,73790759,77219444,76596187,92185620,475843380,470553470,392817449,394861510,76767626,74824948,72720709,75259288,290093732,260766877,373888277,325426670,70663574,69980157,70143591,69995014,315641500,322169382,363987621,365150858,74459821,75973830,71982999,71857428,154377376,154706648,157199794,169379975,177906687,180312190,194450180,181108284,151194858,153405414,153644287,154231908,140830521,124842335,109694894,103697778,
189,182355450,187539065,166256458,163911348,36963928,39748918,37976877,32536666,193160486,155845690,169826281,159445557,35944298,35799791,35909761,37818356,468925226,454366957,470060552,443158128,14885038,15590750,15616748,16552787,467259444,452890939,403214144,397134289,15647097,14707248,14878698,14839531,284516952,178305824,372797277,305829126,15282602,14469015,14149793,10967327,315275721,321216520,352182254,370914307,15440731,15271768,14797043,14441604,150592125,150919593,154814988,164186793,31851377,30392485,37727666,30032285,151454356,149413050,149962468,152612140,24697714,22111906,19407665,18546453,
190,125035965,138238854,128442942,127164002,5645636,12050521,11821689,5293969,144754283,236575542,126583631,129632731,6152829,5704581,5095758,5574510,370666299,356699452,358790847,343183262,5469747,5831356,5562607,5018679,359705421,390246090,329522166,322197308,5598063,5095811,5480324,4891020,218100368,195477533,294718037,413404362,5788879,5350749,5018816,4364836,261521808,260556676,286169359,302311334,5489832,5233324,5505101,5133942,117472078,117569981,119267402,125842100,5711386,5606563,6178985,5028831,117008510,116798029,117135655,118880134,5537286,5720099,5294926,4823477,
191,67607772,69705412,61176034,60108046,5045066,11472908,11391973,4753835,68436659,62370234,58647003,58418761,5593727,5132982,4500090,4952010,174390564,166583516,164306327,159681906,5267213,5631268,5357203,4785592,164732925,161260248,154908146,151887276,5383947,4881893,5282394,4681968,100552998,125828338,138795831,115669854,5586747,5135790,4793371,4143710,121491164,124721825,136805626,146218416,5275839,5009490,5291485,4923831,57012702,56526482,54416884,59898104,5267792,5064337,5690374,4539715,55827575,55242329,56581658,56504887,5132399,5374206,5002073,4560287,
192,9861943,9997212,9312458,9496723,5021098,11290344,11187792,4731825,10146080,6491891,9387075,8835090,5565213,5102629,4470311,4933174,17792974,16671909,16164719,16567974,5230094,5583443,5320492,4751670,16779631,16713118,16493197,16161953,5347696,4861410,5249199,4658073,12313554,11423702,12342285,13308125,5545003,5101704,4759500,4110683,14754745,14445448,15480373,16386991,5253759,4991660,5258855,4890493,9702445,8625419,8947400,9654400,5225551,5034788,5652340,4510917,8734247,8731941,9182004,8650282,5100331,5340961,4971752,4527782,
193,6112947,6060727,5887824,6166349,5012735,11182526,11069123,4719437,6285199,5575099,6096469,5575063,5551497,5098690,4465708,4921667,7357748,6698764,6595803,7105766,5214984,5576693,5309919,4744775,7137240,7226852,7087108,7046779,5338933,4846854,5231097,4649867,6459167,6069072,7034779,6237619,5531110,5100154,4748778,4110341,6879320,6744629,6945365,7505504,5243936,4974096,5247738,4881025,6565823,5516330,5772769,6369742,5216806,5023889,5642901,4496020,5582239,5610795,5964646,5647826,5089240,5323609,4954950,4522294,
194,5390333,5365128,5216745,5509470,5010084,11063170,10940950,4711532,5504245,4874571,5439263,4929788,5546018,5083236,4460965,4909907,5399296,4917838,4782433,5326917,5201445,5570108,5289638,4728999,5314854,5449502,5310653,5312150,5332486,4840000,5221170,4642812,5391794,5108516,5503520,4984188,5521351,5090161,4739284,4103676,5271283,5171449,5395510,5721387,5220860,4974915,5232183,4872176,5965641,4867247,5159860,5726282,5209356,5010511,5631349,4501185,4971199,5017105,5422035,5039727,5078897,5308635,4942347,4515809,
195,5322698,5305104,5153472,5445380,4995632,10964551,10815497,4714499,5432768,4813075,5380169,4868748,5534041,5074620,4446657,4901784,5261629,4781086,4659053,5197375,5190543,5544446,5284047,4720238,5186876,5312707,5186301,5182772,5316329,4827103,5208046,4637799,5302933,5051682,5387404,4870145,5508900,5081677,4730813,4082906,5140585,5050866,5267683,5590666,5222698,4962412,5227137,4868886,5916000,4817677,5109716,5668314,5198491,5006387,5623941,4491416,4917622,4966230,5367689,4984581,5073996,5298725,4934229,4502322,
196,5289057,5279391,5119141,5408386,4988022,10835936,10631806,4705125,5395008,4774335,5343796,4837778,5525493,5081578,4443314,4895716,5204717,4725495,4605707,5151239,5181120,5543555,5277325,4715854,5137213,5263974,5134446,5130845,5314786,4820452,5206331,4626070,5257342,5023013,5336727,4826089,5500291,5082412,4722863,4098762,5092376,5000675,5221077,5538490,5211294,4957958,5221404,4863581,5891702,4785739,5080205,5635286,5183998,4999547,5613466,4486240,4890158,4943409,5345554,4964802,5064727,5291979,4925422,4498976,
197,5274485,5270587,5111943,5408214,4982282,10603927,10259961,4705871,5378872,4766222,5326392,4832257,5515663,5065599,4437074,4890367,5201267,4723686,4599560,5134518,5171662,5534056,5262553,4708607,5123039,5250822,5104944,5122065,5301929,4809185,5186848,4612345,5251921,5017337,5327446,4812192,5489915,5064098,4714870,4092251,5085146,4991644,5213321,5523459,5187927,4951568,5206994,4857190,5877949,4786863,5066143,5628920,5181215,4992196,5598174,4485115,4883246,4933561,5335145,4959018,5050554,5282521,4921997,4492080,
198,5256881,5263045,5103091,5388650,4969383,10191236,9413408,4693799,5360054,4757060,5313266,4821634,5501055,5051675,4425131,4877766,5185361,4705739,4588545,5129829,5156240,5510755,5250651,4696639,5111612,5239852,5098154,5110731,5286101,4800491,5174483,4605554,5237398,4995413,5313038,4806919,5476507,5051348,4701792,4087366,5074774,4976129,5192904,5513230,5168307,4938202,5189879,4855223,5866375,4767253,5052048,5619145,5164663,4976668,5588894,4475722,4873028,4930873,5323175,4950414,5044157,5272075,4908871,4484120,
199,5253132,5247408,5085551,5386545,4958431,9323927,7711813,4687840,5347082,4741098,5300772,4819023,5493005,5045589,4417203,4860997,5180829,4698462,4578237,5114753,5138870,5508466,5244419,4686831,5098751,5231547,5080753,5100444,5276394,4791052,5157975,4588390,5233034,4985401,5297809,4800692,5461361,5042211,4686705,4081955,5058472,4969820,5190533,5503253,5145476,4920824,5184283,4848898,5852031,4753631,5051837,5612192,5150482,4966950,5580764,4471037,4864135,4920118,5315324,4938156,5034804,5256891,4899031,4481133,
200,5240630,5235168,5077034,5372006,4952504,7594451,5180608,4686849,5346396,4737854,5292548,4805702,5473544,5033389,4402100,4851861,5180446,4687431,4572820,5112350,5138779,5491800,5230242,4679991,5084293,5222116,5089477,5089099,5265417,4777525,5153105,4578716,5222108,4977619,5294198,4784919,5449557,5039752,4676752,4079522,5052282,4962323,5181573,5490947,5139609,4910557,5169005,4845656,5864403,4741234,5032852,5603105,5143743,4959678,5570250,4477095,4849294,4912582,5306770,4932891,5022237,5246044,4888104,4474803,
201,5234999,5224268,5066181,5368680,4938010,5208108,2943813,4682350,5328673,4726035,5282691,4796503,5463008,5022808,4400658,4844411,5164910,4681495,4566596,5101442,5126343,5490361,5214260,4669573,5082080,5218773,5084726,5080540,5254936,4772430,5141940,4571908,5208830,4962739,5285131,4774456,5433876,5027345,4661096,4076394,5043142,4952187,5171681,5485383,5119655,4898335,5153396,4837712,5828648,4738102,5031629,5594250,5136029,4947823,5555514,4466645,4845492,4901478,5301267,4922906,5012392,5230172,4877621,4477170,
202,5218698,5208656,5049619,5346603,4927894,2918646,1630544,4679167,5318567,4704435,5261912,4783122,5443757,5005750,4380728,4830163,5150295,4668261,4550965,5089550,5111575,5474534,5200937,4656448,5065233,5200462,5071713,5070833,5240878,4756946,5124814,4558400,5203965,4955601,5270160,4766596,5417071,5001121,4646220,4065476,5024624,4936972,5155742,5463975,5111261,4885702,5144975,4833335,5808650,4728131,5016171,5584439,5124127,4937146,5545789,4461389,4830810,4885176,5284748,4910666,5007299,5223780,4864796,4468591,
203,5208634,5204187,5042669,5337195,4904163,1706562,1167376,4670812,5305450,4703161,5252527,4774022,5426185,4985530,4364287,4816121,5142466,4663297,4538824,5075700,5095197,5464189,5190007,4643575,5049656,5189461,5058880,5060052,5227962,4744195,5113592,4547055,5190104,4941409,5256301,4758183,5400444,4984103,4633526,4061689,5017935,4926944,5151055,5451488,5110731,4865230,5124337,4829065,5798388,4717099,5005910,5568917,5115532,4926712,5530597,4459711,4826994,4873890,5279696,4902101,4995907,5215977,4851424,4464728,
204,5196850,5181569,5026483,5318928,4882218,1216251,1004550,4662044,5297651,4685978,5236136,4761811,5401587,4968768,4355111,4797305,5130446,4649165,4529270,5065961,5091741,5442993,5172786,4635701,5034762,5181961,5043379,5049982,5210317,4722755,5090650,4531420,5175367,4933259,5245624,4744774,5376628,4961890,4610829,4054004,5002614,4918699,5133535,5442949,5089430,4848874,5108764,4813654,5774266,4699951,4992772,5550937,5097373,4912905,5525086,4446904,4810110,4863149,5257784,4886044,4982504,5196889,4841852,4465819,
205,5178017,5170399,5014528,5309189,4864528,1017768,937542,4653219,5285972,4686706,5225735,4754278,5376940,4943374,4332001,4775125,5115796,4633696,4515431,5047614,5073853,5426307,5141810,4608878,5020057,5169480,5033650,5039708,5176544,4706912,5065981,4510030,5160226,4919935,5228855,4738728,5349058,4931057,4590403,4044829,4988291,4916306,5122996,5429791,5067479,4826598,5085244,4802312,5761226,4692307,4977881,5529797,5073980,4894679,5500840,4438590,4799371,4844889,5247373,4876219,4961136,5185378,4825198,4457541,
206,5171329,5155336,5003403,5288993,4831994,935909,895637,4635502,5273230,4682283,5220300,4745419,5348399,4915980,4310758,4748185,5097062,4619039,4503081,5038419,5045242,5401284,5120466,4580681,5002985,5152894,5030911,5022558,5141575,4679565,5032189,4483008,5153191,4905917,5223262,4725761,5311324,4902620,4563671,4030493,4978650,4895701,5110313,5409312,5049890,4797648,5056585,4790099,5732482,4674162,4958890,5518577,5045989,4869859,5477657,4427086,4782737,4833573,5225890,4857386,4934501,5154503,4796082,4451850,
207,5157995,5150768,4988281,5278028,4813115,898464,866291,4620599,5262465,4659317,5202054,4734804,5322746,4903173,4288825,4728156,5079097,4611224,4490516,5023380,5010641,5365786,5087623,4557327,4994767,5134825,5013945,5004226,5114108,4651356,5003046,4462620,5142984,4900279,5210345,4715460,5281914,4881321,4536498,4012874,4968547,4887886,5103186,5403693,5021076,4774355,5029267,4771828,5712585,4655429,4952247,5500927,5019664,4836998,5446830,4410183,4764878,4814691,5212588,4846979,4903089,5126084,4765606,4439299,
208,5143699,5126134,4970227,5249079,4788662,860986,830951,4605125,5243801,4652131,5183263,4716137,5292490,4866947,4270355,4701197,5057465,4590971,4466934,5007333,4982028,5330624,5054188,4524818,4975358,5113565,5002326,4978353,5083358,4620562,4970898,4423613,5120121,4879730,5194575,4703647,5243279,4857388,4509806,3999718,4950171,4866578,5086657,5384661,4997625,4741212,5001816,4751263,5675382,4636551,4932959,5482396,4991544,4809045,5410731,4392466,4742905,4782942,5192121,4819126,4873842,5097327,4733852,4421218,
209,5130912,5106812,4953160,5219123,4766371,833310,803642,4588763,5222709,4631197,5167258,4701111,5267866,4846441,4249259,4678591,5032955,4577929,4451613,4991940,4869434,5301275,5026079,4501934,4949805,5091673,4981298,4954196,5053118,4596836,4943185,4405091,5105837,4863580,5182795,4682989,5215577,4837682,4491164,3988584,4932147,4851830,5073438,5359992,4948207,4715115,4970554,4734615,5655537,4613413,4913373,5457813,4962317,4789519,5376559,4380998,4718794,4764190,5171824,4791361,4841739,5075476,4709680,4403619,
210,5112601,5076748,4924070,5188408,4744239,798888,768907,4572596,5196536,4615185,5141944,4671433,5235598,4816886,4225993,4660891,5002922,4554014,4426335,4965770,4799547,5268636,5002653,4476040,4920946,5067561,4944866,4923650,5028409,4567588,4913801,4375664,5078875,4834076,5156475,4670936,5189611,4814285,4464109,3974464,4909848,4822168,5043127,5331745,4925510,4693442,4942316,4717172,5621894,4590092,4880444,5434968,4932018,4761668,5345144,4368281,4688444,4735673,5134758,4770218,4814886,5040723,4674479,4386140,
211,5084435,5047623,4891029,5154330,4716035,770474,739264,4559296,5163454,4587418,5111135,4645299,5203465,4796180,4200973,4631669,4976512,4534530,4407296,4944517,4777504,5235741,4969483,4457159,4894213,5044789,4925946,4898708,4996856,4543213,4884467,4353270,5056178,4813074,5130859,4649428,5153521,4782986,4442909,3966493,4880829,4802218,5018066,5303429,4897005,4654274,4916473,4704187,5594425,4562262,4860110,5398989,4908548,4736179,5316259,4352375,4662610,4714581,5108982,4747067,4788754,5011363,4649130,4372459,
212,5058781,5018652,4861115,5124046,4690206,741805,709783,4545853,5135796,4553420,5080812,4618461,5181716,4777102,4179820,4612239,4945446,4512657,4381647,4918876,4750416,5206829,4943834,4434350,4866637,5014009,4903320,4874907,4970279,4522569,4860010,4336228,5025769,4777595,5096665,4619675,5123658,4763884,4417859,3953675,4849119,4771995,4993069,5269601,4872494,4633501,4891423,4687695,5553426,4538624,4825782,5364340,4884080,4716844,5286291,4341433,4637837,4690857,5087541,4715922,4766362,4989497,4625679,4358352,
213,5029440,4991596,4830686,5088537,4666124,710553,676633,4533967,5102142,4536846,5050658,4596579,5148388,4744653,4157451,4582623,4927359,4491001,4359531,4893218,4733909,5178304,4911942,4408651,4845206,4998006,4883356,4850581,4938655,4493945,4831246,4315101,4994369,4758445,5069735,4592541,5087510,4732736,4384642,3943269,4819868,4744571,4967161,5244718,4840456,4593416,4862743,4672931,5520463,4506994,4806723,5327548,4856720,4686568,5255286,4321863,4608402,4666881,5058179,4688882,4741569,4958941,4601231,4341618,
214,4997026,4957577,4802387,5061569,4634601,675685,639639,4517648,5078134,4503684,5020974,4560675,5110198,4715166,4128752,4554909,4891399,4462909,4333531,4866152,4697115,5147837,4881520,4381474,4815333,4964704,4861503,4823866,4908048,4461187,4792699,4273149,4965573,4727767,5036903,4568521,5051617,4691201,4351833,3930863,4791244,4721212,4931524,5207798,4806076,4558581,4833925,4655007,5494419,4488915,4775927,5301212,4829582,4657104,5220628,4307869,4588107,4643282,5027504,4671887,4713472,4927933,4574740,4325889,
215,4972038,4924872,4778848,5030376,4595772,638239,599761,4498675,5054225,4478726,4988131,4551087,5059216,4682515,4093363,4521209,4865251,4444057,4310287,4836791,4667933,5110549,4845766,4352322,4785616,4937467,4827683,4800537,4858497,4423683,4752070,4231220,4933350,4695530,5009745,4543022,5015838,4644074,4309483,3917435,4764296,4693422,4906633,5182067,4787985,4488694,4801679,4639602,5472072,4460765,4748526,5273537,4799586,4630830,5188838,4292044,4567744,4612920,5002484,4646213,4689946,4899976,4540934,4311829,
216,4941921,4899007,4750330,4995578,4538400,599518,558871,4482998,5023551,4458634,4963457,4522137,4979894,4639710,4034382,4480321,4829289,4415185,4287040,4807805,4677664,5070107,4811199,4314754,4756237,4918868,4802547,4769320,4778437,4363310,4675703,4142931,4905908,4669990,4986627,4525089,4969159,4575109,4232660,3904017,4735346,4668393,4878474,5156248,4736591,4304236,4770410,4625089,5401099,4433702,4724631,5240401,4770615,4595969,5155204,4277837,4540156,4580428,4974857,4622822,4647943,4865364,4502972,4297323,
217,4909460,4867463,4726148,4963444,4403001,557858,514187,4460600,4996934,4426573,4933389,4496477,4791483,4560691,3915861,4413064,4796981,4392303,4255291,4782516,4715634,5006264,4739034,4232274,4726681,4891906,4773407,4747323,4568568,4191743,4476156,3899971,4876416,4648382,4958936,4493133,4886345,4388566,4041032,3891071,4705564,4645241,4855990,5127729,4638730,3867830,4724012,4605589,5357060,4407161,4699512,5202731,4728606,4543708,5088364,4256441,4512376,4556497,4949763,4598439,4574870,4821442,4434688,4283224,
218,4886569,4833009,4692933,4924508,4000560,508402,459170,4433440,4962446,4406050,4900210,4459650,4244966,4363165,3560341,4219376,4742485,4363736,4228777,4750781,4634567,4832973,4534846,4013882,4699844,4861741,4750453,4712168,3974592,3715772,3901824,3282722,4838554,4609163,4924569,4468825,4671609,3899029,3555287,3873200,4675374,4620827,4822117,5083288,4381849,2914404,4632363,4574208,5290720,4370138,4664959,5169385,4619011,4413063,4955882,4214959,4475874,4503252,4913855,4562254,4374905,4745869,4231661,4263519,
219,4857113,4791701,4656298,4873774,3214223,460314,401087,4400947,4938839,4378011,4868822,4430250,3257977,3883736,2845827,3769848,4673998,4334557,4195076,4721391,4453983,4412471,4047333,3509913,4660296,4842331,4725301,4683374,2976553,2868320,2935083,2356417,4802508,4581575,4893260,4444407,4153374,3030074,2721443,3847200,4643331,4586309,4792730,5053947,3782523,1850122,4404203,4547536,5216690,4330174,4640623,5131234,4369908,4088892,4609477,4166660,4441563,4440783,4878265,4531421,3872746,4551407,3756627,4239464,
220,4825903,4721234,4616666,4776290,2227556,403137,331168,4344679,4900321,4366209,4835798,4386266,2133781,3045524,1945553,2966598,4495922,4296860,4129254,4680282,4049473,3652175,3232248,2707003,4601204,4801185,4688724,4635533,1922814,1906018,1905050,1471537,4741051,4532765,4861077,4411270,3279200,2028538,1784520,3799665,4598500,4549850,4752610,5008174,2870167,1082600,3923058,4500467,5022707,4273508,4604245,5072172,3832897,3441715,3933056,4018833,4394569,4287056,4831886,4492965,3036585,4116428,2970270,4206325,
221,4795583,4582021,4547170,4547388,1264670,327565,245283,4161673,4863181,4322082,4789045,4318837,1170655,1901154,1069735,1840885,4122441,4252020,3988988,4639011,3182560,2484430,2095884,1679186,4493596,4750596,4655471,4554166,1066962,1062292,1065154,808534,4644109,4450089,4825218,4369709,2084747,1120298,972642,3673899,4534509,4478739,4690594,4960751,1735984,639376,2949519,4374067,4625493,4169221,4560320,5000112,2833332,2368787,2775095,3569834,4315363,3984270,4782007,4428311,1925929,3225298,1905442,4130399,
222,4746335,4145614,4339669,3882298,699168,237302,159053,3615545,4788138,4201427,4727330,4106331,679291,996554,582150,946424,3182807,4136798,3564057,4527012,1973130,1367674,1129924,884613,4145436,4623722,4582336,4308626,635771,608871,666261,494248,4335491,4179956,4760225,4274480,1132796,636408,553875,3261245,4316036,4256741,4535859,4820629,921424,457734,1733410,3971733,3667031,3838141,4444707,4754269,1638553,1288669,1527788,2644475,4098809,3238730,4659958,4266647,1029242,1982248,1024582,3869900,
223,4659196,3342116,3872607,2893650,500644,164306,106248,2682964,4650358,3900717,4594570,3640891,517533,632711,416852,594519,2087564,3870207,2828771,4282112,1128420,820038,704802,565334,3463751,4337238,4443991,3770920,488746,452420,486460,388143,3732926,3612301,4641055,4051167,753400,474740,418493,2474573,3838904,3758003,4171434,4502379,603083,391975,990305,3158975,2515108,3217410,4192407,4234480,926223,743666,858944,1646426,3653360,2295733,4412658,3928495,639653,1118339,640273,3260062,
224,4300369,1752967,2499827,1407355,392816,92340,71923,1179435,4009239,2839498,3975926,2329012,421147,440122,328017,408865,899787,2861597,1456163,3311590,603161,526231,474497,393487,1908163,3249333,3801740,2386525,403229,364986,391610,325879,2257927,2189668,4068314,3118189,541722,384629,346619,1088754,2481254,2379284,2910650,3323077,436468,358181,575447,1509885,1153733,1826210,3217599,2730594,534209,458456,510146,738883,2369574,1040548,3477639,2811598,437888,576686,437787,1697775,
225,3624578,974149,1489466,841856,371578,73329,64043,763527,3067000,1821383,3061846,1379379,405364,390873,311413,360800,567178,1831535,823596,2224683,491739,457496,411392,351455,1072953,2139857,2855984,1371665,386678,348128,372548,314857,1306359,1279787,3173684,2097879,477470,367124,333621,687931,1490823,1411615,1806070,2164738,397498,348350,475500,928985,736100,1036550,2172380,1626614,446093,398794,446182,567741,1405538,623593,2400088,1790521,393202,468516,390400,994331,
226,2327977,573438,781797,570388,360033,64613,59846,594783,1751614,918981,1771151,716816,394619,368598,304030,338751,423622,913390,501850,1126277,413262,423026,377012,331309,623202,1110332,1570822,768073,377599,338571,362700,308501,692939,695874,1839464,1065358,445900,358316,327079,524438,785208,753596,906798,1118521,378187,342949,409018,674272,549954,587389,1143282,856581,392413,367472,417480,466764,747501,441076,1244633,930401,371429,404878,368246,646415,
227,1348785,456714,559397,479293,353667,59448,56085,501414,1035815,590372,1033352,505464,389211,358498,297919,329593,381908,586588,402906,683429,377836,411098,364400,324629,486824,726061,893520,580767,371720,332888,356352,302556,505925,514432,1053175,646541,431799,351788,320493,441314,558288,548398,602984,727042,370309,337175,376374,565548,485613,450913,734498,614393,366801,356309,406247,391677,543525,385591,754663,629054,363454,375244,359271,520782,
228,764401,402930,446556,427148,348716,56254,53318,429021,698885,446156,665489,407643,382853,353445,293665,324411,365477,443874,351491,495337,361343,403973,357032,319127,410602,555140,576633,470673,366132,328630,349836,297809,422645,420440,665207,466827,424357,347103,315758,374354,449355,439437,468288,551297,365048,331943,365804,485892,456183,379915,550378,498066,357059,350572,399268,338779,434304,361200,538495,487677,356351,364044,353642,443501,
229,575302,385960,392803,410356,343477,53121,50208,367239,573912,383055,535187,370102,376282,347266,288746,319233,358669,380206,330509,423676,352039,396578,351634,313459,382002,469549,469109,409664,360195,323019,344730,293771,391230,379093,531668,398263,416427,341211,311930,317544,401390,383798,414722,471336,357623,325844,357157,410452,444732,352199,463759,450438,350251,346004,393294,302123,382454,350697,458255,419495,352152,356367,348500,374608,
230,463106,374704,364496,399000,337315,50087,47333,325429,474277,349865,443075,351990,370254,341649,283487,312587,351203,343761,321362,383337,345226,388953,345371,308447,365577,406266,403515,373101,353079,317647,338106,288383,376354,358806,444342,360090,408483,336073,305341,278504,376412,351143,385237,417001,351109,319974,348945,356306,433359,338467,396984,425497,344854,339610,386536,286334,353546,344562,411045,378201,344387,348856,341995,318209,
231,411189,369508,354019,392991,331962,47148,44459,311118,420011,336859,400281,343383,364480,336253,279309,307552,346028,333124,315965,370960,338450,382358,340513,304446,359444,379396,379881,359386,348427,312105,333832,285409,369879,350389,406819,345830,402139,330028,299956,264595,367314,339975,375637,398248,346791,314918,344245,329016,425943,332923,371296,417198,338759,333718,379615,281016,344994,338615,393906,364298,338750,343972,336050,291180,
232,386117,362101,347233,385743,326718,44108,41470,304736,391332,329610,378371,339751,357214,331519,274898,303350,339766,326307,310857,363769,334243,376424,334840,299334,352708,368004,368645,351821,342328,306301,327998,278779,363249,343937,387717,338560,395122,324556,295744,258536,360730,332837,370480,388760,339907,309653,338489,318570,420036,326147,358674,409432,332323,329021,374094,275819,337007,332612,386213,355572,332819,337777,331442,281513,
233,374084,356425,342573,380187,321580,41431,38693,298973,379341,324542,369436,331941,352585,325198,270326,297319,334972,320010,305435,358513,328133,370213,329451,294176,345859,360690,362845,346930,338054,301605,322305,275497,358231,339197,379766,333709,388333,319404,291000,254663,353519,326852,364330,382256,336104,304889,332599,312300,414016,321565,352711,401731,327239,323196,368969,273364,332573,327783,378105,349926,329044,332858,327145,276407,
234,367113,350153,334550,372968,316367,37903,35173,295103,372131,319089,360698,326224,346319,319887,264774,292005,329123,313876,300485,350933,323275,363078,321863,289771,339991,353121,354818,338982,330480,297451,316706,270857,351200,332520,371442,327389,383177,314324,285459,251345,347151,321539,356685,373647,330156,298972,326416,307419,403108,315102,344529,393658,322535,318026,362113,268741,324935,321835,371565,342544,322430,325812,321738,272239,
235,360474,345069,329899,366958,311656,35357,32580,290467,365039,312817,355073,322156,340973,315256,262104,288536,324438,309617,295759,345303,317570,357487,318098,285100,336129,347322,350531,333778,325922,292575,311398,265905,346279,328361,365175,321611,375710,309564,280496,247218,342399,316463,352675,368690,324217,294349,320433,303069,400069,310099,339891,387246,316851,314119,355423,264421,321491,318484,365837,337547,318869,321703,315477,267405,
236,354211,339064,323424,360724,305212,32595,29820,286773,358204,307900,348883,315837,335903,309901,258094,283828,316797,303490,289554,339097,312807,351480,312744,280688,328180,342014,342659,327844,321060,287062,305682,260815,339037,322167,358291,315946,368244,303976,276967,244277,336499,310040,345107,361453,318457,289343,315673,299697,390909,304369,332633,380608,311019,308993,350421,261419,314675,311279,358183,332125,312654,316492,310963,264364,
237,348005,333065,319358,355355,302023,29496,26697,282867,352234,301345,343166,311795,329367,303698,252374,279589,313471,298786,285121,334327,306602,346885,307670,275358,321830,335809,338851,321450,316164,282680,300503,257329,334952,317225,352786,310744,362132,297729,271558,241100,330780,306468,339386,355647,313627,284356,310489,295093,386128,298966,327307,375692,306335,302814,344887,257777,310237,306590,353341,326697,308723,311406,307075,260412,
238,341838,327056,313155,348537,296303,26408,23546,277623,346772,298490,336405,307329,323999,300507,247462,273930,306025,293434,279886,328048,301354,339420,300658,270649,318378,329887,331863,315808,308325,276673,295909,251089,328319,311196,346448,306117,356289,294121,266110,236832,324544,301825,334037,349307,308756,278255,304390,290139,377713,293530,321909,367018,301752,298105,339348,253468,303615,300821,347014,320749,303110,307137,301011,256361,
239,336311,321827,307584,343282,290413,23312,20376,275584,339808,292235,331364,302135,317545,294983,242866,268900,301201,288498,275670,323627,297057,333176,296204,265478,312476,324285,327604,309786,303563,271412,289523,246685,323267,305850,341599,301336,350523,288593,261383,234347,318890,296234,328826,343285,301766,274285,299760,287489,371716,289352,316346,360990,295797,293073,333000,250469,299259,296160,341719,316271,297118,300527,295780,252492,
240,330682,317347,301348,335890,284333,19767,16708,270085,334012,286899,324983,296623,310214,287449,238074,264469,294724,283368,270798,317985,291350,326464,289659,259699,305898,319902,321743,304561,296309,265883,282832,241219,316805,301241,335142,294968,340963,281446,255963,230721,313923,291652,321535,336451,296061,268586,292755,281515,362684,284096,309355,353903,289210,286720,326090,246536,293245,290114,334371,310062,292306,294430,289859,249018,
241,323562,310406,296625,331599,278886,16544,13247,266862,329117,282873,319062,290554,303961,283283,233156,258853,291260,278407,266835,313357,285975,321812,284782,255435,300761,314230,316305,300222,290094,260846,277115,237246,311909,295483,331461,291395,336045,275981,250762,227104,309752,285940,317179,330625,291694,262216,288043,277492,356878,278973,305238,348727,285290,282334,319794,242525,288213,284917,329594,304770,287071,289336,283683,245978,
242,318934,304328,290553,324428,271946,12792,9754,262218,321972,277891,313796,285431,297915,277132,227199,252470,283737,273667,260149,306386,279311,314779,278293,249775,294792,308201,309975,295417,284391,254535,270822,230638,305343,290493,324005,286346,328593,269683,245142,223049,302374,281119,311573,323591,283842,255343,282260,272971,348863,272959,298873,341440,278419,275770,313957,238492,283031,279380,321409,300322,280629,283416,277877,241326,
243,314580,297787,285270,318232,266598,10094,7514,258782,317214,272332,307971,280983,290417,271423,222914,247985,277840,268269,255922,300786,274546,307493,272616,244938,289376,303042,305273,289184,278206,248708,264402,225333,301196,284477,318561,280144,320652,263349,239215,220315,297180,277171,306874,318443,279244,249223,276312,269357,341778,268950,296270,334271,272126,270711,307705,235762,277064,274135,318071,294317,274299,276877,271809,238015,
244,307652,291579,279604,310940,262005,7734,5838,255083,312125,267818,302802,275526,284385,266013,218165,243554,271691,263521,251689,295951,268802,301685,266608,240416,283737,297470,300164,282304,272526,244085,259106,220756,294896,279081,314350,275487,315777,258156,232719,217114,290565,270305,300600,311559,272842,244034,271618,265598,336517,262520,288569,328776,268074,266088,300579,231869,272421,267949,312179,287845,270178,273035,268035,234501,
245,302137,287663,274358,305769,255283,6268,5020,251219,306883,263395,297683,270656,278126,260041,213051,236572,265606,259308,245554,290265,263132,294152,260647,235250,278502,292048,295033,278123,265771,238134,252861,215280,288937,274272,307773,270771,306622,251011,227427,214037,286340,265878,295581,305770,267671,236188,264893,260785,327957,258498,283282,322284,262416,259496,294530,226522,268192,263206,305851,284080,262604,266578,262068,230721,
246,296479,280610,268706,299036,248501,5117,4460,247275,301040,257416,291660,264958,269107,253347,206278,231130,258389,253921,241095,283974,257443,286319,254574,228273,271930,285940,288234,271542,257572,230701,245073,209754,282881,268073,301511,265061,298825,243033,221422,210337,279277,259928,288779,298339,259496,229107,258632,256600,320512,253142,277612,308463,255342,254738,287079,222986,261267,255497,299734,276965,256638,260414,254647,226650,
247,291532,276515,262181,293223,242217,4622,4226,241454,294198,252279,286036,258571,263322,247717,201057,225101,253882,247928,235281,278088,250042,279593,247212,223403,266795,280914,283795,265580,250298,224350,237492,202358,276703,263232,296232,261007,290262,236359,214637,206088,275116,254862,283259,292309,253493,222334,253116,252808,311328,247838,272569,308841,250122,247001,280089,219348,255604,251262,294553,271462,249784,254949,250075,222847,
248,284696,268471,257277,284745,235241,4076,3808,237187,289929,246839,280602,253655,254877,240608,195028,219354,247137,244592,229269,272584,244482,272093,240651,216372,260337,275284,276254,260811,242825,217475,230123,196130,269367,257033,290464,255318,283069,228820,207818,202815,268357,250170,276668,285736,246044,214014,245397,247878,304416,242013,267069,302329,244487,241080,271437,215039,250527,244432,287949,268102,241454,248427,242705,219462,
249,281760,261788,252107,279418,227634,3976,3761,233292,285128,242686,274760,247670,246275,233790,188781,212686,238718,238065,224065,266870,236871,264970,234143,210378,253648,269203,272190,254537,233883,210672,222742,189054,263767,251640,285693,249692,274333,220406,201164,198979,263478,244066,272509,280872,238533,206383,239866,242974,296063,236159,262004,294818,238036,234134,263749,210633,244749,237765,283358,261094,235781,241016,235464,214910,
250,274439,253534,245094,270729,219948,3633,3396,227954,277035,235365,268022,241627,237020,225818,180682,205037,231335,231746,218209,259840,230270,256177,225730,202611,247622,262947,266244,247273,226200,202546,214313,181906,257889,245137,279294,243904,264127,213424,192650,194586,254905,238405,266056,273012,230268,198485,232592,237370,284834,228427,256117,286589,228963,227220,255511,204969,238467,230080,275375,255115,228589,233468,227963,210909,
251,268571,247669,238965,263400,212408,3307,3121,223481,270498,229207,262651,236479,227728,218643,173878,198747,223562,226288,211779,255064,222791,248054,218009,196177,240564,257686,260756,241601,217246,194888,205865,174960,250198,239234,272738,239033,255192,204071,184870,190495,249362,232634,258577,266369,222922,190086,225444,232698,277561,222665,249519,279584,222806,220721,247200,201016,232500,223998,268284,248744,220925,226457,221402,206679,
252,261971,239830,231624,254191,204916,3247,3055,218987,263706,223329,254927,228480,220051,212365,167671,191101,215506,220194,204501,246812,217164,239639,212057,190142,233506,249281,253187,234588,209579,187611,198240,168703,240941,232533,264746,231890,246573,197203,177982,186250,241595,225900,251121,258644,215574,181932,218075,227764,267670,216436,242237,270660,216570,213745,239024,195879,225370,215731,260820,241588,213660,219370,214850,200869,
253,254718,231721,225178,246871,196462,3010,2787,214468,257781,217225,248624,221387,210932,203750,159577,184912,207956,214504,197736,240145,209880,230773,203308,182533,226564,243731,246887,227248,200348,178881,188225,160138,234933,225580,258559,226700,237530,187888,169261,182118,234222,219719,244137,250782,207539,172506,210081,223165,259465,210149,235448,262583,209456,205556,229965,191237,218735,208983,253528,235132,206280,212288,206047,197453,
254,247406,222750,217486,236749,186939,2738,2547,207624,249743,208707,241393,214684,198799,195168,150985,175465,197913,206104,191709,232183,201665,220492,194361,174528,217124,236245,240030,219616,188636,169201,177515,150500,225211,218043,250835,219127,226294,177392,159174,176858,226892,212474,235893,241680,196961,159545,202401,217180,248623,202116,228005,252221,200322,196801,220789,186314,210790,200127,244250,226720,196284,204122,197882,191331,
255,239810,215776,210906,229051,176887,2578,2417,203042,243587,203497,234071,206694,187787,186632,141266,167012,189592,199976,184047,225451,193164,210812,184911,166003,210203,229362,234119,213487,177374,158213,166023,139615,218524,211813,244408,212340,215172,165643,148775,172741,219358,206536,227703,234103,187883,145787,194356,210984,238950,194810,222332,245233,192126,188574,210264,180586,204641,192889,238045,220735,187846,196963,189823,186243,
256,235347,208215,203606,221771,156747,2293,2110,193151,237405,198220,228967,201448,162303,169086,118707,150939,182031,195844,178452,218510,177902,191809,167616,149532,203609,224188,228136,207413,151032,133875,138124,113198,211594,205716,238120,207011,195213,139870,120659,163851,214462,201726,222910,228411,167732,107392,178772,200919,229682,188228,216946,238555,177442,173271,189914,171618,198698,185355,231218,215130,169889,181436,172285,178266,
257,228848,199225,196907,212796,138616,2081,1894,186771,231478,190718,221722,194441,138251,156705,98909,137954,171883,188598,170904,210812,168676,177515,154522,137113,195685,217085,220902,199538,125928,111636,112644,90871,203381,198932,231276,200234,179761,115751,96847,158824,206469,193790,214862,220684,152320,77672,167290,194793,217447,181180,209378,227903,166967,161849,176438,164899,191148,176716,222850,207666,157088,171185,159919,172642,
258,220844,188629,187491,201800,112371,1829,1654,178956,221476,182310,213635,184730,104891,138369,70667,118792,158071,180146,161633,202033,157000,160128,136637,117267,185831,207412,213328,190843,93881,82597,80964,62860,193095,188329,222453,191097,156820,83410,67647,152626,196430,185754,205169,211323,129417,50958,155208,186982,202184,171001,201243,218156,153890,146227,156222,157824,181695,163765,213042,197895,138428,159301,143215,166180,
259,213020,178825,178412,190181,83137,1769,1590,172787,215424,175316,205269,176288,72732,115959,47705,93162,142843,173508,152041,193694,142458,135224,112735,93180,176144,200829,204194,181668,64639,56903,55772,42496,183040,179935,214456,183467,128127,56565,45421,146433,186747,177714,197358,202198,99802,36083,139782,180559,185790,161521,192822,206465,138326,126187,130556,150176,171975,151999,204726,190218,113524,142858,119411,159498,
260,202915,164723,168699,174388,58735,1517,1356,166493,205929,164578,197189,165405,50627,89100,33013,68417,116467,163000,141115,184061,124245,106843,86085,68208,164249,191045,195950,172186,45624,40617,40047,30622,169594,169562,204918,174436,96942,39906,32798,140933,176915,168866,185592,191781,72383,28793,118824,173578,162462,150855,184458,193578,117637,100909,100324,143401,162042,132042,194054,180958,87167,124201,93109,153602,
261,194841,150419,158220,157835,41427,1321,1178,157693,198990,154534,188010,154557,37742,61860,25252,45881,87551,154790,126530,174137,98953,76624,60138,46217,152355,182105,187078,162459,34444,30459,31133,24488,156453,159378,197389,165929,69009,30697,25732,133859,164948,158597,175714,181971,49770,24717,92393,165858,133673,138102,175082,179304,91187,73615,69945,133106,149620,109772,182473,171527,60722,97599,65630,146089,
262,184113,123796,142078,128754,31103,1307,1159,148088,188271,140524,177737,137907,30390,41875,21363,31759,55584,142403,103936,160785,66968,52182,41492,32348,130327,171489,176172,147884,28305,25248,26440,20760,133074,143158,185811,152919,49049,26039,22662,124503,148698,146405,160371,168295,35776,22851,63556,155915,93794,115720,163304,157597,62833,48627,46750,119384,129509,76381,167701,157677,41229,68025,44100,138299,
263,174179,95128,123778,98668,26703,1070,947,135952,177763,124047,166714,118032,27509,32214,19562,26003,38239,128423,78888,145596,48285,39204,32258,26212,105386,159205,164770,131460,25885,22822,24140,19393,108436,124281,174236,139976,39999,23970,21122,113043,130341,129627,143180,153011,29573,21750,45543,144329,65362,90445,151886,131569,43868,35278,35177,100153,103529,52490,150863,142818,31998,47222,33389,125890,
264,162333,64566,98207,69296,24441,964,857,119683,166016,99980,154262,90114,25783,27271,18582,22432,28642,108027,54777,123923,36432,32461,27142,22653,75075,141970,151574,108425,24800,21729,22728,18907,78160,97130,162403,120008,34710,22704,20197,95189,102866,108302,117516,131748,26149,21316,34660,128410,46704,63060,135826,98731,33557,28202,30071,77395,73912,36181,125862,120778,27347,35051,28220,112533,
265,147167,44076,70498,48916,23217,941,862,97710,152430,73836,138608,64112,24666,24582,18151,20847,25081,82973,38124,97224,29710,28896,24175,21174,51200,120816,133531,82317,23784,21140,22048,18206,54162,69996,145237,95480,31309,22274,19523,74439,75302,82138,88362,104971,24163,20754,28813,106758,37367,43021,113412,69245,28093,24948,27211,56179,51495,28394,95806,94318,24737,28413,25404,92709,
266,122484,31798,45905,36882,22263,815,758,70927,129989,48395,112282,41684,23948,22679,17517,19661,22871,53944,28155,64471,25138,26909,22581,20073,35370,89015,104093,55215,22953,20381,21224,17625,36618,45729,118201,64454,29711,21467,18733,52130,50267,54128,57531,72203,23077,19969,25223,79607,32613,30850,82431,46265,24758,23428,25892,39558,36678,24551,62486,63329,23357,25093,23956,68732,
267,93228,27815,34522,31628,21878,752,721,51729,103355,33980,85644,31708,23562,22117,17038,19264,21769,37852,23718,44533,22953,25912,21501,19604,29197,63481,76041,40454,22216,19721,20663,17142,29959,34340,88475,44451,28564,20849,18578,38017,37300,39135,41015,51649,22683,19525,23299,58749,30278,25927,59073,36499,22506,22469,25297,31061,30072,22805,44632,45029,22571,22682,22910,49383,
268,63606,24982,27740,28383,21101,733,703,39608,73126,26787,58814,25883,22863,21684,16417,18769,21219,28216,21500,32832,22069,25258,20939,18797,25377,44266,50247,31626,21513,19421,20234,16728,25844,27606,59821,32178,27736,20345,18173,30584,29643,29548,31442,37657,22349,19184,22065,45267,28960,22903,41141,31116,21267,21712,24572,26543,26363,21876,33865,33631,22025,21876,22503,37060,
269,45704,24013,24513,26820,20783,714,700,32284,52431,23475,42697,23700,22256,20932,16426,18049,20838,24576,20662,27659,20790,24321,20435,18471,23584,35017,37022,27217,21467,18636,19694,16182,24500,24760,43302,26809,26918,20110,17614,25270,25989,25347,27445,31241,21602,18507,21290,36115,28108,21671,33224,28733,20990,21004,23710,22403,24176,21286,29129,28695,21811,20936,21654,29659,
270,33706,23083,22876,25675,19928,730,713,26474,38561,21497,32419,22357,21785,20518,15687,17435,20124,21795,19383,25098,20423,23451,19972,18016,22604,28740,29252,23670,20584,18235,19024,15777,23505,22646,33379,23435,25953,19385,17271,21127,24144,22398,24868,27311,21125,17734,20606,29811,26778,20853,27614,27064,20319,20471,23280,19338,23181,20731,26631,25287,20879,20505,21081,24169,
271,28814,22298,21587,25039,19827,715,702,23149,32618,20682,28051,22070,20968,19843,15337,17210,19486,20671,18935,23686,19571,23112,19085,17447,21661,25534,26190,22325,20068,17849,18419,15543,22646,21889,28883,22119,25463,18466,16597,18334,23150,21083,23777,25234,20679,17494,20339,25238,26235,20168,24557,26253,19880,19880,22745,17653,22107,20137,25440,23815,20220,19877,20453,20825,
272,25508,21613,21106,24416,19296,667,646,20415,27595,20150,24961,21133,20477,19304,14837,16525,19004,19975,18411,22485,19103,22276,18515,16921,21134,23586,23994,21412,19478,17230,17736,14913,21828,21161,25846,21318,24701,18043,16076,16475,22472,20055,23102,24017,19944,16989,19374,22088,25527,19587,22978,25489,19256,19364,21888,16748,21701,19539,24356,23125,19604,18828,19940,18008,
273,23819,21300,20220,23846,18485,681,666,19236,25345,19408,23257,20715,19914,18771,14510,16036,18626,19473,18228,21890,18501,21914,18271,16364,20736,22590,23296,20772,18770,16513,17384,14533,21402,20495,24457,20756,23885,17779,15764,15813,21893,19482,22567,23297,19273,16422,19064,20241,25232,19047,21986,24991,18577,18769,21507,15911,20968,19107,23746,21928,19235,18763,19472,16731,
274,22789,20818,19644,23151,18244,608,592,18271,23579,18905,22047,19969,19402,18286,14255,15707,18015,18731,17625,21306,18021,21249,17631,16025,20115,21780,22397,20184,18444,16345,17013,14109,20471,19788,23550,20115,23215,17214,15290,15436,21407,18721,21980,22180,18812,16183,18457,19081,24509,18539,21395,24497,18335,18544,20577,15478,20374,18517,22840,21641,18600,18164,19202,15812,
275,22243,20175,19031,22777,17356,568,551,17789,22990,18441,21545,19230,18853,17710,13739,15414,17502,18171,16998,20740,17396,20668,17360,15717,19521,21505,21819,19482,17725,15740,16333,13684,20227,19467,22792,19374,22770,16553,14661,14886,20956,18758,21029,21684,18208,15496,17753,18735,23881,17918,20847,23466,17683,17935,20095,15247,19831,18061,22308,20572,18115,18067,18421,15365,
276,21672,19645,18653,21862,17112,650,628,17439,22097,18108,20826,18690,18309,17298,13276,14941,17011,17943,16307,20428,17050,19820,16697,15162,18871,20440,21192,18901,17358,15255,15859,13382,19573,18931,22353,18997,22289,16040,14153,14355,19983,17944,21093,21115,17734,15076,17740,17779,23052,17560,20109,22747,17202,17574,19506,14978,19505,17393,21827,20169,17794,17042,17953,15066,
277,20966,19215,18015,21123,16697,601,581,16628,21548,17570,20488,18248,17741,16945,12939,14550,16279,17388,16090,20032,16544,19383,16422,14904,18164,20048,20794,18607,16890,14823,15775,12789,19093,18539,21745,18605,21583,15435,13896,14027,19933,17536,20282,20451,17315,14534,16769,17424,22209,17066,19427,22455,16776,17259,19041,14369,18917,17218,21153,19942,17062,16823,17548,14581,
278,20430,18462,17227,20618,15856,580,563,16072,20966,16791,19759,17958,16925,16294,12446,13794,15880,16611,15630,19338,16143,18866,15711,14385,18039,19472,20062,17972,16033,14354,14960,12347,18562,17872,21011,18014,20794,15026,13351,13498,19030,17242,19631,19600,16579,13895,16419,16915,21337,16477,18653,21563,16254,16403,18595,13986,18390,16527,20455,19382,16793,16309,16992,14178,
279,19972,17952,17051,20034,15462,502,493,15805,20320,16409,19017,17289,16942,15968,12095,13666,15421,16246,15116,18682,15739,18276,15291,13831,17389,18976,19590,17424,15601,13931,14391,12005,18364,17288,20540,17344,19962,14630,12850,13168,18670,16515,19189,19478,16123,13503,15718,16464,20738,16042,18537,20826,15813,16049,17764,13617,17790,16297,19977,18808,16183,15710,16555,13669,
280,19343,17398,16583,19115,15043,515,509,15416,19651,15971,18792,17007,16204,15274,11337,13109,14818,16027,14811,18207,15319,17556,14939,13418,16802,18462,19187,16927,15266,13560,13907,11466,17640,17027,19974,16828,19137,14154,12441,12874,17811,16233,18674,18701,15643,13066,15321,16212,20203,15615,17996,20467,15308,15464,17395,13072,17280,15610,19247,18087,15736,15444,16207,13469,
281,19247,16991,16187,18977,14617,527,510,15061,19397,15609,18042,16289,15492,15082,10994,12704,14475,15419,14300,17661,14630,17101,14208,13183,16470,18028,18304,16469,14682,13008,13506,11239,17000,16462,19479,16609,18864,13422,12171,12522,17690,15786,17972,18104,15184,12396,14998,15736,19733,15066,17464,19857,14721,15027,16755,13067,17076,15003,18848,17645,15103,14668,15522,13207,
282,18426,16295,15544,18408,13964,494,486,14674,18627,15042,17635,15839,14688,14395,10652,12123,13897,14884,13769,17076,14050,16739,13804,12731,15686,17590,17905,15972,14116,12415,12823,10705,16577,15833,18799,16361,17804,12976,11597,12395,16949,15231,17492,17603,14683,11925,14681,15292,19006,14570,16963,19099,14523,14328,16424,12602,16382,14571,18308,17187,14849,14517,15263,12742,
283,17762,15740,15106,17896,13404,515,497,14361,18237,14524,17085,15416,14307,13813,10377,11951,13545,14617,13247,16762,13784,16031,13397,12017,15389,16793,17618,15436,13394,11896,12477,10368,15851,15841,18494,15685,17392,12282,11152,11890,16451,14753,16960,17049,14177,11491,14033,14953,18233,14087,16580,18581,14019,13978,15511,12427,16066,14004,17639,16567,14209,14134,14350,12587,
284,17429,15275,14569,17152,13209,464,454,13942,17690,14157,16716,14824,13745,13370,9955,11601,12765,14197,13184,16118,13377,15285,12989,11663,14886,16560,17166,14927,12893,11500,11868,9816,15544,14840,17630,15250,16650,11844,10576,11687,15871,14445,16589,16599,13581,11124,13445,14528,17644,13663,16084,17880,13411,13560,14959,12050,15383,13249,16998,16336,13822,13574,14016,12049,
285,17090,14637,14344,16610,12601,446,444,13684,17123,13569,16216,14425,13124,12896,9561,10973,12426,13791,12437,15462,12934,14790,12385,11275,14271,15945,16477,14540,12527,10825,11328,9370,14895,14471,17238,15012,16146,11350,10267,11264,15393,14099,15934,15728,12953,10566,12944,14328,16711,13079,15705,17346,12776,13238,14710,11576,14858,13065,16592,15770,13125,12955,13521,11954,
286,16299,14086,13616,15860,12013,479,473,13216,16549,13336,15750,13711,12660,12366,9025,10277,11887,13095,11924,15068,12497,14468,11937,10696,13921,15432,15912,13840,11902,10469,10929,8975,14257,13982,16741,14255,15293,10815,9684,11117,14933,13418,15367,15279,12441,9834,12600,13779,16283,12670,14886,16832,12270,12422,13900,11378,14301,12162,16141,15215,12640,12290,13057,11578,
287,15946,13444,13034,15390,11329,481,480,12938,15902,12776,15283,13594,11987,11799,8562,9993,11276,12565,11774,14460,11804,13774,11346,10384,13271,14970,15705,13546,11136,9871,10283,8580,13986,13796,16007,13634,14718,10063,9243,10761,14366,13094,14940,14730,11962,9390,12091,13457,15556,12285,14719,16157,11948,12369,13208,11078,13984,12000,15384,14678,12090,11923,12372,11252,
288,15181,12765,12689,14699,10499,472,470,12192,15341,12379,14486,12807,10991,11066,8002,9402,10585,12032,10824,14051,11276,12844,10496,9665,12622,14179,14807,13035,10378,9117,9415,7697,12883,12911,15372,13253,13649,9545,8242,10204,13527,12483,14252,13890,11193,8633,11180,12779,14434,11467,13996,15168,11358,11329,12421,10335,13278,11280,14923,13880,11251,11249,11748,10638,
289,14951,12292,12096,13832,9987,475,465,11855,14936,11944,13994,12314,10497,10466,7533,8946,10101,11581,10673,13378,10512,12081,9907,9090,12012,13709,14257,12311,9732,8558,8872,7172,12527,12470,14807,12639,13007,8823,7706,10036,13017,12088,13566,13483,10729,7890,10704,12343,13979,11196,13563,14742,10633,10846,11672,10242,12671,10733,14478,13323,10706,10940,11097,10383,
290,14151,11825,11459,13394,9347,437,429,11676,14614,11314,13337,11709,9750,9966,6747,8557,9306,11211,10012,12853,10243,11467,9370,8604,11495,13138,13632,11900,9131,7880,8138,6734,11817,11772,14614,12122,12062,8310,7263,9646,12662,11540,13058,12970,10030,7120,10212,12073,13056,10571,13093,13807,10427,10213,11218,9831,12236,9994,13660,12877,10095,10232,10509,9882,
291,13634,11127,11102,12647,8819,425,418,11042,14147,10655,12745,11390,9112,9483,6372,7798,8804,10726,9633,12305,9684,10754,9145,8016,10961,12835,13136,11248,8473,7188,7516,6150,11631,11421,13836,11886,11692,7722,6709,9425,12154,11153,12564,12551,9480,6698,9452,11664,12203,10109,12469,13220,9898,9622,10541,9307,11810,9499,13114,12486,9595,9708,9868,9850,
292,13068,10532,10576,11857,8448,443,438,10829,13351,10209,12541,10829,8577,8998,5841,7544,8365,10088,8857,11903,9291,10164,8411,7537,10442,12423,12717,10858,7742,6991,7010,5666,10782,10777,13326,11308,10665,7050,6085,8940,11303,10714,12115,11825,8773,6026,9329,11293,11450,9418,12041,12769,9425,9233,9941,9038,11097,9036,12320,12129,9028,9303,9311,9427,
293,12488,9891,9870,11342,7607,409,406,10360,12844,9653,11826,10151,7732,8439,5240,6879,8000,9897,8702,11297,8713,9669,7946,7085,9871,11987,12304,10350,7068,6235,6189,5198,10353,10182,12801,10754,10062,6327,5381,8545,10973,10069,11676,11302,8478,5158,8700,10856,10887,9192,11464,11891,8816,8593,9180,8614,10578,8428,11986,11399,8494,8579,8851,9209,
294,11993,9402,9383,10772,7015,414,412,9672,12213,9255,11466,9606,7001,7706,4557,6263,6816,9247,8141,10547,8157,8876,7348,6550,9330,11199,11870,9932,6287,5402,5320,4317,9471,9665,12246,10135,9286,5415,4546,8319,10269,9619,10823,10761,7399,4086,8000,10404,10027,8579,10866,11369,8182,7911,8599,8339,10205,7612,11339,10904,7723,8146,8136,8602,
295,11495,8787,8840,9980,6292,398,395,9719,11767,8871,10911,9080,6075,7207,3725,5765,6357,9100,7652,9899,7539,8185,6995,5973,8827,10787,11310,9372,5343,4642,4483,3517,9051,9353,11771,9613,8313,4519,3692,7977,9808,9070,10353,10206,6767,3181,7500,9950,9279,7962,10370,10692,7678,7502,7880,8162,9482,7223,10730,10257,7204,7674,7624,8392,
296,10975,8218,8297,9543,5282,416,407,9271,11433,8213,10386,8526,4927,6422,2942,4949,5612,8228,6870,9813,6834,7467,6105,5297,8206,10148,10403,8750,4359,3698,3397,2779,8409,8742,11336,9158,7502,3462,2886,7842,9260,8441,9756,9554,5935,2553,7063,9686,8482,7637,9956,9981,7084,6766,6949,7766,9072,6653,9990,9836,6266,6969,6870,7963,
297,10450,7597,7934,8779,4435,435,432,8832,11084,7759,9997,8160,3812,5848,2211,4162,4676,7976,6557,9043,6348,6639,5161,4387,7635,9714,10079,8420,3393,2812,2676,2086,7879,8011,10580,8835,6678,2675,2200,7358,8610,8357,9141,9049,4892,2091,6253,9142,7591,6853,9520,9111,6453,6045,5873,7355,8406,5978,9503,9140,5682,6597,6003,7588,
298,9775,6921,7290,7900,3268,374,369,8370,10186,7159,9302,7325,2886,4721,1767,3320,3588,7388,5738,8352,5472,5343,4298,3440,7039,9043,9496,7792,2602,2306,2240,1811,7104,7587,9955,7969,5293,2032,1826,6919,8001,7607,8344,8513,3754,1829,5645,8599,6223,6171,8714,8371,5676,5138,4636,6770,7585,4910,8823,8634,4642,5652,5030,7319,
299,9421,6201,6798,7168,2723,397,392,7920,9642,6709,8912,6909,2502,3832,1635,2598,2736,6786,5069,7775,4808,4269,3424,2756,6479,8708,9006,7266,2186,1872,1946,1554,6458,7012,9517,7553,4273,1903,1645,6410,7503,7084,7910,7890,3006,1613,4742,8313,5050,5662,8214,7561,5029,4131,3741,6523,7010,3867,8047,7891,3736,4996,3982,6830,
