165,593269,588499,597817,712125,2242731,458918,698190,4643725,844701,496054,670264,528812,2209309,2313061,917587,1570564,567934,551297,551563,591878,2255772,1754636,2625307,1717460,637138,800246,638370,749121,1973260,1259294,1736260,1467385,556987,618563,686255,541412,2331586,1228087,935274,3304494,620853,635156,614449,701889,1758886,1830743,2015314,4257058,727902,515446,661593,626378,2227044,1607534,1170071,4299545,504376,525383,565696,615771,2042069,1778341,2334254,2728856,
166,668752,662652,683594,833072,3906416,779526,1146879,5892541,1136475,552424,794235,591579,4047908,4108671,1648016,2951991,636935,611847,622822,655346,3640182,3100787,4100827,3029530,719776,1065240,724034,974810,3487680,2340365,3130986,2716084,626419,724875,807291,605813,3816982,2216163,1668295,3876932,703206,780570,689382,812156,3161323,3271855,3390510,4768939,833967,579337,810904,698557,3808372,2949044,2003349,5034052,562023,589485,629295,719430,3544452,3141712,3785438,3844513,
167,769482,744504,817335,1049834,5473479,1240550,1644811,5874792,1633168,621104,1007801,665979,5982469,5952985,2998309,4655080,710008,697152,732501,734241,4633416,4522521,4988472,4139027,843464,1557968,862450,1382184,4804237,3684281,4466022,3930666,697990,912978,1010337,684525,4943822,3590914,2861219,4027159,826548,1041474,784889,989976,4481176,4493388,4579027,4848471,980890,653423,1065857,780267,5241925,4402545,3470510,5015078,631049,663227,697361,902673,4851312,4528962,4839501,4443337,
168,979310,915101,1117541,1585204,6584321,1750108,2121791,5112666,2629452,751780,1467862,823888,7474252,7073506,4705874,6266149,845734,878077,992040,886252,5100865,5438830,5320891,4701303,1134654,2624363,1182047,2287083,5471563,4695530,5230979,4658260,829942,1369478,1477152,852126,5423917,4633008,4009971,4059798,1109134,1635801,993022,1389056,5205307,5058358,5199561,4843466,1334094,808777,1592722,925690,6310531,5580554,5157159,4700822,770857,824183,817406,1316192,5675770,5495437,5334456,4626714,
169,1418314,1342908,1777256,2673465,6169129,2210433,2659811,4901945,3950889,1043561,2372303,1195541,6999478,6330962,6046039,6323493,1173403,1300226,1629978,1235041,5148597,5701426,5355041,4826563,1799731,4211506,1920562,3736023,5501675,5049313,5384742,4820087,1134366,2322169,2440603,1233621,5511469,5039925,4602998,4085850,1747066,2778465,1469679,2254831,5317672,5084591,5275493,4868120,2119133,1164522,2581404,1233615,6153726,6074474,6495344,4633419,1065967,1219086,1074204,2154389,5624605,5766335,5256682,4585358,
170,2552053,2590542,3248142,4416519,5486426,2831915,3783078,4962491,5060432,1908378,3955285,2263900,6087616,5544641,5651239,5451417,2261031,2473872,3207789,2289471,5122840,5690668,5406547,4863966,3483691,6260912,3609508,5571870,5456628,4984216,5326975,4774378,2096956,3955946,4141254,2325240,5567714,5131836,4794237,4147826,3267934,4506843,2804436,4067948,5286592,5107840,5260185,4938692,3820160,2164697,4097948,2158474,5563295,5567519,6766883,4708464,1875353,2331157,1834999,3625396,5341632,5550589,5198151,4589698,
171,3924896,4108521,4563253,5438657,5495482,4093574,6447922,5192540,5421078,3153302,5006223,3584005,6016748,5547948,5004908,5272357,4007258,4096057,4956593,3889693,5194271,5754198,5503776,4969006,5439366,7250570,5324306,6744912,5568014,5012593,5391594,4847993,3510363,5105595,5416351,3767888,5712065,5228221,4909605,4250728,4800232,5795683,4477291,5749749,5347810,5258816,5353983,5064423,5227051,3423393,4970549,3571548,5521794,5342070,6217792,4837814,3017068,3618918,3015362,4584800,5387226,5541819,5303951,4665880,
172,5171357,5432153,5361709,5696051,5859620,7073859,11560772,5582401,5486318,4414696,5504867,4705687,6431204,5970218,5024897,5541685,6385982,6044390,6335521,6002171,5323100,5914054,5662984,5136060,7238751,6454960,6879803,6287436,5813632,5185360,5579789,5037172,5021067,5608026,6200790,5292972,6001264,5458123,5163086,4461622,6127596,6190702,6340970,7220903,5516366,5600266,5562506,5320016,5936250,4551477,5190116,5107650,5749545,5515357,6141841,5069185,4185560,4638214,4412538,4962094,5597411,5683274,5545023,4767067,
173,5570730,5719228,5353601,5589765,6909041,13687060,19127985,6696688,5536031,4907920,5487758,5048035,7703874,7292965,5888246,6582200,7294456,6524901,5894555,7064793,5825657,6502541,6277054,5853566,6943869,5789887,6602287,6147440,6643610,5817225,6235937,5723086,5657742,5414380,5925434,5931936,7044525,6403562,6173237,5391310,6087949,5606169,6930388,6940608,6183739,6729529,6306852,6285963,6024075,4906639,5124108,5763365,6404831,6086873,6639613,5768217,4689330,4972211,5133877,5003953,6192123,6168025,6331134,5226294,
174,5463819,5570781,5285412,5682309,52647842,56871112,63155339,58974644,5654724,4958311,5502623,5007603,61312404,62655168,80008239,52768140,6392305,5649645,5204181,6326880,45333700,47783413,54500598,61589679,5995023,5717672,5767177,5501887,52050089,41010329,44051159,49032389,5638143,5387395,5676726,5489182,67168720,66301880,70224175,74577266,5599901,5393934,6140906,6136957,51645159,69094938,85493853,70724707,6164253,4917817,5165482,5775539,48121919,40908318,44676874,54280983,4878756,5139768,5384429,5113523,47655009,42900462,55432458,54065277,
175,5519265,5750563,5469814,6063466,183457382,162348510,125691280,212949178,5942529,5067560,5722145,5105448,205363974,211663320,280459827,225640752,6025745,5383059,5218704,5874336,167373097,177163614,201047996,221012662,5931086,6023919,5737070,5751786,173854133,159364924,162311009,185035284,5808375,5677944,5870347,5417495,217996101,208645875,208508421,233391291,5725259,5608118,5966701,6150610,189101024,242433058,260855080,233693574,6546083,5032769,5364402,5778648,172567093,117659243,156556706,201382210,4998188,5442432,5505395,5354265,173833445,159743730,208740162,191973134,
176,6015716,6643818,6196437,7240806,208962606,230289275,233423591,292558928,6890691,5587867,6429197,5729740,269462152,281823384,257845813,263239080,6380334,5699642,5758598,6026581,210031144,252314016,233947148,270575946,6465983,6728024,6162599,6356407,227899194,203455540,192446259,202202630,6466575,6474173,6434018,5698923,178077729,173746173,185832934,189556969,6195885,6160124,6276742,6575320,217585624,194274598,191994398,199990698,7810266,5748586,6189374,6264794,258019746,217583758,217692223,267995488,5568233,6439405,6117081,6252911,243305036,226787562,351673950,242804038,
177,8210066,9466561,8922920,10373393,316269931,283865541,298020230,346077712,9923147,7687534,8801456,8104228,331726008,335937935,293589147,303141489,8351106,7238294,7582056,7095491,216808127,244216861,235990169,294375809,7885694,8385385,7467326,8253592,235825451,205971195,187001569,194642627,8936076,9116353,8631829,7203203,179561708,159539206,165562617,168786102,7934274,8089863,7898851,8297381,203820731,173345911,178667676,176273806,11231340,8253485,8876072,8462760,305982343,265480445,265591334,267807994,8069204,9510738,8561299,9171473,277350596,257374519,272959673,247550090,
178,46383117,50510183,49385376,55547103,352716643,316330479,342879225,395318683,68813246,46443746,50679600,47909640,388327081,392677231,340974119,352566124,73029857,67935220,60295446,44462422,209470531,220332671,232563152,299213957,57950319,59777414,47366869,60433848,236068080,190525858,185398421,193737439,60321813,55690086,47149426,42415344,159111730,162782271,140511975,152346781,45681951,49193801,49002514,55920949,213882954,165551648,162777173,167786835,75531680,55014104,53700789,44908950,353514483,300376120,302712240,339002954,66095392,72207453,52499647,63863770,305247509,277884040,280733088,252109344,
179,154037602,162042790,154759382,165665221,369797117,331812782,366717398,435013038,210024492,167501057,145309673,157778430,434796655,442170285,388333644,386214762,202437357,229415106,207326790,151597896,206724463,234988698,222578956,293873487,220917570,196887378,155060607,201026617,215154018,202837319,167016548,195460295,191633595,178126646,172242214,145681494,161756116,157580902,167074148,163383925,151887118,156964334,160388815,187079409,196704291,165751494,163633107,168345042,231939983,191056256,179096958,143801054,376329670,314848035,297115839,352868671,220615136,225754960,213669205,192529627,316705287,284756741,280883727,344548086,
180,177785550,216253690,177369742,171172028,387900805,340593993,389546185,453298525,210457907,183619889,181021242,165380295,472686760,480503391,451201258,433742936,274286555,256182039,240952620,190303373,202084734,189396493,215522981,293842892,231176821,243287315,196128577,218272076,227521317,192838306,179819284,192677344,214241762,209847943,232888497,193698288,159182243,157295340,167581366,162551572,183744043,207908008,210804891,226029792,199212807,164588001,164874880,166164443,196671816,179749570,179720340,166319431,398282857,326697598,314723980,369641147,194058444,180375036,181660454,183563485,323856222,292277455,278811889,207918691,
181,183562587,182518634,177527126,179134121,407603100,353941357,417217990,467891220,212305340,209042019,163500701,174342746,463321339,521683843,508251154,486555749,288885508,282360577,273947180,214822264,193027516,210533135,211354123,280519702,272722663,284590108,241929813,258218618,193254778,188858438,171972824,189615796,237229422,226106325,279356039,232681108,154677492,150800648,156891704,157444522,236659902,241974527,249172917,264060687,184871961,161298703,159706938,160829927,175895280,169633585,171471481,180483336,395312464,340674258,327721250,371077386,110710744,173065856,170342265,181209250,327119696,290356813,273214946,244100244,
182,180392445,217873889,172395472,187480788,423104606,370775495,373942464,477003077,214522298,212561515,169517403,178458160,526534033,546923615,538446414,524238039,319967550,321905304,318999028,266214484,180393756,200490719,205002071,260697162,323730867,327578851,290443024,302746978,180124578,178402197,165049887,169242820,135806120,280350242,329938236,272840889,153956482,153421245,156278087,155301526,274258241,275814141,298281002,296119099,165746107,159635638,156858019,157644911,166106939,159188471,166266497,192891740,387928124,353406774,323490968,358721493,203173175,168043981,163813318,166152024,317105919,292204181,259286906,245373310,
183,201752665,187639786,174221335,184400070,431178695,388564138,467488284,481645794,229594133,229692652,144355596,176528542,537079416,560779227,556958211,543564830,351241335,359871975,357867976,304037326,140488162,191422452,153275602,258612672,366237122,356260497,316223056,325598289,177207435,172212732,161722748,171772723,253767399,268432287,364571546,298360103,153695759,153330814,154351503,155337846,297795471,296582978,194734308,323700649,162206594,160029411,157121583,156887035,162150016,160536935,163885090,186409426,378527747,358190357,391394644,346701505,163108060,162490384,160267691,168068318,306307271,282703638,255784125,247651772,
184,196127794,189829654,174147043,181036830,452801168,414682565,461730726,475287444,217632758,139176515,188051219,173941653,542642340,569854888,569771312,566562890,384407245,394698489,381500457,338415174,171924384,196790303,183558171,250609034,403061847,405439669,330952388,339243183,165329373,169892258,159720837,160610052,305703347,271426400,358139527,307546185,149295066,152771005,153762152,154834967,310855856,311258990,336280531,328129761,160276852,161127108,155967584,157406518,168745036,159172467,162693331,184518216,383970285,365670915,346274611,346379550,117425652,252294261,158581888,158224721,301905502,278842375,254128975,231634671,
185,192631749,193432951,206361442,181307308,495584428,441445023,456863015,481729292,202608114,195746666,164459331,172394295,544260680,562492748,569932157,573921956,417842400,420957352,444221611,371009908,165392773,185094101,181465989,246228811,432919413,416988926,472368759,344811090,180391076,167603069,157497058,167686621,324186626,301710914,405324452,324594607,153217267,151989044,148914940,153750856,315902672,319039353,295366344,334798275,157703619,161159829,154260920,155655165,158756493,158374735,161358912,179195631,388931322,369824114,347840408,354106364,158844778,155530159,157215654,158009916,302151662,280328466,255183278,246295960,
186,181664504,192797023,172781131,175099218,480957605,454954849,447996323,464266710,216617054,198960407,178463801,170466048,521456245,536255416,547285396,562936568,454437183,441073870,459377379,408959501,161398371,176146946,174353680,231655286,454343421,438363647,353100949,340563917,199478597,198128356,154905793,163953059,301341713,267976243,317188342,329367197,147726862,150016487,150321868,151029303,316294257,320892274,371768734,344870351,159054755,159025024,150415158,152424191,156839782,157349986,160022001,184252819,400567433,377422698,337697095,268059789,156481939,155213269,155846731,156552095,303185059,279050621,251708306,246244885,
187,188262135,191582044,170075304,171282195,410352561,398468226,381363365,391860227,206427412,190558234,201615502,163974689,432824087,436882030,450905299,472380858,474989787,455044830,473067871,428438774,137186667,146665497,142891925,209770917,468757274,458991617,395115581,367928431,144787294,137347474,134222117,144274898,296186761,255555244,418962631,325912232,131080601,129675173,130514650,129789757,315709991,321335358,360440136,351881496,138824181,138788564,130807985,132334043,155347872,155427961,158358842,172015741,391955136,335205127,294497150,348702633,153441282,154500416,154448845,155129495,265589126,237277631,212220325,205658834,
188,184688937,190951782,169052918,268338238,220693055,206931793,198883366,204937350,195187242,181413150,166199614,164947758,221036383,223244725,228935626,239304383,472710457,459799584,475072401,445198903,72628270,76632022,75495689,90580120,500119592,461135154,392638158,386924288,77840983,73843566,72038748,75839729,284857751,227457743,379330015,318429638,70485687,69251154,69394525,69215144,317085785,323275524,357903550,360246684,74287096,75087734,70789144,70310061,154323548,154715982,157198945,168188357,181249706,180183436,169870460,174144007,155700728,153253076,153674570,153248658,137847015,123662574,108443464,105227303,
189,182248025,189021535,165065359,163646774,69360705,39321604,46223713,32131217,186428647,139424561,145713740,159817601,35680990,35023304,35334275,37122881,467950917,449190691,467008782,442661107,14682168,15513126,15141435,16357509,467852484,450739747,403270429,398124154,15441014,14619561,14717552,14571218,281986597,241557618,374449987,309323962,14538087,14297261,14057112,13393711,315073591,323519954,356803539,370699539,14969133,14911359,14659331,16382618,150323741,150679569,153347615,163236761,33344908,30112471,28917939,29643435,149914076,149472389,149533847,148824566,24236051,22113442,19248314,18099323,
190,139094222,146678935,128750379,126568387,5568584,11988601,11900712,5241830,141725987,145475237,112504767,123115062,6141550,5632221,5018640,5497614,371207311,357485144,360235687,344340722,5311834,5808979,5534522,4990227,361108698,350133178,328348580,321265287,5570865,5068359,5451767,4870827,216673634,196413546,292066312,240252049,5778068,5337241,5004018,4354903,254549757,265822436,420959743,301409067,5467200,5208752,5483223,5123396,116944096,117753095,119295696,125872022,5730439,5514329,6132235,4982501,116938157,116883376,117277871,117334383,5482495,5664095,5260787,4808583,
191,67232904,70246811,61283621,59804403,5060874,11477600,11395380,4771329,68747113,63512240,60325537,58570515,5597741,5143870,4515406,4966804,174564227,166900120,164855727,160508838,5140740,5638587,5352430,4794122,163315696,162434629,156093066,152756102,5389043,4897616,5282130,4692679,99560349,90442054,138006557,114770624,5595551,5145653,4805816,4164277,149243236,123585058,131974621,146349761,5288009,5026710,5299148,4934783,57069231,56433673,57323100,62355536,5270741,5078251,5699475,4559208,56495877,56370797,56843348,53896482,5140408,5379672,5007797,4571175,
192,9503698,9580978,8827650,9128791,5030939,11264519,11159322,4745236,9706119,8823091,9131680,8252907,5565460,5114078,4483995,4938505,16885000,15712262,15305629,15625714,5102889,5597859,5315195,4760364,15811105,15819957,15548605,15338814,5357364,4865232,5244965,4662357,11745969,11210472,14259827,12451231,5556036,5114411,4773760,4130481,13870563,13720946,14704302,15621857,5229148,4998222,5261001,4908823,9409940,8318797,8616447,9352573,5231673,5045345,5664713,4529469,8434662,8505992,8889048,8480167,5106788,5333103,4982050,4538886,
193,6014169,6018422,5793823,6094086,5026902,11165671,11052455,4739550,6173006,5529472,6016798,5483032,5554423,5102794,4484021,4929727,7082476,6515265,6337255,6852067,5084092,5588280,5301175,4751902,6887816,6987671,6827379,6801132,5351033,4851980,5243049,4654953,6358786,5995497,6823022,6209440,5542471,5108223,4759436,4128007,6660880,6530792,6865076,7234975,5232359,4993048,5252363,4898858,6520260,5392801,5700327,6298625,5224158,5031196,5648309,4516285,5504066,5536197,5962328,5570217,5101746,5330124,4976665,4532082,
194,5415962,5397278,5245106,5542450,5021652,11035990,10910005,4733925,5541174,4952305,5472654,4959335,5545910,5099732,4469152,4918078,5480960,4991219,4851367,5394205,5074744,5571963,5305032,4743234,5389980,5509323,5377872,5370960,5345311,4843273,5226720,4645358,5442116,5183714,5572205,5057392,5523638,5104536,4746683,4120937,5342549,5236665,5465810,5772677,5222708,4973128,5238406,4890502,6019362,4891182,5186028,5755400,5208351,5024746,5641554,4515023,5004553,5049768,5455681,5073379,5093905,5315642,4957847,4522431,
195,5316508,5298344,5154876,5445259,5013546,10914511,10750593,4728887,5426243,4836941,5371817,4867745,5535500,5085017,4463150,4915516,5257460,4779760,4649941,5183423,5056423,5560007,5285237,4730834,5177497,5304045,5171546,5160260,5326261,4838024,5214909,4637355,5298335,5046732,5381792,4866264,5515033,5093175,4741070,4118039,5136462,5042703,5263272,5559230,5209654,4969835,5233484,4887018,5925103,4809148,5103309,5658619,5205861,5016043,5633554,4511634,4925947,4973577,5374027,4993016,5080570,5307290,4951470,4513645,
196,5289471,5275227,5126537,5425116,4997601,10784769,10544728,4725886,5395240,4815400,5338966,4848926,5528275,5083410,4459450,4901960,5223866,4740330,4614884,5152234,5061549,5550119,5276342,4726451,5142287,5264892,5139614,5134098,5322320,4827853,5209745,4629990,5267193,5023516,5352859,4838326,5507884,5085867,4734747,4112030,5104704,5011908,5227289,5519899,5222981,4963414,5222753,4883778,5908234,4792936,5087500,5646874,5199188,5010369,5617666,4505868,4904578,4956143,5359967,4981360,5074302,5304208,4942881,4509819,
197,5275731,5273581,5118209,5416300,4986104,10537018,10097281,4717102,5386666,4792543,5326184,4844017,5523435,5070478,4445654,4898318,5219460,4729841,4606451,5147961,5050383,5540118,5261564,4714708,5132894,5257951,5138177,5126882,5309833,4818297,5196782,4622851,5261393,5007398,5336516,4827035,5493403,5076121,4723783,4110320,5094414,5004669,5224360,5513283,5215867,4944891,5209651,4876242,5894284,4785782,5077764,5633319,5185163,4999010,5611156,4501000,4893727,4951490,5344664,4973936,5061516,5288798,4934354,4510444,
198,5264758,5260725,5109832,5397864,4977910,10000954,8951720,4710185,5369163,4795947,5313351,4834315,5510119,5057564,4444831,4888325,5207162,4723187,4596885,5131347,5030994,5528575,5251093,4706285,5121757,5245190,5103698,5108575,5298630,4803030,5192068,4616001,5253955,5002192,5330367,4820965,5479487,5067544,4712462,4104970,5077830,4993007,5213808,5503820,5198776,4941243,5199377,4872579,5871826,4777988,5066823,5623600,5178279,4988796,5600217,4499625,4891562,4934817,5338493,4964443,5055041,5274969,4920915,4502653,
199,5253129,5246093,5093339,5390669,4959983,8862364,6872863,4707970,5360428,4768234,5305469,4828008,5495269,5049670,4432044,4878962,5198179,4706943,4588451,5121437,5150276,5514695,5237187,4694224,5109824,5238024,5111338,5103082,5282381,4795360,5178803,4598642,5238978,4992532,5317896,4809358,5470928,5056409,4701690,4103250,5069321,4982078,5203476,5491964,5190642,4930396,5185268,4864287,5890093,4771269,5059019,5615972,5164008,4978385,5588439,4499805,4873901,4930093,5331056,4950625,5042489,5267721,4907973,4498284,
200,5243462,5239823,5079909,5379067,4961972,6752679,4229984,4701567,5346738,4762009,5290923,4817736,5485490,5039998,4415228,4871874,5193237,4705714,4579391,5116693,5138510,5505570,5227088,4679603,5097429,5225756,5086329,5091577,5270368,4788096,5161968,4590090,5230303,4981914,5303430,4802811,5455896,5039476,4681878,4102678,5059413,4970222,5190146,5483455,5166803,4911679,5172427,4861914,5877612,4758331,5051220,5598045,5152088,4971044,5574401,4487391,4864953,4914585,5318183,4944053,5031637,5246006,4902361,4491730,
201,5242600,5230923,5075292,5362514,4944266,4345418,2349742,4701865,5340348,4775167,5281383,4812637,5471485,5031598,4408467,4859778,5178384,4693329,4569621,5106020,5128831,5490557,5221785,4679272,5089074,5220646,5078963,5080381,5264603,4779038,5154015,4579312,5224098,4975395,5299003,4791579,5446690,5035175,4672676,4096906,5053047,4961069,5187873,5470798,5152020,4902173,5164449,4854240,5850123,4751127,5037551,5595833,5151724,4959715,5565871,4486290,4860484,4908180,5312898,4932556,5025813,5241352,4894313,4490842,
202,5222135,5218579,5057997,5349868,4930312,2329773,1365641,4698610,5326150,4755284,5270851,4783809,5452214,5009880,4394941,4839707,5161028,4684697,4560764,5093199,5116348,5474296,5204316,4667763,5072641,5208411,5080571,5073340,5244627,4762052,5140882,4566647,5211933,4964085,5277932,4777058,5424084,5013428,4658725,4095536,5037644,4953473,5170112,5454586,5118770,4885819,5147967,4845763,5826191,4728322,5027319,5586168,5136484,4946415,5555156,4479837,4848685,4897973,5296630,4926698,5010523,5231117,4883807,4482944,
203,5213217,5206044,5044755,5337424,4916688,1421668,1053022,4688975,5315337,4744250,5260091,4781271,5424881,4991478,4379698,4826483,5152000,4674652,4547726,5078437,5103234,5464235,5192006,4654038,5067034,5193475,5070325,5058378,5230496,4750424,5116332,4554630,5194970,4949109,5267361,4769124,5406832,4988398,4641858,4082462,5024187,4942491,5162086,5445411,5122776,4870591,5136646,4839354,5814971,4717587,5017996,5566287,5120090,4936440,5543427,4471120,4841402,4889615,5284047,4906787,5003781,5218120,4866522,4481453,
204,5200388,5189146,5032611,5324056,4898019,1088934,948384,4680397,5303004,4733584,5246902,4768618,5402198,4971831,4357538,4808278,5136089,4660248,4537525,5065735,5082912,5450968,5169011,4637351,5051261,5180927,5043225,5045822,5207343,4734513,5093867,4530532,5186606,4941175,5257354,4763129,5378811,4969121,4617480,4070994,5014284,4928302,5151312,5433438,5087034,4839557,5116985,4829018,5781254,4702777,5001027,5556712,5100304,4919827,5524403,4461831,4823667,4868327,5263747,4893131,4985918,5209355,4848789,4477297,
205,5189097,5178855,5020539,5311558,4880300,958242,900002,4672780,5295025,4725405,5229042,4761070,5375749,4948573,4339915,4786458,5129603,4651793,4525871,5054404,5068226,5429230,5151734,4615747,5037618,5172137,5036890,5039222,5182195,4705598,5067175,4508623,5178132,4936285,5249512,4754529,5350909,4942566,4596528,4059524,5004081,4918250,5138909,5421484,5053901,4821830,5088526,4816259,5763337,4695603,4997846,5545396,5075464,4899046,5509427,4452990,4810372,4857021,5258225,4882656,4961681,5187430,4830477,4467294,
206,5172650,5163298,5009716,5292969,4846429,896799,862065,4646378,5275968,4711721,5219002,4742107,5344031,4925242,4318067,4755339,5110029,4638366,4506701,5040931,5039762,5398745,5108331,4583723,5021507,5153359,5022514,5020837,5146776,4679514,5031927,4476898,5160499,4919051,5237724,4738554,5311639,4910723,4565115,4047394,4994641,4910291,5123141,5397216,5035919,4789837,5061645,4797478,5734710,4681964,4971059,5527476,5045580,4871177,5473953,4434875,4791503,4835976,5231962,4865695,4930646,5160315,4801096,4456222,
207,5163052,5147317,4997082,5279123,4824697,864812,834057,4638393,5263443,4691957,5202400,4729669,5323684,4898569,4298769,4740789,5087961,4624640,4499095,5035678,5007896,5366945,5068531,4563789,5001835,5141386,5022088,4998720,5111191,4655488,5002035,4456239,5154153,4897002,5224229,4730221,5281679,4886152,4539440,4031679,4975233,4896743,5110206,5382571,4994844,4765637,5032740,4778504,5723596,4665216,4957610,5512155,5025464,4841363,5444012,4420975,4776725,4818284,5221923,4849379,4899898,5138703,4772225,4442024,
208,5151011,5133529,4972605,5249074,4803103,831314,801364,4615053,5243203,4688057,5179588,4712956,5291031,4870886,4274954,4710502,5065467,4604845,4469257,5013801,4964851,5323240,5052428,4530718,4980229,5114381,5005785,4973135,5087263,4624793,4963398,4428407,5132126,4887701,5209777,4716900,5243219,4856411,4517578,4017401,4958428,4885344,5099467,5375473,4962983,4737611,4997847,4758700,5672915,4646580,4938180,5485373,4990097,4816481,5403677,4406853,4746087,4791973,5196584,4823575,4872580,5098865,4741542,4426448,
209,5134899,5109899,4950706,5217718,4775245,800758,771005,4601984,5227851,4659144,5162988,4696812,5266498,4853214,4251890,4693416,5041886,4590561,4451281,4990591,4940354,5298447,5017541,4504656,4961732,5091303,4991559,4945134,5054829,4595685,4948529,4402690,5114114,4864738,5192177,4703247,5211706,4837244,4493774,4005859,4935376,4857175,5073134,5350439,4951288,4714250,4974525,4741045,5647382,4618386,4914941,5467588,4966490,4792004,5374038,4385379,4721416,4764681,5168488,4797109,4849206,5073456,4711845,4410861,
210,5109960,5073182,4921789,5180088,4751432,766112,735658,4588485,5195193,4638645,5135057,4670928,5237927,4826590,4232772,4665761,5010381,4564882,4424354,4965607,4916420,5263381,4989125,4483525,4931821,5060040,4960421,4920938,5028882,4570346,4914842,4373300,5084081,4834664,5165714,4679029,5182263,4812403,4467990,3991678,4906839,4829010,5050726,5315124,4910400,4687044,4943024,4731340,5622815,4585825,4882919,5426810,4933967,4768922,5344350,4376461,4698894,4738498,5136895,4771026,4818783,5037415,4683296,4393627,
211,5083485,5050505,4896465,5156638,4726351,737429,706084,4575522,5169170,4615103,5108674,4641781,5210189,4801060,4213883,4642104,4989075,4544353,4407018,4943877,4891111,5231635,4963107,4463857,4905942,5042238,4938185,4895552,4998353,4541476,4893345,4355030,5057004,4806730,5136612,4657429,5148265,4786137,4444982,3982102,4878665,4805698,5024232,5289185,4885028,4657693,4919262,4713831,5602940,4568156,4858421,5389123,4916464,4738811,5318447,4364830,4670093,4715588,5115449,4747614,4795010,5011319,4664061,4380645,
212,5049076,5017155,4866258,5119312,4700939,707221,674483,4556499,5135661,4583927,5077706,4617784,5180923,4775395,4191017,4617730,4964478,4521013,4385550,4919109,4862056,5204906,4930630,4443174,4871899,5022487,4909523,4872718,4966510,4520547,4862035,4334583,5021488,4783021,5100799,4624347,5121237,4761979,4416185,3971924,4848932,4779542,4995043,5260127,4858526,4620355,4890450,4702955,5539845,4479162,4828832,5362046,4886234,4714666,5290459,4345832,4649987,4698145,5088246,4722441,4774474,4992796,4632844,4366190,
213,5022954,4991730,4839564,5092134,4670833,676114,641297,4543951,5104024,4557488,5047663,4594949,5139822,4752800,4160261,4594600,4926979,4498548,4360558,4889635,4838489,5175728,4905073,4414158,4844271,5001488,4875607,4844499,4939312,4490612,4828646,4304220,4997104,4755707,5077061,4601387,5083133,4727137,4384902,3959023,4821074,4757537,4966035,5220450,4828341,4593584,4862794,4683959,5508767,4521146,4807298,5327905,4860615,4692589,5254951,4333976,4622632,4673372,5063385,4702038,4744163,4957418,4610467,4352827,
214,4998657,4951273,4810177,5056326,4634374,635814,598389,4527406,5075110,4530347,5016175,4564497,5095592,4715945,4126584,4559688,4895959,4471141,4328043,4864632,4806666,5128864,4871725,4378719,4820301,4971611,4858201,4815775,4896076,4456002,4789131,4264015,4958251,4725422,5039660,4574081,5046965,4686161,4344551,3945332,4789446,4726086,4935404,5195831,4790495,4538348,4831854,4666736,5452738,4491858,4777897,5299615,4830379,4662380,5218406,4314262,4599651,4645875,5032303,4679744,4715666,4932079,4575371,4336946,
215,4965798,4923337,4779050,5024708,4588200,601244,561949,4510476,5050966,4504730,4983590,4555462,5028028,4676367,4082277,4523430,4872322,4448856,4310181,4837928,4776442,5090871,4843655,4351470,4786855,4940880,4829507,4791253,4830225,4405202,4727997,4200426,4939111,4698585,5015964,4544160,5002045,4617873,4281697,3931868,4759215,4701582,4913157,5167189,4757081,4401934,4798859,4648110,5444435,4469390,4749488,5274569,4797930,4624936,5184263,4302693,4569116,4616466,5010636,4654066,4679035,4897093,4545480,4327489,
216,4935349,4890044,4749974,4993517,4486215,560912,518747,4490149,5025683,4481080,4952488,4531254,4886712,4612979,3992008,4462972,4831008,4423782,4283822,4805472,4735871,5041015,4773784,4279792,4760972,4915652,4808256,4768192,4679737,4285228,4576082,4023391,4898184,4671878,4987683,4520600,4931835,4477236,4140110,3919126,4737103,4677675,4885291,5137325,4681762,4064448,4759983,4627722,5400746,4432592,4725136,5234296,4754719,4584015,5128873,4286289,4552010,4583662,4980970,4624810,4618168,4859970,4481105,4304199,
217,4918957,4860132,4720972,4956847,4220419,518607,472606,4471845,4992811,4460657,4927233,4506411,4524182,4479289,3757964,4337682,4795694,4397426,4255995,4777543,4684990,4929663,4642737,4138358,4732084,4893466,4778071,4740480,4268265,3962504,4186918,3577130,4872005,4645139,4960882,4496555,4783737,4150964,3802948,3902883,4718139,4650143,4858382,5109334,4510106,3331906,4696155,4606964,5335809,4402402,4697444,5205339,4685516,4499347,5037016,4263157,4519346,4540392,4953655,4596673,4490420,4797507,4346843,4291479,
218,4884080,4820096,4686903,4907511,3521061,466373,410695,4438394,4960596,4425341,4893029,4465333,3626832,4080177,3131353,3963530,4725355,4368633,4220578,4743718,4440868,4590018,4245084,3711242,4691684,4859377,4748938,4699481,3330337,3182530,3276716,2667250,4832589,4608895,4929474,4474226,4361620,3355812,3029995,3874735,4673680,4622538,4824404,5065996,4004829,2189715,4512075,4575829,5265815,4373356,4665270,5165713,4485076,4236893,4766762,4215897,4481639,4480953,4914474,4564822,4084867,4647191,3959103,4265454,
219,4850188,4770070,4653395,4839341,2471682,407641,339486,4382223,4928123,4398105,4864232,4434257,2400712,3270220,2175142,3192076,4605085,4338316,4167617,4715215,4084054,3871563,3447231,2918269,4648399,4827426,4705950,4662965,2163618,2140557,2145749,1658381,4786828,4570606,4897363,4449103,3513824,2271359,2015860,3834456,4637185,4588935,4790575,5030086,3089951,1234492,4070663,4537422,5119376,4329085,4633648,5124653,3994694,3631230,4147372,4081367,4444240,4373659,4875969,4527277,3270530,4262018,3190597,4236101,
220,4812493,4655608,4590103,4644552,1505979,343215,263137,4252879,4887665,4351531,4819078,4366467,1392248,2221934,1289990,2161940,4287239,4291128,4051349,4668117,3407609,2843156,2416852,1958624,4550232,4778974,4683733,4595717,1261451,1268260,1256479,949062,4697576,4496529,4859319,4405062,2414806,1332891,1167821,3750198,4570550,4522183,4737983,4980082,2033931,722056,3274879,4446220,4768785,4223411,4589844,5041139,3153197,2700859,3148638,3747988,4367200,4107700,4817302,4465923,2249824,3528575,2216132,4181007,
221,4773039,4386307,4458650,4214852,823108,260751,179052,3864185,4836087,4276200,4767663,4244304,778281,1222980,686158,1169649,3649652,4211791,3782341,4594000,2317746,1684897,1378338,1080802,4343023,4701323,4636725,4442574,720557,704860,720681,550856,4511824,4332154,4809673,4344349,1364964,736111,640940,3466230,4444476,4388384,4642704,4894173,1112108,485024,2111640,4169216,4117873,4019009,4508756,4892861,1993685,1596263,1901785,2996222,4233679,3605997,4733774,4363740,1263485,2379378,1259074,4003249,
222,4703974,3627754,4038053,3187907,523711,177510,113593,2961462,4709409,4019885,4641151,3831381,533302,682431,435460,645252,2410365,3990982,3058842,4383614,1280268,915385,770608,609775,3694723,4442352,4499888,3948246,500558,469638,501243,395347,3950895,3804067,4701234,4150140,802084,490368,431746,2727169,4015666,3930053,4314147,4619782,644288,392460,1128363,3427525,2845013,3434212,4291129,4437709,1054829,837604,985305,1891199,3835279,2570406,4520837,4061391,700432,1294534,702361,3476483,
223,4555682,2551183,3265311,2074328,420579,118228,80707,1882001,4424385,3481555,4368649,3076951,444102,498619,350931,468763,1390625,3492828,2117643,3916575,759802,618303,546240,444708,2703753,3897472,4217652,3093108,422306,387014,416910,338093,3059953,2940689,4453416,3704016,607840,407374,363093,1763948,3237093,3121339,3658799,4024672,486236,358701,703999,2359150,1725703,2550054,3814853,3580909,660823,547260,618555,1080018,3105659,1586214,4070955,3475484,499225,756467,500949,2567967,
224,3844521,1131671,1711953,932415,363715,73232,62458,818348,3339827,2079727,3323721,1604064,395457,386881,306181,358199,617724,2111627,939714,2523370,482013,454352,408688,348182,1237207,2404612,3126812,1569128,378701,340527,365264,308368,1526902,1470921,3442874,2374415,473146,360751,326905,744516,1713933,1608833,2082047,2454728,391556,341249,479226,1019818,796544,1200071,2446086,1884484,448501,397920,446002,581649,1635276,688683,2715047,2046099,389157,474455,387116,1122010,
225,2840253,660992,958160,620353,353045,63102,57800,611854,2198440,1179601,2212445,889413,388099,362363,298298,333522,446573,1180386,568992,1464908,406291,418816,372895,327396,718418,1396833,2014579,908028,370656,331763,356654,300682,849593,834171,2313684,1385367,437369,352057,319358,543507,964895,909439,1156555,1412655,371707,334795,410241,708676,581674,688398,1446201,1058658,391396,364526,411300,476480,917306,472542,1615500,1169850,365222,405588,362857,704140,
226,1542997,462197,578354,478519,347026,57560,54282,503431,1144515,629117,1150161,528195,379506,351575,291120,322922,379666,627692,406052,742134,359818,400229,356329,316479,492762,765869,1001790,591734,363484,325139,347322,296137,522762,526750,1184084,703857,422462,344916,314353,443257,578899,565830,637084,771049,363248,327966,370624,566362,483137,460240,785640,637764,360160,349877,397979,392277,562635,383640,828013,662691,354727,369421,352694,527358,
227,881656,401847,458251,424700,339915,54130,51134,423596,750691,463837,727882,419110,373673,345156,286935,316923,360329,465201,351678,522267,341591,391980,348363,312378,417364,575239,627857,481452,357602,320054,342069,290884,428458,428072,730967,492570,413132,339109,307190,369811,460492,451229,485498,573380,354490,322512,354503,479359,449573,383886,575711,511882,350077,343917,390558,333832,449121,356128,573793,505230,347751,354145,344226,437120,
228,587520,376516,388052,400106,336094,51252,48433,365009,576127,379641,536293,366203,367989,340100,283234,311345,351146,379166,324469,422174,332993,386987,342407,306334,373012,468034,471415,404863,351909,314861,335792,285998,385562,374564,535056,397403,405458,333793,303187,316640,397128,379119,409770,466734,349152,318024,348178,410897,434762,345847,462415,444273,342751,338117,383728,300002,379806,343700,457178,417685,343351,347534,339391,371993,
229,477136,367694,360798,390543,329062,48392,45704,323906,484118,345824,450720,347366,361735,333586,277822,306474,345127,343803,314976,380790,326177,379753,337005,302210,358657,406697,407036,369181,345751,309926,331178,280828,368395,353681,451394,357922,399207,328630,299166,277550,371348,349661,381970,416466,344363,313853,342062,355024,426190,332067,401408,419811,336454,331341,378153,282092,350488,336958,410054,374629,338136,343216,334319,317706,
230,406653,360434,346934,383873,325666,45550,42814,305783,413477,329057,391589,337202,355523,329244,272492,300600,338307,325883,309363,362167,320660,372961,330694,295918,351473,370875,371722,350088,341351,304461,325193,277743,360524,342065,399336,338781,392696,322467,292489,260160,357913,331318,368260,388534,337201,308127,335569,323465,419302,325446,362958,408793,330953,326543,371649,275164,338166,330956,386712,355278,331029,335523,328884,287386,
231,378505,353450,340258,377051,318837,42318,39771,297256,385220,320507,369373,331856,350812,322560,268901,296334,333035,318867,303043,355839,315971,367928,326214,291362,344002,358859,361122,343739,334151,299635,320281,273212,355543,336516,378651,332077,385380,317844,289106,253573,351242,325402,362237,378237,333466,302405,328722,312056,412551,319538,351031,400063,325362,320387,366599,270597,330628,325865,378513,346998,326969,329596,324535,274459,
232,363836,347354,333726,369396,313878,40027,37280,291774,370045,315771,359810,326478,343706,317744,264075,291706,327356,313042,297768,349114,309622,361916,319443,287553,338826,351611,353030,336446,328427,294969,314667,268933,348417,330123,369162,324726,377538,312625,282751,249876,345000,320463,354448,370381,327161,297623,324352,305350,404051,312929,344538,393211,318459,311935,359953,267312,324241,319950,371782,341704,321372,324417,318019,269553,
233,358558,342235,328617,364572,309633,36771,34138,287425,363689,311107,352894,321663,338399,312388,258681,286236,322161,307670,294980,344270,306804,354831,315648,282570,331559,345004,346157,331259,322856,290259,309371,264281,344280,325757,363698,320510,372673,307327,278744,246306,339309,315514,350187,366182,321926,291952,319003,301508,398440,308296,337620,386527,313966,307118,353755,262965,319585,314526,366393,336071,317046,319957,313603,265868,
234,351933,336082,321440,357271,304550,33830,31211,284633,356425,304375,346760,315177,332361,307745,255150,282034,315947,302401,288867,337224,300383,348314,311152,277911,326474,339157,338822,325733,318396,285590,304340,259815,338123,318850,356654,314683,366615,301464,273208,242050,332775,308627,343630,357386,315215,286667,312887,296576,389964,302803,330670,380667,309625,301456,348904,257875,313563,309953,357333,329384,310870,313994,307733,261816,
235,344566,331358,316798,353520,298339,31218,28512,278678,350712,298716,340654,310351,327357,303182,250541,276666,311507,297133,283857,332629,294723,342438,304394,273584,321313,332967,336380,318966,312006,279811,299201,255454,333556,313860,351436,310789,359628,296229,267808,239007,329066,304315,338284,352017,310458,282192,307489,292130,382415,298320,326396,373234,304438,296234,342610,255423,309407,304689,350685,325385,305612,309549,303356,258855,
236,339246,325062,310219,344944,294751,28505,25656,276513,344452,294433,334595,306524,322475,298715,246711,271749,304357,291701,278712,326320,290935,336540,299261,268332,315345,328201,329643,314073,307872,274845,293215,250894,326226,309200,344435,304426,353208,291690,265343,236232,322584,297547,332516,345592,305534,277491,302241,287955,376343,292752,319765,365839,298923,292146,337039,252208,302791,298579,345233,319016,300061,302667,297898,254702,
237,333725,320050,305450,341484,288627,25931,23061,272199,337421,289009,328550,300226,315252,293348,241899,267391,299860,287174,274551,320704,285484,329658,294064,264220,310132,322335,325961,308914,302142,271045,287995,245306,321234,303364,340195,299844,346650,286109,259965,233442,317266,293142,326743,339700,301414,272280,297261,284403,369445,286973,314386,359444,294302,287268,331369,248952,297295,294326,339097,313750,296649,297953,294656,250053,
238,328079,315406,299556,334324,284426,22369,19410,267312,332230,285370,322489,295005,309650,287407,237888,261638,294732,281264,269290,314562,280835,325072,288376,259147,303802,316270,319525,303341,297186,264703,282235,241526,316109,298221,334280,293845,339859,281265,254252,229424,312254,288780,321388,333260,294925,267012,292403,280447,361684,282372,308374,354039,288112,281108,326089,243886,293120,289076,333620,309761,290947,292888,288615,247435,
239,320697,308298,294810,327356,277559,19427,16218,265532,325904,278712,316391,290935,303004,282401,232613,257529,288855,277559,265295,310258,275628,318167,282635,253819,299014,311625,314481,297465,289815,259119,276787,235691,310964,293573,327630,288071,333987,275381,249253,225835,306779,284685,315437,328180,290081,261712,285792,276023,355334,277489,302691,347536,282539,276259,318412,241407,286811,283964,327918,303529,285618,287134,283261,243463,
240,316250,301793,288340,321674,272746,15744,12653,260316,320970,275182,311613,285160,296958,276017,227742,251780,282792,272077,259640,304197,269936,311333,277847,248899,293190,306308,309464,292065,283674,254637,269628,230402,304507,287272,323368,285383,326085,269408,243569,222224,300834,279827,310486,321712,284969,255487,279288,271379,348130,273042,297133,341583,276585,271568,311087,236906,282031,279743,322181,297424,279575,281529,278355,240585,
241,313057,297357,284789,315638,266992,12395,9476,256964,315406,270470,306745,279952,290404,270406,222491,247368,277790,267243,254907,298732,264198,306600,271841,243592,288588,301558,303251,286420,277126,248530,264190,225273,300232,284169,317000,280604,319821,263243,238092,219134,296315,275058,305924,315773,278370,248827,274672,266994,341913,268619,291803,336176,272471,266544,306842,233125,278358,273238,316790,291172,273001,276498,271521,236401,
242,306194,291915,278974,309290,261619,9350,6841,252034,309087,265463,300470,275073,283216,263761,217970,241000,269733,262225,249606,291897,258965,299240,265363,238280,281489,296092,297813,281188,269906,242456,258723,220562,293256,277973,312220,273361,313297,257169,232357,215451,289101,268581,299484,308778,271505,243086,269725,263086,333183,262699,286855,328200,266623,261006,300351,229800,271726,266762,310308,287175,267263,270734,266515,232180,
243,301122,286683,274118,304218,255220,7312,5437,247989,304246,261330,294802,269299,276601,258370,211511,236116,266620,257265,244690,288417,253591,294244,259329,234631,277931,291076,294551,274725,263888,237902,251713,215027,288325,272858,305761,270250,304687,250240,226380,211694,284274,265046,294788,303101,265416,236003,263450,258814,326327,257926,281678,322326,260883,254981,292587,225511,266132,261838,306398,282363,262336,265368,260775,227983,
244,295347,280166,267951,298283,249191,5776,4660,244076,298590,255132,289330,264782,270364,253574,206658,231241,260797,252451,239050,282121,248804,286146,254774,228327,269914,284883,286369,271201,257902,231293,245835,208918,282079,267605,300393,263975,298582,244759,220937,209030,278887,258956,288644,295958,258952,230729,258201,255206,318737,251085,276748,315562,255605,250156,287125,222094,261426,256696,300000,276859,257438,260785,256460,225662,
245,289619,274410,262559,290723,242257,4753,4119,240235,293615,251307,284690,259749,263648,248481,201771,225822,253846,248787,234653,277583,242664,279876,247439,222910,265834,279570,281584,264515,250052,225352,237824,203221,275776,263010,295075,259747,291643,237432,214794,205942,273766,253857,283797,290808,253820,222473,252026,251423,310916,246809,270639,309472,250002,243762,280100,218262,256946,250158,292375,270936,250242,254342,249231,222450,
246,283823,267108,255316,284257,235905,4212,3863,236329,286534,245002,277567,253000,255210,240900,195100,218387,246306,241920,229512,271697,237514,272201,240907,216038,259404,273274,276108,259310,243766,218196,231468,196263,269627,256902,289438,254278,282986,229332,208122,201823,267656,249188,276383,285236,245646,215373,246409,245892,303274,240975,265544,301841,243487,237627,273156,214863,251580,244580,287266,265195,243781,247730,243350,218124,
247,278804,261488,250013,278188,229803,3943,3673,232733,281782,240110,272742,248482,247955,233280,189637,213471,240013,236954,223735,266404,236337,264455,233146,210163,253718,268731,270500,252918,235707,211045,223466,190198,263854,251119,284319,249139,273765,222116,201587,198480,261500,242807,271633,277985,238208,208781,238535,241180,295204,235102,259361,295359,236647,232086,264394,209871,244373,238812,281447,260008,236530,241601,236173,213673,
248,273305,255303,245492,271363,222114,3642,3419,227473,275558,234873,267550,243054,239386,226499,182831,206460,232042,232492,218454,260371,230241,257768,226358,204060,247701,263851,264929,247739,227985,204106,215474,184447,257594,245452,277693,244011,264823,214549,194301,193359,255755,238499,264419,272548,230751,201001,232730,236179,287342,229914,254411,288455,230035,225091,256815,205497,239574,232343,275264,254289,229849,235343,229827,211014,
249,267732,248649,239626,264225,214265,3459,3243,222894,269714,229560,261085,236293,230180,220016,177335,200252,224322,226912,211797,255097,223824,248687,219146,198124,240611,256640,260049,240860,219281,197157,208611,177514,251418,239399,271525,238815,256208,207078,187483,189828,249380,233284,258577,264956,223517,192336,225229,231584,278598,223448,249496,281165,223271,218178,248768,200416,233194,225646,269253,248236,222385,227469,222534,205768,
250,261779,240794,232078,255917,205988,3252,3039,217252,263023,222931,255058,229691,222148,211199,169525,192512,217221,220325,205286,247265,216570,240661,210580,190369,233203,250645,252751,234125,210261,188799,199120,168615,242840,233206,265015,231679,246598,198390,179190,186287,241840,226088,252324,256932,214608,183146,217911,227025,267988,216687,242390,273108,214904,210663,240212,196524,226288,217310,261580,241732,214574,220019,215396,200553,
251,255514,233777,224497,248172,197730,2987,2786,212142,256970,216209,248301,223955,211514,204244,161498,185071,210293,213808,199169,241063,209722,230786,204431,183599,226626,243888,246970,227253,201818,180582,189597,161181,235739,226174,258757,226406,237857,189780,170958,181310,235702,220411,244989,251569,207277,174985,210572,220595,260668,210503,236944,264489,208836,203316,230985,191037,219568,210175,254232,235480,207292,213621,207840,195384,
252,247994,224874,218077,239176,190128,2755,2564,208284,250839,209884,240935,215305,203040,197467,155427,178151,200729,208025,192170,234078,203060,223489,195938,176779,219762,236917,239773,220397,193206,172117,181792,154521,228388,218106,251064,219273,228324,181499,162957,177536,228160,213561,236807,243105,199482,165071,203708,216109,250504,203488,230149,255843,202169,196062,222382,185947,213608,202399,246791,228342,200058,206113,200434,191985,
253,241493,217976,210679,231080,181828,2571,2400,203507,243097,204688,235658,209979,192487,189135,146034,170154,192588,202468,185786,226563,194788,214514,187880,168164,212005,230652,234255,213119,182112,163242,171220,144480,220847,212627,244381,212838,218614,171316,153526,172326,220921,207535,229334,235202,191224,153777,194794,210984,241738,195946,222874,246876,195177,188891,213859,180171,207065,195069,237974,221227,190594,198613,192668,186340,
254,233896,207855,202471,221987,169665,2424,2251,196821,236342,196105,226907,201179,179450,179834,135528,161024,181813,194167,178323,218210,186629,203346,178167,160260,203574,222320,224803,205528,169701,151866,158524,131869,212407,204078,237143,205884,207609,159217,141225,168249,212143,199425,221143,227396,181238,137042,187299,204802,229574,188949,214819,237197,185357,178634,202391,175455,198273,185739,230699,213324,181700,190223,183365,181271,
255,227131,200085,195281,212720,158572,2127,1949,191219,229371,190348,218945,194187,164729,169204,122573,150770,172462,187526,170395,209672,177634,192381,167311,149972,195980,215900,217575,197923,153342,136854,141006,117427,203155,196297,229198,199236,194633,143826,125621,162967,205317,192832,214308,218952,168452,114132,177355,199874,217603,180512,207533,227245,176785,169676,190819,170079,190626,176407,221665,206488,170345,180834,172704,175594,
256,221074,193171,190605,205232,129088,1980,1816,180393,224140,185313,214057,188362,126295,148712,89108,130087,164547,181756,165219,204758,161520,169713,147208,128636,189808,210851,213147,192846,113531,101020,101572,79717,196967,190661,223710,193775,169658,104601,86512,153809,198999,186747,208053,212914,142369,67669,161113,188300,208639,174446,202651,220850,159748,151965,167494,158879,184816,169859,216407,201540,149002,164109,152376,167415,
257,214173,183588,182310,194074,103071,1721,1550,174222,216671,176781,207720,180444,94366,130266,62743,109825,152961,175379,156441,197125,149175,150863,127551,108654,181034,202313,205425,184686,83602,73976,72100,55234,187259,182905,216244,186107,146114,74364,59565,148387,190662,180095,200291,204995,118796,44584,147730,182608,195240,166617,194620,212367,147383,137146,146887,152908,177172,158365,208595,193392,129198,150878,134978,160042,
258,205513,171442,171907,181541,71510,1578,1430,166623,207553,167378,199172,170336,61918,103785,39935,81986,132858,166299,145799,187194,132656,122496,100379,80574,168753,193259,196285,175497,54882,47905,46759,35593,175939,172910,207152,177072,112953,47642,38552,142143,180366,171348,189536,194154,86904,30898,128946,174255,176302,155654,185581,199498,128353,113144,116669,144471,167751,143543,198399,183243,101432,133052,107956,154134,
259,197382,158186,162112,167981,48026,1403,1252,158823,200115,158089,189916,160598,41921,73754,27770,55020,108364,157880,134779,177786,109403,90931,71134,54845,158070,185019,188575,165835,37661,33456,33596,25587,163662,163075,198766,169314,79679,33238,27658,134490,169988,162192,180224,184598,58422,25276,104666,167256,152167,145018,178561,185971,103146,85518,83614,136284,157476,125548,187825,174563,72626,109754,77738,147138,
260,187622,139406,149895,145134,35508,1269,1123,151638,190073,148093,180431,147382,32969,52341,22394,38315,75627,148499,116864,166066,85741,65142,50852,38721,142422,173981,178725,154751,30125,26668,27492,21623,146549,151049,189043,158104,57854,27495,23353,127939,157383,151457,167273,172789,41844,22850,79459,159005,117500,128275,168014,170235,78484,60825,58782,126156,141706,96866,174767,162813,51009,85051,55329,140049,
261,178246,117029,135956,120657,27549,1050,932,141583,181142,134826,170873,131993,27868,36842,19877,28613,50318,136754,96316,154672,59955,45501,36213,28706,122540,164944,169842,142339,26286,23110,24140,19456,126708,136563,179511,146895,42971,23560,20940,118927,141902,139521,153819,161491,31693,21710,55373,149747,84496,107672,158015,150894,54007,41503,41497,111425,121887,70013,161886,151666,36390,59175,38847,131785,
262,166288,81479,111655,84560,24341,1030,902,127085,168742,113905,158955,106324,25064,28510,18345,23174,32357,119301,67241,135313,41285,34703,28344,23250,90604,149992,156659,120159,23892,21104,22340,18310,94469,111242,167206,130231,35293,22491,19599,104348,117288,118664,132287,142395,26467,20493,38821,136130,54423,77565,143779,117658,37268,29977,31571,90122,90628,44106,138608,131292,28470,39917,29766,119928,
263,153289,55318,85410,59078,22776,977,895,109627,157928,88953,146103,79298,24259,24399,17674,20623,25943,97976,46252,112072,31333,29456,24481,21041,63552,132098,141954,95660,22876,20345,21439,17477,67758,84220,152521,109229,31180,21696,19113,86575,90127,95851,105231,119444,24494,19982,30423,117529,40470,53566,125115,85939,29162,25305,27650,67200,63734,31516,112582,108764,24812,30313,25422,102761,
264,136243,37255,58296,41649,21608,799,745,84871,141643,61633,126249,53725,23339,22663,17162,19170,22851,70448,32284,82657,25300,26877,22021,19523,42571,106710,120723,68961,22043,19541,20417,17007,45322,57592,133178,81177,29148,20547,18309,63806,62695,68683,74477,89830,22862,19430,25943,94055,33349,36148,100292,57960,24815,22582,25501,47034,43729,25374,81376,80108,23084,25507,23603,81155,
265,112199,29198,40394,33258,21163,804,769,62143,121517,41989,103863,37256,22742,21339,16672,18486,21480,47745,25206,57493,22441,25535,21046,18693,31535,79960,95295,48392,21461,18812,19985,16271,33105,40402,108096,57452,27689,19859,18099,45310,44113,47422,50747,64297,22219,18691,23046,70135,29743,27491,74103,41625,22670,21534,24457,34446,32973,22832,56139,55872,21940,22846,22353,60017,
266,78395,24928,29553,28060,20254,742,715,43072,87750,29351,71645,27872,21971,20850,16037,17822,20536,31885,21139,37364,20494,24386,20154,18290,26117,51704,62232,34365,20843,18595,19440,16053,26735,29606,73890,36864,26751,19645,17146,32423,31636,32368,34562,42621,21372,18276,21422,49269,28073,22855,48932,32729,21104,20597,23840,27060,27006,21520,37662,37709,21219,21034,21611,40859,
267,54442,23360,24994,26252,19766,678,649,33532,62565,24243,50649,24080,21293,20389,15704,17388,20002,25757,19964,29180,19520,23554,19843,17639,23413,38592,43522,28578,20497,17969,18788,15505,23958,25072,51145,28605,25719,19025,16832,26203,26611,26436,27947,33167,20965,17677,20573,37629,26792,21109,36229,28661,20201,19889,22821,22356,24008,20411,30390,30126,20625,20345,21092,30997,
268,37739,22476,22325,24977,19260,698,686,28204,43779,21331,35587,21870,20624,19553,15283,16801,19654,22236,18785,25041,18854,22974,19135,17440,21672,29992,31824,24066,19785,17479,18236,15011,22609,22221,36595,23799,25220,18657,16395,21908,23789,22361,24768,27516,20306,17515,20061,31377,26202,20150,28694,26827,19545,19582,22533,19553,22627,19870,26100,25785,20001,19672,20623,25459,
269,30293,21565,21136,24192,19079,697,673,23620,34844,20128,28933,21030,20271,19073,14872,16499,19088,20438,18430,23039,18225,22302,18408,16760,21122,25771,26826,22226,19470,17210,17854,14848,22112,21238,29912,21918,24256,18112,16065,18808,22691,20687,23764,24918,19657,16810,19195,26454,25571,19426,25126,25806,19122,18824,21722,17454,21553,19360,24637,23229,19577,18926,20209,20972,
270,25524,21025,19948,23531,18728,668,650,20241,28776,19383,24889,20424,19791,18673,14177,16161,18147,19350,17691,21939,17724,21448,18093,16297,20567,23484,23681,20800,18678,16582,17479,14298,21182,20366,25898,20604,23417,17341,15542,16651,21796,19527,22340,23002,19296,16246,18747,22735,24532,18925,22497,24451,18192,18630,21246,16342,20679,18777,23177,21967,18792,18581,19621,17951,
271,23825,20337,19360,22737,17637,642,621,18810,25429,18979,23071,19757,18929,18092,14071,15539,17866,18824,17069,21302,17093,21037,17698,16026,20094,22010,22218,20136,18263,15938,16939,13973,20528,19573,23828,19875,22963,17265,14978,15432,21095,18743,21938,22056,18525,15817,18258,20212,23847,18429,21080,24110,17996,17867,20531,15608,20387,18584,22648,21323,18484,18162,19039,16423,
272,22027,19749,18590,22002,17187,610,592,17644,23154,18201,21515,18827,18590,17661,13457,14998,17380,17968,16670,20662,16728,20333,17043,15465,19312,20844,21672,19502,17396,15373,16416,13566,20172,19211,22863,19670,22459,16599,14537,14704,20627,18304,21070,21153,17873,15371,17746,18797,23562,17976,20492,23331,17595,17316,19942,14976,19734,17687,22171,20437,17912,17743,18581,15446,
273,21358,19226,18439,21370,16943,636,617,16978,21965,17937,20632,18771,17982,16890,12948,14567,16755,17657,16356,20299,16203,19543,16495,14992,19213,20373,21009,18693,17259,14955,15753,13203,19659,18763,22039,18727,21729,16103,14322,13981,19824,17639,20759,21034,17552,14858,17130,18041,22704,17363,20083,22611,17073,16864,19428,14419,19358,17292,21566,20079,17429,16841,17740,14557,
274,20648,18612,17806,20843,16400,575,559,16239,21031,17373,20045,18323,17560,16439,12715,14312,16339,17002,15872,19502,15954,18911,15883,14459,18299,19570,20539,18336,16474,14751,15135,12661,18791,18406,21317,18125,20923,15432,13782,13830,19408,17230,20189,20048,16998,14464,16618,17234,21920,16887,19257,22023,16689,16226,18854,13995,18739,16792,20636,19335,17004,16463,17277,14391,
275,19986,18573,17568,20382,15971,564,546,15996,20612,16767,19587,18095,17131,16182,12558,13782,15952,16663,15501,19034,16112,18459,15421,14087,17639,19286,19808,17889,16154,14212,14800,12262,18747,17833,20579,17854,20357,14878,13321,13331,18615,16937,19628,19862,16725,13857,16111,16732,21515,16093,18894,21332,15997,15605,18207,14004,18299,16375,20306,19119,16469,15962,17099,13887,
276,19568,17578,16745,19880,15607,541,528,15793,19871,16278,18948,17085,16677,15891,11957,13418,15293,16058,15298,18636,15146,17996,15136,13694,17322,18778,19021,17152,15832,14042,14498,11784,18081,17247,20424,17081,19766,14533,12657,13179,18180,16306,18988,19151,16075,13479,15707,16234,20729,15912,18291,20829,15545,15522,17837,13630,17928,15932,19652,18393,16181,15474,16171,13671,
277,19258,17242,16339,19356,15234,498,482,15292,19386,16123,18636,16621,15977,15390,11536,13060,15015,15947,14614,18132,14582,17691,14743,13468,16773,18264,18765,16937,15048,13297,14098,11492,17472,16876,19602,16933,19093,13968,12450,12950,17911,16027,18404,18594,15841,13024,15216,15852,20407,15367,17869,20206,15216,15191,17560,13191,17343,15566,19259,18166,15457,15440,15852,13494,
278,18795,16679,15976,18831,14458,542,523,14870,18950,15475,17766,16128,15635,14879,11201,12474,14483,15428,14104,17580,13922,17181,14243,12969,16178,17538,18291,16359,14543,12863,13520,11196,17044,16247,19183,16367,18438,13432,12019,12374,17687,15426,17830,17702,15201,12323,14835,15380,19482,15087,17157,19674,14799,14829,16874,12718,16594,14832,18589,17499,14882,14681,15345,12746,
279,18031,16249,15622,18340,14064,499,488,14531,18172,15117,17422,15944,14570,14226,10812,12153,14167,14785,13692,17025,13713,16530,13691,12264,15677,17159,17586,15684,13888,12376,13069,10873,16375,15737,18577,16107,17860,13212,11742,12183,16761,15027,17296,17316,14330,12221,14415,14993,18693,14756,16725,19017,14433,13988,16235,12484,16325,14388,18100,17280,14480,14165,14768,12702,
280,17682,15904,15001,17393,13632,532,520,14243,18049,14751,17134,15294,14213,13985,10252,11560,13496,14478,13161,16467,13326,15824,13079,12119,15216,16972,17321,15523,13536,12054,12540,10132,15963,15370,18234,15479,17222,12615,11197,11814,16227,14683,16807,16941,14020,11527,14058,14594,18275,13915,16139,18549,13691,13623,15475,12091,15992,14034,17377,16456,14140,13995,14469,12312,
281,17171,15272,14379,17189,13040,449,441,13699,17614,14347,16595,15107,13812,13280,10063,11344,13041,13935,12879,16093,13223,15294,12732,11661,14703,16528,16747,15149,13101,11503,11946,9690,15308,14903,17544,15201,16473,11942,10739,11665,15836,14058,16539,16299,13436,11075,13210,14291,17478,13920,16023,18061,13618,13361,15130,11947,15444,13404,17121,16208,13667,13490,14010,12039,
282,16832,14567,14140,16599,12494,470,457,13564,16854,13457,15711,14188,13214,12868,9616,10941,12506,13608,12516,15620,12462,14855,12220,10939,14354,15738,16463,14282,12243,10876,11454,9628,15096,14364,17035,14593,16079,11612,10220,11154,15272,13876,15702,15663,12957,10641,13067,13711,16691,13231,15542,17392,12675,12882,14345,11446,14829,13182,16515,15314,13048,12884,13559,11702,
283,16003,14372,13662,16081,12148,467,459,13013,16545,13120,15317,14068,12721,12253,9275,10482,11957,13032,12122,15125,11966,14191,11935,10747,13837,15572,15909,14159,11946,10672,10832,8879,14476,14072,16628,14200,15325,10929,9809,10948,14717,13338,15384,15188,12624,9910,12415,13559,16408,12832,15318,16813,12170,12225,13928,11331,14632,12563,16060,15246,12660,12477,12963,11500,
284,15619,13677,13314,15304,11417,462,455,12746,15911,12571,14904,13366,12190,11849,8533,10079,11417,12817,11498,14415,11654,13696,11425,10383,13317,14742,15529,13532,11405,9997,10313,8629,13894,13394,16032,13725,14753,10433,9354,10575,14428,12808,14711,14535,12305,9528,12108,13400,15468,12056,14592,16004,12167,11942,13485,10879,14214,12027,15541,14593,12129,12183,12602,11184,
285,15345,12938,12803,14830,10991,438,431,12393,15429,12391,14507,13021,11737,11212,8191,9806,10998,12281,11161,14281,11102,13014,10969,9637,13086,14290,14947,13169,10586,9742,9750,8165,13183,12905,15683,13070,13966,9751,9029,10449,13842,12527,14543,14035,11557,8906,11616,13047,14899,11886,14159,15492,11597,11250,12747,10632,13501,11498,14964,14059,11552,11501,12116,10846,
286,14434,12616,12232,14071,10414,419,416,11905,15064,11971,14005,12493,10895,11088,7666,9145,10090,11827,10608,13520,10576,12279,10427,9521,12269,13896,14406,12499,10349,9025,9434,7575,12726,12606,15005,12695,13404,9317,8330,10055,13059,11894,13874,13604,10828,8465,10776,12455,14048,11154,13570,14865,10817,11000,12309,10252,13064,11053,14231,13584,11226,10901,11227,10577,
287,14188,12276,11806,13713,9937,451,449,11798,14198,11356,13510,11912,10226,10463,7515,8800,9795,11329,10330,13083,10120,11841,10009,8916,11777,13361,14074,12052,9573,8561,8690,7222,12346,11941,14692,12279,12871,8642,7757,9729,12967,11640,13448,13246,10375,8003,10584,12196,13536,10713,13126,14123,10632,10422,11471,9878,12551,10521,13809,13270,10571,10379,10998,10251,
288,13682,11295,11204,12801,9141,439,432,10893,13855,10792,13047,11550,9360,9489,6661,8080,9114,10875,9578,12135,9551,10792,9087,8307,11233,12864,13364,11375,8853,7500,7966,6546,11499,11474,13803,11628,11722,7992,6852,9281,12069,11112,12769,12379,9600,7025,9746,11795,12491,10368,12557,13501,9793,9560,10710,9263,11865,9876,13240,12450,9681,9789,10107,9791,
289,13065,10722,10672,12303,8503,460,459,10852,13593,10398,12614,10797,8639,9131,6155,7703,8653,10391,9437,11907,9057,10453,8759,7816,10687,12437,12740,10820,8255,7221,7400,6113,11149,10949,13461,11369,10988,7290,6554,8912,11678,10604,12218,12000,9049,6299,9359,11050,11951,9832,12171,12973,9445,9199,10101,9042,11558,9324,12512,11866,9237,9314,9750,9564,
290,12549,10277,10121,11534,7902,412,404,10355,12805,9871,11838,10296,8086,8424,5664,6916,7906,9883,8739,11120,8542,9779,8024,7221,9981,11813,12313,10253,7510,6378,6677,5377,10283,10262,12973,10658,10217,6597,5799,8612,11218,10245,11508,11304,8223,5482,8723,10886,11043,9243,11408,12242,8903,8686,9370,8727,10851,8835,11946,11515,8834,8839,8932,9011,
291,12100,9744,9595,11069,7218,426,420,10028,12338,9466,11722,9824,7456,8103,5085,6661,7588,9469,8252,10709,7960,9013,7730,6705,9658,11460,11835,10108,6806,6098,5937,4857,9863,10012,12401,10152,9450,6013,5240,8341,10580,9708,11130,10918,7735,4893,8229,10341,10615,8895,10942,11748,8417,8275,8830,8610,10242,8265,11430,11040,8271,8185,8551,8707,
292,11475,9169,9092,10317,6788,414,410,9716,11830,9090,11153,9303,6822,7388,4492,5939,6752,8989,7708,10242,7661,8467,6934,6278,9030,11017,11353,9531,6063,5318,5219,4286,9292,9410,11885,9697,9038,5273,4550,7979,9994,9113,10582,10282,7083,4123,7850,10121,9638,8241,10431,10968,8064,7616,8151,8142,9907,7612,10741,10278,7416,7810,7850,8316,
293,10986,8628,8750,9652,5924,424,420,9269,11238,8382,10634,8884,5944,6892,3696,5405,6258,8369,7211,9688,7047,7876,6419,5666,8553,10334,10621,9145,5231,4491,4354,3516,8853,9174,11263,9407,8219,4389,3656,7747,9591,8733,9960,9692,6565,3212,7274,9560,9012,7707,10006,10469,7484,6881,7325,7806,9276,6985,10429,9918,6906,7532,7415,8119,
294,10465,7928,8166,9105,5094,385,380,8946,10979,8013,9904,8315,4794,6121,2900,4982,5377,8040,6747,9162,6659,7254,5726,5048,7835,9988,10238,8679,4192,3546,3466,2637,8352,8280,10585,8651,7319,3354,2768,7215,8903,8248,9424,9178,5714,2426,6682,9188,8118,6994,9541,9669,6844,6408,6674,7421,8856,6405,9609,9496,6312,6695,6835,7800,
295,9969,7347,7487,8364,4197,424,419,8670,10407,7491,9481,7829,3789,5401,2225,4028,4584,7544,6222,8630,6169,6392,5111,4252,7399,9340,9895,8040,3222,2798,2603,2058,7620,7951,10285,8163,6261,2547,2273,7021,8418,7888,8652,8608,4841,2020,6118,8760,7130,6575,9036,8985,6220,5626,5645,6971,8197,5714,9080,8776,5371,6251,5893,7266,
296,9448,6798,7065,7789,3342,381,379,8075,9907,6925,9075,7302,2952,4594,1818,3186,3498,7164,5694,8185,5442,5193,4176,3427,6766,8740,9358,7433,2374,2277,2115,1624,6913,7378,9734,7712,5129,2055,1854,6705,7787,7427,8293,8159,3731,1728,5396,8374,6101,6021,8471,8152,5640,4863,4786,6585,7468,4857,8496,8401,4494,5499,4941,6932,
297,8967,5999,6573,6860,2597,386,383,7656,9552,6552,8559,6596,2335,3788,1477,2608,2750,6612,5044,7433,4805,4320,3410,2695,6180,8400,8798,7013,2118,1877,1822,1505,6158,6767,8988,7278,4067,1767,1637,6189,7260,7145,7703,7636,2933,1614,4703,8061,4956,5487,8047,7515,4772,3907,3735,6249,6818,3929,7864,7801,3604,4817,3954,6744,
298,8214,4909,5848,5847,2112,371,364,7279,8904,5912,7873,5989,1916,2800,1415,1880,2069,6038,4003,6942,3835,3268,2538,2050,5310,7633,8171,6391,1857,1642,1666,1302,5288,6022,8788,6591,3114,1577,1552,5947,6316,6207,7064,6923,2227,1541,3694,7429,3761,4451,7419,6380,3885,3022,2801,5706,5749,3027,7029,7126,2748,3781,2961,6067,
299,7684,4020,5290,4781,1813,396,394,6814,8152,5035,7379,5118,1875,2294,1269,1664,1739,5452,3262,6210,2998,2591,1965,1721,4346,7197,7455,5865,1823,1605,1581,1310,4439,5566,7962,5929,2582,1485,1405,5428,5576,5694,6224,6265,1891,1484,2868,6949,2979,3682,6990,5574,2957,2405,2249,5398,4677,2416,6240,6390,2184,2930,2487,6031,
