165,15384,14889,17739,34870,189546,3415,6131,193776,81194,10618,32764,13444,205859,198888,98122,150628,11269,12850,15184,12678,140191,158420,151476,125033,15902,70166,23750,57675,154947,122590,139109,116327,12367,25835,33346,13099,172144,119858,97829,141558,18771,33166,16499,25403,145494,143518,149109,181457,21702,10824,39222,17935,177892,146791,131714,177095,10151,11081,11259,29902,161697,141606,165504,136519,
166,32582,31164,41255,73936,212430,6668,12458,229059,121572,20492,71963,1564110,233201,215823,145787,179230,18336,24824,33078,23456,160925,186736,175908,145974,32321,116615,51599,98598,180569,148762,164656,137714,22248,55685,68428,26089,199155,147141,125698,162231,40957,67899,33405,54561,169059,167961,172411,217813,50309,21164,81017,22408802,200018,179360,184583,225329,18651,23372,19088,65409,186134,165869,189810,153254,
167,62234,62100,74089,114963,239614,13115,23262,346156,151107,42261,112181,3139633,259048,240616,171500,194264,38699,50648,63888,46521,187649,217368,207867,171245,64978,166617,89392,141827,211185,173482,191933,161529,45863,90632,106033,52467,231317,172675,151121,213746,75954,104576,65758,93047,196121,197960,199778,326233,92905,44280,118534,35385085,224362,203758,221896,386808,38545,48743,38428,99604,214826,190968,225837,180369,
168,101362,105275,113342,155298,316693,26960,45293,802922,178935,77172,148392,4607938,324761,303474,188135,227743,78082,93452,108791,88541,240885,266424,283036,214438,115825,205444,139053,184007,273267,209922,239805,202134,84504,127677,144826,90589,289740,206166,179927,423113,120102,145857,111701,138921,242458,260132,247831,726456,140921,79236,150811,41627162,277502,243508,255356,949267,70549,85324,74163,131590,279551,231633,315428,265238,
169,136593,147250,146696,185689,636411,52041,99086,1997316,208511,111328,179383,6118530,578373,551621,231831,327980,131730,148777,157336,140480,429952,412709,574683,366849,177184,219175,188359,204051,502655,308756,395636,344646,124609,157475,180357,131392,495199,279516,232648,1096949,163309,176752,162511,187292,385822,509291,404372,1723848,180168,113666,177298,46970805,469705,372057,317314,2137183,102424,118710,113494,156262,518428,349577,661650,581889,
170,171343,187734,178851,226774,1750194,127391,260637,4156035,257235,145824,218576,7886716,1619695,1601318,434333,826849,197223,193414,183427,199697,1152557,1038554,1554370,1018436,216926,246698,214164,231610,1392404,777874,1072614,965657,166192,188005,208710,173466,1345674,647353,475303,2305976,197821,200603,211045,218181,1037676,1461867,1087564,3126036,224411,147961,215247,52349283,1252313,950556,568236,3757779,133172,153800,153118,188325,1396107,862480,1732506,1509787,
171,199347,221763,212558,282766,3754568,328790,578512,5408633,355470,173453,263777,9597727,3876391,3922500,1195202,2261884,222764,207865,200455,218922,2419219,2366609,2933605,2235345,232367,307978,234564,286118,2906861,1924730,2425972,2186011,195744,223773,243483,195284,2827812,1693575,1293090,3061292,226488,236985,233224,242973,2379113,2958644,2456294,3796321,277533,177065,271167,56485527,2845192,2262527,1411471,4597773,157227,187016,184678,236442,2923779,2061918,3233741,2731590,
172,248498,297743,292725,484811,5603877,655967,1054032,4828094,748326,213260,388463,12047671,6274235,5999513,2850818,4552292,258567,239707,249388,248502,3522925,3724355,3877260,3284084,280232,571819,291338,509236,4087864,3248519,3711905,3342339,243506,330298,332982,233040,3912946,3008354,2516245,3278578,286002,358044,278757,310324,3685188,3906525,3695385,3859986,434577,232825,467199,60879415,4733237,3978387,2955940,4317889,196202,267249,231629,391805,4409558,3559549,4312626,3599676,
173,362461,508650,534347,1079490,5708807,1233179,2233552,4370454,1668031,296305,766808,15281164,6359645,5935105,5118950,5775403,356601,330339,424568,317748,4152962,4520120,4242193,3835367,436961,1411510,470444,1241279,4422129,4054738,4300162,3887280,337713,683910,619858,323318,4340912,3964014,3597989,3466434,467113,781951,398368,527416,4263383,4161138,4239617,4002457,873005,384633,996830,64865976,5565005,5344811,5150110,4153326,288327,498301,330057,813374,4899787,4735277,4536111,3897625,
174,895989,1376088,1463526,2582869,40778593,35974894,41420848,51707206,3190471,729144,1981375,21898332,48940086,49334010,70482944,41996383,909629,845395,1325700,711932,36078086,38482781,45199811,49991310,1313595,3818566,1376255,3343574,47252927,31341232,34832294,40948270,850183,1918886,1743618,824751,53986348,53645551,56180739,62212396,1352087,2224043,1064920,1550180,40279482,54765376,74218577,57187452,2137031,997404,2334069,70201972,38207527,33929082,38133963,45625031,687509,1307999,743502,1924791,45947300,36046295,45888721,45587553,
175,2029481,2841873,2887207,4099955,179518287,143717048,175549785,207200015,4286707,1780640,3489025,30218249,203428849,209873044,283563607,191267345,2409313,2261892,3198310,1896509,163084424,180397924,201780590,220782632,3340996,5930822,3201496,5423975,170774343,161869710,156382753,184607624,2112105,3507278,3397583,2070316,220610757,226315847,232519261,251809758,3010173,4096036,2627115,3410665,190892004,260914755,24958579,247656115,3661137,2089283,3648939,75437602,165964536,144709452,155260758,199637823,1510768,2490435,1626315,3140162,171314419,153349825,190204502,196053662,
176,3748704,4691262,4492750,5306861,273487049,224813522,229625465,244630768,5213833,3418936,4919717,38541681,318795990,280723445,258039315,263446358,5326576,4855224,5240629,4360806,164648766,234668980,230198581,273088912,5845121,6140101,5424092,5821536,220806366,213141545,190941290,201987875,3947430,4927382,5033263,3960096,191624402,192726017,184560564,195176808,4863923,5379230,4923054,5560449,209121154,199849296,193927392,201595662,5359829,3712051,4747670,81011955,253174341,194838935,215917459,268797231,2997363,4113042,3292813,4394049,243614135,226346769,262928344,240108332,
177,6947602,8305789,7824400,9058326,323408853,282563140,279671123,350887788,9027472,6780816,8025486,45359739,335955487,336659516,289977709,299468620,7651951,6774693,6571231,6369383,211558382,253366101,251579277,302995480,7034862,7003098,6789433,7014186,219585540,238006162,183032640,194184176,7524803,8079223,7792564,6424099,162318772,158599939,165219168,159858208,7031604,7317922,7346329,7486961,199935660,170564588,269782917,142192155,9737629,7130332,7939934,85580915,316089601,273617203,269147118,315299535,6628706,8085260,6800534,8107015,288660520,263758911,259055523,290457851,
178,97673350,101562622,100066707,106362527,355387968,313909030,346717144,395649805,152755509,103317814,96914726,129649018,390414078,392667502,338751687,348015398,271076841,160425332,128494241,94730571,224422431,246707516,216473701,301483165,118598408,124891535,97490400,128991260,200666416,162799411,184522869,193448867,131273312,117221115,107381536,92890613,156624879,155039362,148707128,158232543,96371090,102067407,99897103,117862868,190952779,157020890,158947610,165914811,172660897,122085012,114756623,159197231,365364970,305441293,279931765,344802042,152627456,173480711,112078084,196176428,302079404,268973239,305387196,319336613,
179,159778374,162900152,157332220,162118180,376238421,335962926,373247379,437493570,222612940,167047031,146628877,163938932,439579527,446022607,392827768,380171364,241237478,241223040,204926463,149910480,211166969,231128225,209481943,298522756,194353636,190290906,152787854,198779422,226359942,199741475,189346635,186747500,206487072,182046784,165683949,146428143,160301190,156333716,161596681,161159500,152989194,161032475,155590932,187066351,197860367,162824017,162729321,164005486,251514203,205278771,182765383,188915567,393071105,322139003,313205814,360628394,237288407,270223582,194168975,247240843,326683797,300166358,267121529,313681830,
180,184029972,183154110,178994761,194537283,391108783,333524150,392040157,456194421,214821738,197524676,169050343,177994922,483049405,494776351,454121589,421865522,267691048,258342173,170832605,182091635,200802161,216352734,204222543,295797293,225676256,235676873,186750277,210236511,210779312,193043331,176658818,167551540,209045375,230461377,217806122,181388335,157552871,156153656,156432445,161558237,190184174,200600626,196516808,219826885,193691421,161130926,160327780,162051118,210630931,190154172,184092256,182843276,406005915,334876833,315378309,367702257,217680585,210426379,188590974,215379746,325936139,302289962,259763209,256383291,
181,202141519,188098375,180134485,191886535,414491815,343115769,418134222,473163919,212719232,210489763,227957133,175807684,522464270,538352566,528212179,490642286,286918977,279779732,201138016,211465015,219249431,202623403,214217067,302543364,263708681,269359438,227112226,242589385,194339479,180946223,168143795,179501352,229408227,224871584,260345130,215710788,154762613,153673696,152364676,155763030,221172440,229668820,232471222,246835752,162016902,154931155,156558935,157599002,187666332,173321309,174962413,189349808,406596617,349845285,317137235,376308606,170745888,182625994,172353170,164742130,328039018,305689848,256864191,260866067,
182,204731302,194572320,182238630,178203035,423881842,354703411,450882758,482731103,226563134,248032247,206423061,175462558,549905867,565861792,567114894,539483783,314825329,315688754,310519650,254522840,174362756,186279375,197211392,272239111,314545702,323974546,279150071,293577152,172726901,169929247,159291733,173646761,272935599,253556974,318357345,257047269,152914829,152307910,154602224,153907223,264498014,265872343,287370654,286896530,150066628,155556735,154532437,155081336,169774746,165174964,169280028,185094435,381294569,361127303,318213548,351042396,161618686,162778251,166214625,162729370,316510422,293675487,255994147,231952573,
183,221040645,198949038,182620031,231863041,421694063,370728569,403913073,486547372,236391109,245258851,254036304,173233978,554226792,580468307,584245031,566018793,345382949,353372187,349823047,293393053,168132413,180639084,190189724,245177931,359691034,360515906,309705654,323746188,168063052,165170908,157301261,169494717,295643897,273391251,347313433,278155385,153452671,152545384,179047236,153903943,291753565,291998732,321920234,301636030,154465459,157578075,154441240,155625769,163376255,162500382,166222511,185433765,362508457,360103855,319350421,341325301,163307018,160868258,161582136,165935932,303202166,292048243,243787540,233191929,
184,232573542,198557405,165444659,190592877,433433207,400131327,476009556,493210680,224191650,407463312,197148774,173976583,557722651,591775693,594001302,586239508,362608308,390801462,389197581,332465861,166241304,176208977,186118723,238275817,395452997,389558470,326457948,336495202,163670933,163761063,155525732,126246587,319390785,286139842,379946904,310140325,153237193,152243521,153410928,153340667,308716467,310743557,347275281,328578308,156632798,159629461,154088869,155832882,161102943,163587909,161015463,181321848,358696044,356740403,323092677,332955947,294747386,159137959,159840957,153120637,295156860,280992821,240628660,236876091,
185,214129115,196722978,181697621,184058138,464445794,437440322,466793695,486436444,236152712,244686780,221040120,108396349,557857542,589537416,590467155,596044211,553080766,418835125,430358988,366562978,163148282,173196241,180550175,195102940,426288009,407858917,334230849,340883693,159277694,162502431,154271354,165961458,312964738,281417214,395258442,323006489,160523358,151533712,152727778,152185802,317774017,319584444,359048105,337748397,155482044,160004732,153622591,154624267,160239868,155653434,164352049,185437849,368791349,359011431,321899036,338052260,160604208,158663228,158584424,157333514,284616099,276661618,243036262,247141422,
186,210816392,184195253,178531096,186592371,472478697,463054339,421796255,464690219,192411947,238656768,191159418,170043091,536499774,551582452,560910410,581345880,448738048,439910964,458656107,371472085,162477752,171845886,169599234,226679578,454147935,440977739,345897971,354473506,159810856,159968248,152658863,164788321,319096992,287401124,405274908,332745283,150087203,150049680,150484399,151169782,321576255,323561587,366746330,346009741,154620736,157665751,152227464,152479338,158440173,158756873,162353841,184032030,392269979,368212376,339529812,362669033,160065943,144856352,156822233,136962529,293564659,276454888,240890550,263723704,
187,203891532,196859739,177831287,185148517,427370740,404069915,390891177,402361788,219791293,200730667,272103706,173202485,440707452,447613264,458602503,483908632,469966465,451634221,473403120,429386702,134614299,141960842,141090959,181633788,466199186,452852483,362672632,367476178,135874136,136222391,131737918,142144764,346458378,283164013,368398428,358727844,129781159,128966658,129264485,129599908,318918048,325060159,363777803,353085984,132904077,136252210,131007738,131397979,156294813,155771513,160764739,182629735,351765445,340278399,299690607,326856854,155424982,114546933,155536194,161422780,254028282,230966483,201785774,200393685,
188,200832705,197541989,175479967,204307825,199919289,183793937,173277983,178313005,215951935,295639109,183057414,171768627,193014643,195185544,199179617,210566235,472805852,459067804,481525530,444344482,61407049,63733074,63499121,76141040,475023173,466243307,386131123,389557516,62743302,61763604,60754391,64938573,306357097,264418645,378463952,372417907,59796381,59416527,59421575,59374197,318722945,328809529,369711605,367476839,61736726,63358177,60631028,60384256,155223766,155980354,159458180,182878772,162319474,153465172,137963641,177673088,156347317,151626153,154511194,156324895,113724057,103969700,87350699,87312691,
189,197924577,194158225,171218727,171181844,21083032,24192960,23708803,19551266,207039112,197780523,184211226,176148714,21165172,20948041,20806757,22109024,474584893,455162151,459110423,441416420,9056931,9450438,9300195,9833021,469302831,456392031,397934954,399055406,9349245,8929887,9068120,9008189,295774862,265837274,373729871,316643645,9095644,8900103,8690083,8392611,319552318,327415319,365257963,374566398,9161964,9233245,9114760,8890517,149056533,151988534,155849316,165029396,18601281,17879195,17483041,17591308,147060371,151004493,150802292,151331514,13999541,12744545,11092066,10720454,
190,155044287,155384660,135237962,169918694,4056575,8515168,8273243,3843517,153079289,145837468,161738833,142851967,4378076,4060086,3625020,3964103,381846933,367178980,372159275,354478805,3891019,4194177,3995242,3621986,380647166,368671567,333681456,330851522,4029328,3693164,3950306,3533787,233531341,138854073,306934967,251911459,4122032,3887689,3650132,3332334,263460948,269036365,295178534,309322877,3955101,3801787,3973034,3827749,121048968,121958493,119684031,161531467,4074330,3975959,4518183,3778033,120295057,119844823,120422512,120483681,3977126,4070028,3888428,3614249,
191,94019471,79213819,82101297,80757823,3785940,8052084,7490930,3610133,99890714,97011062,83388992,100669149,4127907,3809712,3363204,3695248,236800086,224182644,222509229,216510658,3805193,4116349,3910482,3527528,215319709,222730125,209425484,206735308,3943300,3612750,3860755,3453197,140253371,125483656,184245495,153336901,4042829,3809960,3564824,3253414,166101319,168306551,181937368,196581637,3877879,3710500,3889012,3750828,74813054,73556822,76082981,128880187,3847431,3750067,4310887,3563948,74410268,74114172,74421160,74413273,3815399,3933467,3775729,3500112,
192,18399032,18947536,16742996,16620731,3770444,6158447,3969508,3605984,27053958,17117380,16603054,46854022,4111120,3798016,3356174,3682139,43129194,39955714,38881806,39481203,3795081,4100286,3902073,3519691,39759465,39306582,38439873,37382423,3933894,3601404,3850551,3434855,25123306,23945678,35369204,29501612,4034161,3799399,3551661,3248321,32948373,32399989,34632455,37529988,3860869,3700195,3876738,3745282,15903921,15255872,15858392,89282297,3839314,3738213,4298817,3554673,15334383,15349496,15669875,15383554,3807608,3926459,3762313,3495510,
193,5060806,5134127,4893370,5042784,3764904,3942942,1827641,3606894,5333568,4793929,5233731,37338635,4104499,3791655,3357933,3679153,7078222,6506726,6317692,6678901,3790558,4099198,3895042,3513299,6699716,6806488,6662602,6664312,3922635,3590470,3848432,3433632,5713343,5437775,6323908,5754191,4022597,3784834,3549470,3249195,6338614,6228044,6587910,6754418,3861095,3685126,3875417,3742920,5225372,4568169,4949018,81719996,3831831,3739431,4292565,3554334,4580608,4624495,4945256,4700674,3807449,3920735,3759632,3493742,
194,3918214,3946821,3840202,4001821,3751847,1703388,698885,3602228,4144803,3687607,4215309,36341478,4088660,3778474,3344180,3671315,3979454,3625426,3485171,3890414,3785161,4086317,3886018,3508366,3820440,3997960,3875703,3881371,3914188,3586920,3837301,3421285,3961353,3726643,4009037,3667822,4007998,3772578,3535904,3245442,3847831,3790685,3975559,3995676,3844582,3679562,3862188,3737770,4286720,3578256,3980733,79603764,3830095,3733930,4286296,3548525,3638274,3695414,3996114,3773964,3793073,3915960,3751751,3494925,
195,3893131,3913584,3807864,3974298,3752703,766934,412955,3603600,4065431,3616597,4061538,21156591,4075830,3769353,3333951,3664561,3903641,3560158,3412771,3812005,3782457,4084949,3879345,3505846,3751100,3929601,3805537,3812297,3909258,3580601,3828441,3414187,3920742,3685325,3958854,3618327,4001632,3763356,3528639,3241403,3783872,3733989,3909514,3931296,3838268,3668432,3854987,3737821,4268773,3548839,3869068,42641080,3816942,3726966,4232971,3529898,3610090,3674585,3972727,3746422,3785402,3914471,3747291,3497242,
196,3896340,3918368,3809599,3972219,3751747,447112,347810,3603714,4001496,3557208,3906927,3631064,4064019,3767523,3326238,3654298,3909639,3553521,3405152,3794211,3775338,4080109,3869355,3500079,3748803,3932412,3811804,3809461,3899058,3572623,3819865,3408376,3919442,3681111,3959882,3615270,3993243,3757536,3522955,3237620,3783568,3738749,3911762,3928043,3835867,3657677,3855379,3734037,4264904,3550776,3765057,4245126,3800550,3704626,4156975,3502122,3616349,3669076,3973003,3739503,3777794,3906995,3740724,3500312,
197,3888956,3914567,3808885,3964749,3739046,351152,321564,3589452,4003477,3555255,3901008,3629702,4057322,3756129,3320601,3653671,3900442,3553851,3400198,3797775,3766360,4055541,3856202,3484040,3743605,3921440,3789101,3809282,3886146,3559243,3806950,3396793,3918873,3685323,3957243,3620670,3978451,3743539,3514165,3231620,3777689,3731527,3912502,3922788,3823121,3646071,3835406,3727920,4257522,3544847,3756302,4246570,3784014,3694793,4148011,3489855,3609441,3663218,3971937,3736319,3765292,3895837,3726297,3497233,
198,3880991,3903966,3796213,3956632,3723856,319785,301656,3582356,3994124,3547285,3896746,3624389,4032328,3742094,3309352,3639430,3891445,3540983,3390702,3783816,3741503,4041212,3841854,3469108,3734381,3910554,3783773,3793709,3866124,3542397,3786563,3380046,3909820,3676205,3948093,3606085,3959737,3730572,3496826,3226018,3772678,3723502,3902857,3913782,3805055,3630304,3822002,3713986,4230960,3536937,3745976,4231788,3770116,3681410,4124009,3474445,3599711,3651940,3957206,3722819,3745384,3874194,3708976,3484753,
199,3875987,3891493,3787167,3936574,3708964,302426,284977,3575360,3981659,3541868,3887035,3613589,4015383,3728516,3296943,3626704,3874470,3534525,3378694,3776302,3721541,4026207,3826070,3452094,3723049,3901274,3776880,3780375,3847599,3527315,3766859,3365476,3898635,3662555,3945184,3610452,3942692,3717727,3485280,3218141,3767447,3711867,3897326,3908087,3791321,3612432,3806044,3707054,4218602,3518868,3733824,4223320,3755177,3669367,4105180,3456356,3587280,3631940,3945297,3703171,3726193,3857652,3690989,3474044,
200,3868997,3879563,3767642,3920823,3686564,285431,267012,3568484,3972575,3536253,3873188,3598924,3988653,3713323,3279699,3609694,3858395,3524416,3369545,3768096,3715975,3995854,3798530,3435598,3713995,3891340,3777581,3767250,3825892,3506376,3743283,3338600,3889440,3655047,3929238,3595923,3917119,3690681,3465502,3209822,3752258,3699058,3891752,3888752,3765942,3580199,3790149,3696355,4198389,3509108,3717194,4207493,3734964,3652515,4085804,3442596,3570334,3621776,3931963,3693543,3708193,3850541,3671904,3464005,
201,3859571,3866548,3752137,3905653,3653154,265982,245605,3556722,3954422,3520308,3860576,3581086,3946361,3686628,3247184,3578077,3847155,3515164,3360617,3754124,3691720,3971451,3770098,3413218,3701255,3876326,3756068,3757300,3781701,3473411,3706852,3288760,3873198,3637837,3917485,3586248,3887692,3650946,3420024,3202581,3735101,3685483,3871307,3878180,3734103,3503191,3767747,3685578,4178247,3496426,3709229,4187519,3717803,3631972,4061995,3436811,3554396,3610473,3916923,3676013,3686972,3826530,3648444,3457094,
202,3835806,3846918,3734568,3881334,3568492,243975,221475,3539960,3932235,3505538,3840291,3575466,3830432,3626557,3173189,3523669,3830098,3504579,3344968,3743350,3667272,3935691,3713695,3349370,3677144,3859906,3735159,3736859,3639848,3382161,3579332,3109401,3853127,3620436,3896666,3569166,3818936,3529968,3318689,3194402,3719456,3668102,3856384,3863321,3679848,3233630,3732751,3673452,4156246,3480249,3690562,4171745,3681184,3590430,4027108,3424548,3543154,3597875,3901869,3668191,3639593,3793399,3598009,3440632,
203,3822361,3832891,3719385,3864758,3315218,220454,194053,3520139,3917036,3491141,3823808,3553397,3494249,3474644,2961054,3371690,3806503,3486343,3328204,3727777,3612584,3837538,3545024,3167413,3666915,3845655,3721799,3725505,3246818,3103805,3212513,2645968,3838557,3602855,3878545,3551441,3650568,3219430,3049258,3176815,3702880,3655126,3839099,3846940,3504633,2602383,3663473,3657707,4130245,3468704,3676959,4152739,3602238,3495060,3956400,3395065,3530702,3579835,3883229,3654111,3509005,3731089,3458326,3428211,
204,3802488,3803090,3698290,3835717,2755174,196820,164015,3487344,3902095,3471764,3803095,3541556,2786563,3098841,2479537,3003993,3780031,3467932,3308433,3708478,3462422,3569918,3148446,2745809,3640485,3823541,3715123,3705754,2500736,2524476,2507681,1914755,3817926,3580016,3866787,3535458,3261331,2604542,2504709,3157275,3680166,3639932,3818818,3828634,3085865,1723817,3487678,3631506,4081703,3437097,3658638,4130997,3385966,3232746,3757962,3319938,3514539,3548105,3866626,3639170,3157272,3557360,3110003,3410501,
205,3787203,3784372,3672519,3788625,1763144,162165,120166,3394640,3877448,3452350,3784114,3515486,1645694,2233179,1585248,2158103,3725631,3455179,3278665,3688301,3010246,2887881,2291620,1903903,3614926,3804458,3703629,3685783,1431291,1571650,1462122,997268,3790657,3556927,3841756,3519322,2381487,1576464,1568772,3107433,3657805,3610408,3799180,3805979,2196995,800235,2974578,3565405,3991423,3407246,3635450,4103918,2777018,2556977,3181920,3062480,3495416,3486085,3846236,3612444,2362388,3053131,2330333,3364702,
206,3762434,3711082,3618827,3640501,751196,114276,68092,3042494,3843896,3422082,3751235,3476008,630452,1080477,650611,1018717,3549810,3417265,3185723,3658734,2049837,1728367,1158021,897510,3529220,3765381,3671826,3617495,549700,651450,569147,359836,3737185,3481057,3815223,3491609,1175701,621441,636481,2895969,3608786,3545384,3763687,3771228,1068545,280152,1928064,3330680,3741411,3340314,3599243,4056422,1694759,1454062,2047061,2360170,3440919,3311528,3804755,3565312,1245738,2025211,1238037,3199009,
207,3733909,3545567,3496608,3281480,284415,67846,32861,2270523,3799426,3365674,3711572,3388196,241748,400825,231930,363347,3132613,3361932,2954806,3600509,1036333,769165,456632,337248,3322802,3675994,3632569,3462512,221790,246847,224393,156059,3619230,3288518,3774937,3443160,447434,166572,230893,2338841,3495318,3364823,3692051,3696463,404067,147493,905369,2722470,3223267,3172821,3536706,3966536,758833,607497,965288,1393201,3340235,2950346,3749438,3476407,502928,997763,507635,2738507,
208,3661406,2985115,3035911,2332848,149029,31240,16022,1147085,3630511,3139005,3570279,3039625,150744,167249,120144,148826,2112632,3166687,2269246,3411897,366464,276001,182522,147625,2633041,3329866,3503462,2892944,142802,136216,138848,112127,3191232,2662026,3625122,3243300,192890,137821,129847,1319942,3042460,2739094,3398653,3415626,172438,124220,307095,1611671,2098407,2626474,3298545,3650500,266802,214742,331444,550530,3014351,2071370,3572968,3184988,194979,345998,200070,1763824,
209,3468903,2064604,2211936,1310307,130391,16954,12231,471855,3214532,2622287,3197317,2363150,140301,132189,107373,119651,1090225,2680632,1378936,2949940,173870,168212,135081,116944,1652172,2609226,3160767,1974716,133044,120708,127241,106743,2416188,1746901,3239956,2753569,153544,126254,116758,567024,2235776,1818196,2744270,2772990,136868,119824,161984,739988,1064251,1787625,2758740,2956711,156684,139514,175730,230446,2365247,1140566,3175597,2578136,139332,170127,142823,874977,
210,2801230,880787,1021185,462589,127453,12165,10792,196504,2154095,1531164,2229713,1211832,136569,125698,103341,114217,348388,1585048,503230,1851456,129743,145841,125383,111015,613334,1359187,2194618,836841,128734,116462,123247,103607,1201108,711340,2230704,1674804,144960,123022,112935,211147,1062279,742872,1507952,1543135,129464,117816,131348,285149,358931,744977,1627706,1636965,135048,124073,146843,133073,1217495,382307,2149104,1425861,128181,131156,130868,328175,
211,1801209,336044,397035,209150,124227,10938,10055,134606,1102206,681110,1197982,496577,133386,123125,101131,112125,165296,695373,198434,871422,121861,140516,121907,108544,234263,561328,1161188,323404,126253,113570,119965,101122,485942,277162,1173548,775464,142000,120083,111259,127885,424469,285624,638607,668114,126421,115350,125341,162611,192749,284045,742369,714523,131165,120894,141349,112569,488171,170582,1094962,612551,125889,124337,127281,161807,
212,730024,161776,167274,148299,121346,9901,9156,117948,386709,230768,427742,188107,130603,119507,98930,109381,130629,226970,120383,286851,118349,138389,120079,106444,135925,208727,395889,155407,123707,110967,117821,99269,190527,142317,409707,261053,139106,118162,108800,106825,175749,142628,225501,233527,124158,112913,122115,131340,159503,138839,259065,270358,129011,118881,138375,106493,182213,127700,373088,222622,123377,121305,124413,119960,
213,286965,137335,130110,139119,118907,9233,8447,113142,190944,135689,196651,132873,128168,117984,97200,106435,125564,135113,110958,154467,115855,135437,116535,103921,123588,143809,180305,129565,120348,109518,114836,96557,142160,123623,192020,144719,135811,115244,105990,100032,135306,121669,148316,148148,121161,110594,119011,120934,153553,119077,152366,186857,126489,116294,135426,103171,130600,121280,182757,144336,120577,118921,122152,107303,
214,152837,132266,122375,135010,116394,8319,7483,110234,143121,116778,138193,122467,124822,115310,95035,104488,122219,118220,107562,130203,113701,131899,114144,102389,120090,130874,133381,122575,118077,106911,112923,94206,132067,118608,141121,122829,132913,112500,103546,97609,126507,117156,133899,131459,117837,107099,116987,115177,149317,114192,129151,171902,123781,113841,131449,101372,120205,118409,141834,129023,116922,116678,119009,101859,
215,133354,129209,119255,132123,113810,7454,6571,107789,134704,113604,128459,119749,121882,112249,92299,102308,120118,115508,105396,125866,110520,128881,111450,99633,117381,127739,127942,120741,115046,104429,109778,92310,128461,115527,133138,118626,129382,109681,101415,95842,123761,114118,131581,127645,115023,105345,114246,113999,146446,111720,123819,166705,120963,112237,129448,99711,117153,115039,135229,125675,115621,113029,117049,100106,
216,128302,125935,116728,129937,110999,6545,5677,106320,130845,110964,125213,117391,118993,109580,89741,99314,117447,112297,103383,122540,107956,125247,108527,97473,114703,123765,124912,117870,112336,101780,106778,89565,126037,113592,129429,116028,125990,107115,98392,93425,120930,111290,128028,125121,112550,102660,111563,112110,144062,108759,120515,163715,118702,108593,126131,98238,114170,112624,132114,122489,112138,111093,114361,98681,
217,125514,123851,114084,126307,107848,5542,4646,104416,128548,109138,122276,114752,116099,107489,88387,97283,114558,110224,101045,120289,105476,122850,105581,95392,112327,121311,123101,116587,108825,99197,103815,87936,122925,110808,126630,114067,123294,104627,95885,92247,118744,109522,125606,121212,110693,100028,109406,109280,140257,106339,118431,160961,115898,106496,123778,95943,112285,109745,129779,119762,110543,108137,111692,95973,
218,121932,120655,111885,123063,105490,4566,3554,102307,125343,106062,118591,112165,112686,104070,85583,94103,111724,107562,97977,117480,102752,118700,102446,92577,109471,118747,119973,111861,106182,95841,100874,84680,120773,108259,124274,110689,119028,101139,93351,90493,115318,106414,122577,118877,107671,96256,105821,106900,137573,104062,115833,157059,112778,103292,120043,93828,109763,106875,126421,116699,106946,105326,108772,94035,
219,119741,117726,108730,120402,102861,3534,2606,100332,121780,104037,116857,109942,109396,102117,82693,91690,109598,104957,96400,115327,100128,116294,100013,89702,107583,117469,117775,110069,103234,93655,97850,82658,118015,106000,121496,109200,116829,98098,90683,88377,113744,104540,120334,116027,105037,93470,103895,105329,133817,101807,112800,154758,110253,100927,116689,91500,107299,104519,123837,114705,103683,102218,106144,92170,
220,116996,114048,106197,117249,99436,2654,1836,98304,119263,101501,113627,106896,106030,99139,80742,89453,106565,103210,93835,112689,97883,113343,97433,87123,104972,113698,115325,106933,100295,90627,94954,79421,114616,103021,118826,106687,112739,95369,87883,86516,110542,102441,117041,114099,101852,90208,100823,103041,130229,98644,110155,151308,108003,98924,113772,89976,104459,102210,121146,111482,101400,100114,103658,90647,
221,114659,111856,103633,114905,95964,1823,1244,96399,117335,99344,111703,104890,102456,96122,78337,86362,103880,99722,91462,110427,95517,109788,94871,85201,102095,111004,112955,104392,96743,87564,91548,77094,111730,100852,116110,103525,110045,91664,84735,85106,108397,99553,114794,110659,98121,86833,98032,100947,126891,96967,107117,148076,104759,95866,110899,87565,102399,99544,118234,109038,98435,97321,100312,89397,
222,111208,109212,101116,111470,93447,1263,1018,93710,113362,96821,109188,101665,98339,92206,74624,83463,99679,97350,88598,106924,91726,105657,90507,81529,98574,108431,109380,101674,92471,83974,88126,73375,108886,98373,112452,101052,104900,87585,81473,83430,104276,96082,111374,107667,94645,83020,94615,98858,122240,93348,104375,143857,101631,92416,106674,85654,99853,95780,114208,106711,95150,93802,96603,86642,
223,109020,106052,98416,109156,89117,1057,954,91439,111906,93938,106307,98338,94263,89327,71750,79776,96869,94685,86337,104432,88460,102185,87734,77914,96107,106106,106837,99160,88382,80586,83704,70241,105582,95360,110488,98082,100736,84118,77815,81319,102385,93660,108534,104245,91027,79097,91515,96012,118941,91046,102476,140983,97974,89471,102826,83322,96603,94122,112119,103837,91462,90638,93779,84969,
224,104926,101743,94113,103920,82951,849,813,88125,107210,90962,102525,95389,86915,83318,65937,74442,92448,91463,82527,100435,83469,96153,81386,73279,92100,101361,103234,95081,81456,74838,77247,64481,101682,91582,106401,94644,94415,77293,72057,77784,98316,89880,104564,100434,84507,72674,85574,92205,112984,87224,98766,136068,93380,84561,97250,79333,92678,89633,107462,100536,85480,85035,88371,81159,
225,102373,98137,90961,100113,78742,831,781,85473,104144,87769,99699,92474,82510,79612,62460,71040,88887,89107,79587,97959,79667,91454,77121,68938,88651,98984,100072,92542,77253,70275,72774,60091,98154,88548,103146,92034,89389,72408,68372,76051,94831,87309,101786,97420,80441,67611,82208,89310,108818,84764,95709,132771,89215,80567,91489,77113,90389,86025,104628,96932,81294,81186,84200,78761,
226,99054,94449,86914,95790,74229,826,786,82040,100791,85205,96489,89202,76463,75176,57528,66390,84628,85453,76376,94269,74233,86245,72477,65191,84854,95516,96199,88850,71325,65100,67307,54761,94514,84905,99648,88607,83736,66929,62575,72683,91301,84562,97524,93182,74962,60498,77749,86419,103707,81230,92785,127903,84962,75774,86836,73658,86858,82248,100663,93558,76849,77462,79424,75907,
227,96513,90707,83664,92145,68673,786,742,79692,98582,82254,93254,85159,70217,69973,52231,61603,79967,83137,72985,91353,69710,81299,67792,60029,81672,92090,94172,85056,64996,59998,60078,47869,91435,82026,97271,85587,77654,60373,56043,70948,87637,80717,94564,90352,70035,52420,73356,83882,99206,77834,89644,124135,80157,70852,81894,71356,83440,79167,97397,90464,72126,73315,74769,73160,
228,92117,86223,80045,87260,62548,763,725,77201,94687,78693,89608,81358,62724,65223,45182,56516,75068,79679,69090,87562,65456,75776,62202,55058,77294,88511,89909,80839,56302,52705,51571,38811,86922,77845,93063,82752,71427,52164,49157,68158,84151,76490,90238,86516,64338,41207,68690,80703,93139,73788,86069,119344,76146,66816,76380,68190,79786,73671,93349,86089,67760,68732,70056,70868,
229,88833,82041,76523,82417,53074,675,648,73545,90551,75176,85753,77935,49927,57167,34041,48542,70135,76360,65595,82957,60585,68722,54423,46693,73722,84331,86660,77751,43538,41369,38302,26476,82379,73778,89387,78485,62943,39197,36687,65360,79515,73043,86280,82201,55159,26512,63629,77712,87401,70087,81919,114272,70218,60019,68531,64667,75722,69131,89927,83325,59634,62776,63073,67928,
230,84884,76836,71057,76844,38003,666,626,69748,86255,70961,81572,73763,32057,46199,20051,35098,63621,72502,60950,78333,53348,58517,41817,33777,68386,79615,82364,73217,26079,26337,22251,14127,77018,68884,84670,74470,48451,22659,22311,61988,75328,68683,81783,78092,40867,13208,55301,73582,79090,65106,78314,108136,60948,50015,57464,60546,71666,63375,84645,78077,48466,54319,52490,64227,
231,80635,71427,67008,70592,22634,630,599,66130,82405,66540,77402,68668,17062,31702,9859,20821,55090,67929,55417,74629,43015,44317,27031,20171,63036,75945,78991,68175,13521,14051,11255,7082,71921,64492,80643,70393,31496,11037,11038,59006,70189,64457,77032,73218,25790,6746,44627,69405,69931,60026,73834,102635,48311,36436,42191,55923,66760,56492,80504,74112,34113,42895,38251,61246,
232,76629,65164,61029,61673,11477,610,582,61186,78373,61811,73486,63761,8202,17629,5080,9965,42724,64057,48420,69693,29968,27519,14588,10443,56010,71114,74481,62959,7174,7057,6178,4169,65168,58148,76430,66021,16828,5755,5821,54618,64661,58968,71500,68465,13234,4522,30497,65054,55759,53944,69342,96434,32166,22001,26225,50055,61409,46555,75709,68970,19857,28530,22861,56581,
233,72337,56500,54059,50299,6232,571,546,55256,73368,55864,68700,57745,5417,8741,3648,5312,27490,59080,38415,64318,16949,14880,7436,5447,45700,65106,69442,55963,4834,4562,4390,3466,57247,50053,71251,60497,8536,4249,4163,49732,56897,51294,65203,62252,6818,3994,16974,60136,37743,44313,64321,88501,17871,10843,13663,40915,52944,33076,68672,62933,10151,15994,11778,51658,
234,66150,41092,40856,32302,4611,521,501,46957,67671,46355,62226,45693,4706,5174,3339,3722,12818,50505,23836,55412,8262,7505,4652,3986,29590,57031,63178,44690,4262,3873,3926,3198,43430,36175,64399,52542,5722,3946,3781,42029,44287,39028,54444,52962,4754,3830,8326,52305,19010,29411,56873,73372,8849,5805,7108,28678,38127,17538,59847,54056,5737,7812,6475,43465,
235,59135,25534,26871,18385,4310,499,489,35575,60435,33972,54512,32092,4518,4346,3202,3453,6450,39933,13123,43996,5002,5301,4043,3632,16217,45625,54773,31308,4155,3762,3803,3072,28968,22461,55865,40863,4870,3725,3572,31331,30619,25666,41764,41427,4329,3659,5036,40688,10098,16666,47102,53913,6006,4424,5208,16853,23621,8613,46940,41669,4555,4792,4699,33111,
236,47625,12002,13491,8977,4000,532,521,23513,50030,18894,41899,17250,4360,4012,3142,3413,4457,24484,6189,27489,3874,4721,3796,3484,7571,29706,41779,16719,4057,3508,3655,3062,14492,10671,41795,25677,4768,3627,3488,20382,16144,12599,23663,25227,4027,3512,4215,28531,6326,7722,32442,30426,5217,4085,4726,9378,10963,4893,29453,25283,4212,3980,4371,22047,
237,33766,6593,7055,5745,3879,448,441,13028,35487,9542,28549,8969,4272,3882,2974,3268,4045,13027,4118,14923,3593,4648,3593,3267,4773,16435,27675,8597,3735,3412,3627,2936,7743,5849,27212,13822,4671,3700,3272,10872,8347,6607,12339,13767,3985,3489,3905,17080,5553,4750,19152,16340,4970,3812,4581,5285,6053,4067,16075,13616,3970,3655,4249,12054,
238,17639,4757,4496,4800,3809,459,451,6037,19319,5021,14345,4963,4072,3656,2844,3182,3826,6117,3678,6808,3496,4415,3595,3053,3904,7739,13355,5021,3586,3401,3399,2842,4945,4174,13350,6451,4429,3492,3239,5631,5133,4285,6106,6515,3799,3298,3775,8842,5296,3725,8959,9491,4712,3745,4302,3924,4375,3732,7565,6576,3852,3611,3959,6239,
239,9072,4417,3869,4643,3711,425,415,4598,9866,3968,7496,4230,3849,3595,2886,3108,3614,4267,3421,4872,3344,4153,3546,3130,3799,5147,7035,4192,3500,3170,3243,2677,4397,3816,7008,4648,4354,3236,2996,3882,4189,3644,4738,4592,3564,3193,3655,5485,5203,3597,5339,7914,4678,3607,4118,3423,4103,3584,5183,4691,3678,3405,3861,4203,
240,5200,4149,3675,4422,3522,455,448,3739,5544,3646,4696,3978,3710,3544,2651,2891,3555,3741,3216,4223,3236,4097,3220,3011,3651,4302,4886,3931,3477,3093,3186,2559,4141,3681,4736,3878,4086,3096,2964,3223,4092,3409,4246,4034,3500,2929,3500,3949,4960,3481,4254,7493,4495,3516,4129,3216,4007,3615,4425,4269,3605,3276,3677,3319,
241,4286,3928,3574,4146,3505,412,403,3407,4605,3604,4134,3868,3608,3366,2510,2787,3354,3645,3178,3998,3212,3903,3077,2884,3486,4114,4165,3777,3283,2910,2978,2554,4021,3514,4243,3866,3880,3037,2812,3081,3869,3283,4208,3887,3412,2851,3274,3818,4689,3365,3967,7159,4375,3254,3813,2982,3823,3507,4316,4148,3421,3217,3531,3197,
242,3990,3823,3465,4118,3274,427,420,3247,4313,3331,3797,3756,3482,3203,2460,2831,3296,3571,3043,3748,3031,3667,2997,2700,3405,3918,4033,3527,3116,2853,2973,2382,3846,3316,4078,3597,3712,2806,2662,2901,3640,3207,4076,3606,3209,2789,3127,3484,4456,3187,3791,7114,4131,3319,3729,2970,3730,3248,4033,3922,3311,3084,3488,3093,
243,4049,3688,3315,3841,3130,376,365,3166,4081,3190,3684,3468,3305,3176,2288,2709,3190,3393,2988,3734,2977,3626,2929,2602,3313,3640,4078,3436,3091,2666,2804,2229,3809,3345,3976,3477,3656,2638,2666,2967,3561,3171,3953,3540,3123,2731,3101,3410,4292,3072,3672,6786,4075,3088,3671,2923,3636,3111,3979,3802,3163,3050,3365,2873,
244,3701,3589,3308,3822,2910,394,385,3204,3901,3157,3646,3405,3078,2920,2225,2548,2911,3243,2754,3552,2940,3505,2792,2551,3091,3482,3828,3288,2803,2707,2627,2211,3487,3179,3854,3379,3383,2684,2491,2847,3426,3007,3722,3381,2984,2587,2987,3244,4109,3031,3574,6765,3937,3095,3510,2770,3528,3097,3817,3520,2987,2847,3214,2756,
245,3617,3438,3113,3610,2925,391,385,3022,3742,3098,3526,3275,3092,2856,2063,2432,2860,3085,2746,3385,2789,3292,2656,2400,3128,3534,3591,3248,2718,2458,2516,2058,3459,2937,3754,3291,3317,2507,2392,2784,3404,2915,3606,3336,2841,2462,2821,3284,3978,2900,3474,6418,3733,2856,3229,2772,3348,2844,3722,3596,2879,2725,3045,2602,
246,3407,3235,2962,3488,2764,394,381,2988,3643,2961,3376,3159,2882,2879,2020,2353,2746,2906,2545,3376,2573,3095,2556,2242,2880,3328,3578,2946,2492,2324,2424,1929,3285,2964,3392,3097,3054,2354,2281,2659,3214,2679,3455,3109,2637,2233,2705,3145,3843,2745,3279,6242,3618,2820,3105,2649,3236,2776,3564,3523,2877,2722,3014,2647,
247,3341,3148,2828,3290,2534,401,394,2895,3513,2906,3206,3069,2699,2646,1843,2162,2588,2939,2551,3161,2543,2976,2410,2206,2789,3195,3445,2983,2585,2191,2279,1820,3103,2788,3403,3024,2928,2212,2122,2481,3081,2729,3367,3041,2559,2099,2529,3040,3631,2768,3190,6141,3568,2606,2943,2472,3189,2625,3444,3189,2586,2526,2878,2529,
248,3300,3035,2761,3216,2392,415,409,2768,3418,2751,3073,2846,2535,2543,1714,2062,2500,2774,2342,2910,2378,2830,2330,2076,2702,3075,3232,2862,2268,2108,2085,1652,3074,2766,3284,2938,2791,2052,1995,2514,2994,2604,3194,2987,2430,2015,2393,2884,3353,2535,3036,5972,3422,2420,2834,2502,2924,2528,3295,3116,2522,2441,2567,2486,
249,3190,2961,2659,3117,2322,346,341,2642,3085,2618,3012,2779,2396,2309,1739,2007,2296,2642,2282,2931,2302,2705,2148,1923,2559,3038,3217,2707,2173,1987,1961,1550,2911,2560,3133,2766,2562,1976,1836,2402,2889,2520,3156,2807,2399,1911,2310,2777,3407,2337,3021,5673,3210,2297,2644,2491,2868,2447,3145,3028,2473,2190,2532,2421,
250,2960,2737,2574,2789,2164,381,376,2570,3002,2491,2903,2727,2169,2136,1518,1836,2193,2499,2106,2715,2118,2478,1986,1798,2393,2980,3081,2630,1909,1897,1826,1486,2653,2469,2922,2760,2390,1730,1721,2380,2775,2412,2973,2622,2189,1603,2180,2661,3072,2320,2887,5414,3119,2162,2561,2176,2729,2238,2971,2800,2203,2219,2429,2268,
251,2832,2706,2328,2706,2043,370,368,2556,2874,2398,2811,2602,2008,2026,1408,1708,2026,2334,2063,2544,1979,2335,1847,1731,2335,2703,2896,2573,1790,1702,1657,1339,2643,2365,2878,2607,2267,1542,1609,2242,2518,2321,2807,2446,1979,1545,2064,2601,2879,2238,2661,5269,2930,2099,2320,2084,2630,2217,2784,2652,2089,2023,2309,2164,
252,2707,2433,2287,2524,1845,350,343,2384,2863,2236,2591,2439,1823,1870,1326,1577,1931,2305,1939,2486,1860,2350,1658,1662,2114,2627,2778,2320,1581,1607,1456,1201,2409,2203,2727,2469,2096,1427,1402,2180,2438,2155,2687,2398,1867,1349,2038,2450,2751,2162,2664,5003,2782,1955,2152,2134,2470,1892,2798,2536,1955,1955,2104,2193,
253,2668,2244,2067,2467,1676,313,313,2353,2729,2073,2531,2282,1670,1694,1103,1382,1748,2205,1807,2453,1773,1962,1658,1395,2081,2480,2670,2317,1452,1372,1296,985,2272,2130,2661,2245,1840,1276,1203,2005,2278,2087,2502,2216,1664,1074,1815,2399,2504,1859,2512,4892,2697,1749,2040,2000,2425,1850,2650,2488,1914,1673,1962,2037,
254,2492,2185,1955,2236,1426,382,375,2207,2584,1950,2396,2074,1437,1634,826,1225,1589,2107,1609,2287,1637,1854,1443,1273,1869,2313,2477,2068,1218,1074,985,796,2097,1930,2383,2176,1721,963,945,1960,2178,1878,2385,2102,1454,838,1659,2184,2322,1869,2345,4472,2362,1715,1807,1890,2268,1652,2421,2240,1605,1555,1734,1893,
255,2378,2038,1783,2069,1232,336,333,2131,2459,1793,2155,1953,1176,1422,645,981,1428,1819,1525,2156,1510,1651,1201,996,1698,2167,2410,1966,918,896,773,577,2008,1698,2320,1945,1481,679,783,1860,2011,1810,2183,1983,1214,563,1538,2222,2001,1612,2235,4260,2260,1455,1632,1749,2092,1552,2310,2077,1446,1397,1544,1794,
256,2313,1863,1699,1921,768,320,320,1890,2355,1774,2102,1932,682,1006,456,679,1189,1817,1400,2029,1173,1202,840,671,1632,2105,2286,1836,546,567,491,460,1867,1659,2190,1860,956,444,521,1607,1901,1683,2046,1888,740,415,1179,1954,1884,1619,2104,4161,1805,992,1195,1637,1963,1383,2104,2094,1059,1124,1150,1700,
257,2066,1752,1552,1717,595,348,345,1745,2235,1649,1947,1799,579,754,432,507,964,1702,1265,1950,985,889,644,485,1373,2075,2184,1767,495,494,401,374,1659,1526,2132,1786,687,366,413,1568,1700,1498,1935,1640,646,387,959,1798,1464,1432,1964,3842,1404,841,867,1463,1713,1081,1955,1922,747,856,869,1575,
258,1922,1509,1415,1459,450,346,337,1640,2036,1456,1818,1597,484,584,362,418,742,1538,1018,1671,731,644,447,391,1161,1816,1981,1522,430,383,422,419,1451,1335,1902,1599,537,320,416,1433,1514,1362,1727,1513,443,402,699,1733,1104,1184,1757,3528,1043,605,659,1310,1497,818,1727,1767,530,590,570,1431,
259,1731,1252,1221,1171,423,296,289,1566,1966,1276,1777,1356,459,440,387,374,520,1388,870,1514,526,509,384,409,952,1606,1863,1348,425,386,409,421,1284,1151,1744,1458,424,347,382,1348,1271,1144,1548,1445,392,427,521,1650,774,947,1667,3149,730,492,504,1119,1225,660,1634,1543,453,499,472,1349,
260,1565,921,908,879,370,345,340,1482,1774,1020,1538,1090,479,443,380,400,423,1263,602,1306,476,453,387,419,714,1504,1635,1175,415,420,405,385,973,880,1601,1202,447,364,420,1304,1028,985,1290,1226,430,356,443,1469,642,704,1436,2636,598,429,485,1025,829,485,1283,1362,418,386,436,1163,
261,1498,703,713,686,374,325,320,1261,1594,839,1405,887,485,427,347,378,401,1069,482,1103,437,386,421,382,512,1258,1476,915,404,386,369,341,758,635,1436,1042,395,311,377,1102,800,745,1029,1013,398,361,392,1311,487,476,1285,2023,529,468,422,770,605,417,1054,1117,426,388,409,1028,
262,1224,525,565,499,390,298,296,1050,1413,562,1136,634,439,392,391,356,392,713,411,716,397,375,413,372,440,1048,1251,659,419,346,387,369,547,520,1116,772,396,320,366,868,581,586,742,693,365,361,391,1034,477,411,1060,1315,547,424,454,682,484,383,762,792,430,378,399,876,
263,924,495,430,489,393,288,280,824,1122,487,933,502,461,404,342,357,389,529,368,574,432,427,430,395,430,698,990,530,381,397,360,345,467,448,972,574,387,328,389,764,507,443,579,528,434,354,370,859,467,424,763,985,538,405,481,543,396,372,553,609,385,340,383,669,
264,736,432,402,494,378,254,253,665,926,369,729,479,437,369,343,369,391,447,355,480,399,358,399,357,411,592,709,487,378,365,399,322,424,420,647,444,372,326,356,526,446,394,462,394,354,349,395,635,451,390,586,812,551,413,442,439,407,364,457,515,373,349,380,502,
265,586,447,387,459,395,296,287,500,679,376,523,466,429,404,362,354,340,427,333,444,360,399,375,349,383,474,593,400,382,333,374,356,405,414,502,414,374,286,344,446,391,381,473,350,386,370,363,563,469,388,490,720,514,396,422,439,392,341,404,443,372,330,393,467,
266,442,397,374,465,377,281,279,437,500,376,419,370,429,396,337,342,361,379,360,426,357,353,390,361,417,460,521,440,344,375,356,366,423,381,410,421,351,328,348,393,417,353,390,322,386,333,376,441,410,366,405,711,480,417,425,404,395,328,426,399,365,325,373,428,
267,421,424,409,453,345,259,255,385,404,371,430,443,421,420,344,352,386,348,382,399,374,382,369,353,405,392,424,394,366,343,357,304,415,357,402,391,364,273,348,387,370,360,380,323,369,326,368,451,423,357,445,691,461,412,403,403,402,316,383,401,356,325,366,401,
268,420,399,386,434,334,283,277,361,362,364,394,3145,392,348,318,320,387,331,345,404,344,353,362,306,393,393,474,413,359,350,332,319,415,355,363,390,288,270,324,407,391,363,395,312,356,343,304,337,412,362,451,465531,451,354,369,381,381,342,378,419,370,289,358,402,
269,390,392,369,420,341,263,260,367,361,350,365,3172,401,370,301,318,344,350,360,404,345,368,294,313,360,432,427,412,343,348,341,328,397,347,404,348,353,262,325,412,366,353,401,320,319,289,344,395,376,374,427,473248,462,373,394,347,353,331,393,388,358,323,311,405,
270,344,384,381,415,341,295,287,381,365,338,353,3089,402,377,286,326,349,319,350,364,339,287,334,305,342,390,424,356,347,313,339,287,383,338,388,380,301,283,348,358,356,366,347,274,330,298,359,377,360,326,432,456848,431,339,358,370,358,305,391,368,342,310,309,389,
271,427,372,345,450,342,252,248,368,338,333,383,2891,377,343,321,306,313,355,333,355,341,352,332,292,371,369,435,404,337,325,320,295,386,334,367,375,334,275,351,357,320,328,380,307,290,295,301,360,361,326,379,434428,407,353,382,381,330,328,343,383,361,308,328,368,
272,358,394,389,419,321,263,259,374,365,335,352,2674,374,339,303,304,308,330,306,335,315,305,336,303,340,399,441,387,323,308,315,291,395,347,382,365,292,251,294,367,357,350,370,281,305,302,290,339,358,319,423,398342,433,358,356,344,375,297,357,357,347,335,312,355,
273,368,412,354,398,332,271,262,393,361,358,364,2558,377,302,291,309,324,289,323,339,314,283,329,286,317,384,437,358,339,321,286,267,341,330,361,355,293,250,306,376,384,349,381,258,302,274,293,347,372,347,401,367581,451,348,330,378,335,297,353,334,329,286,281,376,
274,327,343,353,375,312,244,244,353,309,317,353,2250,330,350,257,291,337,340,315,344,327,302,312,296,316,386,383,353,286,301,303,302,335,306,371,317,255,245,282,365,381,339,380,287,278,291,290,383,375,286,392,329182,403,333,329,335,360,309,345,341,321,294,318,342,
275,369,352,310,369,312,262,264,368,322,303,357,2061,328,329,251,285,280,324,319,368,287,294,283,321,311,363,397,383,267,293,291,294,317,324,328,345,281,223,254,375,369,343,333,237,280,269,278,345,338,332,345,298887,385,329,361,368,321,307,326,336,345,283,292,346,
276,358,370,361,370,300,229,230,386,330,313,341,1898,341,323,271,274,315,309,293,331,322,263,299,264,320,355,385,341,297,264,292,270,324,335,334,331,252,211,290,380,353,331,324,260,296,238,286,336,333,325,368,267069,412,317,345,345,338,287,326,351,306,281,265,373,
277,377,311,338,368,296,246,243,302,327,302,333,1699,293,296,250,278,273,320,331,324,329,251,310,257,311,349,371,330,257,246,279,241,330,293,316,275,259,218,291,360,321,307,320,251,286,246,308,318,342,307,392,240942,401,311,327,364,321,251,318,319,285,233,298,347,
278,332,308,345,345,285,236,233,338,307,320,359,1518,291,279,251,289,287,329,304,321,261,282,292,259,298,350,356,314,251,262,256,249,381,318,302,294,239,222,255,328,333,307,316,253,259,262,300,345,293,312,375,213492,354,359,333,319,309,260,317,336,250,265,304,324,
279,351,311,305,335,240,237,233,313,276,291,332,1295,300,265,271,277,275,290,276,309,275,245,270,261,328,366,398,313,246,263,248,259,293,296,330,284,278,198,259,333,307,299,314,247,251,258,289,305,282,301,354,191854,384,314,276,320,299,242,305,315,283,244,256,329,
280,312,289,255,334,272,208,204,320,289,281,329,1162,276,294,232,249,244,331,275,296,295,270,277,248,255,312,342,290,261,255,249,248,296,274,277,292,213,171,235,288,283,319,302,251,230,232,244,302,297,295,361,171159,358,271,292,303,263,251,305,315,267,200,251,316,
281,283,311,273,308,220,190,186,289,312,248,315,1061,271,263,228,242,261,307,272,288,267,233,250,224,265,313,356,324,265,291,253,249,304,296,321,262,229,187,250,309,280,285,296,232,267,235,257,299,271,280,356,154195,362,314,283,317,272,251,278,310,253,243,247,333,
282,312,305,266,318,238,208,206,302,255,259,284,864,281,230,212,262,251,269,260,261,262,232,268,247,258,331,358,287,219,259,272,253,289,280,303,311,229,190,248,295,286,292,296,259,249,218,251,327,238,248,333,138058,323,260,289,295,273,235,248,312,254,218,222,321,
283,325,312,293,285,241,250,247,280,262,246,278,759,234,227,226,223,238,281,224,272,258,219,223,266,274,326,333,292,211,242,238,270,280,247,302,297,196,185,247,310,293,276,264,226,234,229,232,269,255,265,310,125636,308,289,238,328,257,247,275,270,257,216,262,293,
284,285,271,285,285,240,216,213,272,264,237,308,665,295,241,226,231,246,273,270,282,243,241,266,253,263,304,341,301,236,218,241,226,254,228,264,307,213,199,276,300,285,265,265,216,247,216,232,270,228,275,314,113157,296,227,276,317,247,235,276,278,238,219,215,295,
285,295,239,262,302,240,214,212,279,254,256,259,570,291,230,223,244,233,236,238,263,256,195,238,233,246,292,324,296,246,221,244,213,278,254,252,244,200,170,228,316,269,233,256,200,198,202,234,286,259,238,289,103136,243,262,255,297,239,225,235,274,231,224,207,285,
286,293,260,277,270,236,191,188,301,247,260,287,497,255,217,230,254,247,241,237,261,254,225,236,229,237,299,330,257,227,219,225,239,247,219,235,251,197,198,241,302,246,241,226,179,205,228,236,251,250,241,288,92258,270,246,262,272,249,234,247,248,225,231,223,273,
287,257,233,233,294,236,208,206,252,245,258,271,427,275,264,219,225,206,247,236,241,244,223,220,229,203,296,293,294,242,231,223,236,263,232,246,233,222,193,205,268,264,245,264,176,230,207,225,269,210,250,291,84154,291,250,288,278,226,234,247,240,230,199,209,336,
288,207,261,266,270,253,233,228,255,244,252,246,410,265,247,230,257,237,232,222,240,239,202,244,234,235,259,267,256,218,206,211,221,249,230,243,232,207,166,225,264,237,222,213,172,219,214,236,258,249,230,282,74901,265,277,284,256,236,231,221,241,237,200,185,294,
289,277,250,232,288,198,224,218,256,229,196,230,390,262,227,218,202,220,232,232,246,211,219,237,207,262,286,276,269,220,223,243,238,226,245,218,228,228,153,229,251,247,247,257,184,205,206,206,233,236,234,252,68840,275,275,253,266,235,236,224,266,232,201,204,271,
290,269,254,225,291,229,203,198,244,225,216,228,379,261,247,222,233,232,220,242,255,249,231,244,237,250,284,273,251,225,243,229,195,257,212,232,240,193,183,248,258,238,260,238,197,225,177,225,216,223,249,255,62210,282,256,259,238,218,210,208,226,226,205,217,264,
291,268,266,232,268,228,185,186,287,231,232,228,365,267,226,205,198,235,237,241,214,243,218,237,218,256,234,267,254,219,223,220,224,276,241,213,215,199,183,210,249,242,236,254,210,237,206,214,202,229,225,234,57171,275,253,249,223,217,209,235,224,236,195,222,244,
292,255,253,253,253,183,183,181,195,218,235,254,349,275,224,192,211,226,197,229,218,246,204,249,243,224,228,262,259,236,199,234,231,250,215,207,232,200,146,214,222,244,222,262,197,221,231,232,232,225,197,262,51745,261,267,245,225,227,227,230,217,225,174,198,254,
293,247,245,219,269,195,174,169,250,243,234,234,350,234,214,198,223,243,220,231,255,215,195,207,236,228,225,279,257,227,225,225,220,237,226,211,221,156,154,221,255,256,229,240,181,214,201,207,239,223,199,254,47810,249,257,256,257,223,220,217,271,219,195,196,270,
294,247,242,251,254,229,189,187,235,235,229,251,333,214,218,192,219,210,225,207,226,225,193,208,221,243,271,285,273,233,200,205,194,228,215,259,221,194,161,224,235,234,234,234,185,231,190,206,225,244,227,276,45078,257,239,250,260,220,212,229,223,206,196,184,226,
295,230,245,235,242,212,161,159,232,225,192,216,331,238,237,181,193,178,241,227,247,197,168,233,210,251,290,242,269,215,203,224,204,241,208,245,222,195,143,208,235,228,220,238,158,214,184,212,210,207,218,245,42278,256,224,210,254,197,216,209,239,204,205,200,273,
296,264,229,245,254,238,181,181,236,206,250,228,296,264,199,186,212,245,214,200,205,229,196,228,208,217,240,248,220,209,212,239,204,251,223,229,232,206,165,205,268,223,225,237,172,195,177,207,197,194,200,243,38636,227,243,244,232,191,203,188,210,262,204,204,245,
297,242,208,249,266,208,173,170,252,221,219,205,295,226,223,198,198,205,214,216,192,216,219,195,189,219,279,296,260,216,216,214,242,247,197,236,222,198,150,220,255,224,214,229,183,211,183,191,248,205,228,261,35317,257,237,249,239,204,192,233,190,195,172,195,255,
298,250,249,252,263,199,172,168,230,215,218,201,296,226,217,200,188,193,236,217,237,250,191,240,195,231,236,259,228,233,210,196,183,230,206,188,235,170,156,192,236,239,244,243,192,208,177,191,212,206,216,220,31321,252,222,250,247,170,198,212,209,210,212,148,250,
299,216,230,264,244,192,172,172,222,202,234,198,271,225,188,178,213,205,224,175,224,213,194,224,203,214,270,235,272,224,193,209,220,231,225,229,247,164,124,205,250,223,179,220,162,219,200,183,188,223,205,233,28874,231,226,223,256,215,182,228,206,217,174,177,251,
