165,305022,305132,307102,368229,589965,102292,145183,1405202,398812,251862,340578,272216,625357,595985,383739,474053,305872,321081,312939,330622,556116,557088,605594,459496,372610,404741,366665,381109,548378,439207,505115,424508,282685,320721,358621,293982,636480,445987,391779,871046,335827,338627,351795,382987,513293,506287,544504,1357892,374664,258920,337383,322777,570995,489953,501181,1496174,252677,264365,277541,319815,550057,506525,591524,618418,
166,344313,349485,348685,419178,962736,160667,250609,2788005,454697,289891,387294,311385,936578,935824,462543,646161,369000,348588,336476,372012,895769,765014,1048985,686056,394679,451172,392405,427528,832251,570437,721228,608587,328177,362112,402297,329096,964935,561322,468870,1779082,371957,375068,387308,413561,724560,781903,814743,2598521,432659,297365,380243,373488,884229,673583,602067,2830057,289100,306499,324142,361867,855758,713738,1008448,1154404,
167,380291,392284,388910,471294,1939814,274140,461445,4389187,525230,321231,433672,346368,1847536,1894345,665097,1163496,391907,374201,365294,396626,1734277,1357290,2089685,1341334,424122,516227,429727,485747,1630303,982380,1362560,1173671,366779,404658,447777,358890,1812707,910353,689490,2924718,411559,419001,416889,455731,1361755,1573486,1519215,3836365,485826,333197,426484,415356,1707977,1226711,846787,4078417,319967,343968,362479,403256,1679905,1282635,1976018,2175293,
168,429133,445199,443393,547975,3655808,528718,842820,5885054,676862,363790,496971,390848,3726994,3792636,1337455,2494372,430134,411819,410145,433879,3130222,2672452,3572901,2618947,473216,647810,477925,597536,3142774,2041449,2726393,2395290,413560,464471,512746,401516,3314351,1901014,1400666,3650636,464180,490197,463149,514541,2717503,3035423,2892983,4509951,551816,374120,502071,465641,3275355,2503568,1602306,5005365,358817,387805,405111,460753,3173169,2574211,3475055,3408471,
169,488042,508953,520074,690779,5621588,945861,1311015,5645191,1031203,408406,614481,444027,6133485,6146832,2798518,4535400,490050,465486,479413,487783,4329967,4194358,4621731,3843869,547199,963813,561317,866616,4565509,3490795,4182974,3705360,470772,577603,627581,454823,4595767,3345019,2678395,3865219,542118,645022,529505,616840,4165016,4347090,4257205,4608567,650082,428203,651156,526122,5023272,4108020,3120068,4914028,402357,446360,455346,567406,4692067,4138953,4716163,4226402,
170,632966,667463,763311,1231111,6562848,1454406,1892849,4860108,2097390,504394,1006268,571687,7433020,6933772,5030935,6435600,614127,604672,700779,605585,4936141,5289954,5035198,4478187,779449,2048011,825365,1788339,5216362,4610498,5041236,4505793,583824,988053,1021853,584312,5117194,4480116,3934134,3915570,775952,1197913,697741,939578,4981609,4839766,4945369,4593279,964287,546842,1147840,645924,6273788,5648828,5148201,4549012,497058,586046,548650,933665,5590240,5378175,5187656,4496484,
171,987639,1105117,1392999,2406236,5792525,1989961,2827450,4711307,3521412,743781,1898810,916238,6474109,5899856,6085457,5989205,939709,973781,1324525,900609,4952265,5404606,5061927,4586294,1404785,3812538,1526353,3372239,5163691,4808914,5082661,4561524,864964,1941623,1941089,920348,5187446,4815961,4458429,3971295,1393950,2362031,1142964,1751194,5016210,4822663,4975794,4658621,1773921,866393,2179778,913163,5812529,5837592,6586973,4524420,718876,980519,748575,1776658,5323926,5541711,5034627,4436680,
172,2081581,2454666,2932055,4252688,5370275,2941320,4923365,4901058,4745605,1591984,3544392,2016056,5864070,5400801,5427767,5271982,2120766,2203665,3021545,1937570,4955275,5388074,5132521,4671619,3195891,6349735,3275928,5644633,5194985,4742657,5062192,4558063,1851409,3672097,3731828,2018233,5322449,4933494,4645926,4096318,2980701,4286549,2517509,3622644,5007389,4959919,5004407,4813200,3576251,1894265,3829021,1861966,5341235,5272852,6516563,4652930,1482874,2177314,1475182,3345353,5145407,5330633,5048166,4459704,
173,3592307,4129330,4414590,5298613,5924870,6038741,10614872,5709387,5139146,2937457,4760107,3433384,6432145,6035902,5362455,5552882,4223230,4168391,5164227,3746645,5347898,5754425,5564735,5155803,5619622,7199416,5382660,6806947,5718351,5095701,5455529,4999434,3401956,5018136,5295423,3620618,6037503,5566292,5328877,4788840,4784178,5873401,4445088,5673366,5421668,5743685,5615778,5578221,5047138,3290711,4788195,3434333,5561979,5351635,6189487,5180509,2711129,3569603,2772021,4458736,5498359,5560231,5528633,4809945,
174,5032245,5431270,5206771,5402151,45160524,54065399,61842465,51514839,5260336,4337637,5269534,4619490,62987705,64662211,86739040,54788817,6888552,6368458,6238084,6280115,46400013,48985086,58027243,66716298,7251005,6217383,6886144,6006553,46231511,41530465,44985652,51680642,5048750,5432012,6081863,5458721,69953168,69488978,72232780,79179812,6142332,5996950,6610071,7097255,52043620,71888932,90746788,74168347,5650620,4479241,4926182,5118615,50440664,42936119,47159713,57972220,3987356,4552555,4307286,4757101,49730138,44591840,84504369,57204294,
175,5387110,5595451,5196351,5516793,169295814,164258458,166380140,218271853,5459292,4823529,5327062,4907121,207406528,214111856,268613053,192776316,7013309,6292812,5634412,6815682,168957206,176812992,204907980,224467304,6677055,5796086,6383478,5580548,174512528,155848791,162335857,187456219,5575768,5435099,5867047,5836953,228804692,219901852,227276377,243410850,5993003,5639211,6761523,6591968,191355994,254706369,263469428,243603476,5844348,4743160,4919644,5617395,172446052,146094086,157007235,200293405,4492979,4880256,4991654,4864776,174445057,163774802,308249491,195168108,
176,5498998,5928436,5572512,6382957,281127705,230840562,228936267,283359842,6136690,5116769,5742300,5166709,273047754,282622042,276149660,231811830,6288164,5620713,5316801,6166047,203170653,227976464,230650765,274197985,6145880,6027222,5892972,5708614,253245893,197634523,193219698,186398093,5949609,5891993,5957603,5627452,184330639,176707898,153746158,194348517,5898669,5707186,6306134,6186193,228146708,197582275,195022435,199514789,6739898,5095401,5423480,5736344,255126833,213602754,220433936,270420880,4883738,5568631,5442371,5465483,244852442,228096688,249908050,230140153,
177,6986168,8135291,7653912,9072414,325044323,281040550,296322181,349427556,8609535,6635783,7658687,6939126,327303583,338337721,293281259,306030712,7317756,6419419,6544277,6438192,238580182,295301585,231303016,293092168,7024226,7560327,6702810,7394302,228785196,201834783,185988173,198725841,7835254,7946823,7594402,6535432,161143707,159013162,160129954,166956791,7065169,7188198,7196162,7341058,197283861,171796480,171356006,174807264,9581775,6989720,7595449,7268522,308222418,274239648,268465057,312945318,6793371,8078897,7176547,7975424,281199304,265934783,277163463,301467202,
178,63625941,69958825,68616182,72876130,352640136,315601665,342221831,398857073,103623849,38798739,63168360,69277944,390795943,393194954,342739762,337413323,83903841,111033547,89915200,67045453,221114829,235813509,199909620,301097403,84331594,26174347,68587664,89988714,240651683,205095749,183012963,192884867,91749999,85906913,71885306,63256028,158582855,155815558,148233463,160064362,66266601,70256280,71608141,82217178,209565494,164926819,128792776,164065247,111179868,86277152,79371362,63098382,355695850,301861533,384828515,353049472,106220860,101077731,78598173,113009183,305815740,277931522,235236171,97225631,
179,160158885,163388514,159713818,143402095,373280847,329502504,357002644,429380525,215499835,169064573,140404782,163291175,442497922,436287811,393904091,387005302,224398451,240580727,210607216,157347619,209614376,251827781,220342262,290813022,196756983,195036540,156778329,255991688,224681499,202172469,181513527,193832968,180739711,190531392,173076193,149141781,156778334,157125936,161314387,169562656,149430449,163089122,162212314,184573842,204495958,164596806,164392998,167314382,246685813,195902167,183359855,145444637,385868309,318234554,299656952,358246141,234414984,188537752,330251740,245288788,322798966,293402024,278138286,336280963,
180,180054326,173716835,177212212,238918380,365040870,338613259,392579751,455431143,212609284,185977907,174092202,173868844,477306629,490294690,458996749,428082832,140737989,260476241,242597090,195020378,206826357,214989165,210905951,296936433,218562986,240300086,197444100,172342334,214012486,196197146,178003227,187784607,212060840,200019266,243582278,196083356,157641201,157047896,165439712,163806850,200717856,209857250,211276377,232601954,191822741,163335862,162721306,165281091,288022087,177592666,176437930,167766176,398610509,329952050,288566403,364002318,175943839,200593089,183288288,183082091,324980415,297555763,259041905,279183926,
181,180552013,182094282,175966930,185681443,410329172,350812594,418418303,467675671,204408386,211703236,179524384,166671138,512997790,529321938,514040669,489339180,291251651,284850365,272093652,221533968,189981349,215526089,209567410,295764312,272178742,285090431,232032655,258020708,197465043,189131296,170349346,164554365,240189535,180531211,281876807,233904242,155394911,154555834,156967379,157419718,238977161,243254843,252215981,257816016,174237325,159393386,158922893,159014524,177488560,169479290,172958063,183656504,402677510,343045715,326593769,374019673,183866222,175945406,170709624,177115712,323481775,301937798,268115362,254471181,
182,182612398,190886196,176353711,182138098,423105782,366611981,447990871,480072968,230249763,207803592,143876684,177740092,536278805,554092056,540830826,528187735,318344556,323597970,297067026,270030364,179289986,196339289,195544059,211542625,327284870,341507446,290368245,304090208,185226371,174379580,162773390,174865509,276377742,254864128,335308925,275180502,153710792,153069134,154400391,154951377,277465885,277501661,298465251,296242012,167251197,115885328,155927642,156878720,165449577,96460494,165972264,187664607,388861735,355411986,322855790,374484015,171055106,165112486,163972482,163056346,318603646,290173701,233614752,237733597,
183,196834419,187079978,177417453,185448032,428741426,384933225,461737543,518104090,220825645,221337443,193429447,176675010,475674782,568625408,566268463,13803824,354465721,362345910,356160443,303690212,172264369,186165999,194532087,260231732,367615031,368801357,317800732,329852636,173227914,159761721,159311182,171680276,295135847,252008641,365993189,300251627,150488075,153006111,154466819,154851887,300496635,297371900,327028046,319082791,161287664,159069531,155673531,155396582,162430093,160665389,164351593,191195773,375070133,359263213,267247138,345397011,164604513,161957569,161835621,162999487,306484668,286267707,251768333,251987528,
184,196621133,169124142,173952443,174843873,423933175,412488440,488737359,486793637,210708292,232544203,192442609,178118205,550298140,578156968,578057124,573498707,393790936,397852285,399550409,347507408,169510389,185487825,185214777,249625704,412077944,399274454,329939829,339159122,165976657,168400614,157815822,168018678,300772361,273987637,383561757,318616940,153321246,152777810,152725351,155237594,312067411,312767229,353269519,333291842,161869478,160607966,155173399,156022334,160113809,158839943,196087105,185738941,373466743,361288934,328639422,346394505,161631184,158570467,156832440,157809913,300231854,282327413,252958767,230388055,
185,204281944,190961846,173277565,179614654,463386612,443341213,458884366,481544818,214381038,227575168,181635058,169352531,549694934,575159611,577512931,580066063,425398767,422165539,435548577,376287087,166744902,182597703,178883949,247258734,438982183,418472095,363157643,339596000,164202577,166265094,156605268,165961917,305812541,270075954,385837927,327938366,152321986,151959786,152675210,153396769,318384846,318703647,365566923,328555251,158104726,160150435,153981716,153890254,158552514,157148472,161696060,178900274,384425668,367319353,338859567,368207522,156982119,157754978,258039058,160807594,299206004,271479546,252936349,244378188,
186,190597202,192964772,170507429,174585495,486618539,460236055,453501110,468652176,203922998,182355063,165007660,168402371,527216180,540554286,550637946,560360602,457728326,442450299,457458823,409158397,160662034,174634068,171578943,229054090,459841782,439871798,350394269,352207318,163575240,161872112,153779256,164756344,304770600,279202432,384587772,335305665,146806228,150228667,285133418,151098687,318536027,321656030,366188117,345468949,156554507,158395379,151853343,152847334,156852373,157740976,159710638,183821139,400279753,375686446,337997097,375399882,154929207,155305383,155756304,157740707,300191885,275411918,248627257,243990546,
187,193463091,192285405,167700816,158686804,441778946,406187182,342454520,398101497,203401612,188438908,161198230,164769346,439875860,446623153,457207220,481586291,208405750,453990301,475456415,416665153,137789416,146667310,144314409,185014737,469523720,459628056,366756242,365742382,140789495,139817338,134663223,143606107,329092806,227794452,388276347,323233806,131305087,130749413,131234232,131178095,316921253,321204977,359824235,348395060,137520432,139184985,132921865,133303507,155392041,156382042,158310217,171474920,351185952,341011159,344380283,405708069,154730194,150964628,155040727,155773413,265124502,238061757,212104784,205895887,
188,188678831,190086080,169723054,168202214,220975424,216606166,207353857,212066325,196819039,188555977,173150308,163417861,228246737,230506202,232479770,247508013,465248496,460403929,479187294,444613528,74384982,76979258,77104245,94584118,478299488,500541921,390343110,380192354,76430264,75687970,73780732,77551777,238353783,273584350,405945594,317322456,71309107,71045257,71068176,70742504,317958562,324566014,347358893,361956926,75448234,76549807,72376295,72374219,151757426,154541699,156930038,168776109,193277990,185364338,173251233,181706201,153667166,153335958,153744868,150211071,141781274,124570437,108641540,89119909,
189,184133282,189178093,164267795,164295090,37968340,41019352,39586286,36006887,189392608,206477185,159962761,158674875,37556782,37737945,37880784,39874913,468938920,450317044,466601947,438013263,15144128,15828105,15485583,16688063,468436567,447434081,398249192,391227956,15813564,15035089,15091138,15173814,278550148,237321269,374525695,313810017,15081156,14724928,14427077,14060890,310734457,317353438,344806727,363918630,15461878,15651383,14969974,14790585,149047000,149276136,151753327,162310595,29776228,32200765,31821565,31933232,150227398,148342597,148578860,147829900,25405035,22626012,19775111,18787658,
190,134598074,139061913,108349920,118939622,5291851,11020314,10926021,4928443,137973750,126147672,119863358,122073458,5701092,5299045,4754776,5194658,344872938,336245617,339069212,325203249,5003130,5360721,5089367,4636088,339767616,328866822,308675910,313898582,5138496,4703782,5043051,4520682,203471440,186263344,272775588,231942919,5301611,4953770,4660641,4142574,239867718,242714657,265127748,282123598,5039216,4836284,5063695,4794495,110822800,110735797,112203152,118187740,5329482,5111658,5722186,4760416,110118684,109986743,110447114,110541986,5123986,5265170,4911250,4547809,
191,59258617,61547551,53204544,52435234,4706354,10438132,10352470,4407141,59863917,54649135,52423436,51042501,5155613,4745445,4187531,4606019,152892201,145781689,144416810,140148863,4810692,5166542,4920595,4424764,144565268,143091488,136433750,136196855,4946855,4519443,4856085,4329187,87597609,83036628,119842168,100647986,5108272,4759904,4456175,3937403,107481861,108085805,116563781,136635274,4852042,4634326,4866664,4603276,50051597,49123127,50041942,52754808,4824356,4622396,5231344,4277187,48843716,49143106,49686927,49424586,4744981,4944540,4657382,4302729,
192,7630780,7766753,7214670,7412965,4674172,10264290,10133092,4391299,7780846,7000022,7244546,6842270,5134147,4724851,4172174,4581889,12461742,11564463,11250293,11600585,4782850,5151158,4886580,4401627,11859277,11785132,11589495,11464015,4922279,4498278,4838234,4308277,9102048,8409981,10828950,9551263,5081821,4734827,4429048,3922946,10345934,10226222,11035287,11622921,4831575,4616911,4850814,4585741,7685372,6722550,7020334,7664224,4804253,4608441,5212006,4259437,6842900,6865094,7253832,6923039,4723663,4928851,4637552,4283422,
193,5195361,5215751,5050404,5275115,4677050,10128177,9901121,4386622,5319194,4745467,5196920,4756208,5127207,4723799,4165615,4575758,5705572,5207876,5044933,5508818,4775551,5142178,4875637,4394504,5514363,5650128,5521238,5507779,4911320,4491479,4830760,4299689,5369226,5044764,5599670,5107381,5077358,4731386,4426881,3919489,5359234,5340696,5574581,5749232,4820422,4611934,4837272,4579958,5665147,4693576,4973008,5531557,4806483,4602034,5206352,4253899,4800938,4843606,5215922,4895073,4722030,4921823,4631180,4279643,
194,4904305,4921954,4784525,5021107,4667936,9884380,9353673,4386452,5018577,4459859,4942498,4500636,5113611,4712128,4158604,4566906,4937715,4481636,4336396,4816206,4768719,5129320,4870329,4388516,4805450,4948014,4805138,4819020,4908536,4489253,4821357,4292618,4934642,4680082,5000598,4560496,5068809,4726081,4411303,3915643,4788727,4716842,4928988,5085356,4815309,4607807,4827027,4577667,5430658,4457708,4731417,5277535,4794204,4593386,5194005,4249852,4557419,4609564,4971526,4660409,4705354,4904364,4620041,4268304,
195,4870932,4892578,4758049,4993141,4654766,9293831,8052729,4385242,4983030,4436131,4909643,4472450,5108443,4706925,4154686,4561197,4866762,4417018,4276749,4754136,4759644,5117039,4866221,4381417,4739834,4887514,4754105,4757348,4899024,4475678,4813287,4289456,4884743,4629572,4941153,4498723,5067061,4720866,4402848,3914381,4731555,4661219,4866933,5022466,4810611,4592604,4818961,4573195,5397965,4435335,4703350,5249887,4782682,4581571,5183438,4247681,4536829,4588701,4946052,4630439,4703181,4904141,4615077,4268504,
196,4859150,4878112,4738771,4977417,4652739,8118688,5970055,4379337,4965231,4431094,4891715,4459110,5098588,4697001,4141905,4555020,4839271,4393961,4255932,4729994,4755719,5110252,4851564,4378068,4718038,4867032,4738914,4743974,4893471,4473650,4807765,4281034,4866126,4611780,4921903,4482678,5047089,4709908,4400409,3909936,4709843,4632118,4844942,4994259,4804090,4580918,4814556,4571955,5389486,4427839,4692907,5240243,4779325,4574927,5177985,4248276,4520034,4573884,4933350,4625080,4696465,4892067,4609863,4263903,
197,4855417,4869054,4729471,4966399,4645982,5941981,3396362,4375830,4956351,4446183,4882759,4451308,5086517,4689565,4136732,4549657,4836290,4390803,4250825,4729628,4747977,5110651,4845804,4366707,4711382,4860456,4738410,4739901,4888256,4463225,4794645,4272027,4864939,4604684,4914765,4476964,5043508,4701422,4387715,3906477,4705183,4623765,4840696,4990256,4792799,4575350,4805525,4566606,5383048,4422122,4687869,5238656,4772866,4575422,5173658,4241701,4514320,4564718,4929372,4615579,4684714,4889224,4601795,4263469,
198,4842093,4856936,4721717,4955594,4635683,3277164,1557687,4370582,4951296,4413296,4876050,4444863,5073806,4674442,4128502,4537898,4831101,4382217,4242429,4715904,4741631,5094634,4843074,4358464,4701854,4850788,4719948,4729184,4872692,4454191,4784370,4266536,4857545,4597349,4909459,4466782,5025466,4684612,4374395,3908171,4691347,4617735,4832943,4975235,4780117,4565813,4793815,4559460,5372987,4415419,4680280,5230023,4767839,4609936,5163495,4243229,4510513,4559437,4923442,4612465,4678728,4882511,4592986,4258290,
199,4839733,4852139,4717250,4939798,4614951,1646206,903789,4365696,4941324,4408325,4868207,4443941,5052331,4656621,4113306,4518352,4825372,4378736,4233426,4708820,4727046,5086190,4831787,4350930,4693568,4845500,4713417,4718330,4857441,4440673,4769409,4249334,4850160,4591126,4898252,4455321,5008567,4672627,4357815,3901196,4683732,4611398,4821363,4972100,4765428,4550860,4781995,4557200,5357637,4402694,4670392,5212314,4753335,4604872,5155003,4232620,4498623,4554515,4916002,4602758,4668508,4868684,4586451,4254494,
200,4829843,4833978,4705477,4935225,4597663,934342,704774,4361825,4934018,4401093,4858616,4433862,5029350,4634873,4100913,4508238,4810430,4371489,4227708,4703068,4709352,5069508,4812764,4337086,4682706,4835318,4689005,4706226,4839245,4425964,4747109,4235904,4838771,4588806,4889248,4457835,4983695,4640977,4340624,3893224,4676876,4608369,4817118,4961459,4763289,4524019,4767427,4544405,5352178,4394616,4658308,5203360,4734391,4591969,5141959,4225328,4491778,4544141,4910218,4586980,4653737,4858847,4563831,4246825,
201,4817161,4827266,4696512,4921539,4574626,715007,645858,4348698,4925033,4397466,4853086,4425386,5008245,4619189,4081248,4485694,4800677,4355160,4216736,4693719,4691186,5051548,4787768,4320271,4667029,4826653,4699419,4699412,4813955,4405484,4727890,4211548,4829384,4578029,4878149,4448771,4958092,4617677,4323489,3876942,4668664,4595862,4808788,4952208,4738507,4501208,4742044,4533795,5324777,4384842,4651684,5193714,4717046,4569970,5121993,4213203,4486020,4525158,4897910,4582302,4634483,4844978,4546867,4242931,
202,4807647,4820025,4681714,4907814,4556842,647812,616392,4331019,4914855,4388580,4837845,4419581,4988107,4596656,4063226,4461225,4785615,4343392,4203528,4682995,4667427,5026190,4753738,4295533,4657714,4818815,4684529,4689177,4791185,4382036,4692803,4184631,4823367,4566217,4872538,4433874,4928325,4595499,4293810,3866008,4656022,4591294,4800217,4943693,4710167,4477869,4714804,4514007,5308975,4372235,4638383,5185354,4689779,4547656,5096524,4202589,4472951,4516112,4884564,4567622,4612612,4820503,4520199,4235105,
203,4800935,4807537,4672856,4895690,4537857,617836,592739,4323799,4899355,4377713,4825698,4415103,4967212,4581151,4047319,4446408,4775463,4337817,4190647,4672949,4644364,4994063,4734912,4268622,4648800,4798699,4678680,4673378,4761707,4358553,4671079,4164931,4810855,4551035,4863024,4426914,4904316,4581853,4277169,3855521,4646778,4578136,4789696,4932579,4682745,4456717,4697115,4502376,5286812,4358875,4624701,5168080,4668635,4525586,5071903,4185629,4460645,4491676,4866754,4553084,4586255,4806577,4500942,4220463,
204,4789370,4795505,4651171,4869012,4516867,591762,567188,4310129,4891208,4370730,4813286,4391624,4942989,4563312,4029337,4430521,4746826,4323685,4173307,4664553,4621426,4964028,4702636,4249974,4624392,4779346,4656358,4644449,4737465,4334073,4651235,4149367,4800601,4540213,4847707,4420968,4884132,4563643,4263186,3844065,4630562,4562107,4774558,4912995,4661387,4437115,4673912,4483706,5247827,4343303,4606503,5149564,4654249,4505405,5040889,4176466,4434389,4468472,4848708,4530325,4566434,4777622,4478177,4208370,
205,4779425,4775388,4640440,4846881,4491532,569920,544895,4291805,4872057,4353550,4801652,4373968,4917213,4542748,4008542,4408516,4730053,4309743,4158281,4650256,4597707,4943640,4686933,4228749,4603293,4758023,4633607,4631858,4713577,4315353,4627402,4125101,4780437,4524323,4841419,4409452,4855151,4541371,4239885,3836013,4615565,4546122,4755256,4892598,4632568,4413956,4653063,4476024,5222955,4323021,4586134,5121034,4628099,4485175,5019316,4160608,4410413,4454507,4831460,4509093,4543829,4748570,4454211,4194382,
206,4762395,4748110,4611578,4814237,4476302,542414,516348,4280308,4850834,4332881,4773623,4362251,4891369,4524782,3991285,4392181,4713410,4287904,4135572,4624964,4577256,4917526,4661402,4207994,4585982,4742525,4626896,4608882,4684973,4287619,4597689,4103666,4761567,4498594,4814666,4393094,4823694,4520520,4215495,3826600,4587409,4518276,4736280,4873594,4605557,4377121,4622617,4464457,5193176,4293859,4563255,5098356,4604739,4466115,4990573,4149760,4391599,4429536,4801763,4488289,4523671,4723452,4434132,4186482,
207,4742703,4723487,4585722,4796433,4446401,517514,489846,4270301,4821653,4316067,4750776,4334287,4862696,4499460,3965707,4365243,4694962,4274122,4117368,4607872,4552650,4881203,4635732,4181380,4563758,4722560,4613401,4585483,4654403,4265544,4567679,4082442,4734928,4474297,4789185,4366285,4791570,4494393,4186918,3818286,4570026,4505816,4713950,4847352,4579750,4354057,4597598,4445782,5160307,4269129,4541593,5077461,4586486,4438216,4961224,4125092,4371920,4415773,4784703,4470128,4495648,4701863,4407944,4164966,
208,4713020,4691936,4560647,4765456,4414788,485572,455790,4252177,4789632,4288526,4716998,4311952,4818072,4463723,3938333,4333065,4666971,4251739,4094711,4578740,4521709,4852465,4603926,4152184,4543027,4698538,4586627,4563892,4620211,4232689,4535635,4047203,4707112,4443322,4762502,4341107,4755583,4448459,4145280,3800614,4539916,4476834,4687654,4822052,4545317,4292859,4566630,4431474,5129399,4256471,4515935,5045275,4552826,4413106,4928448,4110082,4346003,4397219,4757206,4445204,4465670,4672662,4373240,4152741,
209,4686305,4669276,4536688,4740050,4367380,455075,422829,4236110,4768963,4268592,4696373,4292259,4756781,4424343,3896301,4301391,4628167,4234852,4073308,4560717,4496775,4809254,4565580,4122448,4515609,4676524,4566342,4539832,4562741,4186470,4479146,3976600,4679868,4425147,4735209,4320581,4715202,4385718,4088860,3788584,4514520,4460227,4663770,4800049,4516257,4186883,4540515,4413490,5102678,4234804,4491177,5015476,4518970,4379805,4894793,4098531,4322913,4373231,4740346,4427139,4435950,4638458,4337654,4136749,
210,4663396,4635791,4504407,4699689,4259441,420478,385626,4214992,4740744,4241747,4665134,4259329,4608639,4354658,3790713,4231978,4599743,4203239,4049057,4528553,4461426,4752426,4498181,4051174,4481903,4653142,4537654,4513716,4389217,4054401,4312909,3766547,4650629,4396453,4708367,4298547,4633029,4232189,3947528,3771448,4483946,4431905,4638848,4765500,4438888,3829838,4496495,4394423,5048391,4205367,4469759,4978936,4476524,4333252,4840942,4083789,4305007,4340442,4713552,4401207,4376362,4601160,4277798,4121358,
211,4634714,4610882,4483727,4676108,3964475,384334,344694,4196235,4713330,4221613,4640816,4249890,4213419,4196362,3536141,4081935,4568612,4184127,4031901,4507630,4398259,4636579,4341071,3873442,4457643,4626830,4516396,4489442,3940635,3711833,3890468,3273939,4620381,4375078,4684303,4279757,4455211,3876199,3606771,3754810,4461644,4407136,4620673,4745711,4252002,3087522,4422153,4375946,5001494,4183880,4447389,4960217,4401789,4238323,4745826,4054427,4280861,4303288,4690794,4377783,4225952,4538344,4126046,4101351,
212,4603845,4572660,4448842,4631639,3347541,348181,300940,4171504,4683778,4193317,4613020,4220496,3428282,3827519,2997902,3724665,4504686,4159447,3997724,4474506,4259297,4336487,3956193,3459215,4428544,4600397,4488676,4459317,3113872,3045264,3097969,2463323,4587365,4340777,4653572,4253344,4061898,3182962,2955281,3729639,4429855,4376482,4586187,4712339,3793213,2090974,4248584,4343882,4934353,4149290,4416861,4917695,4195540,3982787,4516860,4002667,4246029,4247515,4658722,4346097,3848559,4378246,3759945,4082961,
213,4578778,4528680,4419009,4565296,2279527,298173,238359,4101382,4654650,4164715,4580008,4194234,2182694,2967193,2030122,2891143,4411768,4127002,3951714,4447749,3848735,3609800,3093271,2614282,4385668,4567793,4465020,4419750,1931814,1994837,1939678,1439214,4551337,4306849,4627040,4218408,3165292,2076450,1923927,3686305,4395107,4347669,4553379,4678457,2856359,1088323,3770283,4293259,4811225,4104498,4383604,4875240,3645777,3325540,3898070,3820765,4208395,4159672,4620007,4311549,3019065,4129900,2960845,4053163,
214,4547313,4416589,4347314,4364194,1139317,229658,159621,3869984,4611266,4143782,4542504,4122603,1011043,1687580,980059,1631310,4119606,4082288,3821572,4403662,2897894,2354585,1836533,1463100,4278084,4520947,4426770,4344125,898404,961968,911115,647070,4462761,4220083,4588796,4178259,1828494,986948,903685,3535548,4332632,4272085,4497928,4625888,1596307,489774,2713024,4138840,4458254,4001529,4341932,4808142,2537293,2151731,2681176,3274516,4136009,3900503,4563285,4246357,1787409,2928025,1771134,3944211,
215,4508867,4164742,4206029,3913616,545634,160244,96114,3290278,4561153,4062659,4489572,3995953,496866,805522,451523,760430,3521752,4001080,3538305,4323714,1752730,1248104,914253,701277,4034737,4422002,4376185,4170401,454790,467288,461394,338606,4282169,4020011,4534911,4114746,900653,474398,430390,3111791,4186714,4093126,4397786,4534220,761552,307702,1546414,3700455,3790508,3783896,4258650,4668578,1406980,1113938,1458280,2334242,3997481,3403406,4484057,4137292,887831,1749631,891056,3645770,
216,4437786,3529748,3795232,2982413,329389,98087,55907,2252502,4425994,3838423,4364180,3636493,331776,413662,270721,383466,2444664,3802725,2879066,4136798,860631,606071,464246,366001,3419842,4153096,4256867,3680445,312890,296784,308005,246316,3812608,3490477,4429117,3936039,488119,306760,276854,2235702,3779254,3610651,4103918,4279406,405536,257463,736788,2771838,2672789,3246895,4047946,4296992,670079,525432,675510,1292148,3653804,2504374,4296539,3866833,446386,843668,451375,2920124,
217,4274797,2498429,2988288,1855114,271573,60032,40217,1218904,4097921,3302833,4126159,2913505,289247,297394,225571,275081,1347643,3315129,1922862,3676899,460294,381726,319971,265651,2399337,3538019,3954267,2772196,273927,250356,266174,221909,2953508,2577608,4136221,3476376,359544,263552,238982,1251332,2975091,2723403,3448198,3668970,300883,244112,418023,1655374,1527599,2362014,3544222,3502350,389271,325633,389492,652519,2960643,1488756,3874658,3266569,307045,444629,310392,1881354,
218,3710944,1214243,1677652,838970,253454,40835,34191,594867,3171760,2160936,3191622,1686834,275303,260160,211571,238950,565067,2196608,890358,2575559,315443,308748,269321,233524,1149706,2271188,3070356,1480646,261426,235656,251317,212497,1638662,1348819,3269260,2393312,310317,250062,228672,589543,1693341,1451430,2151002,2385763,267047,238353,305606,805809,677806,1194835,2417135,2091021,296289,265368,304648,382528,1728805,637397,2819074,2079673,265233,306318,265920,930292,
219,2730021,583411,827404,457242,247433,34288,31445,389584,2011438,1154997,2065483,840541,270710,249318,206413,228143,331146,1167512,438363,1444265,266998,287617,251775,224193,553111,1209839,1932017,737940,255180,230400,246431,209002,804321,659030,2119344,1336420,295343,243951,223706,367917,847791,712004,1112136,1283791,259025,232843,266853,480309,415985,574238,1349583,995126,264639,248800,284355,289536,859146,351375,1656648,1101113,253151,265874,253878,500760,
220,1419865,332717,406928,319987,243273,31986,29881,309331,932268,502109,972705,396571,264966,244171,203488,224512,265721,500854,271992,618203,247674,278820,245298,220280,323401,554608,865461,395609,251187,227118,241392,204531,392866,350708,981400,576956,287983,239879,219759,283471,413975,370745,494227,576663,253004,229955,252092,362241,332264,317306,612095,501975,254300,242075,277452,242834,411709,263711,724691,506526,246849,251052,247503,345345,
221,697879,278878,296719,287381,238976,29615,27829,256707,514938,313410,514841,284879,260923,239739,199716,219609,251798,314789,235435,360421,239378,272923,239925,215631,269553,364984,450873,303316,247123,222846,236928,202086,294685,273214,510828,339011,283034,235315,216572,231425,302234,281808,328847,368770,247996,224811,244981,294940,313748,256335,382709,357618,248710,237916,271477,214465,297341,245451,411942,337583,243228,245005,243384,270125,
222,379465,262484,256379,274068,234296,27357,25646,225963,352384,250433,333934,248057,255259,234052,195125,214876,245347,249558,220411,277382,234144,267647,234862,211700,250131,287411,302968,259899,241898,218804,232081,197825,265047,245325,332402,260928,276243,231090,211635,199135,263707,243762,276018,291753,243379,220849,238630,249496,303637,234703,289393,310959,243443,232904,267127,201185,251746,239090,303522,273067,237768,239749,237723,223768,
223,298785,256514,244870,268036,230549,25696,23965,214860,296560,233526,281424,237643,249613,231265,192378,211369,240645,232523,216247,256713,223126,264664,231149,208076,243710,262841,266908,246694,237579,214466,228069,194490,256688,238301,286427,242653,272046,227681,208516,188233,253435,233706,263500,269363,238149,216820,235189,230130,298439,228723,259438,298153,239288,229116,262401,197061,239604,234772,277284,254176,233218,236010,235042,204717,
224,261200,249968,237285,261874,223761,22776,20978,208152,265183,225043,255663,230842,243098,225127,186580,205464,235101,223887,210511,247554,216442,255769,225660,202421,237219,249632,253075,238629,231391,208901,221527,188201,249998,232526,263806,232910,263440,220003,201430,181262,245563,225975,255160,258501,232457,210583,227908,218286,291522,222885,244135,288961,232817,223305,254687,192102,233113,227441,265710,243832,228554,229847,229163,194723,
225,253857,247144,232651,257664,220106,20665,18933,204516,256867,221393,249882,227824,238893,221229,182738,202095,229969,220040,206903,243054,212673,250544,220760,198197,233241,245520,247460,234691,227601,204171,217829,184267,246007,228024,258082,228867,259279,217192,198548,178394,241271,222254,250428,253002,227121,207344,221922,214550,286011,218948,238121,283236,229420,219956,249871,188484,228381,224342,259343,240203,224471,224895,224024,191188,
226,247831,240616,227424,252483,215678,18539,16714,200897,252365,216700,242910,223687,233916,215864,179872,196955,225755,215746,202723,238635,208806,246069,216351,194443,228170,239966,242467,230224,222773,200323,213143,181269,241947,223694,252300,224645,253608,212670,193885,175840,236640,217935,245333,247821,223474,201971,219690,211904,280746,214492,234550,277219,224577,215122,246887,185525,222841,219746,253952,235262,220034,221221,219721,187957,
227,245022,236932,224532,247699,211361,16847,15009,197796,246849,212802,239753,219567,229687,212029,176349,194510,222389,212059,199178,233329,205484,240606,212686,190932,224778,236139,237783,225463,218613,196777,208914,177679,237635,220023,247474,220454,249036,208483,189807,172753,232483,214531,242676,244322,218815,198464,215614,208473,276905,210927,230505,272774,219525,211422,241084,183067,219198,215498,250755,230695,215764,216540,216043,185283,
228,238590,232532,219061,242717,207445,15304,13541,195123,242625,208266,235134,214938,225483,209010,172868,190159,217275,207416,195112,230482,207579,235604,208243,187912,220496,230663,233376,219800,215075,193517,204437,174216,233831,215046,243710,216740,244915,204542,186678,169808,227248,210013,236544,238929,215062,194103,211139,205505,271769,207129,225576,267594,216095,208181,235675,180025,215133,211827,244024,227092,212229,212287,212145,182057,
229,234617,228094,215835,239265,203971,13249,11274,192454,238272,204282,230712,212396,221350,204799,168946,186034,213697,204710,191820,226208,203710,232520,204848,183320,216039,227202,229210,216856,209240,188501,199827,169875,229200,212100,238643,213042,238750,201046,182245,168010,222785,206580,232958,234318,210132,190032,207266,202447,265622,202838,221878,262612,212333,204399,231764,177832,212251,206917,240735,222760,207721,208354,208352,179399,
230,230605,223284,210879,233648,198773,10708,8645,188149,233395,200644,224454,207142,215090,199145,165475,182892,208777,199488,188059,221069,194074,226590,199024,178960,211349,222915,224486,211838,204515,184276,195566,165901,223136,206897,233921,207633,233659,195454,178642,164697,219401,202331,227062,229456,205751,184888,202665,198812,259090,198002,216788,257430,208734,199351,226983,174051,207184,202514,235777,217770,202332,203671,203382,177054,
231,225988,218149,207665,229630,194050,8729,6590,186472,230417,198216,222227,204039,210204,195067,161658,178343,205407,196348,183890,217091,189092,221472,194474,175734,206937,218371,220217,208223,199277,180748,190534,161842,220124,204308,230045,204944,228835,190929,174005,163138,215033,198477,224475,226124,200377,179564,198341,195534,254389,194540,213665,252780,204517,195038,222638,170865,204131,199128,231753,214769,199213,199586,200184,174171,
232,221399,214529,202745,225093,190066,6358,4525,183098,224739,194494,217859,199953,205496,191447,156855,174262,199824,192461,180486,214285,190483,217081,190238,172314,204007,214352,216614,204400,193738,175920,185217,158407,215100,199487,225338,201666,221899,185361,169836,159841,211321,194933,219303,221482,196180,175341,193883,191740,249160,189991,209359,248328,199762,191127,217008,167963,199161,195213,227329,210368,194548,195549,194934,171053,
233,218223,210457,198929,220678,184949,4758,3258,180499,221105,190514,213053,195379,200109,186623,152795,170423,195395,189355,176883,209514,186592,211878,186008,167433,199449,211692,213530,200374,189974,171981,181418,153892,210939,196529,221585,197385,216979,180756,164870,156762,207031,191250,215514,216639,192142,170400,189847,188101,245241,186447,205544,243086,195028,185682,211609,165450,196045,191141,223146,206245,189708,190652,190650,168271,
234,213780,205159,193986,215094,179313,3373,2491,175752,216741,186661,208808,190965,194218,180964,148928,165458,190747,184398,172253,204495,180963,206374,180696,163240,194910,206717,207864,194500,184095,166798,174687,147607,206594,192083,217163,192409,211101,174930,159657,154749,201831,187038,210229,210792,186746,165214,184948,185215,238562,182187,201272,236813,190566,181150,206526,162365,191833,186643,217065,200952,184591,186014,186032,164816,
235,208988,200230,189562,210400,174597,2664,2209,173387,212199,182171,205017,187623,187611,176830,143677,161182,185414,180808,168780,200623,176834,199886,175199,157629,190067,202060,204565,190594,177855,161152,169942,142983,202001,188032,213714,189923,204607,168177,154515,150650,197550,182940,206640,206601,180285,159212,179734,181112,233038,178172,196754,232655,185013,176941,200702,158268,186614,181292,213650,197204,178955,180706,180740,160838,
236,204400,195703,184896,204418,170040,2343,2092,169680,207630,177460,199919,182773,182384,171614,139565,156284,180286,177131,164655,195757,172418,194806,170841,153709,185147,197456,200147,185712,172551,155797,164067,139127,196602,183516,208204,184391,198313,162936,149756,148087,192664,178446,201580,201419,176132,153314,175702,177530,225018,174041,191802,226135,181237,171865,195357,154933,182681,176387,208365,192420,174659,176793,176734,158418,
237,200432,190781,180452,199775,163945,2087,1945,166193,202900,174814,195659,178593,175663,166645,135153,151250,175254,172716,160178,191130,167501,189190,164825,148928,180988,193418,195654,182564,166488,150961,157904,133835,191380,179067,203276,180657,191476,156722,144943,145676,189736,175028,198089,195920,169925,146879,170038,174180,220126,169203,187624,221372,175473,166881,189050,151769,178306,172117,203565,188448,169446,171792,171513,155558,
238,195335,185280,175545,193179,157102,1850,1746,162702,198199,168766,190158,174448,168226,160485,129163,145401,169010,168525,155548,185970,161116,182363,158415,142251,175143,188130,191056,177328,159634,144321,151338,127781,186228,173953,198773,175560,185013,151005,138280,142230,184214,170277,192030,191492,163248,140707,164010,170988,212504,164578,182596,215813,169888,161002,182253,147280,173513,166156,197726,183454,162884,166311,164116,152040,
239,191390,180316,170364,188680,151896,1681,1551,159144,193113,165106,187061,169234,160969,154673,123330,139792,163390,163796,151149,181182,156692,175589,153374,137281,170034,184235,186940,171906,152643,138124,144797,122170,181524,169509,193897,171801,177157,144560,132254,137919,177923,165570,187253,185207,158059,133990,159054,166344,205141,160191,179119,209076,164748,155595,175547,143961,169261,161133,193187,179282,156856,160018,158730,148137,
240,185019,173741,164341,180812,144032,1656,1567,153656,187656,159070,181564,163453,153136,147931,116153,133010,156062,158158,145584,175944,149901,167948,145396,131435,163940,178911,181792,166639,143398,130123,136770,115389,175007,162935,187593,166606,169004,136509,124277,134553,171811,160052,180479,179350,150557,125775,152711,162008,196434,153998,172583,202214,157817,149016,167851,139437,163679,154059,186872,173520,149906,153412,151953,144235,
241,181667,167129,159086,174668,136695,1585,1481,150430,183765,155372,176375,158771,144480,140982,109872,126649,149964,154446,140382,170760,143541,160254,139010,125305,158277,173310,176999,161211,136246,123847,128589,108051,169315,158568,183342,162224,160498,128108,117884,130886,167926,156309,175875,174520,144256,116465,145374,157396,189984,148591,168596,195902,151939,142821,160132,135162,157527,148652,181482,167935,143924,147947,146312,139836,
242,175188,160893,153282,166386,128815,1492,1390,145493,177386,149460,170331,151796,135137,133109,101888,119734,142451,147985,133526,164665,136448,152007,130710,117297,152130,167090,169314,154616,125854,114182,118990,98361,162242,152177,177341,155356,153089,119371,108085,126460,160437,148654,167934,167255,134620,104714,138507,152756,179780,141893,162024,188141,144855,134928,151441,131027,151215,141282,175169,161392,135267,140331,138256,135892,
243,170082,153644,147416,160019,119386,1315,1224,139955,171603,143444,164215,146135,123176,125059,92192,112446,135423,142501,128468,158167,129586,143025,123005,109900,146185,161349,165238,148410,114383,103987,106229,86975,155151,145754,170662,150459,141919,107080,97070,122805,153773,143642,162636,161321,125130,87646,130954,147941,171746,136385,156717,180817,137482,127775,142398,125573,146036,134844,168519,155665,127341,132739,130676,131122,
244,162901,145852,140813,152012,108386,1242,1169,136373,166112,137854,158481,139547,110053,116834,79454,103201,125596,137846,122039,152664,123463,134140,114620,101470,138179,155289,158766,142411,100559,90760,91321,71685,148504,139679,165062,144231,131841,93135,82594,119485,147783,137626,156281,154746,115169,68334,123490,143337,161808,129113,150693,172565,130488,120599,133629,121629,139568,126609,161474,150279,118886,125714,122541,126661,
245,158918,139109,134772,144023,92611,1127,1038,131346,159923,132199,153319,133478,89000,105692,61215,91052,116629,131840,115889,145969,114468,123089,102607,89462,132232,149481,152472,136168,78179,71392,68997,51936,141165,132816,158523,138736,118861,71442,62027,114295,140773,130648,149711,148501,100780,45393,115721,138177,151764,123083,144485,165331,121332,110277,120749,115944,133050,119173,155135,144116,107155,117393,111049,121776,
246,149989,129642,126439,134032,68574,1059,958,125300,151991,124578,144596,125196,59942,88198,38981,71365,103195,124001,106942,137880,103653,104905,83819,69604,122546,141398,145194,128485,51259,47479,43609,31250,130835,125999,151646,131010,96006,44987,38263,109925,132797,124083,141524,140644,79193,26069,103724,131964,136119,114644,137681,155951,108467,95178,102571,110543,124309,107820,146172,135637,88542,104539,94271,117276,
247,144353,120489,118436,123053,44595,907,845,119477,146269,116900,138864,117785,35929,66349,22254,48602,85125,117540,98063,131009,88672,82450,61002,47836,113811,134730,138897,121176,30914,28975,26098,18582,122114,117603,144993,124112,69149,26606,22824,104196,124571,117478,134136,132883,54048,16913,87016,126290,117662,106524,130900,145248,91364,75144,79116,104188,116673,94533,138615,129122,66828,89008,72099,111130,
248,136471,107199,108834,106764,26309,908,807,113293,138858,108726,131900,108901,21860,42379,14159,28792,60403,111025,85664,123200,67680,56526,38664,28566,102150,126714,131317,112672,19365,17905,16887,12865,110288,107411,137270,116364,43417,16699,14707,98597,114953,108250,124904,124435,32355,12974,65605,119100,91465,94163,123612,134081,67697,50397,51955,95290,106531,74131,129858,120643,42971,66895,47818,104904,
249,129905,89617,97166,86192,17644,788,728,105693,132186,98578,123637,97309,16149,25038,10958,17353,38540,102527,68086,113327,46027,34755,23850,17907,85386,118411,123783,101098,14616,13396,13431,10512,94913,94986,129538,107605,27168,13261,11844,91654,102123,97411,113339,114783,20382,11849,42929,112125,62602,77858,115374,119237,44571,30986,31551,84645,91024,51295,119242,111261,26023,44175,29007,98952,
250,120540,62184,77383,57568,13537,720,668,94868,122175,81695,114147,77150,14002,16491,10058,12823,20686,87904,44531,97627,27436,21675,15940,12749,59334,105531,113624,83479,13161,11722,12198,9771,70375,73348,118860,94112,19423,11943,11000,81792,82055,79456,95825,99100,15195,11275,25584,101981,36117,53047,102828,93315,26562,18799,19777,67946,65707,29205,102094,95558,17108,26321,18517,89460,
251,109540,39515,54916,36363,12668,705,666,80355,112761,61611,102518,55061,13032,13562,9632,11295,14456,69857,27429,78892,17720,16771,12927,11180,37021,89523,101589,62652,12360,11033,11370,9643,47674,51411,106667,75760,16154,11555,10492,68365,58928,58858,73248,80349,13115,10932,17413,87736,23643,33133,88123,65940,18139,14286,15607,48910,42516,18283,81098,75710,13908,17566,14536,76392,
252,91961,21980,31772,22119,11919,601,574,63297,96492,37225,84804,32302,12768,12369,9344,10324,12315,45478,16743,52583,13418,14786,11930,10305,21086,65703,80750,39143,11812,10783,11222,9061,27220,29733,86824,51180,15125,10927,10246,50450,36227,35614,46417,54106,12636,10372,13737,71049,18456,19090,64343,38773,14742,12339,13878,32836,24825,13163,53290,49743,12520,13399,12968,60904,
253,70134,15913,20197,16746,11687,629,617,43660,76344,22617,63185,19872,12453,11679,8945,10001,11477,28075,12578,32930,11654,13907,11177,10134,15094,43646,58084,24351,11682,10427,10840,8923,18026,18881,63701,32078,14504,10929,9817,33240,22848,22224,28267,34530,11989,10182,12394,50972,16722,13645,42875,24736,13190,11718,13147,20837,17264,11894,32879,31068,12111,11883,12398,41839,
254,43826,13133,14150,14502,11346,593,579,27307,49292,14745,38432,13979,11933,11198,8667,9686,11186,16489,10807,19307,10997,13066,10699,9776,12413,25271,34150,16178,11184,10281,10486,8780,13968,13507,38284,18468,13995,10715,9301,20524,15901,14602,17522,20494,11549,9970,11250,32592,15972,11666,25097,18169,12689,11270,12699,14549,13698,11164,19758,18797,11540,11309,11686,26101,
255,27290,12566,11887,13595,10776,558,547,18799,31788,12037,24935,12260,11782,11023,8672,9319,10568,12785,10291,14585,10415,12818,10498,9422,11864,17616,21410,13382,10848,9745,9968,8240,12879,12062,24403,14019,13535,10251,9199,14581,13332,12156,14382,15615,11264,9521,10884,21733,15433,10815,17471,15852,12032,10865,12625,11536,12639,11016,15299,14791,11278,10752,11476,17215,
256,19475,12189,11551,13474,10368,531,519,12233,22702,11094,18253,11565,11122,10383,7859,8877,10591,11625,10060,13122,9875,12180,10022,8930,11482,14542,16289,12154,10284,9229,9556,7965,12323,11455,18202,12204,12842,9722,8821,10160,12515,11114,13282,13774,10670,9168,10326,13899,14862,10869,14733,15425,11734,10492,11699,9102,12255,10667,13964,13071,10584,10194,10866,11202,
257,15047,11790,10887,12973,10251,548,538,10791,16878,10602,14390,11218,10751,10066,7636,8784,10187,10755,9629,12015,9475,11545,9513,8784,10967,12864,13766,11513,10124,8924,9342,7807,11965,10967,14920,11547,12515,9338,8521,9181,11937,10598,12433,12446,10419,8795,10063,11912,14888,10169,12866,14800,11162,10285,11537,8862,11811,10392,13122,12281,10159,9964,10623,9723,
258,12848,11578,10448,12305,9811,557,546,9830,13878,10314,12532,10774,10112,9889,7395,8347,9824,10261,9219,11612,9077,11332,9339,8537,10698,11849,12384,10907,9675,8585,9041,7255,11607,10532,13103,10809,12050,9132,8228,8340,11423,10069,12143,11849,10024,8485,9713,10590,14109,10057,11711,14359,10851,9816,10805,8548,11395,10019,12557,11752,10008,9549,10218,8772,
259,11936,11136,10339,11902,9474,512,503,9658,12436,9903,11545,10530,9987,9597,7363,8003,9582,10142,9100,11074,8950,11066,8875,8312,10264,11496,12028,10450,9316,8376,8641,7226,11173,10169,12278,10471,11648,8675,7857,8191,11301,9988,11793,11397,9765,8193,9412,9896,13622,9731,11269,13826,10712,9403,10762,8169,11276,9824,12174,11293,9598,9314,10039,8403,
260,11565,10711,9926,11656,9134,494,485,9075,11927,9588,11144,10158,9896,9174,7043,7847,9151,9854,8783,10986,8747,10592,8700,7886,10087,10974,11520,10339,9105,8141,8404,6879,10696,9992,11882,10332,11222,8456,7526,7761,10767,9566,11415,11096,9457,7973,9086,9731,13194,9359,10830,13616,10290,9414,10580,7999,10788,9386,11627,10852,9614,9137,9738,7965,
261,11182,10445,9716,11241,8837,485,476,9017,11586,9370,10754,9848,9726,8742,6662,7724,9006,9292,8627,10543,8365,10162,8701,7706,9780,10743,11107,9980,8746,7981,8174,6678,10456,9768,11510,10250,10867,8263,7533,7508,10549,9382,11036,10483,9057,7612,8930,9251,12781,9109,10688,12974,10221,8897,10224,7833,10629,9186,11299,10744,9170,8901,9527,7739,
262,11015,10036,9374,10924,8664,492,486,8705,11086,9276,10484,9373,8936,8666,6555,7461,8788,9310,8299,10457,8151,10076,8338,7435,9376,10395,10891,9657,8482,7449,7868,6493,10005,9355,11196,9587,10841,7968,7294,7427,10166,8790,10638,10491,8689,7348,8444,9118,12536,8669,10133,12730,9566,8792,9738,7557,10143,8896,10951,10545,8833,8461,9092,7657,
263,10579,9629,8948,10615,8185,483,467,8390,10733,8932,10249,9422,8763,8345,6239,7016,8246,9016,8048,9901,8207,9445,7836,7144,9097,10240,10756,9259,8343,7170,7412,6045,9639,9144,10840,9623,9988,7387,6695,7272,9768,8852,10195,9913,8623,7110,8213,8972,12059,8655,9905,12198,9347,8163,9523,7371,10046,8605,10588,9894,8367,8231,8857,7506,
264,10459,9575,8808,10242,7829,490,482,8223,10453,8566,9800,9136,8422,8199,6086,6652,8142,8556,7784,9710,7922,9237,7832,6950,8897,9815,10481,8975,7794,6969,7302,5906,9516,8855,10649,9137,9726,7145,6481,7146,9759,8537,9946,9635,8228,6733,7936,8565,11655,8271,9718,11942,8953,8201,9097,7099,9706,8180,10491,9838,8068,7944,8386,7320,
265,10055,9249,8334,9972,7534,470,462,8110,10109,8255,9613,8744,8170,7774,5836,6569,7783,8354,7473,9452,7658,8852,7570,6784,8496,9777,10002,8854,7478,6574,7022,5713,9246,8697,10093,8854,9445,7049,6323,6925,9204,8128,9805,9294,7963,6474,7697,8427,11200,7999,9364,11467,8831,7764,8748,6909,9615,7929,10078,9588,8050,7807,8346,6957,
266,9579,8806,7982,9649,7351,440,429,7615,10026,8039,9353,8613,7652,7543,5501,6338,7409,7922,7359,9101,7311,8496,6985,6494,8133,9143,9605,8446,7155,6437,6633,5429,8938,8251,10018,8594,8852,6400,5980,6626,8896,8071,9379,9039,7434,6135,7567,8155,10805,7656,8871,10924,8491,7562,8376,6924,9076,7819,9714,8958,7426,7559,7898,6895,
267,9493,8713,7808,9158,6982,434,427,7494,9715,7582,9035,8167,7392,7128,5294,6052,7190,7627,6839,8964,7127,8227,6689,6157,7756,9014,9376,8302,6882,6147,6258,5223,8577,8073,9576,8225,8670,6291,5762,6556,8812,7664,9089,8819,7017,5749,7025,7901,10380,7459,8828,10674,8148,7233,8024,6549,8812,7531,9391,8893,7319,7214,7549,6669,
268,9246,8142,7676,8864,6671,433,428,7391,9216,7510,8562,7945,6960,6838,5058,5773,6720,7524,6691,8473,6763,7858,6538,5899,7477,8653,9083,7781,6383,5687,5819,4754,8349,7842,9227,8094,8332,5963,5383,6412,8313,7345,8603,8353,6948,5498,7038,7847,9943,7161,8436,10138,8039,6977,7762,6353,8428,7078,8952,8693,7080,6796,7248,6545,
269,8677,7688,7294,8732,6324,415,412,7061,9149,7096,8407,7523,6669,6607,4738,5467,6503,7097,6337,8177,6340,7460,6225,5686,7370,8448,8731,7467,6121,5503,5608,4626,7880,7459,9014,7790,7835,5552,5196,6060,8074,7121,8253,8251,6597,5297,6466,7376,9609,6874,8254,10107,7642,6612,7366,6210,8277,6824,8718,8188,6719,6566,6811,6369,
270,8471,7377,6890,8108,5942,438,429,7048,8720,7000,7933,7363,6298,6162,4412,5166,6152,6874,6093,7925,5810,7039,5838,5239,7081,7877,8482,7351,5807,5217,5264,4396,7629,7093,8630,7329,7349,5375,4819,5809,7659,6939,8211,7605,6279,4755,6337,7224,9164,6661,7786,9536,7232,6270,7133,5991,7903,6408,8385,8034,6336,6249,6672,6090,
271,8228,7229,6842,7800,5600,434,426,6700,8321,6480,7741,7024,5902,5884,4039,4964,5863,6804,5800,7643,5934,6655,5461,4786,6752,7848,8026,6970,5271,4830,4956,4034,7369,6863,8331,6998,6914,5008,4423,5552,7296,6658,7740,7187,5909,4486,5952,7042,8845,6169,7601,9142,7041,6111,6484,5630,7604,5976,8036,7496,5975,5836,6416,5954,
272,7719,6706,6463,7386,5212,429,426,6454,8117,6245,7290,6653,5489,5448,3843,4461,5480,6368,5618,7271,5559,6252,5140,4735,6522,7573,7563,6601,4972,4496,4448,3734,6930,6605,7988,6726,6423,4555,4034,5490,7014,6402,7396,7104,5570,4044,5524,6714,8312,5861,7368,8553,6785,5512,6153,5558,7314,5806,7722,7176,5729,5566,5928,5656,
273,7707,6605,6152,7015,4935,414,402,6251,7818,6018,7322,6268,5008,5193,3557,4260,5173,6180,5307,6795,5298,5804,4885,4396,6103,7217,7494,6372,4639,4098,4135,3424,6538,6224,7659,6634,6097,3978,3741,5342,6697,5938,7091,6620,5175,3749,5297,6518,7718,5645,7092,8464,6252,5459,5697,5227,6811,5481,7357,6904,5335,5251,5611,5335,
274,7311,6039,5783,6751,4544,427,421,5964,7405,5683,6915,6111,4697,4786,3178,4008,4708,5827,5016,6686,4924,5440,4471,4181,5805,6771,7062,6102,4134,3774,3808,2959,6186,5811,7277,6160,5671,3727,3467,5131,6324,5724,6746,6529,4720,3191,5028,6328,7197,5320,6588,7924,6016,4941,5307,5049,6601,5158,7161,6599,4989,4830,5275,5295,
275,6945,5774,5574,6433,4148,404,400,5754,6995,5467,6636,5634,4187,4761,2808,3709,4363,5741,4693,6153,4603,5274,4163,3749,5445,6484,6708,5630,3664,3292,3295,2543,5997,5580,6963,5859,5202,3269,2936,4875,5909,5489,6595,6085,4229,2609,4631,5796,6830,5105,6421,7586,5601,4547,5104,4888,6200,4760,6645,6327,4616,4567,4897,5077,
276,6455,5460,5173,5822,3801,407,402,5395,6775,5122,6202,5457,3723,4148,2388,3301,4110,5285,4397,5886,4272,4698,3833,3437,5103,6232,6403,5383,3284,2816,2796,2105,5497,5256,6612,5589,4711,2634,2497,4788,5766,5116,6122,5781,3878,2124,4317,5659,6286,4669,6055,7085,5363,4451,4646,4704,5904,4303,6255,6115,4320,4449,4474,4792,
277,6258,5003,4935,5476,3337,389,387,5412,6501,4728,5988,5003,3093,3762,1830,2900,3587,4999,4054,5656,4047,4278,3495,3054,4827,5783,6214,5095,2634,2393,2165,1726,5031,5035,6279,5287,4211,2229,1809,4518,5356,4793,5752,5351,3537,1518,4030,5464,5704,4304,5824,6605,4982,3979,4097,4359,5599,3974,6038,5791,3947,4082,4106,4662,
278,6096,4614,4449,5124,2712,378,379,5067,6192,4479,5719,4668,2318,3312,1354,2445,3145,4691,3813,5221,3683,3769,2986,2555,4236,5598,5779,4770,1982,1770,1616,1242,4721,4633,6103,4954,3556,1508,1319,4356,5062,4626,5302,5062,2892,1128,3683,5200,5124,3940,5393,6049,4536,3514,3568,4187,5138,3596,5534,5335,3311,3645,3697,4539,
279,5739,4325,4337,4642,2081,364,360,4789,5842,4275,5331,4383,1714,2714,1067,1923,2601,4367,3424,4985,3217,3259,2414,1954,4037,5269,5491,4519,1443,1279,1201,987,4435,4257,5494,4696,2866,1152,1093,3955,4591,4408,5049,4702,2096,952,3199,5039,4414,3628,5114,5732,4033,3014,2801,3846,4693,3195,4980,5039,2848,3179,3122,4308,
280,5253,3828,3798,4319,1566,368,364,4488,5511,3833,5051,4027,1283,2205,802,1441,1985,4020,3084,4570,2639,2563,1949,1384,3692,4954,5220,4114,1143,981,957,824,3828,3900,5354,4484,2197,891,855,3960,4339,3940,4659,4428,1584,823,2624,4754,3636,3250,4930,5234,3412,2334,2322,3626,4317,2526,4785,4666,2156,2604,2298,3843,
281,4942,3312,3392,3645,1145,387,380,4225,5161,3486,4790,3698,1087,1670,753,1092,1424,3771,2579,4135,2177,1908,1394,1080,3227,4598,4882,3823,932,882,894,772,3482,3598,4900,4104,1629,838,789,3684,3831,3645,4264,4107,1240,787,2173,4449,2700,2902,4550,4700,2820,1748,1586,3291,3874,1929,4459,4342,1527,2092,1826,3711,
282,4589,2703,3056,3010,995,386,383,4033,4947,3108,4373,3090,1007,1254,716,834,1045,3382,2084,3696,1635,1480,1099,910,2647,4208,4576,3381,963,817,842,756,2834,3010,4578,3454,1264,777,751,3236,3355,3267,3829,3638,1018,764,1631,4041,1892,2193,4074,3984,2053,1353,1281,3082,3043,1428,3879,3846,1180,1528,1301,3434,
283,4270,2110,2563,2304,867,358,354,3739,4580,2692,3857,2641,1022,1045,668,863,841,2971,1555,3409,1248,1143,921,782,2051,3841,4162,3030,880,778,847,705,2274,2585,4165,3291,1065,727,730,3093,2703,2844,3436,3216,889,747,1191,3837,1473,1722,3710,3236,1491,974,1129,2742,2255,1057,3281,3419,998,1142,1009,3187,
284,3789,1442,1915,1646,770,377,374,3414,4007,1950,3629,1937,945,952,659,751,826,2342,1077,2630,1049,1061,872,763,1359,3314,3635,2425,831,736,805,698,1709,1941,3716,2705,1044,734,746,2724,2152,2293,2754,2699,864,757,1014,3618,1275,1218,3221,2301,1266,997,978,2435,1634,878,2690,2808,890,989,916,2911,
285,3338,1126,1477,1235,849,353,351,3132,3777,1545,3299,1519,896,845,652,772,787,1888,916,2147,893,900,805,748,1096,2923,3234,1859,811,717,796,659,1231,1398,3349,2089,980,691,775,2485,1623,1750,1981,2067,837,671,882,3153,1138,1007,2762,1738,1096,871,914,1985,1313,816,1961,2223,861,847,882,2485,
286,2850,970,1076,1141,796,354,353,2620,3216,1117,2532,1139,911,827,618,730,714,1376,798,1514,854,873,813,737,936,2204,2701,1366,763,744,728,632,1066,1056,2640,1421,957,685,702,1978,1273,1246,1392,1548,776,666,765,2762,1060,915,2104,1343,1025,828,894,1557,1087,781,1418,1633,798,775,814,2204,
287,2216,880,928,1021,809,363,361,2181,2723,907,2146,943,889,760,604,701,752,1068,770,1206,824,792,755,718,863,1659,2046,1088,784,667,731,625,872,897,2121,1142,864,669,650,1619,1028,978,1165,1167,771,693,783,2287,988,797,1610,1216,993,835,870,1153,984,760,1063,1207,830,774,825,1740,
288,1502,846,802,931,782,312,309,1458,1887,807,1383,813,837,783,639,683,700,850,698,911,745,838,733,696,753,1187,1349,908,681,677,706,646,872,807,1387,915,839,625,643,1037,907,827,930,894,766,651,700,1465,1067,784,1181,1141,953,842,911,881,961,766,961,957,806,726,814,1137,
289,1133,837,816,944,736,359,353,1068,1453,763,1129,892,765,753,600,652,722,779,710,836,723,740,689,649,740,984,1155,884,697,632,667,561,855,841,1200,865,843,643,651,863,832,823,858,800,768,585,705,1235,1010,735,993,1116,873,785,846,815,887,759,888,856,760,693,753,1031,
290,981,803,744,898,693,329,323,960,1132,727,959,834,793,719,545,655,640,763,640,881,756,812,702,633,807,935,927,840,692,639,638,580,762,791,910,771,782,582,600,788,816,749,843,778,678,609,668,969,972,722,869,968,858,742,783,738,883,667,837,835,722,657,774,803,
291,863,796,729,841,672,333,330,791,1038,757,845,764,793,753,579,678,652,764,728,811,709,723,701,641,784,841,919,732,712,628,666,600,787,720,893,826,808,550,580,704,787,756,800,682,641,574,628,836,940,695,850,989,877,783,782,721,883,669,836,825,768,700,742,729,
292,856,743,762,852,611,326,324,745,807,703,831,743,724,712,558,613,651,690,631,771,636,761,691,589,715,786,918,739,667,645,632,554,765,691,816,728,709,589,599,656,743,733,805,768,673,532,645,814,931,720,811,930,881,712,779,682,838,655,758,749,688,626,700,705,
293,788,795,762,836,672,316,309,730,843,695,740,783,710,676,523,620,638,682,631,742,679,691,618,617,662,779,834,708,681,624,610,560,781,742,771,743,729,538,527,680,742,656,832,701,650,546,645,729,874,727,772,918,792,708,777,642,809,630,841,800,708,656,697,699,
294,839,771,692,808,630,317,313,706,793,679,786,733,690,647,539,537,600,664,633,765,627,674,598,592,675,777,825,730,618,627,636,534,708,715,770,717,693,509,527,667,705,684,774,640,632,583,603,699,859,718,782,908,812,682,773,668,772,602,805,777,669,562,676,661,
295,753,684,727,749,617,316,313,670,757,611,744,744,716,633,517,541,583,637,649,745,637,661,609,566,653,790,794,705,586,565,594,515,742,643,779,663,731,512,536,646,726,657,758,665,638,540,645,687,877,661,715,914,858,679,719,626,787,606,754,760,632,570,663,642,
296,767,718,631,782,621,331,320,660,743,641,705,688,632,688,516,550,601,619,620,706,621,641,572,520,674,780,805,682,580,561,506,495,677,674,757,710,645,444,515,581,711,668,673,608,582,533,619,659,819,618,758,890,752,615,695,581,756,573,666,700,655,612,641,611,
297,757,674,682,764,598,317,314,633,705,632,669,682,666,680,510,545,575,629,597,657,596,635,581,513,615,746,777,691,619,580,525,497,648,642,745,638,646,467,501,593,663,641,685,641,580,539,596,622,824,627,742,903,797,642,693,615,732,566,733,718,625,565,607,550,
298,731,651,635,692,546,302,297,645,673,634,703,659,619,594,480,525,549,586,554,673,566,593,558,535,671,710,732,662,558,485,541,484,674,640,695,606,638,454,509,601,624,651,653,594,590,519,587,689,741,607,698,838,773,601,640,619,675,591,652,677,614,538,610,592,
299,686,605,625,722,532,277,273,580,610,607,646,636,614,567,447,508,539,587,528,660,562,562,606,506,583,691,733,684,517,491,469,439,616,578,710,640,563,427,477,566,678,596,655,549,511,466,587,602,714,616,702,785,691,590,639,554,708,583,607,707,564,516,575,648,
