165,248102,243375,252607,307095,474818,67625,98366,918553,333623,198785,280979,218448,511420,479434,324256,390878,220886,250349,260454,250077,433792,457323,464953,371760,301593,349157,310925,328236,445824,365301,410258,347773,221149,266899,302309,232451,507426,372249,325964,577668,276490,290815,277413,320425,418512,410042,433804,902701,307800,205287,280675,254563,461120,411154,421569,979913,199345,208094,213439,267190,442909,411096,465531,440516,
166,287584,292214,289705,351234,675851,107955,163834,1940908,379677,238482,321844,257630,680846,661664,377020,487876,306001,306772,295254,320017,616152,576099,702657,491795,348893,385538,342105,361058,598422,443679,529148,447063,270433,302484,338691,279575,684778,443196,380586,1174341,318807,318036,335312,355169,533782,558044,580233,1824102,359239,245930,319645,308937,625624,514868,493045,2055327,237818,251863,264881,301823,608464,526885,693956,752251,
167,320351,327909,324689,396132,1301142,178018,301268,3482738,428895,267805,360300,289247,1223779,1234163,488481,768559,344030,325634,314978,346187,1140391,915995,1389327,874331,366460,427487,366309,404810,1080526,668828,898228,770991,305676,337726,375854,304990,1205267,627969,498790,2259620,348241,350285,360036,384012,898029,1043584,1003566,3137098,404779,276443,355950,349176,1122087,829292,629048,3390204,266566,285496,301109,337068,1121719,854804,1357513,1495265,
168,359115,373793,369507,453516,2718771,345418,588328,5262758,518118,301622,409808,327948,2666769,2710840,875940,1659767,370111,351116,346466,370042,2303957,1879399,2739338,1872440,401125,505323,405452,473804,2294242,1397559,1921792,1692117,347706,386091,425438,338889,2449113,1266827,924944,3285004,389955,401945,392802,429818,1914236,2247268,2073558,4160878,461620,313430,406839,393229,2349006,1748849,1080854,4590945,299570,323340,338830,382336,2329483,1770720,2682779,2713213,
169,405478,424926,423386,540533,4664482,672441,1011603,5893044,720381,340200,481093,370757,4940944,5010967,1945215,3421166,412644,392188,393123,410033,3680464,3408219,4064445,3215061,451817,678616,460054,622115,3871035,2743430,3432463,3048445,392628,453172,496377,381535,3950121,2574002,1975560,3711774,445518,488888,443059,494221,3425969,3743578,3550852,4484021,533144,354982,495009,443721,4081782,3290620,2229407,4988566,334328,368454,381135,448087,3917700,3270727,4113351,3788057,
170,493296,522531,557572,838252,6406851,1162915,1555225,5012481,1403143,404410,696038,450382,7207745,6895647,4033419,5813982,496254,472979,513105,485254,4643579,4792958,4796987,4190269,578128,1320249,604560,1159052,4964703,4175046,4684040,4183298,470181,673470,706629,460654,4856164,3996867,3403855,3809028,575335,788859,544383,670380,4637828,4644979,4654732,4474625,705845,429691,775018,527878,5867632,5070951,4194437,4561981,396126,455999,446559,645007,5298111,4835523,5021897,4361085,
171,682531,760480,912349,1636510,6047838,1654311,2321794,4634759,2643386,530611,1247810,634373,6818796,6248997,5843432,6269186,672528,669424,856895,641456,4841652,5257133,4909211,4454945,921146,2687118,994866,2361965,5070706,4704165,4974287,4464557,623160,1275959,1268725,642316,5017589,4604914,4199031,3852224,926589,1563062,784967,1126905,4900691,4704476,4850253,4506858,1181342,598818,1462891,672120,6014250,5925529,6012847,4422050,513649,668227,557732,1171484,5384508,5467618,4994038,4373179,
172,1378565,1681861,2065156,3377573,5380191,2382310,3910974,4710153,4190508,1037724,2665338,1358608,5924333,5433490,5694758,5418640,1401906,1449948,2064134,1265466,4723348,5245852,4951877,4513329,2154106,5158872,2276347,4531592,5030783,4643905,4911879,4430010,1234191,2784124,2755618,1339339,5121311,4767047,4463368,3960526,2080959,3302242,1693598,2556636,4866339,4771107,4844297,4636943,2626129,1259099,2998048,1244298,5372943,5455025,6583691,4507596,964595,1490349,981536,2527566,5073323,5292324,4912562,4348244,
173,2706328,3256981,3633247,4828911,5689081,4795413,8659092,5471764,4889687,2152500,4109758,2666570,6186047,5779388,5344109,5384474,3051889,3064043,4055647,2673840,5094409,5546129,5370613,5007679,4319240,7007658,4217205,6445449,5473345,4905175,5244867,4807874,2519402,4337153,4432261,2707833,5791781,5357956,5115110,4638899,3797069,5107473,3361155,4528473,5199017,5499248,5371852,5305589,4317196,2512722,4320280,2531431,5460183,5294636,6224052,5016935,1966766,2851841,1984654,3868478,5327699,5391893,5376510,4690184,
174,4449666,5013583,4954163,5318518,56863425,53883081,61700025,67921165,5111605,3772377,5055417,4189249,65112754,66072136,87464769,55728832,6002624,5651891,6061198,5275032,47720808,50880870,58803348,66604593,6883409,6533975,6493843,6292996,46753271,42209333,46097947,53426319,4413978,5320274,5877577,4742381,71851608,71513044,74233938,81550824,5745657,6086416,5828727,6712885,53842052,73986864,81500197,76269186,5396007,4038278,4827019,4455092,50359630,44151064,48618801,60251966,3438623,4192076,3656507,4581063,51328403,46757850,60805527,60268486,
175,5205489,5478052,5130258,5378875,171152896,165393401,179994020,220373565,5300576,4587421,5218149,4763217,207791225,215025169,273789447,195954066,7077858,6404800,5832727,6705085,168693760,179988719,202923989,227648852,6901092,5875323,6569044,5669909,170823557,155326208,162334880,188053822,5330751,5392067,5903226,5720361,222769367,221823801,229999862,252747897,6029338,5725065,6727938,6756874,179645471,257766045,277775353,243861437,5633877,4591120,4805038,5390653,172922305,145677507,156350510,203454909,4212505,4671173,4648140,4710974,175206460,152830525,212221107,196566039,
176,5368721,5697082,5370494,6091723,271238100,228102140,236836408,283638865,5893029,4945269,5517279,5023671,272652152,282554260,260478792,264657677,6398805,5734136,5297951,6319813,204849218,96341639,236977774,272528156,6217434,5846317,5943963,5568448,228815841,197293544,190944632,192928855,5770113,5710833,5849334,5638376,181666538,174919755,191237436,192291235,5864792,5621061,6371711,6199785,217395563,196820832,126357330,199398015,6374753,4879916,5166561,5589401,254518484,226169257,228226402,272200006,4694209,5275405,5214742,5195927,239326175,227110278,260992791,230699331,
177,6625741,7631638,7093442,8442839,322410655,283581299,329503330,350334933,8138248,6374105,7192985,6520584,333999900,339493749,292690154,291336739,7046061,6218158,6214590,6347099,212584201,237604951,230095795,300267908,6754731,7180452,6462640,6898163,241357999,206554783,186096887,196650304,7412842,7516019,7200380,6338881,162569050,159360898,163489112,171885719,6813186,6825987,6994917,6968407,152738230,170450512,166518372,174063626,8963471,6511608,7060751,6778330,312520951,260010306,269108237,317451825,6334068,7509112,6700581,7343535,285403649,262729725,269529656,279795810,
178,70733213,72997141,71304008,76715789,352191170,314667325,345029923,398029678,109582844,74091657,68008364,72568663,391953502,393553994,341561999,351519223,100375392,118424497,91162828,66946723,202557201,235138723,219164395,309633729,89203762,90237053,67447593,94013132,242671501,204304690,182832834,240699051,97581919,89213470,75741162,66778877,163821795,156201302,158891385,159574248,69976737,73420498,72636788,89906055,241211387,164268899,167784885,167204525,127481684,94789346,84297182,66438565,352903541,270723330,298932109,340238029,104872112,100268909,83187232,144734581,307856987,282501986,257761136,281915423,
179,160600321,154828528,160658894,167548313,375863641,328963834,372274665,419487685,219343496,163715956,147654928,159991005,436409384,445043895,393051636,385139968,285170719,242860795,209940440,158634775,207177556,249003396,225571231,290638710,194724533,190444654,156056218,191223211,177706241,199758880,185880697,193139407,200228093,183590186,170851152,148962421,156542441,156933017,160353634,163311923,151014334,162988388,169035212,172472912,197887601,164588128,164452942,165777594,252191583,198473392,181912754,145666360,386504775,317929817,303939661,351018875,235796117,200612081,191582260,252937637,318087370,244329922,305501602,254642427,
180,184727957,181976537,178179355,187692100,391577975,336969042,399400758,454551436,214802978,196828623,174818395,183432776,481604842,490601309,459570280,384499468,235086149,261035331,244246720,200737289,198635012,220778034,317457478,291937163,233500432,239478839,198109968,223227525,214663566,195659124,178132558,187709240,212596448,189479169,233407919,195214803,158184218,156464935,159357008,161706756,183351534,210109795,213789227,229529304,193937289,163024162,162983638,164386480,198755786,181473900,180004769,308331692,399947615,308090626,314656664,369006834,228798548,195316545,184672507,202701397,310201667,284834756,275159715,315041081,
181,186895303,181987344,176247583,185503207,410595505,349475110,419236507,469771195,214096482,263846655,175319689,174539609,514219323,529340459,515519196,488723419,268591146,284806555,12776166,222664087,198434551,238775188,213412752,287579104,272290476,282803163,242527995,251353787,198523425,184834878,170966248,126325753,240248061,233451487,279854564,233816563,155124292,154712272,155893226,156892086,237280041,243229395,250386124,259048209,163436804,158826042,158461651,158562268,174388932,170402564,173872946,181702786,400576581,342562078,319942327,373287037,184977044,177540251,171813466,176614108,326847484,293903418,282891432,295593274,
182,194741581,187076068,176377390,186412517,420451577,361246117,450498336,480767530,196352518,233823983,187093579,178015337,537785649,557092955,560217433,541807674,321699681,323945758,318217410,263377692,180787685,192264111,172488732,279600694,326192959,337917564,290273306,301698039,184541498,177765636,162430990,174687077,247349553,398975545,334440389,283436695,153474119,153048960,154490426,154403992,277488702,275631273,300061295,298824204,164655488,157652442,155647792,156895048,164709617,163193972,166048956,190054266,344755850,360502790,321518898,355747864,163734529,157739347,163887282,169947186,318331464,298377694,257619217,249699023,
183,199254189,187886433,171340368,176874696,428307937,384945192,465991707,485300004,221626033,233778356,165522384,176144125,546958146,570923819,560313829,555237753,354470491,362859090,358666711,303412138,173023342,188032449,194891564,240262133,367714421,374235660,316365999,326743229,172456261,169344562,158843365,170721660,302399061,259829151,371622127,286246733,154842357,152982782,154218505,162872173,290651515,297632683,330788598,316559454,160709012,158014803,151252761,156596466,162134712,156739340,163447667,191339989,374084847,360060253,351314315,338146090,164230430,161154438,160764641,162203138,308241773,284143183,248027732,236783549,
184,193884272,190039253,172469283,162245593,438938183,411259104,471275913,487664837,221244676,208575417,184490112,174431249,553917902,580573244,580216507,577044791,386953610,398088620,401267727,340207792,168545872,182315749,186215634,248512614,404333034,397826870,325697663,338534613,168376936,167129018,157276107,167947511,308147806,272165847,382897582,318961244,152914775,152747432,153616773,153593272,312102557,315671859,352030061,329711239,164369064,160283701,154901670,156234570,160216575,159827610,162175591,186722013,370807577,360841892,307777212,344700113,160681169,290667090,158697307,156774925,324649396,281214391,251906391,242607562,
185,200444173,193037623,173118729,175604777,462242558,439669212,463391163,483009663,207693164,199651740,180823403,172137862,553149811,577543746,577950906,584579724,409868511,423055107,434680746,373579020,164022722,181589753,182540304,242580127,432848385,413586393,337691989,342259786,167090326,164734564,155723884,165704278,304592712,262963723,372730219,328828729,152690924,151962867,152452538,150740345,318400864,319540728,362120350,338571519,158091405,160176429,153782846,154460995,159154131,156550242,161515922,183766287,381975120,366481956,338852605,366102060,160479472,157414819,157476795,158273013,298800922,279279009,250778545,245033914,
186,194315315,192597642,172547376,177769286,513333418,460763428,452196654,470242924,209694058,170731967,192799227,129921247,529439903,543827825,553198460,571215325,455548811,440338584,452837508,410210488,160223067,174177848,172487954,229239982,454557628,428208474,349974424,351382713,160158869,160964147,153870845,164747683,263554315,279760642,409502821,366109213,151833893,150348699,150893076,150904756,318274603,319635460,365673062,344810946,157059423,158296011,151111311,152791148,156808682,156896847,160006980,174649735,398911858,381702326,380303833,367036165,156005988,151212428,155511038,154897326,300907662,276320272,247679642,241001856,
187,191012642,192078125,167971899,170056844,418723168,407270943,390727134,400498083,192184331,210001528,173454645,166682034,442041980,448441352,456816736,482276486,465820498,454016808,472955389,431795561,127243251,147061603,144165515,186787469,471825180,456631792,366735936,365734981,141152101,139793630,134808248,144101612,288881070,248747273,386081724,333732711,130885493,131178468,139711238,130794383,317227388,321360489,360397855,350609692,137425449,139256150,133066727,133609607,155214035,155704777,158333348,171351456,361663982,340521141,308426181,370325088,152828346,156230557,154721384,155457259,264074597,237799320,210104016,205864804,
188,186279823,194963661,168890348,165134455,240278880,220441409,197939127,213597383,197261243,197153382,164886128,163361963,231366179,234512639,239244752,251773155,481374101,460864386,484633303,453425680,75110446,78406449,77853639,93799528,478740934,467667065,390523680,384584959,77893895,76202228,74199246,78683413,293691026,257248162,395890161,309299939,72530446,72088079,72174395,71770577,317217576,322422498,347645482,361110684,72104634,77405145,73595968,72966849,154575132,154539844,156765583,168587967,198465087,188534829,177389091,186612715,152625134,153575684,153659414,154100325,143447360,128973264,110052592,105137751,
189,181786560,186959855,163488402,162686150,38183130,40377534,38984488,34652618,184882248,267174171,100893381,157932609,37302656,37283580,37567019,39486822,464350934,449826610,467567798,437912394,14761554,15464137,15412575,16599884,464980705,451573525,397727050,382830275,15448021,14747471,14807886,14933807,276583559,242493561,335600325,300619076,14903434,14489998,14270100,13982214,311803867,316661965,347283544,358850648,15055216,15202057,14820956,14641969,148971280,149339994,151998430,158107715,33177120,31820220,30531393,31437697,148982210,147925047,148379436,148785991,24942516,22593481,19369215,18454947,
190,131105895,137253662,118835245,113480291,5299100,10824986,10728199,4946364,133239054,130795222,107670247,111237807,5620099,5301293,4771144,5208881,339041536,329616674,332379919,317284536,4765436,5236038,4988511,4544003,333162579,323771707,299343835,236287619,5033048,4612232,4917661,4425901,197365670,185521671,297793755,226131042,5173925,4837319,4557116,4074228,233906348,239484570,257423185,275038186,4928075,4751120,4944492,4699834,108644164,108431749,109865812,115878690,5251205,5148542,5664038,4765137,109838404,107948208,107540370,109034641,5078645,5186564,4850357,4500206,
191,56719844,58883628,51300208,50255467,4559405,10099534,10003448,4294677,57822924,52871485,47112173,46476102,5002182,4609285,4067824,4465772,144936745,139787304,137611472,134121148,4533316,4996373,4754125,4281751,138555202,135156283,130262674,127815125,4791590,4382277,4690142,4186078,83164519,54956995,112405593,94172875,4946209,4604790,4312670,3835022,102749897,102888600,111959165,120354852,4702790,4488241,4713454,4462058,48053455,47370858,48038898,50497738,4680549,4533300,5075451,4136045,47454590,47234449,47694563,49544970,4606237,4793583,4520094,4186013,
192,7337188,7471613,6885200,7119810,4535227,9890013,9713567,4273352,7514076,6705320,7011637,6582313,4969574,4578148,4041802,4440699,11982835,11049411,10647628,11072585,4511023,4973753,4725619,4260646,11200813,11266232,11011759,10964472,4777968,4365230,4672293,4169747,8529065,8128964,10310850,9188544,4924740,4593424,4285644,3815864,9992122,9837577,10472227,11079430,4691032,4470207,4692002,4441660,7371549,6469395,6741737,7367438,4650138,4507735,5048072,4126380,6558088,6600317,6970871,6779871,4579446,4767006,4497751,4160357,
193,5136655,5165392,4991020,5204300,4527919,9711008,9343368,4269297,5274521,4716213,5112052,4713743,4968508,4571803,4038794,4434311,5842996,5327545,5167312,5607708,4507489,4958986,4718634,4256481,5612690,5789661,5613162,5669619,4767951,4359944,4664716,4162909,5356732,5009971,5661156,5146509,4914478,4586233,4283976,3812754,5509665,5407106,5665635,5846446,4690115,4467820,4682666,4444205,5562802,4647397,4905367,5456261,4646414,4506779,5035154,4135424,4740742,4786632,5137148,4833467,4572009,4763597,4491149,4158773,
194,4747171,4762216,4632197,4917716,4526516,9270693,8319018,4264874,4862930,4354479,4767027,4368115,4962709,4568355,4033257,4430883,4788708,4340630,4195963,4657125,4495479,4955770,4713151,4254377,4642135,4795781,4657543,4671938,4761662,4349922,4662376,4162929,4774680,4517918,4838405,4420487,4903326,4579551,4273145,3811333,4638015,4565785,4770360,4899927,4669533,4454843,4674814,4437245,5232344,4325448,4579975,5105214,4641012,4494699,5034265,4129578,4415339,4466141,4815233,4511196,4566844,4754813,4479290,4149704,
195,4716577,4735392,4597703,4829956,4509372,8223731,6293080,4261137,4830049,4315373,4736773,4344628,4947326,4561873,4025407,4424340,4723610,4279430,4137453,4603310,4492520,4949954,4708996,4242813,4581385,4731993,4600368,4609277,4748752,4343244,4646278,4150645,4727292,4479615,4781345,4365344,4897887,4568917,4269427,3807907,4573734,4503272,4708636,4832312,4676817,4436369,4667149,4431601,5207687,4297294,4548835,5081925,4630695,4489392,5022555,4131092,4389929,4438957,4786275,4493124,4561909,4748008,4473474,4151700,
196,4700822,4718216,4588478,4817669,4503314,6429072,3903614,4260773,4813336,4307678,4727972,4327251,4943334,4549815,4019400,4418340,4702722,4262986,4120498,4583768,4481759,4943393,4703231,4237046,4563843,4717051,4581884,4594544,4741262,4329632,4635786,4144766,4713130,4464506,4766199,4349490,4887344,4558888,4257494,3807503,4558919,4489355,4692695,4814094,4644915,4435745,4657092,4434657,5189472,4287120,4540084,5073286,4623452,4485957,5011676,4126072,4384583,4429040,4780343,4480006,4554138,4742349,4471904,4149218,
197,4696569,4709987,4585183,4807640,4491263,3948579,1892172,4259261,4810702,4287873,4722150,4326510,4933925,4542935,4008067,4407388,4704574,4252386,4116434,4572786,4474479,4933282,4696053,4234105,4551107,4713555,4573646,4586115,4731504,4323330,4632338,4135778,4711222,4448556,4758793,4339724,4872514,4540103,4249945,3803971,4556975,4486399,4690116,4814012,4656673,4430907,4648456,4432380,5182508,4279526,4536137,5066339,4612441,4475600,5007170,4123459,4378928,4423570,4781063,4481856,4542664,4732635,4460554,4147925,
198,4688336,4703198,4576528,4793821,4480991,1861793,925546,4245117,4796590,4290965,4714202,4319242,4908064,4530363,3995902,4394745,4685988,4246202,4103638,4569857,4462091,4922673,4678244,4220366,4542988,4705721,4565693,4581378,4713682,4311966,4615464,4118308,4699280,4448717,4749838,4328881,4859639,4525256,4232646,3798427,4542507,4475060,4670927,4801725,4633505,4406458,4633430,4420824,5195963,4278693,4529636,5057598,4606597,4462220,5000641,4120302,4373379,4419530,4773196,4468488,4533488,4725953,4452570,4148393,
199,4679660,4693696,4565011,4785262,4463036,969651,665841,4240218,4794409,4263562,4700472,4308466,4896331,4506693,3981633,4374446,4682194,4240164,4096622,4557241,4452562,4912576,4669070,4207341,4532394,4697546,4559413,4566916,4694249,4296009,4597692,4108230,4693275,4442240,4746307,4323942,4836769,4507711,4210839,3793716,4541315,4469593,4670264,4795108,4602285,4381863,4619915,4415363,5188759,4262045,4518593,5049249,4591924,4452508,4991908,4113955,4363062,4410723,4762525,4458490,4524054,4715903,4440404,4142016,
200,4674802,4687056,4552641,4776702,4446331,680426,595522,4235736,4785606,4248068,4696131,4302420,4868808,4486400,3965644,4357252,4670429,4233639,4085851,4550178,4438090,4900176,4642936,4193943,4527986,4699103,4538379,4564053,4671430,4278114,4575676,4089831,4683314,4433612,4737766,4321083,4813435,4487946,4195824,3784106,4533877,4462616,4665320,4788895,4591595,4371391,4604090,4402687,5169397,4250290,4511398,5038031,4574271,4434826,4974349,4102765,4354216,4403308,4755872,4451317,4506947,4700159,4421554,4137335,
201,4663535,4680552,4552244,4770999,4426284,599123,565097,4223615,4773818,4240250,4685399,4297688,4857182,4473546,3946878,4339197,4660808,4222840,4080371,4540303,4420631,4873224,4619061,4173610,4514918,4680769,4526838,4554759,4649148,4259084,4550094,4072196,4679249,4426177,4727629,4315232,4784615,4470488,4177549,3769985,4525869,4457849,4660217,4779920,4573019,4353629,4579611,4390428,5151506,4243038,4502794,5027320,4552193,4420691,4954181,4091574,4339469,4386405,4744512,4441887,4482308,4676292,4402210,4131048,
202,4655052,4666785,4532413,4754847,4406594,564305,540418,4205836,4764941,4240701,4678513,4290643,4823959,4454754,3931585,4319835,4636815,4212984,4070405,4528709,4396948,4845003,4594257,4150159,4501807,4667075,4518830,4540235,4624655,4233423,4526130,4046943,4670077,4414864,4720739,4306244,4758794,4448197,4158729,3757514,4512276,4445656,4652522,4764607,4548718,4325690,4553570,4374869,5126762,4228567,4485597,5016677,4529898,4391986,4923233,4081861,4325745,4368879,4726413,4424562,4462486,4651559,4372484,4118866,
203,4648023,4654694,4522821,4735993,4386507,539901,517130,4192183,4751615,4221383,4665180,4280056,4802282,4433527,3916469,4301844,4623405,4201626,4057682,4520527,4375844,4820167,4573150,4127733,4487159,4656648,4509157,4517746,4600531,4214634,4503491,4027549,4655068,4403913,4713639,4301311,4734856,4432214,4134904,3747119,4499091,4439506,4632945,4756685,4519155,4306876,4530947,4363301,5085688,4215279,4473484,5003485,4509815,4377185,4897838,4064312,4310845,4345379,4709392,4407900,4434836,4629915,4348271,4105757,
204,4636085,4630429,4502711,4711087,4366710,519758,495976,4180194,4739210,4226605,4651087,4259993,4781135,4418165,3903640,4291459,4600161,4183701,4039338,4505692,4357989,4792671,4547277,4110631,4477943,4628899,4510197,4499265,4577809,4192583,4485282,4008560,4642715,4383494,4698365,4285637,4713624,4412180,4122604,3738553,4481999,4415527,4622717,4729361,4512854,4284174,4515627,4351327,5058020,4200270,4450889,4976426,4488538,4356515,4872745,4044119,4286842,4327866,4693073,4385414,4415715,4606610,4331367,4093887,
205,4619105,4610843,4479492,4684155,4346821,494724,470200,4170200,4715517,4236008,4629636,4236078,4764326,4397468,3878308,4267842,4582298,4169383,4023947,4488001,4439848,4769554,4525897,4092270,4451387,4613836,4489566,4480116,4552908,4170978,4462013,3985058,4621794,4367888,4670477,4265917,4684694,4389655,4097348,3731623,4465182,4392471,4599374,4712038,4501160,4261996,4497022,4335347,5035057,4176424,4429836,4956450,4471394,4335762,4845636,4036678,4267252,4309963,4667293,4364773,4395473,4584111,4308533,4078313,
206,4592382,4590553,4454267,4657928,4327725,469418,443044,4155951,4685232,4207177,4602476,4204204,4721764,4373381,3855150,4247564,4552418,4150366,4001859,4467758,4416862,4740669,4497120,4060580,4427599,4593608,4474213,4459968,4526095,4145875,4426538,3957862,4595762,4342981,4648056,4247495,4653732,4361417,4065812,3715003,4441490,4372512,4578944,4694158,4469442,4221804,4467532,4321926,5011070,4155640,4410069,4927190,4446216,4310191,4819344,4017258,4245018,4291431,4644970,4345776,4375572,4558296,4284825,4067150,
207,4573134,4565926,4429509,4635096,4292118,442670,414238,4144792,4662073,4185307,4586608,4185896,4691057,4340560,3824621,4222006,4536476,4131336,3986455,4448888,4387867,4701172,4468911,4040426,4406976,4580155,4449379,4441313,4484563,4113238,4388963,3924453,4576049,4319670,4630946,4226776,4618465,4326258,4027978,3709454,4415903,4354608,4557075,4668409,4438917,4168112,4436982,4304982,4987075,4137686,4388631,4901838,4419568,4288882,4788813,4014453,4226625,4275157,4625532,4330493,4345386,4536592,4258680,4050992,
208,4543609,4537987,4406535,4606152,4234465,410450,379559,4126976,4636064,4154783,4553490,4165633,4601088,4295795,3768421,4167876,4512581,4115191,3962286,4425896,4358344,4668809,4425634,3996205,4382122,4554720,4429751,4414379,4404893,4049565,4311269,3822387,4542142,4295739,4599958,4198418,4562485,4234728,3952299,3692491,4388335,4329898,4532633,4642193,4396841,4003166,4406203,4286330,4948691,4113150,4367665,4877541,4387976,4251085,4747528,3996484,4205998,4249169,4602269,4306524,4305546,4501130,4217443,4037369,
209,4522343,4511925,4380729,4574299,4094932,377814,343917,4110649,4609743,4122322,4527895,4141362,4415014,4215886,3649681,4091141,4485962,4090109,3942281,4399240,4320432,4609592,4346244,3907443,4354134,4526997,4410397,4398187,4185939,3895201,4104755,3564195,4522310,4270996,4579404,4178568,4476901,4054923,3783467,3674938,4360554,4309487,4504538,4619100,4288801,3570766,4362329,4265619,4910214,4089361,4346311,4848254,4343810,4201695,4695478,3977051,4188706,4220785,4580109,4284509,4237289,4459754,4147399,4018820,
210,4496065,4480932,4347301,4536122,3659287,340714,300516,4081744,4583810,4094789,4500047,4116516,3846380,3982565,3279042,3864343,4435363,4065126,3913592,4379407,4235345,4418681,4093631,3630767,4329511,4498393,4381807,4364667,3548982,3408939,3508415,2881172,4486593,4245682,4549329,4151853,4207561,3544348,3305221,3658926,4333264,4286224,4482418,4587480,4016335,2637198,4247321,4243831,4859809,4058674,4319354,4823947,4214771,4044030,4557247,3927477,4160456,4181753,4550962,4259839,4005172,4363393,3908867,4001471,
211,4471947,4444671,4320049,4492837,2808031,299210,249201,4039012,4556354,4071091,4476240,4088728,2793320,3381738,2517741,3292291,4382893,4042309,3879786,4353580,3995969,3951539,3495909,3010524,4290808,4474632,4356610,4339717,2491572,2521714,2493701,1904768,4453014,4216182,4524692,4134454,3594627,2619660,2448883,3626936,4304237,4256593,4455918,4560159,3322057,1540275,3960424,4213577,4797976,4026857,4291004,4785327,3876744,3624998,4181636,3835784,4128585,4124576,4521614,4225894,3420670,4095038,3352207,3974039,
212,4445183,4384231,4279387,4398969,1763847,251868,190551,3938826,4523854,4038543,4439861,4051586,1630145,2415049,1563057,2345087,4247397,4006639,3815015,4317933,3448093,3096702,2542209,2094470,4238943,4441195,4331950,4288786,1431224,1523719,1448184,1033115,4406062,4169722,4491100,4099436,2592876,1568570,1467170,3558656,4274699,4207849,4416841,4526763,2316627,765474,3332870,4140924,4607797,3970391,4254078,4733348,3173186,2828371,3422498,3558445,4087065,3989266,4480498,4188486,2497121,3498684,2459921,3930390,
213,4414058,4271413,4209937,4177135,849347,188181,122221,3616518,4489332,4000411,4404666,3995189,741169,1281990,723595,1225122,3937324,3961994,3682093,4274328,2430427,1892692,1412409,1102559,4122555,4387399,4289411,4206371,662798,718555,673392,473209,4322199,4075853,4461501,4069408,1404244,723325,670409,3351113,4202001,4124300,4367612,4474894,1215443,372773,2239753,3917606,4251345,3861244,4208530,4666300,2060579,1700230,2204393,2881993,4010427,3723280,4430911,4121350,1391867,2435946,1386235,3778387,
214,4359982,3879026,3964545,3485967,387551,117820,65858,2773768,4405930,3866917,4325145,3784016,364526,544247,317474,505241,3076231,3843578,3231776,4161186,1251383,868540,621162,472868,3724660,4228453,4223199,3909820,338350,338861,337225,255570,4035226,3733930,4388344,3966312,616988,341463,312162,2708119,3957050,3825290,4206284,4326300,523830,249299,1081211,3244870,3300249,3516729,4085446,4460968,968511,753068,1020030,1769728,3802004,3015129,4316842,3955667,607897,1235505,613486,3291453,
215,4273564,3118112,3429560,2476106,266561,68800,40076,1682623,4217958,3565567,4156508,3319783,275725,311347,218815,286972,1981037,3571487,2460218,3905296,594723,438845,342599,275083,2959461,3851619,4054499,3272320,261457,243414,254364,207512,3457999,3064292,4219943,3704083,370715,251582,229875,1734230,3420436,3191294,3810902,3971773,309712,224431,513055,2197190,2153140,2870679,3794416,3973206,468037,373440,480058,897867,3359629,2069438,4071850,3584024,333861,575539,336706,2395957,
216,4012454,1950847,2405175,1346674,235547,42466,31392,824146,3702603,2836501,3684520,2409008,253718,247169,195376,227530,949725,2877571,1428036,3241107,338430,304378,259247,220891,1797936,2987975,3587972,2180943,240615,219320,230838,194475,2415031,1997618,3751246,3040573,294755,229739,210347,861103,2416354,2116027,2922740,3121991,250917,217211,315530,1162806,1076967,1842206,3079046,2962772,300660,260700,308363,453707,2463108,1066478,3467071,2783026,254277,327389,256234,1352749,
217,3368011,950701,1314219,641541,227102,31749,27933,440241,2734256,1786087,2775381,1368444,246436,228608,188778,209516,439917,1822236,673665,2170780,257721,267602,231855,205224,864960,1833987,2667232,1145147,233652,210606,224010,189448,1322551,1030508,2831382,2008167,271459,222368,204138,434053,1344409,1107229,1758891,1952147,236628,212664,254394,587274,524830,926712,2009348,1723720,251704,230337,265241,298237,1399091,489863,2426279,1706646,233477,253758,233429,665865,
218,2070304,402328,536993,337040,221185,27874,25910,299113,1386853,758159,1452012,554901,241254,221794,184822,203492,261931,765114,306207,963997,227341,253348,223262,199397,372738,780020,1345158,487766,229092,206295,218442,185646,537537,431871,1473666,887543,261158,218461,199877,278492,556020,462572,727474,838608,227688,208348,230152,359913,328022,386968,897925,715535,234890,220086,253609,229072,568374,269394,1139092,726723,224910,230367,226550,357800,
219,1049667,276385,313781,272611,217905,25670,24083,240076,674814,375354,704082,309250,236709,217635,180839,199736,233953,372629,225721,453499,217099,248907,218452,196582,263579,412731,625916,309648,225230,202336,215623,182466,313076,277650,702420,425012,255809,215264,196541,219885,322203,287617,375627,427372,224086,204598,222138,279456,290974,256507,455377,398216,228536,215938,248047,198124,321112,230025,538607,384933,220918,222705,221363,259161,
220,465109,243593,242418,252631,213603,24153,22565,212208,375068,244542,365227,235517,232879,214353,178384,195920,224114,245612,202759,276490,212744,243586,214787,192347,231592,283466,324031,246126,220937,199372,210722,178831,250021,230128,359453,261487,251542,210833,191792,188723,250044,230667,265331,286632,221761,200914,217395,235899,278805,218261,290789,298944,224551,213073,243656,185275,242154,218188,311532,267414,218719,218148,218306,215113,
221,306570,236250,225204,245762,210772,22527,21022,197556,290847,217321,275974,219798,229053,210468,175204,192650,220596,216313,197274,240662,209021,238143,210244,189099,222470,246818,254804,228350,217458,195897,207774,176763,237589,218768,276773,226566,246747,207314,189713,173438,231854,214211,243225,251061,217231,197461,213909,212124,273165,209479,245682,276290,220517,208222,238139,179672,221693,214100,261560,237758,212975,214031,214241,190896,
222,249548,229236,217926,239748,206158,20617,19152,190763,249539,206385,240492,212853,223713,205653,171044,188996,215426,205661,192889,227196,205232,234355,205192,185551,216586,230795,233081,218699,211848,191490,203361,172217,229569,212573,245102,214042,241975,202565,185865,167094,224952,206997,233965,236575,213422,193198,209204,201920,266362,204112,225475,267586,216312,204798,235359,176017,213018,209054,243614,224748,209831,209492,209635,180445,
223,233766,224429,212397,235060,201180,19034,17478,188199,237220,201564,228612,208848,219706,202052,167332,184933,212112,202104,188855,222340,200541,230372,202393,181674,213616,225074,226468,215398,209057,187970,198654,169874,226210,209251,236271,210535,237920,199232,181746,165445,221431,203744,230137,230978,209091,188914,205587,198078,261898,199609,219515,262375,213475,201124,229834,173527,208725,205551,237702,219680,205885,206411,206075,176382,
224,226158,219179,207992,229972,195818,16663,15066,184025,229809,196843,221412,202523,213293,196463,163176,179652,206494,196221,184179,216418,196031,222650,196048,176708,207746,219299,220157,209718,202488,183026,192986,164504,219887,203695,228932,203952,230173,192275,175734,160566,215449,198017,223085,224445,202906,183936,199555,192473,255891,194329,213064,255262,207159,195303,223481,168776,203191,199467,231518,214806,200293,200735,200133,171939,
225,221716,215336,203188,225026,192635,14473,12901,180700,225259,192821,217732,200690,208787,192488,159686,175448,203042,193230,181012,213088,191407,219459,192380,172773,203333,214279,216669,204743,198824,179166,188924,160478,215893,199965,224999,200479,225350,189200,172334,158120,211073,195467,219875,221708,198950,179671,196111,189287,251048,190130,209296,251015,202504,192751,219499,166549,200045,196654,227934,210620,196872,197287,196665,168382,
226,217670,211586,198947,220578,188790,13076,11396,178156,221432,189781,212059,196206,204275,188475,155655,172608,198787,189299,177426,209233,187252,214247,188085,169490,199550,210469,211792,201048,193745,174735,185106,157071,210940,196089,220483,197265,220734,184185,169170,156303,206261,190393,215800,216378,195616,175215,191122,186559,245668,186917,205293,246372,198882,188656,214688,163344,196201,192319,222759,207402,191218,192482,193142,166027,
227,213193,207038,195617,217627,183908,11209,9441,174556,217077,185106,209214,192238,199829,184155,152695,168753,195107,185650,174043,205035,183508,208903,183505,166258,196448,206517,206735,197721,189233,170086,180093,153422,208226,191458,216274,193456,215438,180706,165301,152258,203899,187525,211160,212235,190475,171549,187470,183023,240616,184368,201467,241321,195321,184772,210222,160633,192664,188845,218460,203274,187444,188447,187498,162977,
228,209423,203305,191583,211957,180506,9300,7395,172373,213314,181670,204544,188382,194996,180828,150023,165287,190030,181793,169643,201229,178797,205006,180008,162604,191979,202819,203556,193804,185606,167800,176830,150208,203713,187893,212592,189220,210682,177000,161097,149900,198333,183903,207369,207884,187253,167186,183410,181475,236655,179738,197830,235729,191406,181460,206219,158642,188033,185216,214674,199070,184783,185071,184882,160705,
229,206074,199738,187756,207745,177182,7613,5692,169220,208236,178400,202213,184643,191039,177559,146005,161574,186614,178923,167241,196869,171100,200778,176643,158994,188386,199394,201411,189944,180794,163445,172280,145930,199446,185253,208692,185766,206133,173150,156797,148326,195895,180724,203516,203587,181727,163513,180030,177104,232230,175878,193346,231634,188119,176658,201808,154923,184959,180397,210426,195053,181181,181385,181504,157776,
230,201272,195711,183537,203203,172494,5372,3753,166063,204961,174955,196574,181766,185900,172045,142393,157694,181527,174798,164273,193774,167056,196733,172244,155113,182892,194997,196949,184919,175122,158910,167184,141625,194958,181007,204083,182666,200477,167274,154303,145588,191328,176380,199621,199795,176939,158562,176337,173913,225145,172404,188387,226723,183447,172374,197282,152602,180717,175906,206270,190976,175964,176389,177378,154993,
231,197456,190969,180211,198664,167992,3871,2683,163645,200044,172244,193047,178008,179868,168457,138022,153765,176908,172071,159232,190491,163158,191598,167021,150450,180026,191804,193216,181956,170891,154156,162860,137698,191445,177369,201315,178541,196145,163393,148559,142279,187725,173820,195535,195668,172884,153667,171997,171364,219792,168507,185900,223018,179608,168436,191348,150128,176961,173636,201824,187052,172030,171686,172902,152577,
232,193345,186272,175985,193961,162855,2813,2114,160415,196911,168533,189380,174874,175243,164533,134194,148984,173261,167709,156467,185551,159078,186289,163098,147629,176021,188429,189264,177732,166475,150410,157732,133626,187422,173145,196102,175620,190430,158214,144610,140311,183179,169448,191514,191060,168100,149483,166506,168819,216152,164993,182506,217971,174779,164724,186698,147097,173598,169168,198154,182526,168204,169003,167854,149363,
233,190326,183199,172069,189662,158558,2187,1905,157749,192497,165767,185214,170100,169905,159589,128741,144930,168044,163932,152947,182398,154922,180036,157453,143601,171921,183855,185319,173342,160571,145534,151988,129646,183350,169762,192448,171806,184325,152418,139770,138178,179886,165912,187393,186808,162853,143830,161846,164244,210998,160847,178009,214035,170123,159562,181945,143932,169938,164883,193768,179917,161789,163305,163867,146811,
234,185424,177182,166823,185827,152676,1864,1720,153542,188229,160866,180163,166111,163327,153380,124851,139445,163746,159890,148250,176803,150544,174747,152414,137819,166994,178585,181329,169580,153639,139218,147033,124288,178116,165624,188055,167578,177081,145837,134160,134918,175703,161447,182106,181037,157040,137828,156699,160642,203503,157461,173550,208236,165977,155121,176145,140466,165529,160693,188607,174503,156219,157720,158160,143002,
235,182028,172761,163372,180648,147645,1748,1639,150282,184359,157180,176057,162567,157474,148300,119790,135081,159300,155870,143729,173468,145712,169505,146950,132896,162417,175227,178063,165048,148743,134480,141151,119346,173802,160613,184315,163602,171488,139537,129052,132234,169954,157830,178889,177330,151704,132130,152336,157700,197773,152138,169470,202494,160427,149740,170214,136340,161978,155294,184280,171147,151735,153415,152939,140051,
236,177134,167857,159035,174624,141780,1603,1514,147270,179751,151837,171456,157691,151540,144021,115177,130103,153118,151786,139722,168129,140655,164098,142025,128510,157495,170268,174000,160556,142856,129358,134963,114488,168495,156743,179136,158991,165178,134742,123765,128837,166052,154355,173624,171307,146355,125409,147565,154060,190735,147760,166008,197670,155704,145729,164396,133944,157071,149821,180057,166062,147301,148241,148006,137050,
237,173204,162450,154171,168893,136037,1527,1431,143383,175010,148353,168265,153021,144491,138098,109952,124576,148223,148040,135742,164936,137798,157260,136877,122940,153394,166262,168743,155303,136869,123588,128436,108598,164450,151893,174664,155280,158054,129050,117953,125706,161293,149938,169326,166963,141188,118757,142162,149994,185045,143517,160422,191761,149755,139095,157275,129739,152861,145526,175654,162109,141312,143063,143100,134191,
238,167569,156407,148648,162029,129250,1423,1353,139372,170014,143254,162985,147626,136428,131666,103726,119122,140660,144173,131198,159406,131156,150261,129700,117160,147675,161055,162600,149202,128287,116013,120679,101631,157960,147324,169560,149655,150645,120946,110876,122056,155833,143741,163123,160755,133794,111092,135816,145706,176937,138145,156265,185015,143992,133192,150597,125179,146874,138843,168943,156943,133811,137366,136894,130039,
239,163144,151488,143900,157019,121247,1372,1278,135715,165456,139468,157877,142879,128545,125654,97767,112417,134807,138566,125882,154042,125091,143779,123764,111087,142593,156413,158922,145591,120111,109664,113383,94266,152605,141659,164928,146137,142552,113131,103458,118490,150379,139604,158307,156027,126907,102486,129528,142203,170305,132667,150946,178945,138528,127131,143657,121954,142517,134090,164274,151943,127920,131014,130769,126722,
240,157347,144857,137753,148981,113076,1302,1217,130932,160007,133478,152292,136862,117059,118328,87909,105068,126937,133562,120290,148146,118584,134690,115040,103497,135043,150608,153366,139530,110241,98813,101578,83797,145476,135802,159468,139617,133477,102744,93272,114212,144683,134214,151706,150158,118471,88134,122472,136529,161113,126733,145698,171549,131310,120175,134367,117053,136068,126393,157144,145911,119925,124366,122595,121716,
241,152941,139119,131975,144026,103352,1137,1064,126500,154472,128006,147777,131373,106490,109732,77583,97537,120837,128585,114828,142820,113158,126642,107498,95897,130934,144849,147639,134350,96461,88376,88954,70920,139960,130569,154417,134893,123709,90628,80953,111127,138415,128418,146587,144897,108894,70846,115969,131912,153907,121617,140552,165626,124380,112948,126587,113086,131016,120823,151707,141027,111862,118076,115060,118089,
242,146945,130480,125967,134661,89045,1083,1011,121616,148392,122113,141020,124738,86541,99346,60225,85985,110716,123091,108195,136652,104076,116196,96329,83957,122722,138536,141578,127206,76889,70689,68255,51348,132125,124475,148005,129217,109825,70879,61576,106480,131927,122072,139637,138125,95047,46489,107054,127442,143259,114649,134795,156856,116360,103055,114769,108107,125177,112739,144611,134233,101166,108646,104898,113264,
243,140730,123854,119918,127356,69551,968,879,116251,142183,117200,135689,118684,62342,85800,40864,70147,101482,117221,101706,129897,95331,102178,81208,68470,115718,132865,137261,121417,53384,49658,45728,32756,126018,117603,142364,123749,93133,46903,40873,102055,126369,117128,133551,131585,77386,27672,97572,122718,132199,108095,129280,149371,104773,91011,99694,102295,118238,104113,138663,128187,87037,98977,90718,108880,
244,134096,114758,112041,117308,48431,888,832,111545,136627,110065,129028,111092,40178,67664,24754,51349,86024,110767,93158,123419,83690,84258,62951,50214,107720,125885,129847,114218,33528,31644,28063,19651,116304,110601,134930,116592,71322,28611,25155,97866,117107,109386,124898,124323,56869,16855,85113,117976,116306,100242,122257,139807,91811,75742,81166,97079,110498,92105,129991,121239,68575,86296,74214,104045,
245,128641,103729,103676,104929,29157,772,698,105862,129773,102630,123193,103146,23085,45335,14202,31401,67030,104349,83010,116049,67132,60705,41359,31146,97692,119598,124324,105975,20046,18770,16993,12298,106890,101723,128726,110749,46757,16895,14803,92961,109257,102212,118136,116860,35202,11838,66927,111246,95387,90741,116076,130340,71735,54071,56776,90279,102608,76731,122625,113850,46539,67781,51896,99274,
246,119533,87685,91894,84325,16981,753,693,98501,122153,93549,115671,92566,14768,25995,9891,16860,39802,95340,66703,105939,45650,36395,23721,17378,81620,110904,115830,95346,13390,12198,12036,9198,91442,88959,120530,101713,26390,11977,10785,86238,97295,91650,106789,106675,20026,10155,43718,104189,63639,75162,107585,115881,46557,31624,32756,79845,86811,53050,112228,104333,26781,44883,30309,92024,
247,113718,67618,77115,62155,12458,665,621,90020,115800,80593,107146,77134,12225,15775,8618,11451,23175,85652,48174,95010,27908,21897,14864,11804,62080,100923,107319,82049,11473,10348,10379,8407,73439,73552,112012,90824,17766,10438,9596,77676,81720,77919,93956,95746,13633,9532,26461,95749,39562,56206,98399,97444,28001,18741,19842,66171,68928,32661,100155,93138,16568,27147,17977,84487,
248,103544,43548,57015,38959,10656,637,598,77572,106462,62836,97704,57624,11288,11917,8167,9698,13997,70679,29931,79338,17190,15117,11502,9592,39316,86778,96684,63506,10649,9591,9898,7995,51076,52684,101097,75623,14244,9917,8870,66317,61244,59246,74914,79219,11474,9499,16557,84441,23818,35133,86080,72370,17839,12790,13904,48609,46410,19039,81745,76203,12315,16395,13144,73247,
249,91086,25564,35914,23790,10148,637,605,61093,94605,43167,84431,37395,10987,10439,7964,8710,11103,50850,17660,58161,12340,12618,10142,9070,23089,68603,81957,42939,10252,9247,9595,7887,31517,33276,87415,56491,12820,9567,8767,50025,40647,39062,52121,58625,10582,9192,11967,68654,17066,21035,67689,46290,13564,10906,12346,31617,27670,12919,59584,55185,10889,11723,11367,58434,
250,69242,15026,19523,15094,9999,550,536,41007,74260,23007,62116,20292,10533,9816,7764,8645,9842,29087,11426,34079,10339,11687,9658,8591,13741,43388,58252,24003,10062,8782,9229,7449,17726,18220,62928,32521,12394,9223,8426,32046,22645,21368,29039,34962,10082,8556,10430,48105,14626,12606,43848,25282,11860,9949,11345,19114,16170,10543,34270,31853,10255,10191,10538,39307,
251,47954,11991,13150,12670,9607,574,560,25743,53911,14431,41757,13763,10094,9679,7480,8112,9599,17101,9660,20311,9668,11086,9134,8278,11094,27079,37971,15845,9754,8433,8891,7324,13025,12635,41899,19842,11877,8908,8191,19716,15166,13873,18008,21311,9961,8543,9778,31101,13761,10362,27003,17533,11154,9652,11006,12786,12390,9765,20785,19550,10054,9713,10242,24499,
252,27291,10759,10641,11574,9295,540,527,17372,31451,10494,24049,10612,10101,9289,7328,7936,9391,11616,8738,13170,9324,10834,9022,8074,10201,16358,21254,11608,9544,8342,8746,7258,10745,10297,23381,12806,11495,8649,7932,13350,11609,10664,12739,14106,9753,8193,9199,20712,13186,9565,16330,14386,10914,9407,10591,10374,10907,9428,13890,13221,9544,9274,9866,16248,
253,17284,10492,9895,11155,8857,525,519,12383,19811,9563,15965,10070,9844,9081,6810,7893,8823,9885,8448,10987,8686,10397,8697,7732,9632,12596,14343,10251,9130,8239,8288,7027,10308,9588,15589,10481,11167,8601,7560,10182,10527,9369,11292,11451,9155,8130,9169,14417,12808,9181,12372,13530,10664,9178,10414,8417,10434,9300,11890,11354,9230,8976,9613,11323,
254,12347,10011,9150,10854,8651,541,528,10110,14059,8971,11969,9616,9360,8964,6864,7562,8730,9165,8308,10188,8496,10220,8444,7655,9376,10626,11418,9724,8851,8101,8118,6756,9824,9061,12145,9704,10798,8191,7404,8170,10207,8917,10739,10426,8993,7760,8691,11276,12436,8561,10480,12967,10198,8809,10268,7718,10036,8777,10879,10180,8938,8477,9415,9027,
255,10829,9695,8964,10516,8379,555,547,8885,11510,8587,10369,9279,9125,8563,6392,7168,8463,8721,8003,9808,8034,9962,8136,7382,8946,10015,10562,9270,8461,7649,7908,6484,9820,9073,11135,9299,10560,7995,7187,7452,9681,8617,10126,9982,8632,7447,8393,9693,12002,8328,9937,12478,10135,8640,9861,7367,9593,8555,10768,9879,8665,8287,8787,8112,
256,10318,9574,8774,10256,8041,494,479,7973,11000,8443,9937,8987,8539,8002,6030,6829,8303,8587,7717,9530,7876,9356,7658,7096,8595,9858,10059,8994,8029,7079,7347,5976,9541,8852,10542,9236,10059,7431,6696,6966,9478,8385,9975,9624,8249,7145,8012,8630,11803,8334,9524,12206,9445,8079,9098,6995,9581,8471,10346,9774,8352,7843,8572,7176,
257,9984,9203,8535,9953,7680,484,478,7850,10335,8272,9414,8884,8290,7808,5870,6805,7948,8242,7502,9336,7575,8903,7326,6818,8505,9544,9824,8882,7849,6662,7071,5942,9319,8553,10346,8673,9620,7238,6656,6809,9433,8255,9831,9430,7984,6784,7665,8346,11376,8051,9094,12023,9255,7812,8943,6917,9375,8052,10105,9318,7969,7652,8295,6955,
258,9580,8911,8126,9528,7462,490,480,7568,9848,7912,9295,8541,7958,7525,5700,6360,7745,8149,7157,8900,7271,8812,7333,6560,8229,9062,9403,8516,7349,6564,6915,5694,8731,8117,9786,8584,9174,6748,6269,6531,8875,7792,9372,9029,7641,6520,7589,8020,10906,7746,8903,11535,9041,7536,8649,6605,8658,7863,9753,9137,7764,7436,7995,6811,
259,9409,8628,7950,9554,7164,462,454,7438,9534,7915,8836,8203,7665,7187,5621,6141,7383,7684,6967,8668,7096,8484,6741,6317,7825,8897,9188,8289,7221,6454,6572,5422,8670,8095,9372,8368,8768,6508,5976,6425,8682,7556,9057,8857,7512,6214,7247,7670,10520,7438,8709,11044,8675,7424,8148,6519,8701,7651,9299,8766,7472,7171,7639,6578,
260,9042,8230,7835,8967,6873,457,449,7363,9236,7575,8706,8095,7449,7135,5281,5978,7231,7521,6881,8381,6855,7968,6787,5935,7770,8579,9073,7979,6891,6101,6406,5155,8339,7636,9069,8180,8593,6324,5793,6298,8280,7330,8948,8282,7110,6069,6950,7443,10139,7290,8412,10763,8491,7053,7977,6325,8463,7268,9156,8421,7188,6893,7540,6268,
261,8778,7928,7354,8659,6793,448,444,6922,9099,7355,8316,7540,7089,6715,5062,5850,6894,7444,6554,8171,6626,7760,6510,5832,7462,8229,8693,7618,6649,5809,6067,5053,7940,7557,8902,7718,8127,5999,5539,6010,8151,7166,8634,8050,6871,5737,6725,7318,9986,7039,8237,10424,8296,6928,7885,6183,8063,7043,8871,8312,7086,6834,7165,6172,
262,8601,7591,7231,8280,6415,437,426,6763,8659,7085,8027,7249,6838,6557,4848,5587,6594,7279,6279,8109,6299,7514,6312,5474,7175,8087,8557,7256,6305,5672,5740,4783,7805,7219,8635,7559,7887,5642,5283,6077,7931,6993,8246,7879,6633,5499,6486,7147,9552,6765,7919,10197,8062,6630,7373,5934,7853,6723,8635,7886,6658,6442,7008,6024,
263,8249,7537,6930,8296,6260,452,443,6735,8311,6692,7888,7171,6446,6152,4711,5274,6377,6941,6123,7680,6024,7239,5781,5344,7088,7719,8052,7098,6083,5392,5453,4445,7572,7095,8224,7219,7454,5522,5018,5773,7484,6644,7919,7594,6387,5248,6272,6988,9134,6589,7566,9623,7704,6231,7145,5767,7747,6620,8279,7644,6388,6239,6705,5776,
264,7968,7368,6588,7812,5960,416,412,6421,7991,6515,7657,6946,6252,5926,4546,5104,6109,6683,5900,7493,5894,6885,5541,5209,6755,7521,7743,6867,5542,5085,5185,4229,7280,6690,8015,6885,6982,5284,4730,5504,7249,6547,7641,7395,5907,4806,5984,6743,8765,6172,7524,9380,7302,6051,6751,5621,7402,6264,7922,7588,6071,5922,6275,5528,
265,7611,6965,6598,7809,5550,388,381,6246,8055,6321,7281,6809,5827,5656,4066,4951,5788,6392,5679,7188,5666,6492,5363,4862,6336,7260,7642,6577,5407,4939,5025,4080,6990,6457,7697,6926,6815,4824,4323,5315,7054,6351,7531,6948,5706,4517,5844,6422,8471,6050,7276,9155,7112,5832,6405,5519,7114,5905,7690,7193,5837,5796,6064,5520,
266,7543,6569,6185,7073,5283,434,427,5972,7585,6022,7261,6431,5560,5467,3973,4525,5528,6200,5509,6764,5465,6219,5047,4566,6193,7056,7289,6252,4994,4559,4594,3778,6564,6238,7393,6616,6496,4548,4163,5095,6678,6136,7016,6745,5470,4339,5447,6271,7911,5756,6788,8695,6839,5511,6118,5287,6977,5595,7614,6971,5518,5483,5706,5365,
267,6890,6306,5909,6938,4986,396,389,5914,7392,5703,6855,6263,5192,5217,3573,4287,5142,5921,5254,6586,5161,5847,4834,4318,6032,6861,7161,6052,4701,4276,4363,3570,6320,6001,7279,6283,6147,4343,3972,5082,6514,5816,6826,6447,5147,4054,5158,6042,7713,5685,6609,8400,6599,5202,5782,4990,6494,5325,7101,6745,5252,5118,5504,5108,
268,6866,6111,5602,6493,4645,404,401,5772,7042,5543,6606,5823,4788,5008,3356,4142,4794,5599,4952,6400,4868,5589,4619,4111,5722,6488,6924,5878,4381,3957,3933,3360,6146,5847,6971,6025,5811,4018,3590,4812,6158,5527,6731,6117,4915,3656,4808,5978,7150,5279,6418,7982,6230,5074,5553,4832,6410,5068,6793,6433,5089,4921,5171,4966,
269,6687,5826,5403,6312,4448,406,396,5460,6807,5492,6278,5548,4541,4686,3079,3890,4652,5363,4645,6157,4664,5294,4325,3866,5495,6414,6619,5656,4150,3775,3780,2984,5975,5396,6697,5717,5457,3631,3421,4772,6035,5211,6348,5919,4603,3386,4594,5721,6967,4995,6031,7683,5992,4638,5138,4631,5988,4808,6667,6125,4659,4622,4944,4721,
270,6309,5537,5198,5862,4163,372,368,5305,6520,5186,6055,5318,4114,4283,2839,3708,4217,5109,4346,5814,4296,4873,3981,3671,5131,5942,6299,5309,3607,3360,3354,2655,5498,5101,6461,5516,4986,3379,3029,4590,5617,5070,6181,5657,4231,3027,4499,5477,6435,4714,5884,7270,5588,4408,4798,4379,5714,4572,6297,5868,4357,4373,4622,4754,
271,6112,5103,4820,5613,3750,391,387,5101,6337,4855,5872,5151,3691,4095,2475,3231,3867,4979,4150,5564,4216,4575,3714,3257,4651,5651,6145,5116,3265,3114,2989,2406,5168,5114,6288,5072,4534,2927,2713,4217,5307,4767,5721,5478,3847,2494,4259,5269,6085,4440,5658,6810,5315,4094,4483,4307,5508,4269,6036,5620,4119,4129,4328,4489,
272,5816,4748,4653,5242,3293,390,383,4818,5842,4524,5540,4937,3373,3648,2146,3011,3690,4803,3892,5250,3691,4065,3329,2923,4446,5451,5685,4738,2968,2567,2444,1972,4768,4700,5797,5151,4139,2431,2121,4097,5210,4552,5359,5153,3469,1880,3853,5097,5624,4179,5381,6633,4868,3827,4098,4085,5188,3898,5499,5294,3772,3806,4028,4282,
273,5484,4522,4231,4933,2859,379,376,4579,5821,4205,5227,4437,2746,3341,1585,2532,3213,4548,3588,4957,3552,3803,3037,2712,4157,5228,5513,4519,2414,2123,1919,1547,4537,4315,5546,4661,3612,1820,1731,3948,4687,4321,5090,4748,3038,1433,3549,4799,4988,3852,5185,6148,4688,3440,3695,3786,5078,3571,5329,5126,3375,3468,3567,4120,
274,5290,4219,3990,4606,2439,416,411,4297,5399,4129,4915,4199,2165,3001,1184,2064,2807,4085,3340,4755,3224,3350,2565,2195,3888,4949,5239,4223,1765,1527,1366,1067,4209,4179,5311,4419,3097,1370,1289,3695,4475,4108,4790,4387,2464,1079,3155,4465,4687,3591,4787,5768,4157,3025,3185,3644,4609,3163,4880,4773,2874,3152,3150,3977,
275,5110,3853,3680,4271,1907,344,340,4149,5111,3717,4702,3991,1528,2403,978,1706,2349,3917,3110,4303,2781,2840,2141,1648,3559,4623,4846,4019,1259,1206,1062,862,3961,3843,4944,4237,2565,1048,951,3484,4100,3723,4584,4128,1995,827,2800,4403,3956,3286,4455,5314,3864,2577,2648,3453,4183,2929,4669,4398,2407,2760,2767,3676,
276,4702,3410,3459,3703,1374,386,383,4087,4807,3491,4368,3549,1163,1944,737,1250,1922,3651,2702,4027,2490,2398,1644,1290,3204,4296,4594,3650,1038,928,911,721,3512,3527,4514,3893,1953,775,801,3434,3715,3418,4060,3935,1463,740,2325,4107,3218,3028,4224,4828,3262,2191,2040,3272,3751,2387,4225,4135,1967,2305,2173,3426,
277,4257,2937,3154,3271,968,348,343,3707,4638,3279,4123,3285,964,1530,680,913,1382,3249,2282,3673,1880,1748,1271,974,2773,4028,4307,3364,841,769,764,624,3128,3058,4477,3582,1378,690,739,3179,3479,3189,3770,3562,1136,715,1925,3888,2551,2480,3892,4341,2779,1638,1510,3019,3379,1844,3819,3825,1396,1834,1701,3244,
278,4060,2531,2701,2688,874,350,342,3473,4215,2734,3804,2791,901,1106,630,767,929,2989,1861,3343,1577,1309,915,759,2295,3648,3936,2931,825,800,758,593,2645,2742,4145,3198,1151,653,692,2938,2907,2836,3328,3210,886,727,1435,3694,1737,2079,3544,3813,2070,1159,1151,2750,2701,1342,3400,3441,1089,1413,1159,3055,
279,3709,1875,2235,2029,806,371,367,3164,4033,2292,3382,2389,836,868,599,710,779,2675,1372,2851,1087,987,779,703,1687,3317,3577,2658,738,654,732,602,2014,2195,3582,2844,878,666,631,2681,2543,2471,2898,2823,760,644,1077,3447,1249,1509,3239,3106,1432,954,950,2388,2100,940,2921,3046,853,953,937,2705,
280,3353,1346,1797,1590,691,338,331,2938,3623,1784,3209,1855,841,764,637,664,702,2310,999,2339,849,845,707,678,1238,3025,3204,2132,769,672,714,619,1504,1713,3259,2333,870,612,652,2509,1938,1967,2420,2459,719,630,794,2994,1138,1113,2865,2352,1141,847,867,2116,1612,766,2372,2483,807,767,822,2503,
281,2969,1040,1278,1108,731,331,324,2672,3350,1394,2789,1417,816,770,591,730,694,1759,838,1988,771,779,730,637,967,2564,2872,1729,735,659,672,595,1140,1286,2980,1918,817,616,611,2097,1461,1522,1856,1974,746,591,756,2764,945,860,2442,1715,1024,753,784,1769,1108,704,1841,1987,739,714,739,2282,
282,2471,814,955,901,680,312,308,2206,2909,985,2263,987,755,747,604,614,662,1159,708,1400,713,774,699,660,756,2023,2315,1174,676,679,698,557,951,915,2342,1394,774,634,650,1679,1119,1032,1297,1371,684,580,676,2280,930,745,1891,1210,960,784,792,1245,877,675,1290,1456,694,654,669,1867,
283,2024,760,823,888,644,359,359,1852,2366,823,1948,889,717,689,527,600,678,916,679,1013,662,723,699,602,723,1512,1871,1036,656,596,621,533,813,842,1979,1025,832,563,608,1399,901,879,968,940,714,571,621,1853,945,742,1481,1094,924,726,725,997,877,681,971,1121,712,627,685,1466,
284,1385,722,730,802,660,320,318,1457,1912,707,1422,783,743,694,538,606,664,779,658,797,697,705,624,572,679,1131,1404,839,700,633,626,572,770,706,1318,814,718,518,564,1080,799,746,846,803,684,578,640,1482,884,673,1108,1032,849,658,826,815,806,681,802,855,662,608,726,1160,
285,1062,701,680,808,691,335,329,1052,1408,679,1029,725,766,639,535,638,675,733,612,734,646,695,627,584,740,877,949,718,616,652,636,538,714,683,1024,716,724,569,633,807,733,667,769,689,629,587,622,1145,878,639,877,971,849,694,721,737,787,621,810,807,721,631,655,872,
286,843,765,687,786,596,328,328,885,1027,672,841,685,702,655,509,552,586,656,598,773,609,631,632,602,595,827,856,752,613,586,616,542,701,663,839,666,712,469,592,716,737,649,810,663,611,585,639,911,835,646,801,849,899,712,726,682,779,626,748,751,652,625,610,754,
287,745,698,628,790,611,327,324,771,822,640,779,703,660,663,500,527,622,650,588,675,574,649,608,566,659,750,830,711,630,589,533,517,730,677,769,647,665,483,576,687,695,665,751,664,624,540,569,793,814,631,721,919,861,643,658,597,749,618,693,730,647,580,635,662,
288,749,688,653,747,566,303,298,671,746,606,687,664,660,638,501,526,554,638,582,688,625,625,543,520,612,739,757,676,579,570,546,510,671,630,698,651,684,524,570,617,708,610,703,628,573,554,568,668,801,619,754,917,783,621,656,585,742,591,716,688,613,519,567,594,
289,687,659,625,715,570,280,276,638,684,597,650,648,638,608,472,515,554,577,571,696,619,635,596,532,629,716,677,641,577,516,537,498,650,602,747,654,651,432,507,635,671,624,649,618,573,500,576,632,779,565,682,875,783,609,673,584,756,586,715,663,553,553,597,592,
290,656,672,640,745,540,286,281,657,668,576,674,643,618,558,467,467,537,588,570,671,576,630,562,528,630,687,754,652,560,527,536,457,669,668,693,655,609,454,497,530,666,607,653,580,588,516,586,652,753,598,662,824,764,618,624,551,639,488,641,658,566,505,558,566,
291,679,633,587,666,570,321,319,603,668,530,654,616,586,567,483,508,544,613,531,634,588,561,571,489,590,662,720,636,566,481,494,448,614,603,664,645,633,404,511,522,620,591,604,546,535,453,590,593,737,608,704,776,711,589,636,562,707,548,615,601,559,545,517,571,
292,659,626,586,661,559,316,307,574,666,571,607,605,651,585,421,509,440,567,526,621,530,590,510,537,581,643,703,577,538,438,522,428,634,571,641,615,543,462,461,519,612,555,618,524,542,447,537,533,698,552,645,797,781,581,575,594,659,532,622,621,562,506,547,521,
293,690,567,584,638,526,265,261,569,644,548,604,606,570,547,415,495,520,565,470,594,484,561,500,488,550,628,678,626,530,482,504,437,557,589,603,628,521,402,456,559,576,545,612,528,525,442,542,628,677,570,653,852,728,538,632,538,624,532,614,583,543,486,512,570,
294,620,549,526,632,475,299,296,567,569,579,583,550,520,527,406,490,447,559,465,623,556,521,522,475,576,633,639,512,482,405,452,396,559,509,569,556,509,409,461,519,608,537,612,474,508,512,561,585,652,552,604,789,669,523,513,551,595,480,582,560,529,451,540,552,
295,581,585,531,655,467,283,283,532,570,514,570,561,540,506,367,454,458,545,474,542,512,520,507,456,573,616,636,572,466,403,498,380,501,554,610,566,540,394,437,452,562,525,588,497,467,397,487,558,667,513,621,750,692,529,509,514,630,470,628,577,515,467,452,543,
296,592,508,532,601,482,301,298,584,615,537,583,577,509,519,386,443,461,506,469,531,475,516,465,446,515,610,629,557,482,459,440,394,544,503,592,567,467,394,417,531,568,527,585,484,423,407,481,544,637,496,598,710,660,503,512,528,594,503,571,536,531,452,526,445,
297,587,497,526,600,439,300,290,554,559,487,534,542,508,487,370,436,433,462,440,519,475,484,468,466,514,616,590,521,444,402,353,365,524,494,573,505,428,351,402,502,531,528,561,463,468,376,440,545,642,497,609,708,592,526,544,513,576,431,548,531,471,443,458,546,
298,572,495,529,542,428,298,296,519,573,496,522,534,515,475,362,410,446,499,490,524,461,473,439,389,498,553,598,536,444,338,399,376,498,477,562,485,454,322,378,482,509,459,531,469,417,353,431,509,577,480,548,683,636,517,496,487,534,433,537,544,485,426,422,514,
299,582,514,469,519,401,289,285,506,537,459,499,528,457,457,346,381,361,445,457,489,443,474,449,411,533,541,566,524,432,377,400,361,492,491,495,521,438,338,387,472,486,500,533,431,423,345,439,448,537,445,508,648,615,448,482,483,515,426,526,509,415,437,393,489,
