165,425722,426486,427669,510841,1030827,206953,305385,2912136,554197,359056,476102,378584,1034980,1036681,544198,752690,434774,414760,405256,444036,1009911,880137,1176025,783439,471424,549193,472220,519338,923961,657784,820601,688738,401876,443156,491575,396945,1114404,656715,554519,1889150,452327,454643,459284,504137,835143,853332,954358,2741835,519232,368022,466387,453564,1008121,770508,707593,2910920,360703,377367,404292,442188,946468,837093,1084812,1301195,
166,477448,482006,484485,580766,2023455,344082,550885,4520338,661329,404376,539663,428115,1956167,2020223,766753,1305883,472506,454486,451432,483041,1900956,1497900,2278151,1469288,519030,639589,524625,602373,1736184,1075341,1486225,1271047,452311,503642,553982,439984,2004327,1027296,783209,3095482,505807,515869,505662,565862,1502279,1639784,1703320,4042300,589978,415360,531531,509770,1886372,1353901,971464,4179021,405352,426529,454484,499471,1798838,1470816,2102087,2397881,
167,528226,538370,541079,661330,3631067,606736,940172,5940330,845464,446842,616317,474747,3701763,3768815,1391936,2567570,519974,498248,500482,528437,3232664,2744463,3726773,2699343,575306,799908,580723,740603,3169538,2064950,2778211,2429453,504152,571187,629433,487090,3436067,1947753,1436748,3779493,565056,601236,558622,632524,2801410,3026046,3008103,4673211,664367,461853,618119,564351,3388679,2565323,1679674,5039418,446674,474731,500520,564757,3219031,2710608,3522809,3567407,
168,603253,611598,638270,833041,5469621,1048645,1437371,5937229,1261387,499655,769850,537089,5939654,5966861,2790533,4479582,586975,564698,584887,593576,4523150,4299910,4801576,3957347,670502,1186489,685240,1062481,4642349,3510499,4258231,3770185,570210,709235,777304,553606,4747698,3394580,2686882,4000591,660642,796098,639780,765224,4277770,4399447,4377776,4793678,781372,524221,811780,637895,5057908,4153656,3167403,5073858,500424,541015,559995,696956,4717284,4264874,4764012,4353097,
169,742650,740571,852267,1261378,6678993,1543729,1935661,5164502,2130076,588237,1113904,650440,7558996,7149647,4675701,6317412,693425,690377,772931,701794,5109916,5314261,5219414,4601601,872107,2079056,913584,1808920,5385014,4613962,5135430,4589323,668999,1053052,1117889,670962,5307589,4508987,3896460,4039831,863359,1254368,787524,1052073,5111005,5004439,5096227,4777685,1039839,633171,1229719,742624,6308335,5511518,4956492,4713572,592180,659020,644445,1010532,5664551,5400903,5327398,4622288,
170,1182107,1215265,1577406,2549841,6092861,2076928,2675546,4902028,3762067,881745,2135909,1039177,6864596,6238286,6187278,6294934,1051794,1125645,1472836,1052690,5186593,5637704,5268691,4759500,1591776,4030881,1705229,3576207,5402336,4995815,5292195,4756935,992020,2140142,2184755,1067332,5405234,4977578,4573936,4080517,1566134,2574068,1302585,1989641,5255562,5008302,5195793,4817816,1931576,1006502,2384669,1061983,6084661,6036623,6590477,4635164,876190,1095998,900187,1966510,5562668,5737518,5224926,4577488,
171,2101478,2299931,2860642,4129439,5488666,2809855,4179898,5009739,4843203,1580621,3549198,1936453,6047628,5535914,5654042,5437796,1970163,2120941,2847556,1897526,5059766,5596458,5317257,4810398,3043460,6070229,3154776,5370285,5377263,4916386,5239484,4713400,1783589,3609970,3705473,1967556,5489752,5078666,4763078,4162202,2882600,4177700,2418585,3564993,5191953,5063933,5187217,4916032,3435964,1843940,3790670,1819737,5520322,5477610,6748663,4731372,1519358,2056502,1503009,3289385,5306561,5508173,5174040,4586724,
172,3743111,4119013,4432774,5427580,5576108,4465720,7608628,5324778,5340010,3030260,4913077,3483102,6069029,5619106,5063437,5314340,4084735,4116411,5068042,3782502,5136424,5676450,5446916,4949947,5520200,7364079,5325800,6884631,5534750,4977245,5345357,4830835,3438394,5100610,5371678,3681183,5705124,5230757,4940066,4336092,4795159,5883081,4443420,5708644,5292048,5313231,5322503,5118452,5138470,3345727,4930510,3475524,5503573,5280526,6217705,4919552,2842632,3597322,2867542,4522841,5384465,5509675,5328487,4674444,
173,4995032,5378142,5298738,5623919,6434201,9378827,14997288,6350526,5415247,4253176,5424648,4565868,7130927,6737815,5668190,6103268,6428296,6088347,6384428,5867671,5581916,6211521,6011920,5577704,7281382,6584664,6890523,6386457,6254719,5518969,5916393,5441318,4893196,5601106,6265912,5218778,6628489,6058535,5841931,5200931,6134807,6261643,6316603,7197670,5881353,6344656,6083422,6011619,5788061,4450559,5135227,4961872,6091246,5738837,6406133,5580945,3971593,4549101,4202273,4895668,5933019,5932969,5956765,5116105,
174,5532977,5674798,5305494,5552502,57165710,58645382,65250645,68527755,5511759,4916828,5436195,4977435,66447633,67938013,122426287,56687466,7282033,6515467,5810450,7080819,48368678,50396714,57225042,67007521,6862252,5817533,6535995,5622605,53743333,40860906,30761812,54104487,5665667,5425966,5906222,5975858,72037440,72215705,75260249,81537742,6069350,5616517,6937339,6805729,55275504,74849403,80676265,77134235,5935358,4881782,5061362,5770811,51846052,44545946,48759546,60297463,4637435,4962183,5114559,4973537,51862713,45643701,62545932,60608890,
175,5475651,5648109,5332656,5821238,181327651,164332134,170703029,215386994,5751493,5011231,5554127,5007896,206143455,180533748,263358218,195931106,6494047,5782040,5324969,6433294,169150492,185203558,200231288,223502617,6200729,5857334,5934114,5609229,180791373,158321084,162865168,185086663,5763507,5569982,5817554,5670561,320511486,215123272,224264377,239919103,5772963,5576500,6373380,6276523,194219966,249653462,245880855,240132490,6222989,4939009,5176193,5772928,173279904,151977023,157200727,207277635,4831740,5207583,5356112,5149159,175688900,158715730,213716549,196818731,
176,5793455,6344166,5984272,6906373,257712594,230863797,235830952,288909323,6610919,5383230,6170234,5490300,278383568,283068138,255453881,291402910,6279821,5603862,5520250,6008689,210164393,235784384,234901143,272998138,6232073,6452822,5970732,6096521,222874875,199536261,190361635,180592040,6266959,6265868,6226325,5657831,179128554,174581594,208914144,187658418,6054729,5972481,6258030,6353651,202286434,197284110,191771264,198854916,7357900,5484539,5895368,6042699,255173775,251034333,225693332,268989155,5322576,6090744,5846756,5948887,246449416,219110767,253125493,229435748,
177,7750623,9036408,8480538,10006419,334449854,284736777,298643953,348400997,9506798,7428408,8450343,7625233,333633490,338539565,293828855,332563736,7950053,6944891,7404467,6795215,212751721,240114174,231813870,279614703,7606188,8230115,7211591,7906943,226930619,204615818,186930547,200259148,8605757,8768448,8284203,6991319,164146302,161465232,164734960,165691932,7658895,7729628,7672288,7925466,242142976,172220367,169133460,168249909,10647636,7840242,8474247,7999924,311476484,265485708,268111438,310773846,7759179,9050406,8037114,8761871,268241250,286564805,381575478,334807787,
178,55115300,61667091,60351552,65116810,352739926,316050723,275601110,394205797,87404525,62114082,57902445,59230745,390411389,393974494,343705013,321131801,79543988,90279181,76963165,56439511,220734620,233556631,222719108,295576910,71177298,97585088,59561062,75324910,107027227,197199640,183085126,193384861,76576516,67489769,64844826,53840211,156569352,164554107,158741865,160667422,56517080,69423745,60572089,69080191,261849652,164752708,163778965,168017189,98628848,70961553,67277319,56814796,356388118,298373760,282302509,379997582,88116974,92942718,66733930,94848878,303866807,240994645,263626215,238213105,
179,118069138,163113071,160524808,171465950,372330915,329320580,373758526,423218739,211986094,176266393,128694305,160852567,434282880,443245040,395413831,386604931,241154882,230511175,204369391,160151694,208113003,214570351,219508329,293817252,195483636,199734275,156744314,196153412,214805688,202987475,182799785,200155319,189908314,179458580,172571143,147671424,155782300,157195927,160655120,164630344,152744408,162852201,162225457,188233827,217571730,164618299,165465212,159492165,238696253,190977313,180183341,146202446,338873480,315983649,336883837,353501940,212424713,240281028,191157351,220360951,322375820,280871708,272016921,268020353,
180,190266016,181241477,178686070,196487993,389304637,339644703,393648129,454603981,209022665,193810939,170028152,174015833,474786894,490063971,457414250,428303745,402239649,225012057,227348628,190189580,198960987,218438083,195856967,295249098,246125280,241531707,198646523,205203150,226704576,161591270,179092301,185542002,215892218,169488740,229118354,194692282,158762611,157543554,159422080,162023292,199735204,209075322,215179221,230031105,158151039,164004312,163628223,163843017,199116362,179735258,185564404,179170394,397151797,327889016,314778096,370668663,191795121,198048867,181955567,153202062,327057147,292959036,299795839,259960270,
181,184021497,178922189,176618113,160732250,408583818,353062575,502862013,463951225,218533810,194183748,177066966,179016526,642597459,516345521,510217683,486860506,289094618,284619630,274142910,230364298,191400258,208007667,211046719,286622990,275221948,282886294,242664116,262052464,196451665,182441394,168685504,179013494,239657734,228537560,280662789,233669561,154272318,154524067,155940888,157200774,237530442,242842111,249237666,259092873,177456981,160303266,158501117,160539305,176360263,169000865,171764262,181843678,399371226,342511323,317532289,385556224,162731582,172361465,171191832,185350112,325657654,283907365,257194182,249316629,
182,195839191,191896348,137220242,185233967,422883649,369758888,447440065,479794227,216202354,160392414,188945153,183840633,563888079,559252624,542855794,526309231,321105281,323409990,319713712,265654042,147095153,194133199,201974447,308871325,257774326,338803314,291038333,309659244,185534986,175684788,163698890,177029851,273260834,256385837,331909903,274315284,153452435,152655324,154401995,162900150,276204090,277824550,312325103,294907968,167390788,158719644,156026833,157083680,164858756,162958169,161714194,320091280,387968304,354773913,322996401,362813006,157449042,197418801,163719719,164862214,317909535,112803895,261013227,246599647,
183,195169194,214961375,174396615,187920068,428390458,388497119,457958134,481976797,205893674,180077797,184527315,186583320,543078526,563955332,561797377,547790659,355421060,362170266,350094468,305104096,175153894,186614964,193509630,258129909,370041750,376203009,315685425,334112381,168088338,178831997,157595043,158360532,323863425,252952349,367271174,299089414,154908867,153016623,153498004,155121533,298024385,297326175,330557489,349459017,132864851,159942926,156385019,156081265,162223883,156943477,163806913,191223804,377213796,358738123,321889198,354582446,163478740,160600474,160044541,161641476,306501844,285688558,253999049,301315422,
184,195914584,188722416,173599267,181331721,400514961,415541221,465763293,587301029,221692202,215037192,192034601,172084301,547922710,574384354,572566520,566122211,390508876,397375661,402634955,342427301,172319546,186155620,187547651,250950824,404063517,397812536,331596540,340960083,170761679,169523024,159045388,166761660,306443809,271867539,397003138,316618594,153300920,153084054,153603479,150489156,311965386,312319071,347216204,329562684,156416381,160743882,155786328,157512855,92805290,158816616,161653083,184271337,378156987,362150217,334337358,354647884,159169739,156871885,158733817,159401533,301334790,282520783,250971152,243635676,
185,197732302,193980202,172308967,173036010,459971374,442913234,458141784,481607757,214596955,196096701,200348911,170938958,547741364,570676266,571498840,573878897,421997986,422521269,439781125,374641667,167261262,184714449,184065157,246120971,433101964,432086373,339326218,343139397,166403752,167698974,156912548,166357036,307051975,273773736,392471059,326577293,152621176,152152914,153649802,152554802,317649247,325387431,360256802,337134695,161534132,160441011,154146680,155446041,158873976,158347588,162138560,179539966,386449306,376244535,344326963,359593414,158549386,156540327,157479359,161131840,301666413,280071988,254201162,247264053,
186,188033792,191730529,172217344,150428598,490589282,459916138,213996141,459062518,211225977,205225448,172411002,169089850,525052787,538282905,548029845,565247737,450666146,442372620,454986754,412758148,161241991,175976443,171410003,230352216,457799136,444275217,350904779,353073839,163028401,161155795,154637778,164813772,304463800,277469356,389541786,330702185,150593047,149978324,151007108,150539734,318002604,321368568,364438170,344881881,159042359,158650705,152319291,152913054,156750532,157673288,159814548,174115732,400062540,379084316,335249781,377923453,154971984,157421453,155778640,159568692,304472429,276749345,251213444,243495607,
187,294578038,191866301,170319074,169556085,428833079,400580757,377907953,396794317,205648228,200099418,175515780,165789366,435053497,442653421,453166623,474815660,465606135,453552885,475462957,429392654,134996065,145648892,143840235,184401430,471047435,459330217,369751456,367134623,140121906,139471414,134912142,143916099,293323547,253321253,392987039,328130256,130267742,129876668,130700470,129924121,316628080,321100804,327554993,350541657,137853621,138887840,132559428,132587272,155392412,155506631,158127982,171909078,360490681,337809571,309041962,334915313,239469114,154330118,154570383,156449594,273805781,237230557,213481157,209288402,
188,179481740,191478004,168925653,166424778,225424328,211652921,201713311,204632432,200994769,182679031,165674386,187000040,221686980,224471476,229545751,240365092,474777325,460387148,485230668,447885335,72799958,77810039,75113492,90978508,410326193,466288909,394376665,337416919,75716935,74711111,71999582,75833350,289572777,295906300,417526683,316849690,68845561,69582619,69480985,69438816,317996149,322779194,357723098,364727631,74175239,75168647,69830503,70696761,154274967,154707615,157198939,168607053,185395939,180460470,180662471,178757276,157825126,137852393,153650625,153294886,139613946,122654746,103239027,107363288,
189,178980547,186731388,159929935,163121646,37247738,40499642,38718882,34192484,222100164,176142519,158458781,154053777,36978467,36787233,36851903,39039474,459756496,451551587,469693533,438197363,15029162,15776161,15530788,16768702,467742618,435602272,403231338,396325286,15639776,15141157,15063635,15147057,265653463,241409515,379375471,298559792,15017188,14657240,14407940,13866746,313305592,318780135,351258715,298135708,15254502,15505333,14906553,14739150,149587309,149778575,152752910,164979486,32817065,31605964,30885911,31210796,144291748,148459588,149370063,149048803,25321029,22404417,19896519,18651249,
190,136069180,142568412,124116303,123934699,5534830,11644926,11554462,5210876,125791809,132848483,121291931,119786132,5984538,5563179,4980022,5437538,359802036,345618043,351519165,333819770,5167154,5654492,5375564,4879418,348109352,339516640,316878741,313452200,5426582,4946467,5304927,4763139,210322300,202291681,281426778,242377170,5594829,5195810,4903632,4315408,246183018,256693596,273513650,291455590,5323941,5089912,5338570,5020102,113912953,113892893,115304923,121647923,5603834,5369102,5992953,4957806,115499419,113089970,113465105,112606986,5376188,5542203,5166528,4758746,
191,62435567,64856580,56864169,55609511,4921695,11052854,10969844,4684149,64061729,45709041,55006194,54484172,5428631,4994751,4403576,4833236,157659923,154844230,153360165,148765415,4966161,5444621,5178861,4659681,155956429,149982282,145058287,142048859,5216316,4754626,5113388,4560993,92974864,78819977,126146595,106963362,5398978,4994339,4683949,4107640,115114220,115239687,126104552,131996451,5126123,4882632,5140516,4821546,53026159,52552559,53130980,56199902,5097447,4871664,5512572,4469858,52740423,52197107,52691417,52380784,4991226,5211433,4883479,4499137,
192,9136607,9325697,8569557,8785395,4903774,10881957,10774070,4661660,9389122,8422436,8560704,8136842,5406285,4973594,4377534,4809775,13401760,15021694,14611736,14787040,4932082,5425712,5150357,4629395,15165139,15321548,14656351,14639219,5189864,4725414,5090149,4534841,11236486,10924881,13615650,11986622,5369243,4964061,4654633,4083236,13333596,13148232,14330151,16488880,5100510,4853361,5112031,4799839,9011252,8003955,8304461,9000529,5070382,4849505,5490727,4448023,8112523,8116997,8544500,8175979,4971634,5183143,4861397,4469955,
193,5642510,5658930,5458598,5712368,4898917,10767125,10635323,4659188,5788940,5145865,5651633,5120140,5405642,4967786,4374653,4803753,6435020,5893358,5722031,6214795,4923343,5420421,5134361,4624882,6226710,6109092,6192216,6178726,5183068,4723088,5075931,4530420,5899157,5568086,6234951,5681762,5361284,4965557,4644030,4079264,6076205,5962774,6240942,6531602,5097616,4853325,5105188,4787958,6118031,5088192,5375320,5950749,5060586,4842989,5481658,4440536,5195395,5228996,5640038,5276816,4961221,5171767,4850418,4465171,
194,5187426,5182730,5038113,5301829,4897343,10618856,10410095,4651983,5299466,4707138,5236829,4721160,5386534,4957519,4366509,4791288,5193446,4735853,4581662,5099258,4933430,5402061,5135147,4617325,5081340,5227999,5077372,5091058,5168223,4716181,5068001,4519988,5194853,4944165,5275535,4809930,5347780,4959129,4628509,4069130,5066699,4977271,5197306,5418726,5084095,4844049,5093052,4786897,5758495,4705869,4986098,5543156,5050464,4832300,5470924,4435318,4809642,4854303,5245788,4891629,4952655,5163232,4844765,4457263,
195,5137313,5139808,4995125,5260303,4878850,10414590,10013770,4645824,5245295,4659153,5191552,4684853,5378538,4954502,4360999,4791568,5103824,4641808,4496585,5010581,5028875,5397777,5130152,4610281,4989902,5134177,4993998,5002514,5161467,4706882,5061313,4509005,5131772,4887805,5197576,4722806,5335690,4957544,4633464,4064610,4976740,4880184,5110672,5330820,5073873,4826806,5085426,4784045,5722229,4670791,4952758,5506330,5042320,4819556,5459176,4431848,4770799,4822493,5211272,4858772,4942370,5154705,4831798,4453580,
196,5126200,5130954,4979387,5251791,4874764,10025568,9179194,4642938,5230225,4662707,5174058,4674117,5370420,4941263,4349383,4781156,5094993,4622678,4481840,4987770,5019992,5388050,5114135,4603084,4976721,5124706,4993631,4988210,5154988,4697548,5050555,4506206,5127720,4869350,5185882,4712849,5331324,4947427,4620290,4064906,4966244,4876869,5097276,5308340,5056721,4812297,5071705,4780689,5705959,4662445,4940147,5493802,5034911,4814214,5452330,4430502,4765016,4813606,5208752,4851181,4932258,5141454,4826394,4445447,
197,5119297,5121046,4975295,5243464,4864646,9115219,7358876,4640609,5222339,4660469,5166752,4668272,5363320,4938096,4346152,4770009,5083755,4620194,4477455,4984075,5012468,5370551,5110803,4596767,4972698,5116616,4966304,4984987,5148403,4689042,5046378,4496698,5115484,4866652,5174306,4707192,5322482,4936843,4608860,4062223,4957414,4867558,5089684,5301714,5050731,4814841,5062422,4775608,5692872,4658044,4933448,5491923,5023818,4807510,5445788,4428968,4763454,4812312,5200578,4846488,4929568,5137471,4823321,4446727,
198,5106179,5115926,4967697,5230541,4858475,7076003,4521060,4633985,5208570,4652340,5153165,4655406,5350043,4920960,4337605,4762386,5071772,4611151,4463432,4977251,5003020,5365793,5097963,4589382,4954390,5106268,4954648,4975323,5137558,4680481,5032585,4487412,5101444,4855821,5163584,4698212,5304603,4927726,4597203,4058042,4947342,4861592,5081570,5287084,5038224,4803920,5055224,4768394,5688240,4654396,4922162,5479739,5013995,4797544,5435821,4420515,4751599,4797098,5188012,4834954,4917227,5127554,4812852,4442390,
199,5093532,5109229,4958485,5215463,4851362,4567343,2375731,4625656,5197952,4644727,5144167,4645128,5340986,4913471,4328237,4756626,5064012,4608132,4458690,4969793,4997443,5362071,5085525,4578009,4949887,5099622,4951306,4966437,5123853,4668111,5020547,4473509,5095011,4842869,5156713,4687668,5292564,4917595,4586096,4051240,4934286,4848882,5070619,5279409,5030022,4793530,5042112,4760723,5676843,4641074,4918039,5469581,5010880,4791301,5427648,4415776,4740708,4789296,5182170,4827126,4910569,5128466,4796932,4440680,
200,5087241,5091394,4946286,5206798,4837143,2439791,1284995,4620555,5191780,4631432,5132440,4637430,5313134,4900327,4313110,4741714,5048380,4596297,4453828,4959104,4985136,5342169,5081482,4568511,4933694,5092402,4956231,4957459,5114616,4655343,5006774,4466447,5083961,4838838,5143333,4674962,5278507,4899551,4572934,4051269,4929838,4842288,5061535,5265647,5013051,4771292,5027458,4756785,5645156,4633499,4913343,5460137,4998500,4778259,5416415,4419690,4728923,4781304,5174306,4815476,4896917,5110282,4790283,4443153,
201,5084349,5083287,4935632,5196071,4824633,1351723,918767,4615797,5185321,4622843,5122359,4639070,5296808,4878219,4299267,4723973,5039405,4589845,4443336,4949702,4968077,5332699,5061622,4560637,4924037,5079902,4946571,4946870,5096453,4641287,4989477,4449921,5080505,4830293,5135324,4672965,5256689,4872892,4551390,4042961,4917707,4834190,5053963,5262436,5003565,4762014,5014107,4749035,5627125,4625806,4901304,5453873,4988092,4769651,5403136,4412278,4728657,4767747,5160414,4815164,4884428,5100512,4776768,4437008,
202,5067249,5065974,4922606,5177603,4792421,924528,798651,4609023,5168884,4614774,5111036,4626392,5263258,4852917,4275326,4703461,5035397,4574302,4430243,4937187,4953795,5317575,5039531,4541054,4911915,5067961,4938358,4932823,5072083,4622377,4967992,4428029,5065070,4816812,5124619,4657041,5228469,4844475,4527845,4031205,4906261,4822599,5040917,5246336,4979046,4732807,4994387,4738317,5611773,4607962,4887140,5436896,4968366,4752388,5386510,4404532,4711997,4754933,5146347,4803591,4864233,5078421,4757711,4431074,
203,5050691,5056090,4907951,5170962,4770000,802931,754757,4595226,5158051,4611057,5098874,4611656,5242256,4833036,4258539,4674815,5021574,4568480,4419390,4927265,4931314,5293198,5010223,4519420,4901296,5053437,4927306,4923387,5042565,4598603,4936564,4399972,5056561,4808084,5115179,4652929,5204056,4817783,4503872,4015200,4902732,4817069,5025978,5238345,4950630,4713230,4974774,4724849,5592875,4595486,4873936,5429842,4941826,4727008,5366327,4386156,4703664,4738531,5137194,4789108,4844432,5059691,4733196,4422820,
204,5046002,5046141,4894809,5153438,4754554,759983,728342,4582104,5144317,4607494,5087140,4604425,5219913,4809244,4238857,4660599,5016706,4550877,4404396,4910661,4906021,5271768,4984423,4495176,4885929,5043870,4916081,4904831,5012864,4573766,4912179,4379792,5044897,4795851,5107076,4635454,5170637,4798530,4480517,4003346,4887680,4799652,5015521,5224685,4935187,4687777,4949531,4715227,5565374,4583808,4860209,5407238,4918747,4710347,5341190,4374849,4685074,4720367,5120346,4768765,4821188,5039218,4709061,4411762,
205,5032845,5034484,4886325,5139036,4731400,729523,702199,4566626,5135497,4612428,5076712,4597802,5197020,4792736,4225140,4641638,4987038,4539982,4393601,4907304,4882680,5236012,4955106,4463678,4866091,5028915,4903654,4892602,4987286,4547388,4890020,4359965,5034568,4785890,5098850,4637577,5149895,4781600,4464794,3996270,4872129,4791543,5009174,5215044,4927678,4666931,4920783,4693926,5542845,4560274,4851166,5393191,4895868,4684100,5315386,4354301,4669476,4705265,5106106,4755132,4796966,5012260,4682787,4401024,
206,5016300,5011519,4864348,5112790,4703899,700031,672753,4552217,5120797,4597194,5056958,4581255,5174752,4769421,4206661,4618303,4954986,4523639,4370822,4884421,4848773,5203794,4925446,4440137,4852399,5005151,4871303,4867967,4955164,4525429,4856178,4337283,5021502,4765975,5083514,4624382,5119002,4757187,4441135,3980582,4850949,4773643,4993731,5194567,4899108,4636939,4896176,4680394,5518420,4544595,4819247,5362801,4871307,4661721,5280108,4345956,4645876,4677844,5083775,4728331,4771881,4981035,4657385,4383215,
207,5003768,4993134,4837954,5081533,4684307,674679,647009,4537861,5097465,4579037,5038909,4557782,5142456,4742419,4184501,4598910,4933297,4503792,4355806,4864358,4828600,5171531,4905869,4418292,4828239,4983637,4850531,4842543,4931262,4499968,4828160,4313182,5001640,4748442,5057061,4609700,5091586,4733142,4421830,3967437,4830062,4753912,4973130,5176203,4867518,4616582,4871628,4664285,5492674,4521440,4801398,5338620,4844849,4642835,5251681,4329697,4620646,4652234,5060489,4702735,4748136,4953578,4635352,4361075,
208,4982180,4959476,4810676,5047036,4654211,641934,613528,4526356,5069878,4545480,5006908,4529961,5108078,4718421,4154695,4575244,4915521,4481484,4324666,4843585,4792603,5136416,4869168,4392313,4802539,4960981,4826936,4814788,4901805,4467204,4796846,4284599,4972874,4717691,5032865,4581945,5056113,4706902,4394268,3957212,4804946,4723781,4942184,5146068,4834922,4577681,4841415,4647290,5456935,4501254,4769044,5310980,4815660,4607997,5220668,4315906,4591963,4632115,5030585,4678462,4717536,4924980,4604874,4349881,
209,4958357,4935350,4787667,5017089,4627795,614222,583984,4506686,5039266,4519726,4981164,4507398,5081693,4694376,4135645,4546617,4898618,4465616,4309283,4823901,4660163,5106662,4842300,4366731,4775193,4938541,4806311,4792205,4865094,4449051,4768347,4260330,4945380,4692955,5007308,4558996,5019283,4672664,4362843,3946760,4782632,4702232,4923905,5118854,4799064,4546031,4814745,4631909,5428608,4477036,4746109,5284725,4786761,4586546,5184101,4299326,4567634,4609629,5007226,4654196,4695990,4897967,4577864,4336455,
210,4928725,4900753,4762631,4986001,4599746,580594,547940,4489759,5008676,4487235,4944450,4486335,5040150,4667189,4103368,4516861,4860830,4436388,4286097,4798630,4629112,5073763,4807794,4338296,4749454,4909059,4782177,4770781,4834672,4415266,4736285,4233201,4913674,4662146,4978227,4530331,4980197,4637711,4332552,3947429,4749459,4675594,4892258,5086062,4774407,4507407,4781784,4614586,5379622,4451166,4722462,5253909,4761400,4559566,5153498,4285297,4541227,4585096,4979023,4631264,4666443,4869224,4548387,4317790,
211,4898374,4877055,4733772,4956949,4569243,547401,513056,4476474,4978849,4463395,4920475,4455281,4992565,4631268,4072600,4486070,4841580,4411174,4259589,4770067,4597249,5042219,4777013,4310911,4724468,4889184,4760574,4743138,4791837,4374896,4691065,4182560,4887490,4639836,4949919,4513132,4942897,4589319,4285659,3921721,4720438,4656587,4867750,5062570,4732218,4433498,4752348,4596330,5328970,4425577,4696758,5228861,4731981,4529462,5118033,4270128,4522617,4566225,4957819,4612115,4633571,4840871,4518005,4302453,
212,4872872,4839341,4712552,4926546,4509683,515137,478192,4459818,4951871,4426217,4891705,4441146,4915344,4589622,4021508,4451637,4803526,4393039,4231192,4739685,4576881,4999062,4735583,4278469,4697219,4858741,4742986,4716773,4711904,4319232,4617397,4096242,4855516,4612306,4922663,4479668,4897166,4517022,4211289,3913351,4693492,4626046,4838381,5032311,4685957,4275084,4727745,4580032,5288542,4397404,4672661,5192579,4701811,4497608,5080119,4257632,4498450,4534654,4933460,4585751,4595374,4810335,4486709,4288770,
213,4846225,4808299,4681562,4895457,4375041,477584,437784,4444147,4926360,4417913,4863380,4408025,4732964,4509647,3897564,4373649,4772689,4364519,4216385,4716551,4543581,4934424,4660397,4196170,4668190,4836230,4719654,4686572,4501292,4164830,4419742,3851519,4822244,4586958,4897465,4459047,4813323,4338877,4039686,3897331,4663991,4602782,4811471,5003298,4600960,3855224,4674156,4558154,5258066,4373232,4650522,5156244,4657082,4449776,5025754,4235466,4474539,4502891,4908073,4560206,4524922,4771950,4411007,4275149,
214,4815143,4775589,4642475,4850913,3963961,433934,387454,4415545,4895035,4383348,4828681,4380743,4187289,4294829,3542683,4167867,4719882,4340449,4182646,4686566,4460435,4753064,4448813,3946451,4635827,4808125,4690007,4655126,3897935,3691053,3840575,3205202,4791303,4551710,4866806,4433086,4579195,3840925,3560142,3874878,4632728,4569657,4784333,4965160,4331169,2914603,4574288,4532123,5196882,4337792,4618007,5115311,4542795,4311275,4890168,4201338,4438210,4451653,4883325,4527029,4311511,4680657,4197459,4251300,
215,4786844,4735630,4617112,4805486,3142514,386908,330833,4373667,4864604,4357573,4795943,4362521,3166826,3766633,2804273,3668305,4649331,4310094,4150759,4656667,4263079,4320879,3913589,3389517,4601248,4782764,4665291,4624685,2857342,2811857,2839232,2237477,4752100,4517963,4831263,4405936,4012339,2947745,2704500,3843528,4601467,4545819,4752921,4934964,3696205,1729479,4324884,4498153,5112985,4299188,4590423,5080162,4258098,3948109,4541275,4127097,4406041,4387415,4831465,4494844,3779333,4453119,3683082,4233498,
216,4757124,4671989,4566450,4712573,1984420,327658,257437,4285298,4834853,4336478,4763395,4321747,1860657,2733151,1744190,2667121,4499189,4276643,4081416,4628075,3728074,3394637,2895940,2407468,4541734,4745626,4633864,4583425,1653171,1695962,1657120,1238160,4701965,4474443,4804399,4377021,2939364,1777173,1613915,3782422,4563423,4506251,4714073,4896499,2590317,907706,3681603,4436348,4934098,4243145,4560011,5033832,3551346,3134114,3713044,3884391,4363787,4251911,4788472,4458736,2771489,3875803,2724449,4186963,
217,4729224,4549966,4503615,4486024,1033184,254124,177180,4012289,4797866,4291020,4719058,4251687,931695,1559515,877014,1506745,4164098,4229043,3944648,4581901,2761628,2172972,1725546,1366802,4428826,4700528,4586224,4501759,840405,870117,846380,623525,4608423,4385196,4770384,4336246,1708720,895295,804211,3598997,4491183,4429406,4656738,4843081,1451572,492425,2595943,4249447,4548472,4134717,4507811,4950907,2434887,2001641,2475003,3286749,4287517,3968337,4738610,4395181,1634285,2835916,1623755,4069277,
218,4680499,4134980,4275538,3812266,528690,172658,105897,3266130,4720981,4169350,4653697,4044088,506634,744092,439863,702380,3256117,4109980,3512417,4462723,1561657,1093611,848131,657613,4063175,4553528,4512380,4226931,471620,460339,473635,363335,4316616,4077378,4699881,4237277,848802,474470,425165,3039409,4263405,4172391,4502784,4706276,703293,345656,1377256,3683307,3599151,3798920,4386115,4737592,1267842,986567,1246645,2208855,4063033,3240944,4611847,4226031,793984,1577994,800200,3672896,
219,4591714,3340215,3764665,2783098,373023,110591,68022,2179118,4553219,3864022,4501961,3573425,384640,455432,310757,424415,2117805,3834778,2743142,4209439,820367,611436,505451,405773,3332523,4228027,4353400,3634327,365170,339489,360137,289365,3710703,3459797,4557873,3994782,544968,354863,317925,2109969,3752000,3604298,4116149,4366093,445338,305177,729200,2693357,2415998,3151134,4116653,4225098,670429,532688,649209,1240251,3618320,2262257,4372809,3877035,471851,814791,475199,2873036,
220,4327446,2037782,2672862,1520983,323483,73816,52472,1257798,4053667,3055924,4020140,2556506,345974,358936,269798,332061,1018963,3081254,1597066,3485445,512712,442622,384763,321630,2059905,3345292,3870128,2459742,330403,300760,319817,265543,2549219,2298214,4102534,3283511,436664,314515,286896,1233224,2668421,2456900,3148567,3453885,359572,291284,487722,1663618,1226257,2021006,3360598,3073828,451365,380187,442135,707513,2627974,1168128,3690418,3013788,364104,505963,365724,1891099,
221,3713766,1072896,1565523,810278,303637,54590,46113,705639,3135618,1999778,3148377,1515068,331573,316774,255562,292353,541537,2026292,835541,2415472,384624,374283,329551,286019,1087671,2197475,2982755,1405699,315779,284368,304212,257110,1464203,1280678,3238002,2262427,382485,300738,273995,668970,1570911,1409853,1984522,2274589,325366,285264,382043,916316,672261,1098857,2301252,1851345,360442,319858,368681,473974,1562051,605772,2642730,1935800,320287,380284,322627,1034078,
222,2426904,520679,723984,471338,296359,45995,42280,483791,1754175,934786,1797141,694864,323522,300199,248507,275275,354436,941255,428807,1173056,319652,344714,303984,270563,534063,1054843,1633839,681144,308456,277623,295219,251174,673213,614211,1852610,1103210,358190,292785,267817,440164,740552,665729,911148,1090336,309352,279883,327286,569260,445519,526251,1140833,858147,316436,296146,341971,364924,724853,367527,1336223,920165,302978,323237,301446,576827,
223,1343671,376480,455713,381737,289619,42661,40060,390479,941377,513662,962261,424649,316952,293028,243422,268002,312663,514797,320940,616225,292292,333572,294167,263929,384151,607438,838069,460214,302069,272172,289907,247743,429313,409246,973358,583560,348155,287669,262177,348736,460529,432540,519849,616462,302496,275285,303935,446133,388468,365092,640502,529183,300586,287641,332187,301953,453727,312332,703708,537714,295152,302339,295082,417898,
224,573748,322146,332138,337569,283467,38253,35994,296377,510761,330791,488011,313031,308934,285119,237220,259387,296950,333328,274943,370903,277681,324479,285740,255626,315580,400445,425439,344271,293590,264215,281177,240153,332113,316950,484310,349485,337056,280323,255073,259840,339204,321467,356801,399403,294672,267421,290805,330832,363793,294494,403418,388763,288850,277986,322165,248669,329275,290315,409408,363259,287612,291942,287072,301512,
225,418085,310843,303757,327917,277934,35963,33715,267521,410953,290999,387235,290190,303706,279424,232876,256255,291314,293271,264826,324876,271951,320010,281409,252755,299744,343582,348540,310085,289474,259388,277924,235416,313832,295809,385843,305168,332346,273811,250733,231143,314291,292251,324359,348370,289740,262257,285795,289881,355059,280094,341193,359718,283803,274016,317588,237059,298879,283808,352089,319710,282927,285013,281464,260874,
226,343261,303647,290226,321094,271479,33088,31041,255388,345552,275434,329769,280238,298015,273880,229372,252379,285148,274884,258336,305036,267482,312559,276541,247956,291833,311142,312758,294481,284110,254616,271634,231589,304074,285818,334851,285291,325436,269859,246039,219219,300906,277625,311018,322928,283954,258074,280199,268706,347483,273337,306582,346287,278283,268315,311291,232521,285015,278343,326003,299536,278121,280037,276987,240199,
227,316504,299079,284687,315303,268364,31416,29214,250415,320019,269473,310877,275822,292065,269547,225029,246536,282599,268161,254329,298021,262054,307186,271359,243197,288038,300854,303061,287124,278783,250879,267232,227799,301145,280791,318405,278292,318828,265860,243225,214322,295163,273046,305180,314655,278840,254777,274862,262681,340431,267608,294014,340000,273524,265286,305742,228368,279705,272701,317743,292917,274022,274987,272909,232115,
228,304333,292677,279927,309564,263882,29090,26862,247350,308920,264346,299223,270820,287948,265949,220957,243499,275327,262939,248654,293252,258220,302825,266922,240083,280885,293385,294750,282361,274542,247073,263753,224026,293217,276252,309273,274081,313985,261517,237917,212997,289268,267120,298346,308795,274453,249700,270687,257123,335065,263148,287082,332829,269159,260371,301230,224966,274272,267602,311583,286710,270053,270914,268755,227704,
229,299225,288985,273650,304948,259698,26839,24644,244355,303094,259636,295118,266060,283693,261059,217080,239141,271310,259822,245670,286562,253645,296200,262092,235588,276033,289545,289605,277455,270489,242111,258343,219155,289667,270128,302995,268064,309260,256768,233450,208535,285226,261379,294348,300915,270141,244669,266026,254218,329858,258231,281001,328281,265145,255755,296661,221565,268848,264503,306619,282145,264277,265941,263501,224482,
230,293836,282621,267839,299043,254495,24216,22017,239625,296522,253769,288532,261874,277709,255930,213432,235737,265727,254271,240502,282397,250192,291776,257187,232146,270709,283808,283463,271351,263068,237272,253256,214755,283028,265329,298099,265255,304407,251150,228641,205882,279153,258569,287963,295518,264718,240116,261204,250279,324052,253779,276321,321173,258988,250744,290424,218656,263789,258999,300269,276251,259957,262195,258639,222128,
231,286622,278201,264354,293220,250572,21712,19526,236585,291790,251041,284028,257364,271967,250722,209312,230338,261304,249293,236526,276443,244352,284932,251257,228072,266480,279052,280633,266457,259472,233425,247950,210921,279063,262425,292599,260801,297285,247310,223834,202357,274290,253575,284003,291017,260322,235024,256674,245520,318147,249876,271769,316623,255829,247144,287318,215014,259952,254262,294675,271963,255096,257917,255106,218075,
232,282774,273178,260047,287519,244632,19412,17206,233091,287778,246917,278267,253372,268098,247414,204884,226167,256749,246840,232241,272334,240438,279830,247073,223866,262295,274926,276475,261281,253975,228156,242771,206331,275234,257083,287676,255974,291956,242984,221221,199779,270384,248853,278800,285835,255262,230444,251466,242386,309937,245115,266979,309966,250289,242701,280768,212512,255596,249312,289476,267897,250195,252187,250466,215250,
233,278252,269140,255028,283083,240390,17093,14717,229204,282578,241970,274631,249113,262145,242678,199886,222204,253141,241173,228379,267775,236312,274960,242976,218441,257503,271009,272231,257157,249748,224009,238944,203367,270029,253444,282751,251797,285896,237877,216565,196977,265663,246272,274932,280613,251295,227468,246745,238302,305456,240778,262211,304514,246510,238271,275963,209451,250758,245691,286087,262772,244954,247153,244606,211911,
234,271914,263362,249938,278327,235012,14114,11534,225890,276718,236470,269392,245554,256560,237278,196458,216371,246716,236510,223961,262846,230946,269514,237326,215349,252663,264308,266603,251641,243778,219452,231995,198350,265180,247306,278836,246306,279335,232003,211506,193342,259858,240202,269287,275198,244918,220626,241587,234344,298553,234918,256691,298416,241527,233282,269364,204736,246308,239286,278675,257757,240574,242868,240554,207547,
235,268081,257974,244179,273000,231283,11324,8688,221401,271819,233381,264520,239245,250548,233196,191641,212538,241062,232131,219078,257899,226643,264146,232279,210158,246760,260329,262123,247232,238622,214429,227441,194028,260315,244805,272936,241311,274512,226462,206377,192408,256474,236493,264457,270610,239413,215690,236873,230373,294105,230492,253007,292954,235833,228267,264192,202878,241695,235276,274915,253737,235900,237792,235896,204506,
236,263393,252749,240773,267633,226675,8949,6557,219318,266683,228806,259598,235941,245242,228562,188430,207866,236618,227958,215265,252869,221580,257390,228863,206092,243082,254978,257431,241665,233604,209939,222507,189887,254545,238319,267340,237774,268025,222612,201903,188310,250545,231195,259731,265893,235348,210399,232240,228723,287896,226334,247818,287523,232603,225052,258350,198930,237169,232012,268495,249514,230833,234054,231752,201225,
237,258761,248997,236127,262030,221974,6849,4833,215265,262560,224624,254379,231325,238874,222550,183487,203446,230881,223388,212056,248230,217550,253535,223439,201013,237855,252135,253364,238202,228187,204950,216965,184896,249700,234752,263814,234333,262014,215958,197125,185194,246013,228128,255356,258959,229604,204852,227542,223941,281041,222090,244074,281782,227589,219000,253006,196008,231416,226661,264004,244852,225952,228094,226386,199116,
238,254018,243767,229977,256567,215542,4988,3689,211393,257010,220225,248984,226881,232617,217400,178437,198740,225566,219028,205973,244471,211974,246055,216519,196173,232538,245304,247761,232124,221319,199266,210112,179914,244029,229390,257801,229221,255287,208932,191454,181372,240669,223216,250148,254503,224073,199835,221706,219131,274204,217472,239565,275527,221272,214596,246975,191693,226714,220773,259433,238520,220774,223311,221329,195460,
239,249810,238689,225008,250584,209136,3842,3142,207678,251518,215019,246078,221496,226779,212035,172903,192755,219796,214200,201463,239555,207706,240306,211359,190496,227566,241284,242701,227997,214752,194128,204207,173602,239456,223849,253241,223638,249254,202943,185766,178404,235847,217764,245316,248358,218805,192727,216476,215612,268486,212629,234415,271094,216164,209181,240924,187504,222655,215631,254028,233767,214637,218569,215431,191252,
240,243438,232013,220454,243720,202416,3189,2847,203492,246741,210535,238930,216344,219354,205971,167484,187485,214419,209770,195780,233060,201996,233524,204667,185447,222061,235679,237742,223306,208182,186665,197267,167640,233403,219902,247581,219897,240405,196384,178794,175340,230640,213613,239872,243372,212488,185187,210118,210847,261556,208137,229413,263682,211132,202806,233982,184065,217419,209942,248508,229582,209099,211650,208918,187191,
241,239521,226521,215723,238124,195584,2782,2591,200159,242519,207679,234279,212600,211409,199564,161746,182074,208231,205431,191712,229054,196139,227599,198066,179227,216982,231296,232943,218647,200910,180925,191006,162369,228097,214328,242937,214565,233300,188715,173121,171947,225673,208265,234206,236802,204295,178742,205060,206852,252474,202673,224590,257557,206041,196729,225994,181077,212839,204875,243275,224002,202995,205879,204373,184392,
242,232827,220021,210378,231991,189627,2534,2384,194915,235654,202339,228584,206723,204093,193531,155240,175941,201476,200252,186574,222682,190225,218869,191771,173587,211167,225289,228662,211438,193609,173294,183410,156151,221597,208909,235687,209914,223352,181739,166360,167759,219903,203293,227834,230257,197715,171322,198005,203022,245513,197028,217487,251507,198127,191025,219344,176280,206978,198493,236552,219655,195968,200095,196752,179854,
243,229303,214393,204166,225507,182297,2490,2334,191297,230886,197373,223376,201363,196334,186138,149478,169453,195257,195812,181406,217890,185146,212426,185565,167511,204982,219597,222832,206774,185376,167440,175806,149377,215434,203546,231620,205351,216366,174891,160107,164164,214524,198792,223007,223931,190965,164001,191972,197970,238988,191202,213629,244947,192902,184037,212667,173076,201703,193641,231183,213531,189040,193123,190994,176531,
244,222878,208031,198388,217682,176594,2250,2107,187780,225830,191694,217051,195828,189161,180510,143525,162776,187334,190613,176155,211332,178690,204723,179934,161936,199267,213968,218409,199818,178081,161490,169434,143083,209501,197094,226039,199609,208741,168113,153174,160879,208242,192674,216462,218068,184072,157479,186245,194942,228468,185102,207648,237006,186594,179054,204490,168203,195174,185969,223455,207440,183899,187119,183788,172970,
245,218100,201895,192953,211557,169607,2210,2068,182390,219897,186550,212807,190294,180537,173988,137473,157494,180805,184597,170037,206627,173061,198056,172531,155775,192865,208290,212150,194503,170580,153704,161200,135879,203543,191252,221525,194392,200433,160660,146470,156771,201023,187338,210026,212188,177386,148014,179785,189558,220423,180218,201581,230255,179548,172409,196727,163568,189775,180427,218836,202283,176084,180916,177269,168933,
246,211531,193360,185613,202289,160770,1896,1777,178002,213999,180561,206270,183182,170266,165942,129803,149567,173528,177854,163811,198780,165473,188963,164384,147618,186091,201878,206100,187402,160575,144720,151645,127685,195088,185274,213294,186315,190965,150651,137333,152808,194446,180346,202738,204120,168264,137915,171741,184389,211852,172916,195775,222229,172338,165137,188352,158512,183286,172466,211668,194565,168055,173809,170245,163910,
247,205113,186620,179173,196276,152543,1961,1805,172326,207613,174607,199724,177765,161332,158856,121468,142186,166037,173205,158165,193321,159567,180040,155556,140594,178664,196182,199921,182216,151195,135926,141301,118872,188924,178784,207912,182098,181550,141756,127823,148155,188927,174464,197095,198556,159584,125792,164696,179371,202471,166538,190044,214571,165087,158210,180202,154139,177088,165490,205136,189471,161094,166612,163266,159381,
248,199109,178548,172567,187393,141734,1679,1572,167321,200625,168089,192988,169622,147438,149313,110653,133529,156221,166867,150788,185749,151573,170807,147365,132199,171608,189330,192939,175033,138421,124520,129224,106571,181261,172313,202099,175619,170954,129133,116108,143389,181077,168576,189474,191544,148598,109316,157102,173964,193359,159863,184018,205731,157800,149763,169000,148512,171566,157426,197092,181964,151517,159045,153648,154905,
249,193289,171826,165631,180391,129808,1644,1514,161965,194755,162284,186613,163973,132975,140475,97249,123870,147850,161343,144761,179644,143677,160042,137996,122648,165113,183466,187952,168223,122642,110455,112246,90819,174567,166079,194812,170186,158597,113844,100357,138968,173874,162531,182935,185158,139505,86789,148588,168562,182483,153390,176721,198970,149810,141189,159009,143600,163880,150793,190224,177154,141711,150019,144569,150191,
250,185484,162135,157415,169922,111577,1440,1319,156036,187529,154529,180292,155855,108320,127294,75976,110427,136247,153889,136401,171593,134359,146391,124439,108824,156320,176105,179461,160377,97532,87839,85710,66963,164180,157408,186787,162054,143332,88787,75985,133222,166060,155726,175044,176199,122213,58467,137370,162052,169364,145240,169219,188481,139531,129458,144864,137825,155898,139722,180507,168383,128837,140190,131698,144514,
251,178285,153134,151054,160171,88554,1298,1177,150171,180530,147482,173532,149144,79817,110860,53157,92309,122637,147016,128480,164677,123517,129303,106983,90300,147983,168767,172509,153382,69606,62777,59497,44496,155221,150174,180885,155436,122937,61476,51563,128953,157227,149048,166968,168652,100537,36527,126255,156833,156800,137680,162797,178971,127493,115616,125837,131264,148097,129268,173798,161343,110489,128323,115639,139151,
252,170441,140723,140815,146087,63802,1232,1113,144816,172648,138047,165073,139654,53363,89794,33899,70041,101283,139180,117170,155322,110830,108382,85637,68635,136839,160096,165096,144967,46344,42134,39354,28897,144370,141247,172304,147817,96923,40361,32851,123378,148092,139494,156840,158645,75694,24889,111531,150737,135067,126792,154803,166943,112329,97784,103649,124950,138516,111907,164268,152403,88997,114294,95650,133858,
253,162812,127743,131046,130635,40831,1086,959,136606,165709,129066,157669,129746,33810,62921,21861,45587,76151,131003,104653,146794,90604,79274,59189,45802,125140,152214,157602,135899,29754,27286,25763,19603,131985,131006,164100,138928,67205,25845,21959,117656,137734,130814,147883,149782,50043,18773,89859,143797,109548,114273,147097,155045,89641,72867,74474,116915,127584,92126,154990,143404,63305,93771,68588,128050,
254,153784,104939,116626,104672,25934,958,849,129205,155687,117276,147652,114525,23513,39477,16132,27583,45670,120035,83476,133769,65512,50964,36985,27971,104613,141131,147098,121992,21736,19144,19371,15666,112170,115515,153844,127460,41962,19171,16894,109307,122544,118686,133576,137457,30827,16476,62489,135739,73217,93527,136610,134538,63977,46667,46344,105716,107910,62376,141310,131349,39532,65230,42968,120561,
255,144013,78897,98915,77741,20246,877,789,119901,147128,101121,138688,96351,19876,25900,13872,19363,28480,107436,61714,120252,43703,34104,25121,19993,80319,130268,137326,106529,18776,16413,17098,13650,89432,97064,143802,115412,29934,17061,15141,101712,104007,102983,118024,123753,22421,15510,41163,126047,47798,71153,125500,111697,40481,29611,30614,91741,85184,40322,125581,116727,26606,43238,28411,111013,
256,135606,57935,80104,56428,16493,719,653,94100,139059,85248,129052,77924,17594,18235,12877,14675,21424,93257,43529,104830,22785,21930,17760,15236,60038,117983,127132,88930,16787,14588,15726,12830,68454,78067,135352,101304,22850,15759,14134,76864,85100,86228,100323,108786,17569,14545,22709,101867,34404,51840,113333,89148,22192,18432,20443,56795,64219,28362,108203,102169,18372,22776,19105,88744,
257,121462,36177,55859,36773,15771,731,688,72204,126832,61362,114681,53169,16978,16525,12434,14010,17565,70570,28438,81010,18084,19617,16130,13960,38408,98640,111404,64883,16142,14313,14800,12381,45212,53464,120422,79544,20596,15032,13845,56227,60874,62350,73933,85143,16504,14011,18760,81032,26079,33201,93766,60188,18391,16337,18763,38376,41527,20451,81849,78264,16668,18346,17500,69952,
258,98738,23214,33480,25244,15284,660,641,49508,105639,36838,90810,32040,16780,15816,12163,13437,16061,43924,19400,51808,15903,18403,15214,13624,24238,69078,84673,40764,15698,13814,14666,12087,27599,32028,94003,51021,19761,14502,13226,36559,36965,38384,44905,55551,16403,13980,16373,57135,22230,21310,65593,36537,16469,15523,17484,25542,26273,16790,50950,49350,16295,16244,16255,47847,
259,73829,19427,23284,21462,15116,659,632,33691,81516,24442,66547,22538,16255,14977,11761,13027,15429,27972,15934,33295,14747,17523,14771,13151,19557,46301,59306,27684,15257,13408,14168,11730,21062,22628,68128,33103,19229,14165,12635,25127,25944,25890,29693,36730,15421,13243,15620,39295,20678,17297,44228,26716,15816,14960,17142,19378,21052,16048,33322,32757,15259,15309,15765,32157,
260,46728,17360,18143,19248,14718,628,615,25123,53611,18257,41481,17689,15635,14877,11468,12604,14806,19705,14572,22410,14654,17205,14328,12975,16992,29595,36094,20874,14743,13048,13561,11184,17783,18413,42176,21915,18557,13717,12565,19424,19898,19082,21275,24981,15191,12925,15042,29061,19794,15473,28589,22051,15286,14679,16770,15969,17890,14972,23537,22728,15062,14709,15269,23461,
261,30604,16618,16133,18311,14285,564,554,20015,35913,15795,28697,15962,15104,14264,11098,12168,14303,16368,13745,18688,14116,16501,13664,12628,15834,22632,25199,17541,14468,12985,13461,10969,16835,16254,28530,18003,18030,13494,12174,15781,17738,16091,18516,20069,14661,12737,14566,22361,19004,14672,21680,20140,14717,14044,16434,13828,16793,14501,19772,19102,14418,14393,15090,17767,
262,21924,15977,15116,17584,13994,576,562,16639,25103,14731,20958,15315,14859,13876,10780,12076,13952,14798,13098,16756,13472,16004,13453,12218,15308,18624,19457,15896,13903,12376,12769,10643,16071,15584,21528,15852,17584,12951,11770,13075,16355,14498,17180,17685,14136,12141,14088,18311,18471,14298,18073,19314,13906,13565,15827,12219,16005,13964,18325,17116,14373,13958,14671,14523,
263,18472,15342,14463,17118,13368,570,555,14637,20869,14124,18242,14854,14377,13504,10338,11471,13499,14202,12953,16096,13178,15734,13031,11753,14665,17094,17620,15179,13562,12082,12479,10362,15734,14846,18783,15295,16747,12704,11444,11911,15944,14181,16432,16808,13936,11709,13591,15655,18032,13758,16560,18681,13923,13253,15363,11759,15743,13861,17474,16396,13821,13443,14063,12923,
264,16740,15079,14147,16514,13219,577,562,13369,18090,13864,16459,14185,13693,13137,10032,11227,13277,13855,12773,15414,12706,15204,12661,11431,14418,15934,16385,14570,13031,11626,12076,10069,15338,14091,17154,14575,16464,12269,10969,11363,15340,13510,16043,15955,13262,11712,13294,14303,17592,13374,15653,17942,13457,12933,15141,11191,15149,13425,16614,15625,13474,12972,13593,11948,
265,16125,14441,13762,16307,12785,549,538,12824,16872,13357,15693,14162,13386,12690,9669,10879,12832,13521,12325,15110,12340,14880,12358,11123,14127,15232,16009,14061,12691,11422,11789,9752,14703,13908,16436,14049,16175,11847,10649,10909,14984,13158,15329,15416,13231,11184,12710,13614,17160,12788,14879,17592,13124,12736,14541,10810,14831,13196,16275,15374,12803,12769,13359,11290,
266,15701,13991,13294,15750,12213,546,534,12305,15856,12902,15038,13351,12897,12355,9278,10318,12385,12857,11914,14483,12088,14396,11780,10575,13658,14674,15405,13583,12238,10846,11264,9374,14417,13564,15744,13658,15583,11509,10408,10449,14507,12734,14907,14679,12536,10711,12372,12917,16315,12582,14636,16791,12593,12104,14026,10763,14447,12692,15704,14568,12450,12249,13113,10761,
267,15215,13698,13008,15067,11684,519,511,11843,15248,12726,14440,13263,12441,11841,9219,10137,12036,12527,11277,14014,11570,13695,11525,10119,12941,14212,14829,13117,11795,10692,10864,9066,13793,13019,15483,13410,14890,11120,9823,9840,14074,12588,14423,14316,12141,10594,12078,12373,15649,12108,14146,16605,12153,11980,13541,10244,14030,12239,15242,14238,12459,11870,12738,10615,
268,14520,13438,12524,14852,11516,506,498,11738,15034,12162,14137,12691,12249,11656,8897,9978,11696,12085,11056,13941,11250,13446,11134,10063,12770,13867,14546,12804,11511,10225,10668,8870,13333,12659,14997,12899,14451,10675,9759,9765,13495,12036,13880,14092,12014,9836,11621,12022,15236,11732,13761,15935,12100,11327,13526,10195,13491,11864,14800,13835,12133,11613,12297,10256,
269,14288,13092,12135,14128,10979,489,474,11253,14362,11910,13876,12471,11837,11239,8581,9524,11049,11839,10829,13380,11170,13108,10782,9868,12528,13456,14017,12467,11243,9908,10342,8602,13130,12546,14386,12623,14017,10339,9331,9709,13281,12006,13764,13585,11522,9598,11306,11624,14872,11471,13283,15429,11750,11363,12758,10041,13174,11679,14369,13502,11562,11279,11761,10052,
270,13716,12583,11604,13823,10729,480,474,11201,14260,11495,13329,12252,11487,10731,8020,9334,10822,11522,10386,12943,10527,12626,10432,9402,12238,13153,13669,12014,10665,9441,9697,8304,12571,11854,14134,12102,13220,10088,9126,9320,12854,11678,13178,13143,11275,9234,10911,11487,14467,11083,12949,15004,11445,11069,12259,9384,12919,11193,13851,13060,11085,10817,11394,9719,
271,13531,12108,11275,13472,10487,503,488,10954,13775,11193,12982,11635,10823,10556,7956,8828,10459,11300,10214,12486,10453,12256,9995,9016,11312,12932,13310,11897,10176,9061,9654,7766,12277,11846,13802,11808,13041,9400,8590,9324,12547,11096,13012,12657,10584,8957,10437,11008,13850,10807,12501,14532,10968,10547,11947,9291,12401,10837,13401,12553,10889,10513,11136,9327,
272,12976,11631,11290,13049,9724,477,467,10465,13386,10946,12619,11537,10388,10057,7594,8495,9925,10980,9785,12261,9965,11752,9672,8982,11270,12319,12882,11379,9776,8540,9034,7335,12025,11100,13084,11406,12430,9047,8104,8791,12053,10779,12639,12283,10466,8234,10259,10775,13374,10451,12282,14039,10466,10004,11423,8979,11967,10497,13151,12359,10279,10095,10671,9216,
273,12682,11340,10461,12511,9653,461,454,10176,13021,10414,12258,11037,10139,9839,7102,8360,9607,10593,9543,11756,9699,11418,9388,8493,10621,12133,12516,11222,9384,8286,8485,7019,11534,10807,12675,11132,11926,8583,7871,8719,11632,10405,12241,12162,9798,8103,9993,10399,12665,9943,11678,13738,10283,9737,10855,8858,11486,9999,12773,11734,10083,9659,10394,8965,
274,12090,10991,10266,12181,9135,446,438,10015,12664,9928,11765,10616,9343,9361,6851,7753,9092,10098,9146,11203,9182,10868,8961,8038,10738,11754,12065,10610,8943,8068,8306,6708,11011,10522,12475,10829,11346,8220,7381,8392,11260,10009,11725,11666,9464,7498,9259,10345,12430,9690,11424,13113,9745,9249,10680,8653,11312,9472,12184,11434,9632,9326,10007,8832,
275,12009,10608,10106,11738,8714,444,439,9563,12081,9841,11431,10173,9060,8948,6491,7528,8546,9621,8948,11172,8884,10081,8405,7671,10047,11180,11905,10256,8463,7456,7646,6455,10595,10018,12262,10525,11059,7719,7022,8123,10769,9701,11506,11145,9244,7367,9215,10004,11670,9290,10993,12742,9483,8820,10058,8237,10898,9126,11762,10971,9118,8855,9430,8440,
276,11587,10003,9546,11182,8317,424,421,9473,11663,9471,10957,9723,8694,8593,6247,7228,8428,9461,8365,10428,8494,9854,8252,7556,9622,10933,11139,9848,8206,7197,7370,6100,10373,9561,11708,10088,10368,7409,6787,7942,10507,9353,11081,10658,8518,7006,8704,9861,11253,8964,10405,12260,9045,8632,9655,8103,10536,8783,11253,10755,8875,8672,9204,8200,
277,10961,9863,9419,10972,7822,460,451,8998,11518,9125,10741,9279,8165,8057,5932,7074,7925,9017,7973,10340,8176,9398,7777,7048,9484,10537,10875,9552,7604,6880,6995,5712,9918,9665,11376,9695,9941,6893,6445,7703,9894,8994,10557,10256,8295,6403,8285,9566,10669,8704,10383,11681,8686,8141,9284,7751,10190,8347,10974,10460,8404,8094,8801,8052,
278,10796,9402,8872,10346,7368,421,418,8784,10886,8543,10279,9030,7753,7757,5539,6532,7608,8748,7708,9929,7623,9095,7334,6706,8881,10069,10699,9099,7218,6397,6443,5448,9382,8983,10787,9491,9449,6383,5916,7438,9679,8551,10051,9843,7879,5830,8055,9150,10086,8338,9897,11207,8335,7798,8629,7411,9752,7859,10603,10040,7876,7845,8373,7724,
279,10180,8835,8577,9684,6913,461,456,8684,10599,8494,10015,8640,7356,7278,5269,6118,7188,8516,7253,9563,7254,8720,6960,6363,8611,9694,10038,8711,6833,5933,6196,4975,9143,8684,10413,8906,8774,6185,5494,7157,9148,8447,9688,9313,7397,5564,7451,8904,9642,7827,9482,10667,7978,7452,8327,7240,9389,7593,10214,9662,7553,7640,7833,7378,
280,9948,8396,8105,9458,6423,379,370,8240,10204,7906,9515,8459,6831,6869,4741,5855,6727,8110,6997,9085,7060,7924,6469,5987,8140,9583,9965,8369,6342,5566,5714,4583,8475,8223,10149,8671,8446,5721,5036,6975,8972,8140,9369,9131,6968,4926,7029,8506,9172,7646,9255,10179,7743,7138,7746,7114,9085,7025,9531,9265,7146,7192,7457,7158,
281,9675,8052,7742,9193,6074,438,436,8100,9896,7761,9299,7724,6240,6703,4280,5394,6388,7628,6620,8618,6588,7554,6308,5747,7660,9042,9464,8033,5704,5030,5240,4177,8011,7912,9730,8367,7661,5186,4566,6788,8539,7585,9008,8730,6313,4538,6745,8228,8611,7068,8853,9658,7262,6728,7220,6740,8683,6720,9172,8870,6719,6779,6918,7101,
282,9142,7434,7177,8335,5661,389,378,7668,9459,7207,8685,7440,5562,6080,3888,4879,5867,7336,6237,8402,6307,6979,5674,5104,7219,8805,9057,7582,5289,4642,4553,3735,7738,7572,9309,7897,7188,4445,4003,6438,8110,7463,8421,8220,6066,3751,6459,7913,7879,6728,8385,9163,6814,6062,6595,6472,8110,6227,8647,8373,6149,6233,6505,6647,
283,8726,7029,6926,7965,5163,442,438,7475,8935,6874,8396,7118,5143,5693,3366,4622,5290,7006,5976,7885,5986,6366,5344,4695,6761,8428,8725,7155,4514,4075,3934,3189,7273,7196,8885,7427,6626,3958,3447,6200,7939,6871,8042,7888,5298,3252,5927,7705,7437,6392,8072,8861,6289,5707,6297,6245,7741,5830,8475,8075,5810,5902,6217,6486,
284,8188,6595,6483,7337,4593,364,360,7006,8527,6475,8056,6678,4478,5080,2788,4171,4836,6589,5629,7321,5454,5940,4880,4242,6304,7866,8358,6772,4006,3414,3340,2571,6716,6624,8280,7221,6062,3399,2838,6086,7232,6593,7621,7104,4954,2464,5491,7193,6850,5853,7498,8202,5792,5111,5699,5915,7283,5362,7946,7572,5255,5501,5524,6226,
285,7942,6216,6027,6831,4012,380,373,6830,8204,6175,7779,6331,3697,4838,2249,3601,4333,6348,5246,6990,5116,5498,4232,3715,6000,7398,7770,6655,3168,2645,2577,2075,6413,6356,8024,6780,5336,2593,2147,5770,6754,6303,7357,6960,4271,1891,5102,7026,6204,5554,7204,7497,5455,4809,5088,5609,6971,5009,7402,7188,4734,5038,5130,5910,
286,7589,5620,5816,6258,3162,380,371,6510,7832,5592,7265,5928,2805,4065,1550,2964,3632,5648,4681,6504,4644,4827,3720,3182,5541,6984,7493,5949,2307,2042,1894,1530,5771,5859,7536,6102,4666,1910,1633,5416,6270,5883,6853,6519,3503,1403,4454,6706,5283,5082,6835,7216,4867,4266,4367,5227,6307,4410,6925,6533,4022,4489,4488,5602,
287,7053,5161,5404,5823,2537,394,392,6147,7472,5050,7000,5425,2115,3549,1203,2301,2781,5384,4118,6038,4147,3944,3050,2454,5012,6682,6920,5661,1783,1655,1415,1202,5343,5481,7139,5899,3679,1462,1311,5161,5820,5448,6324,6106,2851,1268,3967,6269,4642,4553,6396,6510,4380,3615,3557,4999,5843,3660,6474,6119,3324,4112,3740,5369,
288,6484,4431,4578,4927,1579,412,409,5614,6881,4687,6200,4846,1463,2233,1041,1507,1867,4770,3397,5347,3058,2590,1968,1615,4286,6177,6495,5029,1317,1175,1231,976,4555,4840,6673,5263,2307,1159,1061,4612,5145,4778,5540,5385,1782,1083,2988,5856,3258,3854,5779,5644,3377,2521,2320,4542,4975,2601,5622,5589,2225,2968,2456,4751,
289,6028,3589,4202,4003,1338,393,390,5205,6400,4205,5851,4176,1309,1696,979,1167,1339,4552,2852,5025,2467,2074,1530,1305,3699,5620,5964,4675,1201,1084,1135,933,3913,4315,6211,4800,1812,1064,980,4401,4587,4475,4989,4954,1438,1023,2275,5479,2523,3097,5399,4879,2595,1809,1833,4083,4276,2080,5105,5238,1671,2350,1813,4631,
290,5622,2795,3515,3096,1146,399,389,4852,6031,3413,5357,3577,1273,1494,932,1045,1134,3886,2097,4415,1768,1620,1331,1137,2917,5194,5441,4078,1098,1107,1010,922,2995,3546,5812,4217,1527,1013,997,3950,3816,3785,4438,4501,1223,992,1798,5000,1850,2328,5070,3961,1899,1371,1453,3757,3231,1483,4344,4708,1376,1777,1462,4114,
291,5134,2032,2713,2498,1118,378,375,4507,5555,2913,4827,2787,1197,1230,878,1011,1109,3352,1682,3786,1476,1390,1147,1031,2151,4561,4891,3461,1126,1029,1026,927,2371,2873,5229,3665,1437,969,948,3690,3180,3217,3733,3834,1125,937,1421,4621,1675,1848,4488,3162,1510,1312,1315,3218,2335,1259,3638,3967,1337,1419,1285,3873,
292,4498,1570,2062,1902,1093,350,348,4242,5033,2137,4361,2139,1187,1157,894,957,1071,2574,1276,2973,1246,1366,1060,1006,1652,4036,4336,2676,1114,1002,1049,874,1705,2123,4644,2893,1368,950,923,3319,2375,2604,2928,3011,1080,941,1152,4321,1460,1364,3710,2184,1323,1182,1182,2787,1819,1048,2827,3135,1156,1222,1220,3487,
293,3952,1340,1654,1585,1029,359,356,3646,4630,1693,3845,1587,1232,1093,910,921,1029,1948,1146,2255,1110,1187,1015,985,1269,3389,3751,2081,1034,995,991,839,1440,1666,4042,2278,1285,896,906,2746,1799,2029,2227,2300,1097,921,1101,3792,1383,1213,3136,1799,1205,1101,1226,2207,1526,1056,2141,2454,1112,1072,1064,3044,
294,3209,1214,1381,1333,1083,414,409,3111,3918,1287,3029,1365,1181,1047,808,900,980,1403,1047,1620,1117,1197,1017,948,1189,2518,2963,1590,1021,939,985,840,1200,1348,3131,1651,1264,927,859,2218,1452,1528,1587,1816,992,884,1000,3126,1344,1076,2295,1649,1145,1055,1205,1747,1366,1078,1628,1781,1134,985,1065,2454,
295,2394,1185,1235,1346,989,353,351,2493,3247,1073,2507,1224,1170,1005,837,915,945,1238,956,1355,1053,1139,960,881,1128,1938,2239,1411,970,910,938,780,1214,1179,2399,1270,1182,925,828,1690,1298,1234,1377,1386,1012,877,1013,2547,1305,1046,1805,1458,1155,1055,1123,1412,1408,1001,1373,1498,1089,979,1166,2071,
296,1980,1139,1079,1280,974,374,371,1890,2523,1033,1782,1121,1095,996,823,872,960,1123,947,1199,983,1114,916,935,1030,1521,1679,1228,987,890,924,795,1146,1067,1851,1090,1205,868,893,1371,1207,1116,1214,1187,938,851,1015,2104,1225,1049,1554,1423,1161,1013,1181,1147,1273,1024,1280,1288,990,959,1051,1556,
297,1416,1034,1021,1235,938,342,338,1582,1912,1013,1531,1115,1054,1037,763,892,924,1025,951,1117,1014,1116,918,858,1058,1330,1478,1165,925,892,918,784,1076,1038,1492,1105,1184,830,782,1164,1150,983,1164,1083,1001,855,1000,1670,1139,996,1300,1354,1042,996,1109,1029,1154,932,1196,1123,996,939,1016,1290,
298,1269,1097,1001,1209,885,334,329,1239,1549,974,1219,1157,1005,976,740,856,935,972,894,1126,920,1013,831,809,1048,1251,1294,1111,946,873,864,739,1056,966,1219,1043,1124,805,790,1037,1059,1025,1055,1029,932,845,905,1252,1128,952,1218,1304,1027,966,1029,986,1176,945,1087,1055,982,872,979,1072,
299,1178,1016,986,1174,930,350,346,1134,1297,929,1247,1040,972,940,738,798,937,934,910,1094,897,986,846,786,1032,1150,1156,1096,895,820,818,716,1001,1027,1169,1015,1087,739,804,885,1102,934,1051,1043,879,725,897,1143,1135,957,1204,1200,1016,977,1097,849,1111,898,1125,1168,904,878,955,901,
