165,22636,20488,27249,52713,209463,4721,8617,213562,105938,14245,50120,19215,230572,218322,124152,175372,14605,17893,22661,17313,158758,180565,171707,142183,22951,96301,36694,81168,174942,143090,159533,131919,16487,39909,51397,18536,195563,139748,117425,156385,28603,50761,23411,39016,164796,162096,168689,202045,32514,14646,58287,22943,198976,170018,159023,198160,13352,15366,14651,46203,181174,161376,184770,151224,
166,50075,46441,61816,102034,232884,10007,18179,272390,143206,30543,93126,43857,254145,236620,171072,195993,29094,39628,51658,36288,184286,212827,201354,167122,52351,152203,76796,128558,205726,170307,188309,157953,35246,79978,96292,41702,228010,169353,147188,187001,62740,93948,52462,80665,192058,190659,195797,260034,73071,31733,101965,44958,221504,201380,208886,270165,27802,34116,27290,88585,208158,188036,215635,173125,
167,87325,86164,100229,144067,272348,20099,33611,461457,169544,60168,127280,79388,291110,271948,187177,217725,59151,75856,90895,70671,217271,248758,241584,197068,95931,203291,121801,176253,243627,198627,220908,185710,68694,117793,135485,77393,266856,198442,173775,272473,104994,134816,94642,123935,224574,228379,229706,434712,122917,63039,135038,86276,252965,230602,241347,523650,55414,67624,54995,123243,246223,218985,261394,214197,
168,127764,133198,139133,180730,394393,37415,63273,1128884,196814,97435,158324,117831,388037,368032,212254,265044,109340,128498,143438,119887,296315,315145,359627,259963,157406,225940,176781,208009,334236,245579,286931,243096,112933,152887,174262,119428,351514,239593,208436,599386,152075,175526,145354,178863,287159,320275,299401,1013391,170271,102034,162031,141364,331767,285299,278313,1285101,93070,108177,99220,151469,340633,275428,398601,351773,
169,161188,173054,167779,212236,866546,72397,140140,2572862,226072,128257,185733,148959,771091,754931,277893,424306,171945,184185,182444,177949,591427,538474,798644,500918,213307,239780,214968,224192,682392,396963,527463,463481,151002,179860,203182,161256,674866,351427,283579,1466558,191107,197315,199657,217545,513561,694566,546950,2194330,206657,134371,186052,185793,631271,484251,361967,2590642,123611,139780,138648,174789,696852,458002,897056,817832,
170,192386,210965,200578,253076,2273369,180642,353469,4806497,276923,159360,222319,180065,2158467,2163967,594839,1161851,225226,211290,199035,221381,1550078,1394784,2023100,1375637,236141,279538,235079,262506,1826315,1059209,1443411,1298464,189281,212079,235307,194087,1798067,902659,656633,2664028,220690,225265,233914,240291,1402558,1894119,1481124,3490349,250721,166002,221195,228698,1691041,1291264,734377,4137035,151369,171470,174686,207298,1823835,1189410,2183469,1943791,
171,222474,244726,234599,308249,4457447,439797,723735,5399831,379634,185836,262316,209901,4699492,4751403,1618947,2951419,245108,228055,222895,238560,2884806,2867030,3382263,2670940,257746,365600,261100,340705,3397327,2374167,2919172,2625561,220368,252539,275666,216945,3309537,2150299,1680538,3222702,252721,270011,257868,272681,2871387,3386744,2960644,3919589,296729,194020,267551,262971,3478020,2799677,1797162,4557973,175354,203489,204153,246393,3462862,2589048,3691965,3140862,
172,270599,312542,308982,516766,5892592,796216,1260169,4661803,823098,225352,373628,260649,6550187,6267388,3521335,5198279,292213,272068,292471,275870,3835526,4102520,4116320,3556102,325511,755294,341200,677011,4332847,3618369,4037838,3630477,272246,381006,384722,263482,4150298,3384608,2886958,3348444,329372,442447,317206,366582,3986719,4073977,3996091,3923727,408715,241038,421575,316255,5219806,4518922,3472801,4192914,208912,259534,246705,355850,4737978,4051888,4503682,3803812,
173,373675,501362,543821,1190285,5624847,1471010,2667969,4400142,1877174,301776,745666,387033,6224744,5799275,5493754,5763120,425180,395910,537999,373128,4189731,4669369,4376307,3984838,554315,1859195,605618,1649942,4510901,4176427,4410518,3992240,377269,825917,755022,379008,4491939,4162600,3843623,3600784,574355,1016542,482686,676404,4359140,4290232,4346676,4138493,779427,349050,930271,414183,5518737,5441137,5534768,4158593,272148,422721,313218,726232,4834440,4929435,4596280,3982154,
174,944266,1457116,1615337,2986442,41596327,36872091,42888574,52323033,3515492,749196,2068240,1089945,49407516,49894614,67475348,42404527,1167289,1102708,1706607,915492,36233176,38758229,46275542,50613422,1728329,4614044,1786819,4068089,34790223,31696479,35332839,41073022,994569,2298970,2123994,1024959,54679069,54544384,56765824,63392666,1685830,2742385,1351418,1977828,40854260,55540704,64595185,58103067,2213905,947161,2444018,939410,38809027,26498812,38369109,45741334,607926,1237701,655596,2013469,39969641,33743472,45799348,45933382,
175,2252589,3135431,3225588,4427321,174208862,160691520,169602024,217215283,4329727,1903868,3575343,2450098,204605071,210769420,245203156,189884013,3000653,2818827,3824517,2360281,164350676,172120885,202997608,222503200,4052355,6313189,3842339,5847407,169956103,147238796,157466356,186461029,2417226,3937707,3912587,2460901,225647670,226830485,232995694,252004871,3518512,4656211,3148622,4046444,189086878,261758021,287526718,248081661,3925513,2212848,3813627,2249687,166242511,141571812,157674509,201620912,1504137,2591236,1599192,3386941,171947149,152981297,211190369,197192406,
176,3912144,4722156,4520129,5063109,252976040,224226396,231599957,273204162,4835878,3401184,4584489,3893819,269494786,280377117,258350389,263326515,5858441,5333166,5440818,4908513,208922267,243899182,229524622,273603427,6211232,6085675,5789454,5763464,224250284,155654438,188002207,197520142,4094538,4966788,5239374,4327306,175073305,176813528,191918753,195917108,5159717,5499579,5382014,5919155,218804150,196506474,194799658,201403134,4994812,3705935,4328292,4113628,251753317,217234674,217615807,257446563,2977179,3894656,3293536,4136003,250480372,227233396,244089392,229714699,
177,5067288,5757514,5385496,6209654,322309442,281900811,295604334,350105552,5979220,4602349,5419077,4973613,332975790,338218491,290911507,303487432,6677036,6060781,5648906,6157690,198106619,245431641,229402386,287230285,6552914,6109705,6182933,5789500,256984020,214826821,186210988,196970114,5455875,5919762,5995713,5473380,185267399,158664697,162884324,166055574,5976700,5969737,6401133,6396251,183395639,169455817,162732228,174333450,6249318,4780968,4987441,5285246,308964681,268685114,268890829,308857077,4246265,5104654,4672133,4919347,284397582,260809431,269894264,264168983,
178,101547685,98673418,96741933,100518981,362905792,313629025,344167341,394799221,158156317,106701493,82303795,100032932,387040414,390816219,337661308,290001361,139458766,178602252,133470243,99671426,215871928,252971513,228271923,303465599,127322898,123521917,96721291,123437887,256843570,242154923,181754123,194958093,142378207,116366676,103685950,94959335,156755761,155371813,157283296,161784492,99214247,100787550,97606368,116463444,220346561,163070408,171001953,165667345,194199634,142598787,121681249,91872596,356818539,294044253,283623333,340302226,170511483,175755719,121315841,184839380,307999194,280779360,269299111,271586894,
179,166307395,164170747,160454830,161966664,376178796,327061269,375117679,428629562,227672357,174778578,144966955,168246340,434560206,444368071,393236755,379110828,230257894,255349674,213140997,158135843,210642109,235512746,224483991,301494105,198796568,197225861,155694955,148413920,198716363,204022991,182173068,191556984,210320413,189417736,174523690,151830281,154849823,156302386,159024317,161794172,158164816,163824975,160816504,190782699,226530331,163519468,163906453,165174506,271475641,206788475,189590555,143977209,384828258,321958267,340133333,348191036,250846298,259896353,207104334,263894864,319063314,294030466,273237869,361023598,
180,189039344,183462505,179373322,190288696,394163438,334681097,393418547,455031961,218071699,189939220,169430717,177101803,483651460,494579383,462283992,424279862,276515914,264176299,256150601,183898746,222190363,194517520,214035835,297634832,230310866,237064612,195119777,223886636,210045346,201173117,178852560,178420328,213789494,211312487,234232754,195518074,157918611,179226341,173813967,160016174,200602842,210046677,208121890,226162630,189311923,161361236,160883907,163094628,205058613,185440745,182457005,170378311,404430782,333328449,312913972,371802103,209124248,210053111,189370519,189801851,326230881,297840248,94893434,228811269,
181,189912839,182661647,176830149,176360839,414368961,345158029,418380073,471438674,215288273,204452971,183444466,174106661,519242594,536029329,526120662,494189200,294229503,285877062,280687329,217574409,188182246,206308378,213934182,276890182,274154904,282816478,240839304,258311822,194299602,180852056,168274596,187196171,239697495,228208676,280879323,234086648,152384979,153912227,155755361,155829497,236858733,243244183,252341998,257793307,188479740,157881259,157227383,158408094,174668561,170587564,172687026,182478760,388170846,348275147,318713403,354462135,184622381,169884952,173779799,185563719,327975059,304632526,272423797,255956300,
182,210075131,185858689,175815478,201881450,429199116,357627599,450439945,481947723,213824243,214875910,223914520,176941628,543270335,564928957,563553422,541535863,317514028,323564529,319037303,263133817,176937174,189627953,204389043,187430987,325521358,335909568,290904444,302710573,176871250,172129147,160547232,175151057,278215973,258529636,336810712,276830329,155329590,152558140,154239291,154700226,277805889,277644003,233070672,293447400,162515560,156078032,155108784,155039594,165655672,162932657,161853676,57337905,386950597,359797944,319458573,355563569,164687496,165023238,156246002,165746450,317109064,292515527,253581583,276005629,
183,200048757,187525919,175165167,199552765,424832521,373694955,465821316,486899556,225965561,221207680,131999908,161250652,553895587,577443034,582950993,562026826,352954048,361850586,384433571,301580494,153324443,186288924,188028276,256705523,366538518,371259519,314909034,323668423,164479054,166024368,157371327,171068924,295169069,297424093,370863109,302727436,153197543,153132538,153898599,154603452,300795534,298817111,331090542,317051157,155629807,157957608,154998275,157565839,161677115,160643339,163583346,191860524,358311049,359739631,318827960,210363188,162448519,159354462,161238396,161319144,304674956,284138620,251126066,228088958,
184,204311721,190729305,172981653,178887208,434597101,403144677,476001398,490235370,216091649,237992136,229017552,176916554,557481741,589110716,591655978,584707612,398111666,398952616,401324646,338422161,166983007,178277621,184799064,177528610,403357354,403916073,328572501,337365398,160767729,164957000,155922038,168201434,316259886,283802726,494817419,184917485,153265125,152409833,153578726,154067166,314175754,312439307,355420620,331056070,163975014,159791669,154525639,155840281,159833955,159428652,161912570,187442837,360242855,358416511,350327683,339932586,162079583,199266765,158737328,159491752,298225081,280184520,241158552,239978030,
185,204147549,192308797,174458249,183337205,458109854,438840381,468024343,487942319,212652212,163376316,180354090,170250266,553278515,586798524,588706672,605893792,427292944,423337672,435889122,360754342,164170962,179086158,186639570,238433617,432712352,416883529,332527732,341441627,162269030,163800828,154467090,164697437,306213035,260674722,405473491,337769336,152232706,151670275,152778066,152727298,319765272,318733675,366581041,321433767,190890368,160197047,153117967,154546376,158911839,154414439,161413843,180356983,372329573,363498735,322042538,350120781,161034114,157835317,156712369,160324695,303214921,277348797,245843615,239929358,
186,198261936,194825979,172235580,175050314,485037699,463900722,458683110,472271303,200812061,176314938,181189570,168855999,536597693,551465871,559875888,579016023,448338730,442356987,461424288,406906295,158614227,171616530,164708227,228263156,458051723,434907279,345166718,356560673,157652064,160387674,153017389,164907110,310533254,369805841,410166563,343062749,184625608,150174598,151417182,151138504,318975160,322241422,367532600,345821425,154873345,158202195,152204658,152858940,156157784,165291242,159291614,175034863,392509973,372596575,305369956,365504152,155661987,158445415,156143901,158817189,293933736,270927962,241671194,238452568,
187,194434728,202534297,170862965,169554514,433287619,408618709,392844565,408786487,202802920,190482730,172859510,162043786,446204600,452189295,462779794,488751343,456904338,454209605,477909464,429332342,136193215,144175277,142788574,182233897,472507200,460356328,360837266,328369405,137735043,144455222,133411126,144031575,295783561,253620652,414395332,327562899,164728186,130536997,128432240,130984464,318762366,321810417,360296664,347641091,135280171,84057030,132672304,133463763,156190333,155992942,158175767,171334225,359603492,337337110,315730726,333327496,155166305,154263269,154045727,156128771,255733276,239040807,203756748,202451683,
188,189756571,194686390,168740452,165306380,214379702,200258744,192868727,197063231,202870722,193069073,123169025,163637138,208990294,214810290,217764552,230082217,472763119,460974008,485053191,447322340,67206048,69535286,69816330,83829857,480525314,467031247,384228700,380384060,68773020,67772301,66488002,71003296,291913571,238731722,395658036,317606870,65225383,64951762,65248450,64835738,317652987,321494803,355778827,340600842,67065666,69621331,66170949,66448385,154602681,153513498,157447350,169069595,179098116,168429581,148804475,166125365,153253747,150895359,153741133,154696900,124600695,113680233,95762070,93820295,
189,182992567,191361289,162697421,194561997,23960150,27133781,26629370,22270703,180261680,169039256,134930467,156817760,24290317,24106976,24182296,25527594,468120917,446787059,463636322,435526773,10048229,10552286,10395258,11029451,470598611,451218787,390331778,385372754,10468604,9017447,10106708,10256781,275963897,245100478,374098014,303444306,10101124,9933785,9725170,9388457,307348993,312812301,341448797,354678917,10245773,10368334,10129870,9944546,148273723,148632238,150651517,161760794,21296624,20538166,19981336,20010321,148238220,147097392,147807717,148347001,15937305,14395358,12446418,12031688,
190,126139764,131385357,112146337,109827348,4153124,8760620,8584038,3780629,126027827,121387705,111305240,107034640,4469284,4155427,3709786,4063219,320634485,309524593,313917536,299935226,3905907,4299109,4087775,3713635,313307568,305897393,282694779,278469244,4128661,3777371,4034465,3623310,187966846,162653178,270418621,306394140,4233218,3979297,3738348,3399291,218276597,220605824,236496845,248303122,4052642,3890394,4068281,3913473,102329108,102340203,103719032,109592301,4152408,4060210,4510587,3812334,101736738,102110226,101039396,101958253,4064371,4179584,3972528,3695727,
191,50355157,53401536,45780586,44364569,3872471,8355866,7990650,3690287,50838443,45152648,43621129,43441348,4210942,3894954,3440910,3779522,125334560,124237845,123131640,119933339,3816908,4208660,4007278,3623530,122883222,121327498,115166364,113774386,4040029,3693428,3956006,3534159,73993370,64799798,104068832,83661830,4146522,3892927,3656233,3314732,89967211,89951002,97460017,107130612,3960978,3798205,3986277,3835236,42469740,42053900,42597156,44897394,3924914,3829138,4287166,3579854,42047934,42523574,42340307,42104784,3894672,4027763,3854744,3584617,
192,5764441,5791651,5475351,6131944,3861980,7002437,5086984,3680131,5883001,5240533,5518388,5348859,4196751,3883360,3434918,3769479,8904176,8236100,7953116,8282219,3810015,4197120,3999423,3609308,8327363,8468316,8297110,8243636,4025149,3679399,3942736,3520030,6687065,6114002,9919271,6875616,4131761,3885008,3644413,3313467,7492312,7241131,7835319,8146650,3949452,3781879,3973634,3828267,5849766,5091751,5331550,5856118,3911817,3818887,4273858,3587067,5173065,5225852,5537378,5288975,3883246,4018975,3847565,3582475,
193,4190515,4221464,4086137,4255937,3860986,5039826,2502370,3678923,4303957,3822632,4177125,3882254,4189422,3871264,3428638,3763585,4565359,4160886,4001158,4393014,3806911,4187560,3988854,3604376,4356896,4525084,4397947,4405365,4022420,3671634,3934938,3510043,4316445,4054978,4494239,4085215,4127173,3873174,3628854,3312379,4336047,4260470,4474414,4532598,3957527,3774583,3968412,3821994,4556639,3802847,4020105,4513883,3908174,3813585,4271066,3577537,3871192,3934666,4233123,3993929,3879984,4011816,3840186,3577843,
194,4006751,4030372,3921513,4097606,3852386,2578539,1046746,3676957,4120542,3656240,4022232,3732995,4174070,3863468,3420141,3759498,4059546,3689850,3546943,3943580,3792068,4184298,3981870,3595559,3900192,4072322,3946272,3956994,4007231,3670424,3931208,3504147,4045229,3807430,4095208,3744716,4113860,3859621,3619759,3305402,3929847,3871564,4055797,4085881,3943129,3768708,3963555,3818412,4387896,3649795,3865639,4354024,3900690,3808950,4268647,3571407,3714457,3779212,4080142,3841346,3871497,4013645,3836758,3576500,
195,3982170,4006196,3895064,4068035,3843587,1116098,516515,3673154,4093861,3629526,3993935,3708482,4161596,3854792,3406515,3744399,3993795,3630697,3482374,3887539,3789326,4179354,3971367,3588014,3834612,4012433,3889540,3900339,3999116,3659747,3920708,3493836,4002063,3770651,4040846,3699869,4100443,3852012,3608796,3306624,3868838,3814671,3995290,4021770,3928070,3753405,3941958,3817721,4376180,3629106,3840430,4332180,3894931,3799311,4261114,3565333,3692396,3758739,4062842,3820020,3865611,4009156,3827958,3571517,
196,3976609,3995492,3884186,4059529,3828606,564458,389104,3663298,4086074,3623539,3988840,3701093,4150056,3848961,3395976,3733184,3985778,3625404,3478971,3877040,3781366,4165936,3962822,3584494,3832311,4003508,3872429,3897482,3983125,3649742,3899458,3479446,3996781,3763829,4035466,3692410,4082335,3832595,3594892,3294140,3863937,3809722,3988897,4012863,3923157,3743622,3934697,3808384,4346742,3623794,3842087,4326472,3881108,3789142,4251494,3568416,3688351,3753551,4055155,3808972,3854992,4001213,3811678,3568845,
197,3969013,3995019,3876960,4050817,3815364,395392,350923,3660361,4079142,3625447,3983856,3695445,4135194,3828825,3386005,3719751,3976359,3618830,3471369,3868313,3765512,4152581,3942373,3563001,3824394,3999682,3861735,3888158,3966318,3631657,3884766,3466676,3992878,3757941,4028813,3683384,4063075,3819678,3579543,3287979,3863265,3805191,3988569,4012986,3904405,3725761,3917475,3798324,4345520,3614630,3832483,4321266,3871862,3770604,4236384,3555039,3685512,3743470,4044812,3804858,3839829,3982479,3796976,3563838,
198,3965569,3984030,3875431,4043895,3801376,349520,329321,3649085,4072643,3620125,3978163,3687946,4119274,3818243,3376431,3703840,3964445,3608726,3458818,3862468,3746704,4125090,3921247,3543738,3815314,3988572,3872605,3875429,3950964,3617713,3868092,3449760,3985573,3752696,4020267,3680625,4042605,3809338,3565819,3278243,3847772,3798199,3980637,4002525,3881224,3703200,3898400,3786269,4334660,3612212,3824440,4312707,3851201,3756416,4214218,3539253,3675192,3725475,4038759,3793677,3819450,3958651,3779704,3556760,
199,3957113,3975709,3861217,4025886,3783814,329783,311930,3640261,4065863,3614990,3969385,3683693,4099196,3802898,3362948,3694319,3955350,3606984,3451359,3850972,3730755,4109128,3905856,3530368,3805946,3979028,3862006,3867869,3928606,3598958,3846795,3434529,3982956,3749328,4019742,3678460,4026750,3795006,3556663,3272271,3843492,3794213,3972164,3990427,3859491,3691332,3883457,3778277,4317399,3596274,3814490,4307174,3839713,3746461,4195848,3536536,3660200,3712619,4026471,3783149,3803624,3944484,3766336,3548633,
200,3953818,3959472,3849252,4011897,3768010,311963,293609,3633687,4054563,3610899,3959133,3667519,4080556,3787993,3345715,3679733,3943467,3596793,3443599,3844891,3712843,4088669,3882320,3509715,3790032,3969788,3852464,3850910,3910939,3581102,3823755,3417263,3970074,3736169,4010895,3670349,4004895,3773180,3537565,3265700,3834315,3780867,3960851,3981058,3846984,3666089,3867957,3760121,4300477,3586918,3798539,4287441,3822956,3729155,4176036,3521941,3647158,3696214,4011701,3768364,3786749,3927663,3747610,3534469,
201,3942463,3949347,3838339,3993322,3745120,294603,274496,3619067,4045019,3597136,3945683,3652551,4047541,3767632,3329165,3660867,3927328,3585377,3431755,3836191,3698557,4068637,3868786,3494958,3782546,3956336,3841802,3838044,3882197,3560652,3797317,3390566,3956383,3721428,3998532,3657377,3981662,3746245,3511609,3264790,3820048,3762038,3951648,3968307,3824506,3623894,3848411,3754516,4274948,3574403,3787075,4269237,3804584,3710935,4156123,3505700,3635338,3688253,3994247,3755529,3771085,3907258,3727625,3523459,
202,3925041,3929899,3817209,3976357,3707119,272152,250570,3606084,4021283,3581384,3923608,3642773,3990361,3734772,3283441,3626033,3914363,3573620,3416174,3820041,3674062,4038923,3832346,3459085,3761295,3941188,3825502,3825969,3815419,3512925,3736507,3303622,3932186,3702345,3976654,3647069,3933348,3686068,3453275,3253168,3798305,3749438,3935992,3947477,3793709,3496483,3824096,3742603,4249802,3554122,3772111,4247050,3779424,3688014,4127683,3492923,3618560,3672284,3977298,3743651,3741893,3885371,3695509,3513866,
203,3910671,3916867,3804413,3957044,3579631,250248,225317,3592606,3998794,3565718,3909967,3629644,3825663,3657115,3185119,3553417,3894999,3553836,3407073,3806343,3644724,3986095,3754676,3371544,3749840,3925586,3817414,3809672,3620092,3382407,3558606,3056195,3922213,3686072,3960035,3627692,3855333,3523690,3318238,3239901,3782121,3734327,3925728,3937484,3719802,3135546,3788845,3732369,4227096,3541822,3755030,4240868,3739987,3640294,4086797,3482202,3607749,3660973,3965989,3730454,3679038,3853711,3628481,3502645,
204,3892781,3893480,3783307,3925904,3262556,226387,197687,3574309,3982599,3547938,3890459,3610266,3414954,3471084,2922342,3368767,3868651,3539529,3381481,3786649,3577416,3858550,3549907,3145848,3722230,3905941,3798199,3786931,3145770,3040908,3117575,2530236,3898193,3664337,3942731,3616948,3656958,3147895,2989834,3227447,3759950,3713445,3899364,3915332,3505703,2438657,3702088,3711105,4188605,3521056,3741776,4217322,3635948,3516907,3991278,3455135,3592168,3630463,3950179,3709813,3509575,3775434,3452950,3486294,
205,3873733,3867231,3758686,3898780,2520003,196670,160156,3532429,3963168,3531626,3871457,3596495,2497227,2934305,2269678,2843486,3825883,3524039,3359758,3771046,3360606,3466498,2992769,2578672,3702916,3888842,3779488,3763539,2213017,2286913,2232411,1651099,3874611,3641115,3924055,3599474,3104992,2346399,2269143,3197458,3738895,3692740,3877723,3895979,2910696,1431007,3439259,3680680,4135513,3500405,3721633,4189380,3315928,3131467,3687982,3332763,3574866,3593952,3937741,3694611,3009810,3523179,2960328,3464912,
206,3848818,3824125,3721198,3824051,1380070,153883,107409,3371825,3937336,3501331,3845583,3561855,1240510,1846534,1230045,1768585,3739195,3495101,3315030,3743910,2716565,2540610,1924497,1564904,3657247,3857781,3756641,3728928,1070104,1211541,1099648,726857,3834500,3598421,3897884,3571957,1982621,1201249,1199627,3108564,3709760,3656779,3853626,3866639,1814259,563346,2703981,3577693,4007730,3450104,3688534,4149020,2481640,2226046,2867233,2935748,3538834,3494282,3904975,3659456,1993619,2800334,1976408,3391896,
207,3829193,3741320,3662875,3640296,573963,105588,59574,2921017,3905926,3471784,3814658,3511832,475280,843101,486880,783547,3519380,3464824,3204042,3709477,1738813,1424591,927900,703581,3560069,3816963,3731654,3655025,420062,492407,433105,279432,3774521,3514578,3871387,3543593,918796,468739,472180,2825823,3651771,3581688,3813224,3828810,836153,224946,1631798,3259480,3701300,3363112,3650743,4099328,1415998,1182119,1719240,2147761,3478145,3291269,3861734,3605965,991117,1748622,992436,3169451,
208,3784289,3444062,3438108,3033166,216948,55485,26604,1910734,3822025,3364025,3741926,3348010,196737,282527,172393,251932,2834304,3365525,2808505,3616367,734291,532397,324920,244229,3185214,3652470,3666100,3366904,185658,191616,183678,137831,3556566,3173942,3802703,3456141,320955,184834,178931,2034184,3433544,3253395,3678663,3696839,291098,142168,631276,2403348,2890042,3067541,3542482,3943753,533420,421538,669661,1076109,3311854,2705018,3771062,3458591,351878,711762,357576,2485787,
209,3695288,2796941,2903301,2083845,149331,28013,15862,934537,3615032,3090452,3562651,2933029,154968,158956,120262,142713,1827049,3118304,2075051,3381075,289532,235709,171472,140995,2433608,3241747,3499294,2724277,147547,135877,142246,116805,3058695,2490861,3620626,3200237,183811,140339,131121,1083672,2910064,2572835,3312882,3346765,164648,131075,253042,1359746,1820420,2463059,3246308,3542974,229163,189252,269539,442727,2923118,1831577,3554894,3107404,177962,280201,181475,1530012,
210,3350335,1522843,1780223,931646,137646,15719,12629,354404,2942483,2280168,2958049,1958308,147931,137382,112468,124766,725874,2345821,1005910,2630916,156714,165182,138952,122150,1223477,2202836,2913964,1534777,139876,126563,132989,112388,1970590,1347590,2993224,2433797,160483,132862,122886,411634,1811689,1404678,2335251,2386532,142687,126902,154976,555387,728266,1374986,2421918,2496532,155451,140147,169030,193684,1970099,785166,2899143,2205255,143177,158893,144410,659929,
211,2632952,704155,839681,380620,133846,12972,11751,182553,1931819,1308348,2014655,1000211,144049,132755,109955,121240,281382,1348694,404897,1608030,131955,153609,132882,118780,496327,1153893,1961763,685300,135946,123631,130020,109306,985593,583527,2011763,1452649,154035,129775,119833,187270,880797,611361,1265675,1318819,138310,124999,137966,249077,304531,599443,1407170,1352558,143454,132290,153789,134262,1004469,307913,1893063,1206177,136059,136979,137057,275793,
212,1422048,250376,291620,185220,132000,11883,10999,139143,816056,478394,897401,349593,142202,129601,107446,118149,153036,479497,163745,616461,125868,149065,129771,115849,189975,406461,844803,248975,133967,121384,127187,107347,343872,216267,874769,551884,150516,127621,117516,130205,309602,222971,449522,476735,133960,122620,133034,164897,184379,216883,533630,504061,139053,129931,150108,118798,341741,153297,785795,435816,133679,132435,135228,159182,
213,603728,160928,162015,153819,129500,10664,9743,124264,268565,201917,363752,173783,138600,127659,105429,116099,137089,198502,124058,246138,122581,146795,126523,113423,140770,196485,329537,154909,131106,118120,124796,104878,179312,143363,348095,225875,147675,124380,114617,110770,170147,143026,203404,212945,131395,119504,129548,136268,167631,139602,231249,245560,136445,126167,146044,112124,170408,133202,312615,202231,130672,128996,132121,122819,
214,224362,143871,134925,147095,126062,9980,9132,118849,176458,133006,175268,135691,135261,124403,103212,112967,133144,133149,116468,149177,119492,142646,123478,111124,130281,145511,162572,135343,127932,115531,122532,102389,144688,129320,173920,140812,144474,122296,112868,104525,138860,126468,148813,147867,128762,116267,126395,125990,162300,124339,148391,187812,133640,123904,142982,108936,133085,127900,168198,144787,127727,126118,129158,112307,
215,154776,139765,129816,143938,123212,8950,8042,116324,150421,124432,143818,129583,132626,122042,101023,111585,129545,124119,114002,137135,116410,139409,121470,108121,127806,138145,139702,130955,125238,112872,119418,99773,140064,125076,147440,129684,140992,120021,109806,102639,134748,123592,142694,139243,126768,114570,124450,123006,158387,120905,135564,178979,130988,120771,140273,107777,126988,125030,149677,135875,124425,122531,127504,108675,
216,140792,136417,127440,140956,119818,8151,7201,114268,142317,120814,135950,126254,129768,119374,98321,108746,127211,121447,111803,134162,114399,136281,118875,106492,125096,134208,136525,128506,121910,110361,116437,98439,135943,122625,141537,125801,137037,117170,107255,101523,131858,120011,137898,135587,123697,111153,121007,120343,155737,118216,129887,174860,128835,118624,137092,105726,123976,122244,143275,132976,122216,120932,124033,105961,
217,136393,133307,124299,137587,118065,7121,6181,112725,138855,118745,131997,124199,127541,117078,96003,106380,124265,119267,109984,130317,111748,133492,115908,103910,122448,132040,132771,125914,118867,107218,113807,96203,133054,120473,138124,123049,134172,114183,105375,99283,129050,119156,135373,132714,120544,108970,118727,118460,152596,116031,127899,171139,125546,116327,134242,103998,122223,119729,140420,129898,119366,118544,121230,104194,
218,132283,130356,120947,134210,114630,5915,5002,110364,135869,114944,129534,120844,122649,113961,93458,103261,122100,116055,106444,127468,108982,129838,112767,100572,119236,128349,130076,122081,116101,105039,109763,93264,130467,117403,134564,120410,130831,110024,102498,97481,125399,115422,132649,129755,117477,106048,115461,116047,148317,112978,124826,167520,122902,113175,131360,101427,118658,117082,136813,127176,116660,115459,118019,102208,
219,129771,127883,118486,131337,111977,4976,3914,107356,133371,113493,127052,118297,119779,110784,91005,100650,118115,114230,104987,124785,106388,126792,109484,98900,116693,125865,127522,120349,113242,102469,107487,90178,127445,115237,131261,117760,127606,107977,99390,95945,123654,112633,130239,127291,114319,103281,112411,113677,145411,110655,122978,164937,121032,110505,127864,98871,116962,113568,134180,124446,113711,112214,116037,100275,
220,126311,124518,115181,128414,108473,3952,2832,106337,129591,110817,123929,116046,116640,108261,88992,97831,115217,111542,102381,121567,104338,124384,106567,96525,114475,123578,125469,116776,109978,99705,104447,88214,124579,112481,128339,115787,123783,104247,96532,93604,120591,109766,127372,123522,110967,99273,109957,111465,142207,108336,119928,160141,118319,108429,124694,97850,113896,111783,130748,120666,110778,110006,113159,98180,
221,124550,122524,112806,126044,105977,2902,1961,104064,127348,108265,121473,113494,113089,105376,86291,95586,113135,108827,99726,119822,101026,119786,104220,92999,111980,120715,122108,114398,106736,96324,100939,84748,121866,110111,125895,112805,120971,101882,94345,91811,117712,108289,124250,121587,108683,96507,107240,108889,138243,105511,117103,158551,114402,104783,121859,96642,110974,108994,127799,119029,108178,107571,110303,96507,
222,120244,118656,109640,122266,102480,1947,1314,101859,123940,105453,118479,110284,109186,101916,82814,91930,109251,105811,97449,116009,98746,116349,100030,90313,107871,117484,119028,110772,102993,93296,97645,81678,118858,106604,122712,109230,117107,98039,90353,90109,114907,105628,121477,117648,104623,92488,103974,107059,134914,102430,114583,154780,112070,101747,117736,94430,108551,105905,125170,115747,104914,102832,106815,94810,
223,119188,115475,107140,118612,98954,1382,1052,99687,121469,103194,115975,108192,105759,98772,79638,89612,106534,103699,94177,114013,95524,112996,97474,87132,105682,115630,116725,108936,99606,89792,93888,79265,115238,104177,120936,107480,112637,93466,86845,87915,111888,102696,118856,114383,100913,88582,100523,105363,130494,100059,110999,150977,109030,99105,113871,91427,106048,102678,121800,113385,101474,100530,103487,92172,
224,115073,111494,103301,113756,93389,1036,961,96031,116693,99993,112079,103644,98829,92779,74524,83434,101966,100009,91123,109670,90317,107100,91858,81674,101788,111005,113273,104511,93294,84519,87784,73520,110894,100593,116374,103835,105333,86920,80862,84680,107384,98739,113946,110221,94912,82612,95952,100579,125667,95961,108065,145804,102796,92889,107051,87361,102156,98579,117991,109286,95450,95567,97850,88868,
225,112181,108316,99870,110939,88674,960,920,93128,114441,97124,109189,101396,94009,89431,71100,79521,98068,97744,88261,106752,86920,102200,87747,78273,98396,108498,110404,101228,87983,79461,83199,69491,108365,98158,113136,101533,100741,82903,77050,82830,104389,95955,111342,107054,91181,78139,91666,97741,121279,93397,104833,143132,99439,89709,103591,85258,99615,95163,115007,106455,91796,90985,94763,87038,
226,109063,103854,96820,106247,83989,866,825,90649,111758,93672,106070,97829,88289,85286,66844,75905,94358,94975,84573,103398,83373,97657,83093,74249,94934,105020,107150,97935,83072,75454,78066,64769,103654,94135,110493,97834,95654,77986,72983,80066,101035,92703,107508,103372,86375,72257,87733,95438,115547,90104,101831,138737,95862,85254,98322,82438,95428,91501,110873,102992,87443,86880,89779,83704,
227,105953,101029,93493,102313,79909,841,798,88230,108571,91006,102917,94595,83248,80722,62785,71507,89929,91706,82164,101190,79649,93314,78715,69855,91334,101520,104062,94613,77431,70646,73020,59493,100427,91526,107310,95050,90287,72566,67435,77691,98461,90109,104061,99573,81539,67024,84078,92568,110896,87036,98444,134819,90956,80817,93437,79462,92605,87711,107787,100052,83210,83196,85488,81407,
228,102250,96446,89936,98084,74242,875,826,84763,104132,87462,98364,90858,77321,76624,57639,67111,85420,88110,77786,96900,75370,87467,73769,65956,87496,98067,100318,90025,71684,65654,66709,54021,96694,87523,103125,91805,84733,67014,62408,75168,94025,86192,100071,96572,77236,59696,79909,89446,105261,83170,95467,129997,87318,77637,88018,76615,88690,83876,104380,95545,78630,79539,81075,79381,
229,98691,91934,85733,93579,68210,755,714,82114,100979,84233,95608,87507,69269,71241,50432,62252,80590,84833,74251,93659,70953,82218,68419,60717,83222,94324,97287,87222,63056,58240,58455,45161,92339,83576,99602,88038,78351,59138,55053,72598,89724,82510,96416,92823,70543,48223,74885,86141,100785,79140,91986,125910,82381,71776,82697,72862,85850,79710,100141,92341,72912,74682,75910,75743,
230,95074,86993,81530,88754,58698,732,689,77957,96654,79549,91513,83201,56820,63465,39525,54474,74980,81189,70176,89058,66008,74708,60308,52227,79223,90059,93034,82690,49886,47058,44921,32187,87707,78783,95730,84357,69921,45783,43034,69979,85606,78425,91828,88315,61485,32040,68927,82419,93938,75013,87313,120600,75556,65301,74933,69974,81149,75017,95281,88257,65083,68119,69083,72646,
231,91246,82852,77098,83661,45808,700,652,75085,93209,76340,87899,78971,41027,54156,26257,43212,69592,77590,66093,85236,59703,66530,49640,41606,74132,85903,89472,78338,34229,33292,29041,19637,83188,74730,92090,80827,57952,30162,28477,66755,81047,75173,88121,83804,49500,18361,62282,78938,87673,70672,84267,115003,68376,57400,65503,65518,77312,69660,91664,83973,56095,60761,59724,69784,
232,87546,76876,72691,77142,29717,629,598,71071,89179,71684,83395,74305,23097,39730,13730,28050,61440,72931,60898,81118,50492,52730,34925,26989,68862,82392,85151,74224,18464,18830,15341,9730,77824,70113,87307,76086,40194,15707,15215,63376,76263,70469,82886,79259,33465,9134,51899,75429,78016,65838,79746,108939,56821,44599,51298,61744,71839,62913,86526,79894,41675,50400,46235,65804,
233,82989,71708,67124,69395,15950,604,564,67220,84715,67285,79670,69653,11441,23909,6857,14511,50288,69450,55340,76046,37288,35402,20331,14407,62767,76861,80583,68919,9556,9593,7946,5456,72154,64824,82428,71774,23068,7903,7610,59439,71076,65292,78012,74525,18614,5509,38032,70601,65797,59552,75371,103112,40768,28774,33603,56026,67057,53675,81068,74836,25978,36445,30014,61949,
234,77212,61545,59282,56117,7935,550,514,60759,78744,60951,73968,62343,6444,11742,4217,6779,32524,63443,43675,69833,22157,19184,9960,7123,51993,70682,75351,61727,5752,5641,5137,3937,62631,55828,76178,65421,11357,4984,4884,54452,62716,56968,70300,67728,8965,4472,21686,65491,44746,49479,69362,93788,23657,14804,17673,47483,58781,38634,74190,68588,13370,20816,15546,56415,
235,72352,49544,48823,41513,5380,546,515,53654,74338,52597,68593,53270,5234,6372,3777,4568,17844,56911,31290,61745,11828,10256,5876,4675,38347,64173,69240,52338,4930,4275,4578,3627,51855,44699,70881,58686,7038,4349,4296,47815,52969,47062,62343,60357,5592,4234,11570,58095,26531,37425,63023,82265,12296,7857,9216,36038,46943,24039,66524,61186,7438,10973,8318,50237,
236,65020,31512,33600,23696,4804,507,487,44164,66741,40162,60747,38642,4959,4981,3671,4049,8344,46252,17021,50164,6761,6628,4699,3970,21271,52958,60947,37982,4730,4200,4449,3479,34921,29033,62505,47862,5858,4299,3970,38834,37095,32022,48594,48308,4843,4152,6737,49200,12978,21665,53699,61881,7745,5365,6308,24032,29889,11415,54040,48326,5348,6419,5671,40832,
237,55727,17570,19328,12556,4476,494,480,30330,57813,26223,50787,23991,4823,4396,3533,3878,5178,32512,8805,36191,4877,5396,4244,3793,10978,38862,50558,23293,4461,3985,4061,3327,20692,15782,51194,33769,5365,3995,3888,26304,22873,18925,32247,33759,4544,4001,4924,36708,7817,11260,40965,40673,5963,4479,5343,13361,16341,6275,38623,33827,4743,4648,4963,28841,
238,40682,8093,8821,6943,4353,447,439,17362,42649,12472,34709,11098,4540,4334,3303,3639,4405,16789,4930,19195,4343,5013,4067,3803,5845,21771,33494,11526,4196,3758,3964,3290,9706,7358,33780,17896,5196,3986,3629,14388,10792,8739,16043,17666,4377,3809,4358,21921,6386,5718,24097,19761,5420,4296,5039,6929,7584,4540,20492,17377,4450,4172,4766,16393,
239,24835,5619,5525,5541,4225,484,476,9361,27052,6668,20195,6416,4465,4230,3159,3512,4311,8430,3969,9730,4110,4948,3969,3534,4658,11397,18989,6479,4072,3672,3882,3130,6104,4997,19330,9226,4858,3868,3507,7648,6490,5378,8336,9309,4217,3567,4149,12016,5944,4399,12875,11445,5285,4131,4808,4822,5381,4156,10695,9298,4391,4076,4544,8718,
240,12001,4748,4400,5127,3979,449,440,5591,13213,4508,9937,4858,4368,4105,3103,3306,4006,4924,3806,5637,3750,4791,3905,3343,4246,6260,8885,4819,3929,3530,3761,3089,4812,4274,9113,5376,4705,3642,3379,4712,4991,4214,5375,5516,4020,3525,3990,6678,5792,3997,6566,8622,5278,4031,4806,3866,4790,4088,6070,5436,4201,3871,4364,5061,
241,6703,4637,4083,4935,4020,455,443,4488,7514,4175,6063,4369,4048,3932,2970,3303,3958,4246,3692,4710,3744,4398,3664,3193,4097,4862,5761,4308,3855,3450,3562,2934,4599,3993,5950,4483,4560,3461,3355,3791,4557,3967,5051,4757,3925,3354,3729,4832,5510,3857,5004,8199,5109,3866,4561,3545,4474,3972,5136,4826,4016,3813,4293,3854,
242,4951,4368,4009,4728,3785,479,467,3924,5337,3906,4719,4176,4075,3747,2848,3221,3786,4001,3550,4393,3699,4355,3616,3178,3887,4447,4798,4238,3674,3340,3314,2784,4379,3812,4837,4191,4423,3341,3162,3491,4271,3832,4586,4204,3788,3233,3706,4195,5134,3712,4440,7827,4729,3729,4273,3531,4365,3786,4744,4477,3908,3527,3940,3435,
243,4579,4285,3938,4553,3718,470,461,3802,4753,3813,4404,4041,3840,3593,2834,3097,3667,3877,3357,4184,3407,4260,3394,3084,3876,4200,4599,3945,3561,3274,3223,2652,4339,3682,4650,4118,4275,3210,3150,3338,4183,3651,4370,4257,3649,3113,3508,3843,5010,3647,4306,7752,4610,3712,4174,3230,4149,3676,4558,4413,3687,3493,3862,3411,
244,4458,4157,3700,4253,3541,431,424,3767,4507,3617,4182,4027,3659,3536,2557,2866,3603,3850,3334,4201,3277,4080,3269,2941,3652,4284,4290,3868,3405,3082,3191,2683,4202,3537,4538,4004,4114,3098,2971,3197,4049,3514,4404,3954,3571,3007,3441,3807,5022,3535,4128,7334,4541,3339,4087,3093,4044,3566,4489,4125,3645,3261,3779,3326,
245,4308,4077,3670,4199,3328,400,390,3583,4331,3475,4114,3806,3542,3505,2591,2734,3389,3601,3150,3990,3289,3825,3095,2856,3406,4055,4193,3597,3201,2976,3103,2488,4063,3534,4218,3873,3842,2921,2779,3149,3952,3431,4171,3814,3290,2967,3353,3634,4698,3320,4084,7362,4381,3408,3816,3176,3933,3386,4288,4201,3511,3166,3681,3092,
246,4085,3823,3379,4130,3240,431,424,3387,4100,3397,3955,3715,3462,3299,2429,2667,3342,3459,3010,3885,3096,3783,3016,2737,3314,3847,4138,3552,3200,2903,2894,2228,3900,3359,4132,3649,3717,2839,2624,3036,3742,3218,4015,3770,3353,2707,3210,3516,4760,3294,3786,7011,4295,3301,3757,2982,3838,3258,4185,3853,3220,3109,3494,3012,
247,3867,3758,3252,3877,3045,399,397,3357,3920,3230,3818,3622,3210,3121,2305,2656,3138,3369,2986,3772,2977,3383,2950,2630,3314,3719,3950,3560,2957,2720,2704,2280,3601,3349,4154,3521,3522,2523,2617,2928,3665,3225,3903,3646,3170,2598,3180,3517,4406,3130,3745,6704,4112,3226,3595,2855,3702,3193,3888,3665,3151,2889,3398,2948,
248,3854,3670,3290,3713,2808,391,387,3223,3891,3073,3677,3569,3049,2868,2146,2512,2987,3294,2839,3511,2773,3482,2811,2470,3195,3619,3880,3258,2839,2545,2555,2090,3516,3122,3896,3268,3392,2499,2423,2760,3378,3069,3680,3394,2920,2461,2857,3376,4117,3078,3604,6589,3985,2927,3404,2832,3514,3003,3811,3641,3154,2799,3250,2772,
249,3663,3374,2990,3578,2856,362,358,3192,3777,3014,3561,3293,2967,2771,2075,2316,2885,3144,2684,3449,2614,3193,2607,2245,2944,3627,3736,3127,2656,2378,2379,1987,3502,3101,3719,3277,3189,2365,2319,2732,3307,3043,3546,3219,2796,2328,2825,3299,4131,2909,3402,6496,3847,2888,3256,2750,3363,2918,3749,3484,2892,2657,3080,2787,
250,3542,3211,2954,3462,2616,381,377,3054,3562,2976,3373,3171,2751,2656,1872,2190,2670,2978,2547,3300,2553,3201,2449,2117,2933,3303,3582,3085,2379,2223,2177,1778,3229,3000,3670,3197,3087,2209,2101,2690,3311,2796,3485,3151,2597,2135,2685,3125,3730,2732,3332,6125,3644,2729,2998,2670,3179,2719,3499,3296,2762,2572,2886,2624,
251,3376,3053,2834,3290,2466,402,392,2938,3513,2767,3243,2916,2591,2572,1830,2003,2529,2978,2373,3132,2306,2846,2337,2058,2806,3139,3431,2946,2214,2177,2133,1657,3110,2679,3334,3112,2780,2042,1980,2555,3023,2729,3253,3034,2432,1892,2516,3057,3619,2575,3218,5853,3425,2575,2932,2536,3200,2610,3383,3240,2648,2442,2719,2534,
252,3261,2944,2663,3200,2421,402,397,2862,3349,2674,3076,2895,2352,2352,1654,1922,2332,2662,2381,3093,2222,2744,2238,1931,2614,3076,3248,2794,2240,1938,1901,1592,2841,2693,3180,2885,2696,1865,1833,2421,2924,2514,3100,2824,2298,1699,2417,2924,3421,2489,3049,5704,3319,2440,2764,2439,2976,2395,3215,3063,2496,2294,2599,2581,
253,3102,2746,2598,2918,2140,382,379,2711,3301,2417,2949,2741,2231,2255,1524,1796,2177,2656,2178,2917,2157,2589,2020,1885,2466,2991,3317,2646,2015,1781,1728,1469,2772,2522,3131,2664,2372,1662,1708,2406,2733,2508,3029,2729,2267,1612,2229,2912,3164,2348,2948,5557,3227,2270,2508,2386,2877,2243,3036,3008,2411,2171,2543,2313,
254,2891,2689,2367,2719,1964,357,354,2651,3032,2259,2810,2618,1911,2026,1348,1631,2059,2483,2072,2801,1956,2366,1826,1646,2312,2791,3058,2398,1771,1567,1554,1246,2602,2432,2887,2682,2328,1541,1498,2230,2610,2406,2845,2591,2043,1345,2058,2702,3021,2328,2799,5113,2955,2122,2333,2294,2750,2157,2898,2840,2178,2060,2304,2274,
255,2841,2415,2277,2639,1683,394,390,2475,2976,2316,2683,2442,1729,1938,1140,1408,1860,2324,1884,2598,1895,2256,1605,1515,2266,2672,2965,2353,1503,1400,1356,1063,2469,2293,2766,2439,2048,1257,1285,2211,2586,2224,2674,2430,1724,1149,1991,2551,2723,2138,2624,5003,2836,1906,2253,2094,2512,1911,2772,2660,1916,1946,2062,2228,
256,2779,2389,2205,2462,1432,333,324,2390,2840,2172,2572,2309,1290,1621,744,1163,1731,2272,1754,2451,1572,1817,1448,1221,2110,2607,2782,2249,1077,1009,863,688,2348,2109,2717,2345,1638,789,796,2052,2395,2124,2502,2327,1427,678,1597,2404,2571,1947,2462,4894,2462,1722,1721,1929,2510,1830,2562,2534,1705,1610,1744,1919,
257,2543,2230,1935,2286,1085,340,337,2187,2769,2042,2454,2181,1008,1389,520,952,1538,2185,1695,2292,1487,1655,1127,973,1910,2331,2616,2176,821,765,676,550,2223,2040,2568,2289,1316,603,641,1859,2253,2023,2407,2233,1125,523,1497,2282,2269,1832,2418,4657,2272,1467,1481,1803,2238,1694,2453,2457,1419,1386,1521,1932,
258,2486,1986,1867,2098,809,329,325,2000,2526,1772,2307,1965,719,1080,450,673,1290,2009,1525,2153,1237,1310,859,706,1736,2329,2473,1992,575,598,541,459,1968,1807,2448,1996,948,424,517,1785,2108,1815,2277,2035,883,437,1256,2149,1945,1635,2202,4295,1843,1135,1145,1680,2126,1402,2255,2154,1047,1178,1189,1713,
259,2323,1838,1689,1910,560,341,335,1908,2404,1752,2266,1862,587,772,429,490,987,1803,1301,2048,1033,1070,676,520,1541,2062,2201,1758,495,474,450,357,1783,1636,2280,1953,700,375,438,1662,1872,1668,2099,1848,569,400,1012,2001,1626,1422,2141,3916,1498,862,904,1522,1966,1258,2146,2026,790,941,927,1589,
260,2194,1571,1429,1530,507,338,332,1843,2187,1606,1938,1598,531,618,396,433,748,1672,1054,1921,786,770,532,429,1272,1944,2169,1699,473,443,451,399,1641,1452,2124,1701,531,376,402,1551,1616,1475,1887,1649,515,361,813,1877,1128,1235,1970,3573,1139,678,669,1427,1567,850,1912,1938,695,717,694,1561,
261,1973,1342,1227,1276,483,361,360,1634,2115,1332,1791,1386,522,484,383,418,508,1549,816,1618,608,560,484,399,1015,1756,1920,1495,418,430,422,409,1287,1222,1888,1555,448,372,403,1417,1366,1329,1700,1479,433,414,619,1707,840,976,1843,3237,807,551,556,1319,1377,686,1761,1731,495,553,562,1481,
262,1745,1010,1014,970,418,304,303,1471,1981,1089,1639,1113,488,430,392,413,478,1436,630,1385,473,443,422,364,733,1584,1775,1220,463,428,412,394,959,899,1683,1321,422,350,431,1323,1102,1016,1325,1247,407,420,488,1532,598,707,1584,2638,644,494,496,1088,895,515,1360,1340,463,416,449,1215,
263,1651,738,759,692,368,320,318,1373,1703,855,1443,890,501,455,342,389,414,1075,504,1152,428,442,420,429,553,1360,1585,990,400,412,411,374,749,745,1498,1104,408,328,360,1127,850,795,1134,1047,424,371,415,1288,512,532,1372,2047,594,508,471,825,630,422,1056,1182,413,403,442,1146,
264,1300,553,583,594,439,297,295,1089,1516,641,1305,641,489,421,384,405,413,798,422,923,406,423,481,382,481,1041,1345,723,406,380,418,375,553,500,1257,773,382,351,412,910,626,601,794,726,401,364,412,1189,517,446,1105,1398,560,436,459,694,466,415,830,909,444,398,394,922,
265,1096,462,455,493,369,312,305,847,1346,459,1003,565,483,432,355,390,385,577,410,631,397,411,429,404,417,803,1050,548,369,387,346,355,478,454,1001,695,430,349,410,707,532,502,596,524,393,365,394,950,535,404,811,984,554,433,437,520,447,431,655,655,429,403,390,739,
266,776,465,467,469,413,289,283,686,1046,421,748,480,453,393,345,357,406,469,415,560,369,407,372,401,453,599,746,436,355,394,363,348,476,391,709,477,432,328,373,553,498,414,483,408,379,373,401,772,465,396,648,780,526,468,467,458,448,388,464,514,394,368,377,584,
267,586,428,404,469,392,294,292,550,727,415,582,423,434,410,347,364,383,394,415,439,402,418,378,396,409,545,608,457,417,354,370,330,485,394,524,438,383,331,379,441,414,407,432,339,411,353,405,534,455,437,482,809,551,416,454,425,445,378,470,482,416,376,399,468,
268,512,426,426,467,393,281,279,446,488,374,483,446,405,439,357,353,385,379,379,415,376,401,365,384,394,460,520,456,387,369,379,368,456,362,460,398,394,300,361,406,411,383,439,341,370,343,371,439,445,408,460,730,591,426,440,425,405,364,438,437,391,368,385,442,
269,481,415,385,453,402,287,281,442,495,417,454,415,432,371,334,370,375,410,373,441,396,395,375,347,400,416,416,479,371,331,365,345,408,401,413,409,409,295,381,416,424,410,405,344,406,341,378,423,443,372,455,673,555,443,427,411,427,362,411,385,417,378,376,441,
270,428,389,384,473,408,240,240,399,389,362,389,409,420,413,340,351,341,390,352,416,395,391,366,334,427,478,445,441,405,356,361,340,433,402,396,399,384,316,364,380,443,371,441,351,360,329,378,384,415,366,424,668,481,408,439,415,410,379,387,441,365,309,391,375,
271,401,415,383,411,372,315,309,368,372,395,400,389,390,372,329,344,377,370,335,405,376,399,401,397,361,454,460,417,351,328,380,324,400,358,444,356,359,300,351,419,390,389,433,357,342,326,374,393,440,398,442,675,454,413,423,414,400,388,384,410,361,331,348,429,
272,402,379,363,429,360,297,294,358,368,358,361,421,386,395,322,344,366,367,352,392,386,370,376,362,401,464,438,377,369,338,377,353,374,364,371,377,359,246,327,366,385,357,406,324,354,297,386,372,414,374,430,676,465,415,428,395,386,355,357,396,358,352,398,375,
273,447,401,354,432,369,255,252,388,351,400,377,421,382,349,295,320,330,382,326,408,394,371,368,308,356,404,459,398,341,322,321,313,364,359,390,365,316,249,328,412,378,389,367,279,330,322,357,361,413,336,405,659,499,379,357,393,360,375,383,409,382,313,312,368,
274,389,370,384,418,325,271,265,383,386,367,355,381,358,360,302,296,335,353,370,384,350,338,371,322,377,401,441,414,350,312,342,285,391,370,391,364,331,271,326,367,374,368,385,299,346,330,298,361,401,360,465,668,492,393,399,386,358,349,407,370,367,293,327,365,
275,396,365,349,423,321,268,263,393,354,359,367,399,378,382,268,295,311,350,327,407,332,336,353,282,380,404,431,376,352,291,326,269,359,346,378,383,304,251,321,361,362,347,351,324,317,276,328,363,349,332,397,600,470,362,356,364,368,293,374,383,330,313,320,355,
276,406,345,376,389,310,246,241,339,315,329,346,378,347,352,350,311,311,349,316,380,333,309,301,288,371,385,439,372,298,307,313,278,383,345,354,317,292,245,300,384,376,370,363,292,315,277,332,389,358,337,398,637,447,402,368,356,333,357,391,409,321,307,300,387,
277,391,345,367,406,302,229,226,373,367,365,377,377,350,320,274,298,323,330,321,333,360,321,357,297,355,426,425,402,288,320,304,270,360,318,358,355,308,241,306,392,357,346,354,285,292,289,311,339,349,316,368,575,453,368,353,371,380,328,363,368,322,306,308,369,
278,387,398,332,397,316,254,250,314,349,332,348,336,327,333,289,291,282,326,309,363,336,293,325,311,342,375,401,366,282,266,321,282,397,333,350,368,258,247,282,375,336,348,354,263,303,280,313,341,331,301,363,592,401,359,346,341,353,308,353,361,312,260,302,390,
279,376,316,334,373,305,237,234,339,298,350,342,363,351,314,269,276,299,328,293,375,313,303,292,277,341,353,364,335,279,273,295,259,303,329,354,362,247,200,275,370,336,308,364,254,297,247,337,327,321,323,365,548,415,353,341,356,325,283,337,367,323,284,300,335,
280,349,324,335,390,278,242,237,345,348,305,349,321,332,286,266,280,298,319,304,347,308,292,289,281,334,351,385,340,253,287,278,225,327,293,324,355,282,228,276,352,367,320,334,286,281,254,278,324,338,319,384,534,391,344,333,337,343,289,309,333,270,300,282,352,
281,329,340,314,378,282,275,271,368,292,310,351,344,291,291,235,271,255,347,280,322,297,270,277,266,343,395,397,345,276,272,271,226,334,278,319,330,266,218,260,322,305,307,329,213,264,242,274,341,316,306,328,535,425,329,321,361,306,266,300,299,295,261,279,330,
282,353,359,310,362,261,227,222,313,317,266,324,349,283,282,232,250,254,301,294,331,304,240,300,263,317,350,398,346,248,249,258,243,327,327,318,342,248,229,253,353,316,294,337,235,259,228,265,312,308,320,361,536,371,313,304,324,300,278,304,346,278,280,246,347,
283,349,322,316,350,292,217,217,317,335,296,309,300,305,266,227,244,284,297,268,316,282,241,242,293,306,334,351,281,258,262,263,251,330,274,332,321,267,189,279,362,314,296,296,231,247,235,276,335,310,297,335,533,371,305,310,340,301,263,288,311,285,228,258,326,
284,308,322,318,333,243,240,236,358,287,278,311,317,302,264,226,245,277,305,236,314,277,252,263,260,292,326,340,323,233,235,253,252,292,255,300,302,225,175,255,326,281,297,312,249,238,229,288,277,261,278,317,494,349,295,313,278,309,259,296,310,296,227,263,337,
285,300,316,349,306,285,243,238,309,312,259,306,306,285,270,246,229,257,290,286,320,279,256,249,227,272,339,370,303,222,235,266,237,315,294,322,275,238,169,256,313,288,273,277,220,217,220,248,308,260,277,313,451,328,268,242,287,277,242,261,255,251,230,227,315,
286,333,301,293,340,239,253,253,311,279,270,329,338,263,250,231,226,242,298,239,318,268,249,246,239,317,322,323,306,255,204,256,233,281,276,325,276,226,203,217,315,262,276,261,214,231,233,229,324,252,272,284,470,311,268,288,308,271,228,278,310,257,216,237,353,
287,326,285,284,321,243,232,227,333,296,244,313,275,274,255,217,252,240,270,254,279,288,216,257,208,263,291,330,295,247,221,220,242,281,281,288,274,184,172,233,314,249,265,273,203,223,235,236,268,256,271,312,424,279,280,278,289,257,219,281,276,248,220,222,308,
288,302,267,260,315,213,225,224,286,263,240,287,274,272,260,234,238,236,238,213,259,274,200,250,241,241,305,323,311,245,245,252,259,270,237,254,273,197,167,183,305,252,240,266,201,245,224,227,283,229,235,313,361,285,317,258,284,242,238,254,284,244,204,229,327,
289,293,280,287,277,242,203,203,265,247,267,249,281,272,235,228,204,234,266,228,249,256,225,227,263,263,295,353,280,240,239,257,233,269,217,264,250,232,178,248,299,263,231,252,202,197,185,232,273,273,257,317,330,280,233,293,274,217,198,262,266,272,214,190,315,
290,282,274,276,266,220,196,195,250,235,244,255,247,267,260,246,253,222,232,229,256,270,234,251,217,258,306,304,280,219,222,235,231,259,259,264,246,227,183,221,304,242,282,247,172,240,206,223,244,227,215,295,294,307,261,287,272,228,237,249,252,230,251,238,291,
291,267,254,229,245,208,203,203,288,239,232,254,242,277,236,224,216,235,238,212,244,268,231,253,244,262,314,277,271,239,217,213,240,259,231,249,239,227,167,232,288,234,236,240,185,204,207,215,241,257,227,312,306,277,272,255,261,189,250,248,252,246,216,199,261,
292,263,252,287,273,240,192,191,277,243,230,218,255,278,249,228,217,214,235,252,251,245,202,246,233,236,301,272,257,229,236,221,204,247,230,260,257,213,180,233,240,264,250,283,219,209,228,222,277,245,250,303,308,286,246,255,274,239,217,221,254,219,208,225,253,
293,256,253,241,301,237,197,194,249,246,253,237,288,280,240,223,213,218,241,210,233,229,212,240,206,232,296,289,283,229,234,242,228,247,230,238,258,202,207,247,250,264,241,244,174,233,227,213,259,202,240,256,304,292,252,274,256,226,211,195,268,260,204,206,238,
294,242,278,255,285,222,179,177,262,217,209,217,293,242,221,202,233,218,259,230,245,258,210,259,244,260,281,310,265,191,209,236,202,260,227,227,244,184,161,243,277,248,270,231,188,238,208,242,233,231,247,269,284,290,285,254,272,216,201,203,240,251,218,222,223,
295,238,256,237,266,229,183,184,235,228,218,240,262,274,250,202,218,245,267,229,224,241,233,225,226,231,246,304,245,196,244,217,234,243,232,230,222,194,172,240,252,222,224,255,184,251,202,215,256,228,243,271,293,269,280,253,250,215,206,211,221,221,231,201,282,
296,253,252,236,238,201,185,183,237,200,220,263,265,259,228,205,217,228,241,211,254,209,205,256,242,239,266,287,249,195,229,235,207,276,228,223,206,206,175,239,234,256,229,275,176,231,230,214,222,221,269,247,308,266,271,212,243,219,204,196,229,262,184,195,253,
297,252,247,236,269,216,200,196,268,215,198,224,261,239,218,218,240,225,239,214,211,201,216,240,188,245,235,275,268,229,230,238,215,240,222,226,227,200,165,237,255,212,234,255,160,227,201,235,266,220,206,262,252,264,250,243,229,219,212,208,237,239,203,215,259,
298,246,239,239,246,208,164,161,224,206,230,225,239,250,215,206,222,231,233,217,263,217,230,242,229,236,263,295,255,241,213,235,215,247,208,254,236,206,180,202,261,223,225,250,176,219,214,225,214,215,207,270,260,249,266,222,254,213,210,217,229,237,216,194,245,
299,240,222,257,255,211,204,199,252,218,208,244,264,253,241,189,207,204,219,225,226,245,220,226,239,210,258,301,241,199,184,216,198,258,228,205,215,157,171,212,253,242,223,242,175,205,200,226,241,199,259,250,270,265,237,252,268,217,215,242,260,214,211,168,242,
