165,1457,1620,1638,2623,18871,654,744,65970,3323,1064,2191,50217,14986,15390,3409,6436,900,1273,1360,1206,14001,11479,17707,9064,1406,3185,2000,2742,12583,6273,8787,6605,1225,1835,2450,1327,14327,4874,3670,43791,1786,2035,1599,1827,10354,11432,11574,58993,1993,1083,2611,8616776,15168,9248,5732,57111,1022,1078,1039,2189,15874,8657,21893,26468,
166,2265,2346,2320,3503,41924,693,892,93730,5005,1679,3079,81376,37107,37658,7310,17551,1681,2150,2098,2016,32510,29316,37857,23434,2290,4378,3054,3916,31587,17302,24233,18420,1954,2675,3401,2005,35831,13072,8906,57498,2581,2893,2433,2729,27199,30480,29626,74578,3005,1637,3609,10821366,36601,24381,13377,77220,1562,1773,1783,2938,36532,22790,44814,44325,
167,3035,3292,3114,4903,72285,915,1350,104290,9922,2263,4085,117177,70223,72144,19477,39740,2494,2986,2827,2844,51820,54831,59269,42918,3159,7485,3938,6336,56286,37693,46465,37177,2665,3411,4305,2667,63230,31658,23176,67018,3450,3910,3391,3785,50885,54620,54124,86796,3829,2337,5012,13033541,63669,46837,31784,88709,2123,2382,2328,4104,61623,43368,69086,59514,
168,4012,4645,4537,9707,109624,1516,2767,118181,24650,3010,7616,171798,116127,113417,44348,75504,3469,3890,4033,3893,70277,81425,77976,62366,4297,18590,5953,15009,81814,61512,70388,57541,3683,5912,7646,3666,87637,56220,46035,79057,4930,7346,4785,5878,73773,77456,75897,104049,5960,3059,9889,5851756,96323,75127,61830,110991,2688,3199,3193,7273,87895,68303,92287,72235,
169,6822,8715,9389,23689,132365,3134,6389,178326,47247,4570,18287,267783,142639,132585,79665,104367,5327,6183,8018,5550,86456,104070,97447,79200,7778,40403,13040,33577,102439,82458,90549,75923,5799,14340,17711,6005,108327,77739,67116,103209,10252,18186,8252,12991,93512,97274,94655,155917,12623,4816,23485,5218436,117143,104331,98146,204204,3922,5694,4534,16995,109906,90961,115307,86566,
170,18676,25159,27397,54608,197444,8043,16785,528697,74753,12195,43953,515688,186282,173269,104156,122589,13553,17545,23311,14507,119867,140490,149897,110236,21974,81558,34344,67293,152774,109652,124344,106696,16132,37043,43455,16972,148375,101757,88619,237729,28241,42537,23535,34719,124636,153671,125008,438948,36004,13638,51992,9438133,149374,132217,133629,651866,9482,17139,10759,41201,157798,116752,192955,134349,
171,40806,52609,52353,85439,517790,20450,49762,1612087,96250,28694,69631,872121,427442,399835,131909,196934,33381,39592,49552,33524,258268,271271,383946,243900,49304,117728,64521,103082,379964,203001,264728,241164,36699,63205,71841,37403,320094,163210,131495,766556,55109,72632,48450,63364,248467,420885,248765,1258025,69043,31836,78255,17485677,300246,241936,177853,1690015,23779,37275,26261,64594,379810,202020,526592,347410,
172,72583,90096,83488,114641,1446479,60032,148688,3501090,122446,55802,96983,1357921,1289349,1252899,276678,548544,76881,85318,89891,73483,730722,743846,1063494,715770,99062,135313,109237,126966,1081037,580466,772522,722572,70629,93217,106926,70833,945978,440845,323941,1677649,95723,106035,91480,105807,725506,1218972,731751,2385574,105195,60140,102492,19873088,853974,672593,355707,3068442,47569,64769,55533,87667,1053720,540548,1363777,945280,
173,97262,117298,105933,148126,3522751,211327,444983,4631698,172987,79179,120819,1814851,3609454,3578763,987170,1897052,116995,115606,109072,113490,1807224,1928797,2290616,1775187,127502,163619,130567,153171,2470070,1639236,1990367,1828336,98184,115583,129079,102334,2280414,1388262,1086932,2477749,122191,126813,127216,131800,1924576,2596141,1953093,3112924,137363,84068,130470,22614322,2319707,1870377,1083984,3874684,67178,87902,81145,112632,2502970,1541547,2801961,2049364,
174,127477,172414,156857,319508,14504372,9479680,10660396,16333087,460712,106661,194230,2565166,17061694,17024659,20651700,14304752,146249,135516,141820,136443,11679803,12514133,14370801,15220271,157941,370726,166114,340434,12196950,9960295,11617816,12840256,133994,197201,186372,131028,16623132,16046757,16581540,18628585,165687,217751,160866,173906,12865900,16741651,28253064,17452680,241047,118308,244038,26201594,13196626,11796079,11759111,14706857,90762,139758,112168,200114,13574358,11838507,15174922,14307495,
175,237227,452460,420726,1057936,156535010,143600987,153290625,167980760,1421973,207431,597072,4278341,188660031,192244230,268475169,171711255,253520,224190,345585,206492,149328677,157284144,184805991,205202115,350340,1275922,398146,1163262,159718048,133548647,143601575,166483046,310334,709141,559698,264916,209519767,213063103,218877261,239880804,466388,760121,344607,447042,172167618,242834224,309560348,231869929,660071,242204,712429,32401183,154258813,131481255,143714015,183558918,143239,329743,175810,532122,158253617,142095398,245910141,183911937,
176,872903,1618158,1527018,2792304,269056719,219417584,223739633,284156859,2885458,819872,1851333,9130315,264211862,275606705,257801916,258710089,984709,869727,1428218,734042,211690820,235299573,251294400,272353572,1442295,3607935,1470919,3242693,218632982,200274760,190877997,201275934,1208653,2118332,1779086,1001536,188249435,178988011,198183749,197281177,1613073,2210947,1263611,1586688,202523741,202717410,203642642,204052173,2106573,916573,2064651,39480553,249174980,217815291,215519280,251409234,469924,1183470,560448,1654823,242302397,211448790,413472452,240138691,
177,2178975,3399283,3181556,4508045,321265339,280280006,295887411,347877840,4296226,2065507,3382812,14935844,329158884,336170752,285893603,298311744,2931625,2564338,3377105,2062575,217056447,249697969,235477124,295797125,3528393,5274291,3290557,4872950,236327657,204175455,184223394,218374709,2696835,5318671,3411807,2329352,161366067,158074902,163440125,163240026,3246183,4003940,2894816,3413872,220939142,167832242,169897137,174074573,4113708,2331911,3621782,52107286,314217623,268485183,268523099,314638192,1525326,2770026,1698529,3213935,282056794,257260756,270462353,236773135,
178,119193846,116221989,114158757,118013945,357297493,313656373,346370120,392231047,187961394,123792379,109710884,135589047,387688041,389975431,333574774,343339729,171022216,211220695,154847139,116788764,217379238,234791850,227760243,301805403,147019830,139721735,113323457,182249203,257564196,204632950,183313173,190078648,168950502,135516840,123531138,113103781,155389470,155433751,157354717,157923783,117428447,118119260,114677468,133696083,151999107,161753340,159287037,164531295,230948097,171215780,144018054,156006451,362984061,304218550,295148999,344836397,201468776,197836684,141351793,359639820,306920737,278935878,277822096,248976336,
179,166189124,160800232,156471880,161473405,379637205,328139063,378249208,431283655,232889509,161921056,143958872,177084428,439144504,446412041,385971574,376096541,222190551,257769692,209455697,151895564,218110844,237384201,215611327,306295822,194096608,194337572,152860633,200722453,217516845,208392682,181632387,179054413,212130489,189391791,171253177,151065559,157690856,155777080,158231429,159652225,155400148,162766493,152627656,187763797,197316252,161954170,163130239,164047039,275646512,212356949,189653707,184983507,389895126,326408460,273309328,360060425,264339592,251995168,211672695,291178827,327265958,293769529,260215831,231583541,
180,184154914,184043187,179374681,181908094,396023438,331241400,393197255,458584564,219692718,194161749,176413982,183023006,487923709,496200706,462305739,410625502,272587382,264000197,237711943,201811876,179857813,211518667,220021608,300111696,224959143,222818919,189365668,220501206,206355138,190707185,176949774,187774515,218055500,217101159,223221597,187694675,154293041,151816192,158528869,161281459,192160977,202853682,201859194,220926628,191636711,160091431,160314097,161849686,215448708,190074270,183596615,323627654,408766369,338255254,321230564,370447634,217830760,192436197,193405972,201823144,328973681,293506906,271299907,247976562,
181,221259719,186498808,180700368,192239590,419754508,338839919,418942106,475163956,217415820,188443550,190120726,176280544,533553422,544797652,540151969,496382789,288422623,282378438,266409527,238203295,187195340,199012000,208893173,285087016,262915942,227384726,228834648,275058744,203288468,178476853,167122618,178872918,233628820,230007553,275279063,222196184,153618182,153569428,155096541,155863355,226295572,233293824,239315433,250365790,172346776,156109331,156021679,156426657,185618362,173134386,174631972,153170719,404908340,354233845,315675908,382200055,222693318,181888386,184469493,183139669,329689364,299831718,272319944,231053672,
182,197574437,189432652,169322579,206203806,425022470,346243213,449606030,486516687,224669962,154570808,182083379,179821786,558114008,582036100,581115249,551808716,296687540,316714379,312677083,255103924,172675938,182741374,200674997,276365213,315236466,328164802,282195343,310891439,171824569,165787195,158227234,174891355,273505599,249156417,327742788,265534346,152577334,152307343,152431847,153667423,266564798,270569353,290914351,287147072,159131240,154565472,153759411,153838051,167760214,164557149,167635715,186042539,378329250,364739614,314856665,349767393,170112797,148122825,164898224,167182842,316407837,319092709,247904305,234336276,
183,70361296,191611745,184346411,195537596,419365151,358600516,466548622,489085006,235331045,237143161,240648904,179104719,563550206,586840861,622078943,573406153,346508396,355456323,356952589,294334385,167592827,181390378,194870153,250528947,358854326,366094044,311775974,325287317,161908206,297013504,155777465,171658606,301117377,273689872,368415755,295466672,152511964,152345274,153081959,154385273,298473255,295064752,325240095,311927100,156521572,157286871,153685730,155355030,162158249,160605517,164172797,187795232,353295585,362505957,312451613,336276263,165835104,161455641,161256140,160071529,301890240,284353491,245450847,229225045,
184,213054419,199779607,144695747,196851223,428466085,388165226,476495801,493581255,221532398,235963098,212845674,173959524,561474810,596464608,598764172,528465947,245137446,393458040,395648449,332332340,164060993,165470350,180742569,234683609,396745737,393873739,326219701,339253523,159551179,162314304,155046998,168325910,316529563,272374882,388498268,316999032,149600355,151819573,152429976,153600516,312887026,312853496,351516363,330147458,156949896,160784597,153461461,155189199,160169474,160150652,162511706,187661957,348463378,354731701,318572298,330315889,161248133,159075989,159058021,175688432,293046618,278046998,234196834,225500393,
185,214942669,199090112,176379074,322713766,450300617,429112838,472828931,491175797,225031691,210370605,336612905,210426428,562755729,599539470,601036393,608164883,417783751,420733632,431382668,363372824,161782738,173662019,177276303,223265994,427575611,409007506,332944633,341513499,157619354,162122927,153757649,165947431,317928890,283325668,409526860,325026077,151506746,151191922,151918576,152355370,318823418,318953666,280904516,337356359,154886029,159041933,152773015,154157483,159435763,159280546,162719679,194790298,356602144,352332213,321867836,337793198,160121548,152935025,158154843,159231358,289757755,275005072,237646411,234772211,
186,207163353,196426572,177456424,179980912,467211992,458962644,461059127,473289033,222359470,213780712,182464764,181573016,541265315,559266727,566223663,588992029,450222283,440811019,459912718,399365821,156277115,168123382,168248265,223129578,460303865,431044898,341595711,348679501,154125286,158066144,151450815,164343978,313579663,266729025,436427512,369083346,149687803,151255022,149200900,150180052,321686158,324433486,370028304,341084602,151731846,157590281,150943216,151422006,157667570,158079418,195624800,186206668,378725218,361815890,339458372,353145710,156041517,116394974,156393625,155389412,285708960,268515289,233370809,232268743,
187,205189505,199919881,172208927,176116115,387835143,354399085,342839204,344718935,214355409,187595009,205856136,171106361,388152470,394292539,402854215,429565717,471309803,452469483,475808652,428100647,116001398,121287307,119763032,154339740,469812312,452763451,356909031,359189770,117820066,117501956,114274370,124190901,310355482,254562183,405443249,334748465,112317743,112250428,112297324,112541741,319110968,323744678,365922510,349590073,115349804,118700821,113568246,114047063,155863876,157130408,159948986,185427128,300595080,281624560,260313670,270022615,155949349,155187600,155311741,155480836,203812366,196856332,169129067,169308746,
188,198141658,198980845,174571593,172822387,105677389,112461895,109488940,109007118,206285208,189182350,164186278,166329212,118632012,119704563,122432578,129441866,485331332,459769296,485332483,442747241,37417494,38415915,39174028,46547532,479499496,461776572,376800148,369600606,37939492,37668410,37201011,39781600,295757807,259976155,435342106,336232057,36744468,36579023,36555764,36409870,318994866,322164823,362997382,358359328,37536007,38529566,36969101,37151146,154468034,155577932,158984151,185884094,96115248,90180448,82166981,87548991,155492437,153479447,154521671,155347545,65154369,60146406,50967537,51201711,
189,193609317,193791505,172809749,169180116,6553008,13085320,11973357,9878590,204315058,204086009,197267325,175142977,10674264,10534041,10324316,11054901,466834261,453859764,471372459,441380687,5208500,5551692,5439069,5526970,471044261,453381380,390799792,388673255,5423257,5141232,5300184,5135509,291910163,214435441,382147515,314219480,5414005,5230267,5058839,4867768,316765023,321410180,352667260,366525346,5358840,5279325,5320333,5266688,150210562,151107140,152550434,184125155,9414241,9067933,8937500,8677946,152384749,149557341,149835176,148515007,7167586,6830974,6081829,5892914,
190,151851058,147795912,128273776,124574544,3178903,5289445,3669794,3039113,150039955,137058356,124074103,127900917,3385350,3158813,2806712,3085252,360483223,345877053,350350368,335577300,2970957,3295299,3136654,2836219,351757037,336741731,311042618,306957214,3158444,2892865,3081896,2759471,213993673,293507887,283966977,235786008,3234246,3053438,2874771,2682420,244789685,248124626,278944700,284743414,3120532,2984170,3120492,3058999,113086860,109287309,115701822,156742548,3169291,3089335,3491788,2939737,113013543,112359545,112764974,112807524,3117688,3175228,3088439,2865062,
191,77868294,79284053,68216446,67938276,3076995,3556602,1737424,2907304,78746196,69700134,71099834,74896895,3236615,3008016,2657699,2930469,195771180,185876431,184237578,178032883,2917139,3244895,3083656,2782293,186377470,180956321,171556599,169468051,3104150,2845739,3035822,2707569,115436740,99114961,159210516,125107776,3180634,3001360,2821213,2637705,135097506,135337917,147021198,156833332,3074056,2931505,3073437,3011511,61399320,61304622,62329955,116728838,3035429,2957168,3368996,2819817,61256043,60920262,61278694,61065849,3023891,3099066,3015648,2802360,
192,10241903,10422864,9063110,9220097,2992520,589625,246998,2894693,10107530,9359912,9162544,23269795,3212127,2986969,2641337,2904159,22706161,20959414,20437480,20375471,2908170,3228909,3067705,2765691,20692635,20696888,20287507,20031059,3087395,2827473,3012661,2691974,13845114,12684448,17940968,15289105,3157379,2981213,2803807,2628199,17088900,16721751,18035703,18856988,3056859,2906552,3053440,2997281,9085167,8546453,8992923,77192947,3016926,2939542,3354974,2806839,8625143,8635967,8932661,8737516,3008478,3085968,3000229,2798067,
193,3592570,3662790,3474960,3583560,2994062,258446,183050,2888551,3720691,3308753,3587816,18093669,3202417,2979176,2630704,2900811,4504145,4120756,3969438,4257134,2899753,3216357,3056445,2756879,4229305,4383083,4266321,4251074,3075343,2819107,3006695,2683657,3884923,3599143,4161615,3826118,3151105,2978165,2792908,2621323,4134143,4022493,4180863,4312859,3038663,2904239,3044785,2994178,3760075,3213303,3570488,71850120,3007346,2931205,3341666,2800024,3267388,3312728,3574186,3389141,2997411,3072219,2990823,2795177,
194,3084464,3134585,3023972,3144275,2980612,184329,164410,2886441,3223335,2850731,3161958,17663384,3190837,2976811,2623803,2892913,3127726,2877363,2736104,3048104,2888768,3204875,3043924,2747889,2993726,3166364,3056508,3059412,3062663,2810992,2995616,2673893,3140245,2916915,3141471,2905464,3136919,2964855,2787733,2618742,3039350,2989274,3139035,3112108,3034796,2884246,3040102,2984063,3359817,2806420,3159042,69474442,3000881,2925201,3328816,2797832,2859519,2906124,3160645,2992580,2988747,3064568,2977170,2790639,
195,3075414,3109292,2996684,3116965,2970383,165243,151733,2878525,3194489,2835089,3139359,17563532,3174041,2961662,2615050,2883321,3076408,2826179,2685699,3003457,2880255,3197119,3032314,2738543,2934378,3113195,3013497,3010161,3042586,2794876,2975526,2649305,3105488,2883221,3107058,2868648,3123729,2950177,2772872,2612004,2990811,2942905,3093569,3066970,3023041,2853689,3026582,2979785,3331484,2789600,3136708,67233886,2986286,2912327,3315729,2785971,2834399,2881261,3139884,2967039,2976013,3057770,2967833,2779200,
196,3067101,3094954,2990019,3102791,2944141,151904,138072,2874065,3187775,2831329,3130594,17404725,3133265,2937761,2589874,2856177,3061184,2815866,2672870,2991405,2865546,3177837,3004720,2711447,2925481,3102135,3007783,2995014,2998200,2766621,2934317,2585306,3095880,2874232,3088689,2854227,3095180,2909876,2738419,2610592,2978213,2928934,3079752,3052406,2994503,2766088,3011777,2976004,3318226,2776174,3123674,64235618,2975226,2897915,3303872,2781581,2829108,2871880,3128409,2959567,2958905,3044562,2948972,2775208,
197,3060771,3085379,2978897,3091418,2842589,139077,123555,2862747,3173087,2817391,3119702,17239927,3006009,2880004,2507298,2795045,3055385,2809025,2667058,2984226,2843290,3134959,2932169,2627771,2916099,3091510,3000583,2991303,2829220,2659855,2784369,2362390,3084775,2865084,3081041,2850518,3021450,2776821,2635783,2604844,2969195,2918407,3071483,3042978,2932928,2475281,2981302,2964798,3312378,2765358,3116035,61414601,2940094,2860922,3272788,2765009,2815149,2860671,3116605,2947772,2908939,3015629,2890608,2766228,
198,3049835,3074064,2971816,3075504,2474726,121101,101653,2838264,3161661,2806308,3107185,16940760,2537697,2637928,2209847,2551744,3043200,2804241,2655275,2976531,2754741,2988516,2658701,2335586,2905316,3082004,2991485,2973836,2296818,2294979,2292061,1776467,3074531,2852479,3069748,2837962,2766447,2353254,2297017,2587974,2957126,2907366,3061616,3040275,2665679,1760812,2871154,2943549,3285701,2755235,3108272,57629579,2795569,2695919,3166741,2710995,2805721,2845507,3105060,2937105,2693907,2901409,2670842,2753806,
199,3038153,3059963,2954043,3048655,1741972,101058,75442,2769816,3153755,2792899,3093756,16635460,1671777,2027855,1572934,1946739,3018734,2792139,2642444,2963414,2467152,2564756,2042568,1718163,2890146,3070179,2982359,2960015,1440560,1584920,1475295,1007001,3057289,2837080,3059066,2828519,2152464,1584942,1620630,2554156,2945199,2895581,3053069,3024968,2058071,913165,2546551,2904003,3227522,2736840,3092571,54110726,2383816,2236395,2834402,2520733,2795982,2808127,3094577,2926181,2157878,2563656,2138415,2721601,
200,3028648,3027720,2920340,2985302,848014,73785,44345,2522800,3135427,2776052,3077768,16185537,724788,1104343,755584,1031131,2962368,2778785,2610246,2950983,1811430,1735175,1141501,897266,2859977,3053267,2965139,2942230,613888,759217,645407,383543,3038756,2802930,3042159,2818080,1194636,710357,779374,2426798,2923115,2865842,3037310,3006557,1143611,314496,1809969,2747883,3097254,2693029,3069107,49973540,1572703,1410862,2067914,2009693,2770222,2720990,3075271,2898401,1291660,1833989,1283819,2609315,
201,3008291,2958652,2863470,2815884,289139,43567,19540,1917894,3100120,2749975,3050239,15530579,226623,398240,241721,352512,2807959,2752274,2512589,2928957,971397,832256,439653,320344,2771002,3008669,2951354,2874198,199717,256380,209013,122969,2987373,2707938,3023001,2799176,437270,224008,253982,2033559,2876113,2778211,3005890,2978305,433535,107107,902508,2298901,2843881,2602429,3024308,45625191,721599,610429,1086334,1217028,2715945,2548165,3045802,2842288,537241,942184,539321,2260599,
202,2966441,2715583,2624525,2290628,99688,18798,7696,1000626,3006961,2652420,2966592,14087831,89773,116772,77486,100986,2281303,2672534,2153420,2853356,332880,266190,134740,100023,2412075,2837899,2893433,2579473,85500,89357,83149,62489,2809810,2354167,2949571,2712001,132078,83520,84439,1232587,2664876,2417791,2890095,2852041,130361,66910,281781,1424789,2208451,2330331,2889273,39991781,221262,182140,364291,476037,2549815,2095303,2942880,2683090,163040,312393,167943,1508384,
203,2866310,2202784,2127491,1530082,71021,8314,5053,368709,2758530,2384327,2754459,11738929,73925,71202,56285,63355,1474424,2437858,1518792,2626700,114060,107378,74064,63007,1727954,2390297,2720968,1965777,69288,64813,66464,54516,2400193,1720170,2730555,2464783,81545,66020,62375,514017,2172632,1754028,2555434,2504395,75265,62422,101360,630232,1391644,1831939,2575110,34767904,92687,81255,129696,157282,2223411,1438552,2751282,2359176,81131,110552,83668,732218,
204,2508646,1278219,1230839,655671,67114,5251,4389,133828,2087506,1707043,2161424,7607001,71264,65777,53366,59440,579647,1767819,682763,1969653,70027,79822,65294,58110,781331,1454820,2158146,992158,67083,60432,63512,53167,1537094,833741,2097829,1781475,74775,63074,59072,178584,1260060,826087,1726142,1731163,68444,60912,70416,234423,558560,1013088,1836647,28882295,72611,66293,84073,76785,1494063,641968,2209751,1629792,69363,71777,71072,284056,
205,1818637,543570,516313,230893,65119,4172,3750,71870,1196348,909171,1320787,3985093,68962,64036,52046,57356,186524,922707,230730,1089479,61632,74402,62821,55200,260935,627209,1298686,362911,65308,58992,61409,51494,722484,303708,1224957,950566,73017,61563,57853,73519,529244,291529,839820,796376,66032,59252,65485,94647,203234,413921,977962,24781941,69020,63425,76327,60040,732721,231036,1394208,835738,65761,64543,67959,102769,
206,842277,161204,150621,93370,63544,3941,3528,62010,409186,286110,489778,1756204,67000,62391,50393,55938,78726,271504,78099,343075,58974,71663,61276,53700,85080,171513,447290,106166,63225,57117,59747,49574,213652,96952,421384,295868,70782,60065,55951,56653,151421,91264,240227,225828,63873,58182,63211,67947,96524,127552,319086,22350979,67246,61294,73406,56873,222863,88174,537713,268279,63967,62119,65674,62183,
207,309424,85612,78048,74551,61666,3496,3125,60389,147200,106165,174839,1205529,64754,60549,49146,54368,66541,97363,58705,118344,57557,69267,59374,52974,64890,82200,147429,69631,61440,55573,58154,47906,94675,66071,147440,106679,68731,58701,54763,53926,78524,64809,97204,91790,62099,55856,61644,63019,80918,71216,123347,21261030,65520,59753,72111,55086,93292,65663,193981,109850,62271,60329,63737,55883,
208,105581,70941,64065,69833,60102,2843,2449,58712,80411,65046,81636,1056639,63074,59225,47390,52866,63271,64282,55443,70305,55684,67544,57057,50808,61309,68537,74524,63853,59219,53743,56670,46845,72043,60608,79590,66442,66323,56881,52777,52298,66114,59727,71344,68259,60214,54178,59244,62454,76789,59661,75864,20215170,63655,58359,70173,54018,64628,61602,88475,72058,60612,58430,62420,53805,
209,73259,68885,62066,68365,57878,2504,2044,57678,71992,59836,70047,1014958,61652,56675,46382,51155,62277,60540,53939,65570,54030,65104,56111,49323,60317,66457,68078,62726,57281,52238,54659,45526,67971,58383,71467,62095,64591,54448,51367,51035,64434,58280,69002,65510,58477,51826,57762,59969,75659,57087,70152,19395104,62570,57022,68010,52599,59948,59306,72862,66575,58800,56722,60701,52909,
210,66566,66598,59399,66106,55764,1899,1489,56047,69015,57505,65933,973108,58794,54909,43831,49122,60352,58376,52694,63346,52280,63256,53658,48145,57808,64419,65428,60725,55183,50284,52164,43256,65313,56832,68611,59497,62381,52665,48800,50065,62482,56098,66597,63682,56647,50255,56036,58788,72789,55565,67148,18397852,59586,54306,65144,50612,58471,57606,69165,64158,56766,54941,58270,50818,
211,64650,64780,58397,64456,54234,1442,1027,54811,67742,56344,64780,939382,56563,53059,42339,47523,58754,57468,51062,62203,50141,60943,51502,46103,56085,63255,63946,58787,53171,47896,49747,41428,63571,55476,67299,58430,59874,50235,47416,49096,60527,54875,64397,61539,54825,48393,53987,57557,70706,54050,65868,17501073,58696,52994,63435,49880,56787,55962,67380,62499,54887,53124,56311,50138,
212,62842,62340,56329,62459,51899,1122,811,53549,65129,54645,62587,901217,54424,51503,40785,45840,56758,55771,49148,60586,49197,58797,49752,44562,54371,61037,62458,56719,50965,46232,47869,39622,61745,53601,65662,56795,58028,48310,45063,48122,58472,53098,62638,60047,52740,46013,52580,56483,68442,51991,63872,16491846,56752,50915,61006,48195,55356,53764,64874,60534,53123,51158,55050,48689,
213,61086,61398,54388,60507,49634,838,656,51923,63861,53696,60788,865890,52041,49499,39045,43842,54510,54066,47578,58625,47194,56997,47914,42183,52853,59495,60382,55470,48197,44388,45739,37463,60083,52341,63901,55038,55783,45755,43265,46616,56837,51477,61630,58367,50224,43695,50484,54902,66213,50769,62164,15574882,54637,48979,58753,47247,53828,52031,63744,58858,51078,49278,52842,47645,
214,59286,58447,53198,58168,47261,676,622,50380,61849,51574,59534,820889,49393,46985,36300,41626,52203,52087,45738,56451,44915,54352,45125,40234,50573,57290,58546,53593,45915,41939,42729,35508,57629,49686,62245,53558,52204,43408,40836,45029,54789,49737,59286,55994,47909,40360,48391,52792,63058,48851,59793,14403732,52522,46699,55471,45650,51931,50324,61667,56911,48804,47288,50212,45730,
215,57316,56933,50478,56210,44975,599,588,48305,60297,50009,57399,783364,46185,44187,34377,38843,50334,50849,44257,55316,43055,51596,42541,38187,48946,55838,57471,51481,42861,39475,40035,32345,56296,48586,60176,51644,49153,40271,37976,43781,53671,48148,57597,54149,44810,37783,46014,51485,61040,47157,57815,13398821,50285,44593,53022,44283,50273,48248,59208,55002,45732,44890,47693,44442,
216,56087,54531,49169,54148,41722,592,568,46776,57998,48087,55704,741122,42785,41987,31510,36521,47889,48672,42146,53656,40570,49229,39776,35349,46581,53517,55435,49870,39228,36283,36677,29285,54123,46388,58629,49934,45752,36915,35079,42337,51243,46397,55122,51676,42069,33882,43267,49534,58465,44928,56129,12344395,48059,41876,49913,41730,48623,46378,57683,53477,43038,42262,45239,42527,
217,54138,52376,46555,51694,38034,587,566,45183,55765,46449,53168,698355,38708,38657,27905,33378,45698,47539,40517,51030,37876,45515,36702,32138,45007,51324,53231,47910,34784,32284,32159,24567,51701,44584,56113,48303,42265,32656,31317,40676,49382,44311,53763,50120,38230,28366,40669,47758,55206,43501,53512,11348922,44663,38876,46263,40449,46144,44426,55725,51600,40236,39093,42512,41291,
218,51523,50020,44306,48658,33027,504,477,42848,53543,44133,51127,642877,31808,34527,21932,28094,42376,45038,38163,48682,34927,41358,31925,27630,42358,49257,51091,45162,28137,27048,25075,17279,49336,42113,53995,46216,37385,25512,25228,38541,46331,41980,50618,47632,33271,20120,37479,45445,51457,40545,51433,10161260,40987,34947,42680,37690,44090,41448,53135,49225,36111,36196,38191,39002,
219,49963,46867,41810,45989,25584,518,500,40760,51310,41719,49086,593207,22897,28485,14971,21599,39353,43153,35417,46618,30784,36372,25481,20890,39891,47272,49008,42950,18899,19171,16248,10023,46562,39972,51900,43738,30336,16483,17182,36571,44565,39701,48011,45071,26511,11256,33042,43289,47806,38339,49550,9171544,36196,30019,36935,35702,41917,38827,50509,46977,30250,31840,33287,37258,
220,46959,43758,38798,41947,17508,530,513,38341,48446,39321,46214,533851,13592,21301,7959,14149,35236,40495,33182,43659,25846,29296,17849,13415,36242,44442,46640,39837,10629,11638,8778,4889,43281,36482,49220,41153,21221,8994,9871,35022,41033,36571,45318,42174,18631,5470,27678,41182,42694,35226,46097,8098291,29713,23324,29628,32928,38567,34838,47766,43983,23594,25986,26220,34876,
221,44431,40580,35901,37686,8984,479,459,36070,46045,36872,43504,478050,6221,12198,3454,6579,29745,38006,29101,40858,18472,20505,9491,6481,32858,41132,43970,36996,4702,5470,3856,2204,40261,33622,46422,38458,11521,3713,4420,32793,38304,33088,42532,39329,9897,2448,19698,38518,35966,31978,43619,7238320,20268,14662,19986,29193,36219,30489,44311,41180,14560,17583,16916,32850,
222,41117,35192,30876,30460,3663,458,445,31980,42881,32963,40194,401189,2759,5258,1683,2641,20200,34832,23309,37369,10170,10389,4052,2856,26501,37481,40471,32367,2302,2448,2099,1483,35220,27967,42933,35231,4641,1900,2035,29472,33493,28180,37959,35417,4042,1630,10352,34890,24815,26516,40196,6237280,10277,6717,9861,23480,31462,22237,40755,37098,6759,9006,8121,29133,
223,38195,29370,24973,21885,2164,461,449,26829,39611,28335,36321,324420,2027,2495,1378,1650,11670,30758,15799,33127,4710,4508,2199,1715,18456,33457,36805,26967,1747,1694,1639,1331,29540,21097,39199,31318,2430,1558,1571,25053,27144,22180,33465,30922,2191,1637,4751,30158,14467,19340,36348,5465824,4840,3099,4446,16602,25030,13924,36462,33010,3094,4117,3703,24670,
224,31977,16396,13092,9664,1668,420,414,15042,33413,18396,29852,193092,1798,1637,1313,1405,3668,22360,6373,24067,1836,2129,1562,1378,7383,22880,29970,14981,1517,1532,1535,1219,16912,9408,31062,21969,1870,1452,1482,14463,15364,10825,22631,21328,1655,1437,1789,18831,4736,8622,27424,4525761,2188,1693,2124,5983,12790,4741,26555,22710,1748,1744,1901,13693,
225,25549,8095,6361,4680,1609,415,406,7912,26529,10564,22341,115416,1813,1571,1213,1323,2032,14473,2922,15232,1492,1845,1553,1275,3176,14214,22809,7870,1503,1416,1466,1254,8956,4559,22426,13837,1802,1376,1414,7447,8135,5052,13273,12669,1592,1279,1575,10980,2702,3776,18591,4056447,2092,1583,1893,2772,5940,2362,17564,14365,1641,1494,1768,7059,
226,15265,3242,2612,2324,1563,407,399,3552,16222,4134,12561,62876,1697,1539,1140,1290,1658,6044,1613,6737,1498,1781,1460,1268,1828,6067,12277,3187,1531,1402,1440,1193,3810,2109,11433,5841,1692,1290,1283,3263,3448,2128,5375,5308,1536,1310,1476,5006,2165,1914,8883,3652465,1930,1560,1824,1742,2579,1650,7917,5978,1540,1397,1620,3172,
227,7925,2077,1726,1914,1520,409,400,2063,8356,2225,6275,47429,1583,1478,1164,1228,1530,2696,1450,3179,1398,1649,1426,1231,1553,2899,5942,1898,1407,1324,1326,1090,2199,1581,5299,2877,1666,1260,1239,1861,2151,1613,2671,2664,1530,1297,1470,2545,1989,1508,4160,3410214,1950,1421,1703,1419,1780,1560,3543,2838,1456,1343,1541,1841,
228,3324,1698,1553,1819,1418,383,375,1680,3476,1554,2610,41225,1536,1457,1158,1227,1438,1721,1352,1824,1395,1607,1295,1169,1472,1873,2687,1582,1342,1220,1230,1034,1795,1426,2547,1757,1633,1187,1178,1491,1725,1457,1860,1736,1304,1261,1402,1753,1857,1452,2179,3146772,1746,1431,1685,1423,1723,1451,2053,1827,1505,1306,1443,1458,
229,2046,1606,1485,1760,1414,403,395,1501,2033,1527,1892,38189,1469,1396,1077,1156,1357,1559,1284,1656,1249,1566,1274,1156,1438,1673,1861,1559,1318,1218,1266,1035,1757,1377,1943,1534,1550,1161,1154,1365,1589,1392,1732,1517,1383,1219,1293,1557,1768,1326,1800,2939478,1688,1349,1586,1385,1515,1411,1815,1698,1458,1261,1430,1399,
230,1722,1636,1345,1662,1257,372,365,1459,1680,1427,1616,35552,1426,1287,981,1071,1398,1390,1264,1573,1245,1498,1234,1092,1395,1667,1712,1470,1240,1218,1170,929,1573,1329,1858,1428,1377,1040,1093,1336,1472,1284,1649,1422,1252,1129,1292,1462,1715,1334,1750,2700279,1678,1302,1531,1348,1485,1347,1685,1553,1276,1176,1445,1294,
231,1620,1548,1363,1642,1285,348,336,1405,1580,1358,1544,33525,1292,1292,949,1037,1258,1423,1195,1496,1200,1428,1176,1063,1259,1554,1613,1394,1179,1112,1109,882,1607,1352,1823,1415,1330,1034,1044,1258,1426,1262,1615,1307,1226,1051,1214,1427,1710,1350,1638,2496832,1671,1243,1438,1263,1497,1273,1627,1546,1314,1173,1366,1268,
232,1492,1518,1222,1648,1192,364,355,1333,1607,1329,1486,31319,1269,1155,922,1023,1186,1389,1115,1415,1160,1375,1077,985,1268,1490,1596,1318,1154,1035,1040,869,1501,1309,1725,1362,1281,934,1064,1234,1405,1268,1470,1370,1150,985,1112,1385,1631,1214,1578,2305094,1557,1259,1435,1238,1367,1214,1544,1560,1247,1094,1261,1204,
233,1461,1478,1275,1466,1132,328,327,1381,1459,1234,1483,29423,1144,1131,853,1017,1182,1317,1070,1429,1079,1294,1029,959,1134,1391,1557,1368,1041,930,953,848,1402,1185,1606,1284,1161,896,926,1261,1423,1158,1486,1210,1101,923,1134,1371,1503,1239,1530,2113224,1477,1159,1318,1195,1346,1137,1526,1379,1144,990,1208,1134,
234,1419,1408,1208,1415,1009,326,317,1268,1457,1237,1385,26855,1081,1105,779,845,1125,1244,1008,1300,1063,1247,939,819,1083,1346,1494,1194,965,912,914,785,1321,1146,1601,1310,1096,836,876,1176,1325,1090,1358,1194,1013,857,1044,1329,1452,1103,1504,1901832,1414,1086,1199,1103,1235,1142,1372,1341,1088,989,1179,1147,
235,1380,1316,1167,1323,1032,312,305,1305,1368,1124,1328,24662,1010,1011,759,872,1061,1153,998,1247,947,1100,901,809,1041,1308,1393,1197,895,870,825,617,1296,1098,1506,1196,1025,734,778,1154,1272,1067,1286,1121,1015,760,1006,1298,1364,1136,1356,1723647,1350,1036,1165,1054,1200,1030,1380,1308,1080,946,1051,1093,
236,1241,1252,1024,1266,858,328,329,1145,1343,1045,1237,22448,906,961,652,770,1005,1157,961,1193,963,1076,812,774,1011,1272,1329,1161,809,773,757,631,1178,1024,1419,1156,1004,662,746,1050,1177,984,1248,1070,853,717,899,1196,1235,1007,1357,1537590,1282,923,1101,1049,1223,964,1287,1206,906,852,1000,1059,
237,1206,1198,1012,1176,825,310,300,1119,1234,982,1216,20401,848,842,572,649,937,1074,887,1221,839,1025,800,674,970,1185,1340,1073,738,742,665,488,1205,975,1431,1078,870,597,669,1029,1120,999,1195,1012,788,609,945,1122,1208,960,1280,1382993,1238,894,1005,1033,1079,940,1250,1217,941,839,916,1005,
238,1202,1045,907,1145,749,303,293,1071,1264,967,1143,17703,749,781,463,628,788,1044,801,1059,760,850,625,625,910,1102,1260,1027,559,622,528,438,1063,889,1346,1031,746,519,546,1045,1031,908,1104,962,738,430,786,1115,1148,856,1150,1213611,1138,856,875,905,1042,879,1111,1074,844,769,844,964,
239,1151,1061,914,1060,561,283,276,1059,1119,972,1075,15967,631,734,380,525,805,1002,778,1012,687,794,547,534,862,1091,1194,975,470,482,451,333,1064,868,1293,977,629,363,479,941,1013,912,1073,905,621,380,733,1067,1038,796,1164,1080082,1101,702,810,882,986,758,1113,1075,730,601,725,882,
240,1043,896,851,959,498,290,283,985,1124,842,1022,13441,484,558,332,407,584,944,672,916,598,635,460,411,746,994,1063,865,385,385,378,332,880,761,1231,878,528,264,361,888,881,770,1001,868,447,331,620,960,849,756,977,930295,893,660,696,839,922,658,1010,923,577,591,628,855,
241,1015,850,776,844,380,283,280,929,1012,829,931,11173,419,481,320,325,531,823,581,888,529,575,367,347,748,930,1053,836,365,329,320,292,812,732,1094,793,353,240,355,855,807,769,910,767,395,313,506,935,732,707,991,819008,737,467,524,738,839,573,949,947,490,441,480,824,
242,890,770,674,734,331,296,288,893,966,699,893,9056,352,379,287,293,377,767,514,816,410,407,365,302,556,858,985,723,308,307,300,285,759,586,1017,746,349,249,325,807,709,623,828,676,337,284,439,814,496,564,948,707873,565,405,443,734,729,473,854,828,412,386,385,764,
243,881,672,592,579,300,266,261,790,914,683,797,7101,324,308,267,269,363,685,410,745,323,353,336,277,488,781,891,657,293,306,292,274,644,547,942,697,290,231,311,745,609,546,751,578,306,287,332,812,427,434,828,626472,433,352,364,610,600,355,789,755,340,297,284,727,
244,787,532,427,496,296,261,258,735,844,504,728,4940,350,314,289,312,288,572,328,581,326,319,326,289,372,666,823,545,290,309,308,255,515,394,863,613,307,229,291,664,484,422,622,505,299,289,334,769,354,351,713,546459,348,361,320,562,418,331,651,629,329,279,244,668,
245,649,406,377,389,324,273,267,656,798,417,651,3259,337,308,286,304,291,508,317,541,339,306,311,283,330,564,692,441,312,317,266,263,405,296,690,508,239,242,291,563,384,355,468,412,287,295,283,638,336,363,651,493847,347,307,348,463,345,309,522,479,310,271,292,542,
246,566,392,327,346,268,289,283,479,579,317,554,2196,352,308,282,310,268,419,273,368,297,290,323,276,300,493,616,343,291,331,300,296,357,325,528,373,238,226,284,487,335,302,419,306,274,263,257,544,303,318,510,442063,346,329,326,392,292,282,433,388,325,258,288,485,
247,458,333,319,352,292,266,258,456,540,319,433,1728,325,317,290,276,244,325,278,350,330,268,280,274,284,368,497,378,260,289,313,280,284,286,417,334,277,214,257,415,311,319,297,272,311,259,289,498,279,304,407,406907,362,290,294,339,342,313,338,338,304,275,279,381,
248,406,340,306,361,256,256,248,354,421,280,370,1573,341,270,261,303,319,301,259,336,299,246,282,258,327,329,387,299,297,268,297,233,324,288,356,320,294,210,282,358,302,289,292,228,294,285,263,348,290,318,352,373375,346,300,338,311,266,273,287,349,303,259,274,331,
249,319,292,330,340,271,264,256,340,312,243,306,1488,301,273,249,246,288,288,261,321,298,258,304,266,298,337,333,323,277,270,277,276,297,257,323,304,258,194,292,331,308,297,309,202,280,249,304,367,289,293,336,341576,380,346,336,331,312,273,273,282,261,231,292,331,
250,298,307,308,335,268,217,215,311,264,297,263,1289,290,280,262,275,238,281,287,286,293,243,292,285,297,328,303,335,273,252,262,246,285,278,318,253,242,181,277,316,284,265,282,226,259,265,268,290,281,277,321,306806,329,311,296,308,241,262,282,301,314,250,245,323,
251,273,295,296,328,273,227,222,312,286,293,284,1237,293,273,268,282,250,290,282,296,246,256,254,256,323,309,321,310,248,260,249,238,320,297,293,265,230,201,241,333,284,263,289,201,277,272,290,271,291,252,318,278386,331,285,288,281,243,242,277,310,303,251,263,283,
252,303,310,293,326,263,227,222,266,273,248,285,1192,325,274,297,266,250,285,259,301,290,250,290,261,262,294,339,299,260,254,260,240,298,239,292,293,219,186,241,282,304,261,309,232,258,282,260,293,287,270,340,248847,327,300,320,301,264,272,303,279,273,207,267,344,
253,278,321,292,319,245,215,213,307,250,282,284,1073,272,259,226,234,268,260,241,312,252,243,263,248,267,334,291,330,264,235,259,234,286,236,282,272,203,216,267,274,272,261,278,224,255,225,234,296,279,279,312,225334,327,283,293,288,245,216,250,247,273,218,244,311,
254,302,266,294,299,259,222,219,311,241,245,286,977,268,301,205,277,244,268,260,273,243,280,258,226,282,291,304,314,229,263,246,243,261,235,286,261,254,186,263,276,282,247,262,192,295,248,251,289,261,291,312,198304,347,284,292,290,281,244,295,266,273,211,237,310,
255,282,277,265,305,235,221,213,280,280,258,273,885,293,268,255,248,261,277,233,291,272,238,257,251,266,304,324,285,228,240,236,248,268,265,252,253,214,220,241,282,254,266,281,186,242,203,252,258,284,281,292,177783,266,276,288,281,264,238,271,267,277,222,238,291,
256,301,237,289,303,243,193,191,275,230,244,279,890,250,203,245,252,263,248,237,291,233,221,257,240,243,300,302,255,224,209,231,217,234,258,280,249,209,196,237,315,236,288,323,215,245,207,231,277,234,247,306,162982,306,272,301,275,249,228,283,284,282,201,226,281,
257,280,290,292,307,220,183,179,263,248,231,248,808,271,239,193,235,244,239,266,284,269,233,208,224,257,295,342,267,201,228,247,210,294,233,273,247,205,182,233,283,281,299,299,206,242,234,234,258,257,235,300,144654,296,279,281,304,238,237,247,286,234,210,220,295,
258,274,250,249,305,226,167,165,304,230,267,227,651,238,224,186,209,228,246,233,263,248,221,220,219,252,284,296,291,232,223,233,193,298,245,246,267,208,175,209,263,282,252,303,218,250,198,214,236,219,252,287,127806,273,235,265,266,224,249,266,274,244,203,199,275,
259,280,264,258,308,253,195,193,268,253,247,267,667,228,230,231,201,220,251,242,275,217,194,233,217,256,288,333,288,227,211,233,209,259,229,260,216,176,166,228,251,262,258,264,194,202,215,209,253,235,220,280,111395,266,255,260,288,243,216,245,238,244,213,219,302,
260,280,250,237,296,222,205,201,266,230,239,260,573,265,228,205,232,231,239,223,280,229,208,225,192,270,301,277,285,230,204,224,208,226,211,265,255,195,165,211,265,241,232,252,172,245,180,201,221,235,243,270,96601,265,283,246,262,237,206,245,261,215,205,202,283,
261,265,253,241,274,206,190,189,270,235,221,235,518,236,212,217,225,209,279,228,243,245,194,203,200,227,258,254,276,216,192,190,223,254,236,229,252,191,155,212,259,258,230,230,213,211,219,217,252,241,223,268,84755,303,235,250,245,204,196,229,235,246,201,197,265,
262,259,254,259,270,195,178,172,264,221,203,232,421,228,233,187,183,208,230,219,222,230,195,237,235,215,259,275,266,230,201,209,200,236,223,222,253,193,159,204,287,237,255,251,174,193,181,227,256,214,222,236,73311,263,256,237,254,203,210,277,259,213,173,188,268,
263,222,273,252,277,213,182,182,248,251,256,238,375,251,231,199,210,208,251,193,248,212,192,230,201,237,266,280,258,237,182,213,172,248,205,234,237,199,173,225,247,243,216,255,147,200,193,190,221,206,225,256,65387,246,228,246,253,219,209,209,230,236,203,204,266,
264,246,239,234,248,207,170,167,223,216,215,221,342,235,241,181,188,220,220,208,239,212,202,227,190,212,261,269,263,224,191,218,192,216,187,205,218,182,172,216,245,238,223,215,180,188,182,185,239,189,193,278,57421,250,221,247,227,219,194,204,219,180,212,198,251,
265,232,252,226,273,198,173,174,258,232,228,218,286,256,231,187,219,198,201,221,202,233,212,238,183,235,288,267,244,194,221,230,223,229,214,198,223,175,151,209,234,209,230,233,165,183,189,195,237,188,207,250,51596,233,215,218,252,219,200,204,250,206,191,175,281,
266,233,215,212,260,188,182,180,230,225,216,211,307,232,216,187,204,188,226,206,214,216,185,226,229,227,241,250,209,196,198,196,184,211,201,222,245,166,152,200,244,228,229,201,144,183,175,189,201,213,235,229,45944,232,231,258,229,206,184,218,227,218,202,204,239,
267,230,222,234,271,184,167,164,223,197,173,196,254,248,207,200,184,209,200,195,221,221,195,239,194,212,268,271,228,217,216,171,215,233,207,199,183,172,151,239,251,229,229,246,155,195,191,170,194,197,213,254,41294,238,232,254,231,214,186,200,215,205,190,184,229,
268,233,241,224,244,167,192,189,219,207,202,227,253,208,202,211,180,197,199,200,219,229,189,210,177,189,238,258,230,225,197,184,172,208,214,192,203,167,139,223,206,220,229,211,164,206,187,191,241,202,214,252,37041,221,205,231,234,177,194,185,184,223,170,184,213,
269,217,209,219,272,185,169,167,219,181,198,205,276,214,206,163,186,200,230,190,209,227,171,213,185,216,214,247,230,171,191,198,191,204,172,200,201,173,134,191,220,184,181,229,141,205,202,184,231,207,218,198,33273,209,224,221,212,178,188,174,197,241,179,173,242,
270,217,225,194,265,195,189,183,229,189,195,213,312,227,192,189,189,192,173,193,189,172,184,215,180,218,247,262,233,182,197,222,185,230,186,218,212,180,137,203,256,237,208,209,148,214,188,196,208,202,217,227,29426,238,222,225,209,191,163,175,186,204,162,156,232,
271,219,229,230,244,184,148,144,205,192,175,193,255,213,221,145,194,167,195,204,187,193,176,196,208,199,249,216,217,187,186,214,190,219,190,175,198,151,133,212,215,211,214,198,160,197,169,210,182,178,205,215,26552,220,206,205,229,183,179,202,196,176,189,186,250,
272,207,212,224,209,182,145,144,203,187,182,206,232,203,188,166,186,209,198,171,221,198,191,193,166,166,228,262,214,180,199,190,172,223,193,207,213,146,130,186,217,209,195,189,154,187,211,165,188,213,202,257,23411,217,191,249,233,181,181,200,193,194,174,195,234,
273,190,199,231,250,175,166,161,206,182,192,183,244,226,183,175,174,149,186,177,199,191,140,189,173,200,218,247,238,159,188,169,223,200,201,217,185,137,136,206,237,171,199,221,109,192,175,194,212,184,191,227,21052,211,213,236,215,184,156,213,241,201,158,158,229,
274,214,202,221,225,179,144,145,203,164,199,165,212,198,183,154,186,187,203,193,211,201,167,185,167,195,234,238,210,178,171,180,170,202,188,204,202,158,141,195,213,189,207,196,140,171,162,165,184,160,184,198,18333,221,224,214,210,170,162,188,194,219,189,164,214,
275,213,224,191,216,153,126,124,219,167,207,206,229,226,204,167,176,198,213,198,216,185,168,181,187,201,220,220,217,181,190,169,192,210,177,183,182,160,132,175,217,192,179,205,117,181,172,172,179,198,180,194,16030,215,223,232,208,156,164,198,204,193,157,159,215,
276,195,214,198,220,157,163,160,203,168,187,177,190,183,186,158,156,196,177,176,206,193,178,200,181,183,211,252,218,177,168,168,176,186,177,168,180,152,118,176,203,185,164,174,149,184,152,199,204,172,180,199,13955,195,205,217,231,152,171,176,188,207,155,172,224,
277,190,203,173,216,178,148,143,216,168,173,176,204,201,188,164,162,189,208,173,175,202,169,192,176,198,203,221,209,177,186,188,187,191,179,186,165,162,141,154,215,178,186,185,123,179,171,197,197,175,176,206,12706,212,223,214,212,148,177,169,201,178,153,154,226,
278,219,209,199,242,187,143,141,213,163,190,200,220,183,174,156,160,185,165,158,201,172,159,175,134,201,195,199,202,181,166,166,175,183,180,177,181,153,110,159,216,189,195,182,144,160,156,151,200,159,182,196,10997,192,191,195,201,173,172,166,197,161,153,155,233,
279,187,197,178,208,169,136,130,188,175,188,194,204,183,182,169,174,171,175,165,189,173,174,185,159,203,161,270,209,152,166,182,173,197,147,177,168,154,125,155,212,210,183,175,143,160,150,172,192,175,180,210,9437,189,169,208,198,153,186,193,196,165,148,163,194,
280,206,177,181,195,164,140,138,189,157,195,175,208,172,192,150,155,194,177,159,200,155,154,177,216,179,236,232,205,148,153,196,178,187,169,176,197,157,117,162,216,187,177,187,130,150,152,164,179,156,195,210,8411,175,191,189,215,143,157,159,173,160,145,161,218,
281,183,188,177,222,173,124,120,192,165,202,177,206,173,164,147,174,168,198,171,205,153,147,194,149,216,205,245,195,159,158,164,170,205,188,201,196,132,126,199,203,202,197,171,127,156,166,177,211,179,183,150,7386,197,190,178,217,145,157,156,189,156,158,164,230,
282,211,182,177,192,178,151,148,210,148,170,176,177,155,150,146,166,165,168,153,172,166,157,183,129,211,200,230,194,161,178,162,156,172,153,164,189,125,113,181,170,194,182,182,113,170,149,166,189,173,190,216,6505,184,162,189,197,129,142,163,170,175,137,133,196,
283,185,169,183,187,160,140,138,195,169,177,146,228,189,164,155,157,162,171,153,172,176,143,160,166,196,191,183,216,162,145,167,158,176,148,146,174,126,102,154,229,176,184,174,118,162,154,174,174,177,146,195,5566,183,178,210,197,151,149,180,173,164,131,134,214,
284,188,167,172,196,138,125,125,180,149,139,176,194,157,154,153,160,155,169,179,203,190,138,172,161,182,211,229,199,171,162,165,151,186,125,170,178,152,132,175,188,184,171,174,152,166,151,144,186,171,161,171,5025,189,176,174,190,147,141,168,191,164,137,138,172,
285,191,185,170,199,170,120,119,182,181,167,158,187,168,176,152,162,172,161,157,177,143,135,163,156,174,209,206,200,168,153,139,142,184,155,165,161,138,106,180,196,167,150,140,153,146,130,157,167,152,157,196,4404,164,179,177,193,139,161,154,161,177,147,162,214,
286,190,167,193,185,147,128,125,168,147,162,142,186,163,159,124,161,166,169,161,163,179,132,139,156,165,189,198,216,163,153,180,153,197,154,177,159,147,100,154,183,186,161,165,121,167,172,155,164,175,166,162,3919,170,164,185,189,122,154,159,182,183,124,129,202,
287,154,173,177,196,140,130,126,177,161,148,147,149,193,159,127,150,144,167,155,167,151,134,160,150,164,182,211,174,156,166,178,178,198,161,148,152,153,125,153,169,171,167,144,125,154,138,144,172,166,171,176,3529,180,174,183,176,123,155,155,138,171,162,142,200,
288,171,174,180,215,177,102,103,202,147,156,176,167,171,177,136,149,147,159,159,167,172,151,170,148,186,188,201,180,154,141,166,143,195,146,164,180,138,91,171,192,172,155,179,110,143,123,124,179,152,150,163,3024,173,180,156,177,130,119,139,167,165,142,171,191,
289,180,181,188,176,155,122,117,153,149,158,164,170,146,161,132,132,152,151,142,163,167,163,169,164,161,189,214,177,178,121,155,147,174,131,149,182,126,104,172,183,159,168,170,114,155,129,156,162,170,143,183,2788,182,155,204,183,127,120,148,154,159,139,149,197,
290,191,152,151,205,150,123,122,170,132,141,165,161,148,160,133,150,175,158,148,159,168,145,146,132,177,195,191,187,154,152,144,137,162,148,160,162,142,122,173,185,165,163,162,137,171,148,139,160,115,136,175,2376,169,179,185,194,139,135,153,165,178,137,109,157,
291,156,185,166,197,153,111,109,160,150,173,157,185,153,145,130,134,149,150,126,156,154,140,137,155,135,172,187,197,128,166,179,121,168,154,144,165,127,98,143,186,166,145,183,99,129,137,163,169,138,175,169,2134,187,186,175,156,135,126,147,171,152,130,138,186,
292,189,192,145,220,158,127,127,151,166,156,135,186,156,156,122,133,159,151,154,184,155,136,150,148,169,170,196,175,147,147,136,140,185,158,150,144,132,98,142,163,163,181,185,101,167,124,136,160,148,148,180,1891,156,176,159,157,130,131,162,159,153,145,123,170,
293,187,171,157,158,160,108,108,175,129,155,158,173,153,160,127,128,155,162,151,163,141,129,139,135,151,189,186,174,150,133,135,145,167,171,148,174,120,110,162,189,152,147,161,111,148,142,127,148,136,157,145,1732,158,177,152,178,163,139,146,151,133,132,137,185,
294,155,174,164,184,142,93,93,172,130,161,157,177,154,149,126,139,124,158,146,155,142,131,124,143,146,172,221,198,154,157,141,136,158,151,156,168,140,112,145,169,156,153,149,120,137,136,149,180,131,149,154,1471,166,154,170,156,155,133,163,161,152,123,114,158,
295,169,158,144,186,146,102,101,151,138,143,150,140,166,132,131,143,144,144,129,161,168,124,157,127,167,210,215,161,145,139,141,117,168,161,157,174,133,107,144,179,171,156,147,111,145,140,142,150,139,143,167,1298,136,177,155,167,128,124,147,186,157,107,142,172,
296,175,173,152,173,132,117,115,165,152,145,160,145,132,126,135,130,142,161,121,167,116,135,133,141,152,178,216,197,128,132,137,127,160,158,145,120,127,90,144,198,147,146,153,97,124,129,133,166,147,150,176,1234,158,146,153,192,97,134,143,153,131,108,159,185,
297,164,168,166,180,135,89,89,161,129,154,142,166,171,127,126,119,125,145,134,129,151,128,132,130,155,180,172,149,156,139,150,145,142,133,130,157,122,73,125,166,129,144,156,103,129,117,134,134,143,140,155,1035,168,137,178,142,134,123,160,167,144,105,131,173,
298,168,153,167,186,137,104,102,164,122,123,135,144,141,143,114,139,149,127,145,139,143,122,129,168,169,192,172,159,125,105,164,136,136,128,130,137,113,110,146,171,163,152,141,113,138,133,108,152,161,132,176,892,156,159,153,138,129,116,129,157,127,118,137,180,
299,164,153,182,189,121,111,110,160,130,131,149,171,129,148,123,128,145,158,141,143,150,104,115,121,149,184,159,198,134,157,135,115,139,133,137,137,113,105,148,157,163,144,135,88,133,118,150,141,144,136,132,883,158,164,153,172,117,132,119,140,166,99,114,155,
