165,100101,87891,113533,160924,294382,18235,30861,351654,199255,66268,149095,84792,320851,298976,219918,248613,58934,80110,98009,76406,252423,281061,267161,224169,103689,227097,135260,194798,268699,224919,247538,209746,70969,134639,156496,83989,303135,226462,198697,245094,116373,151738,102372,141213,254610,250317,260998,346131,134315,67007,156911,82952,285243,259246,273184,343513,62510,68860,59060,142307,269812,249899,278416,228252,
166,153081,148103,162571,209253,346427,34424,53645,601515,232476,114476,188884,135936,372677,347775,238346,281991,116498,141051,158058,136185,299328,327395,321111,261051,172256,267299,198170,243843,319071,261027,291174,245370,127775,179445,204916,137846,354806,263986,231161,367902,173784,202924,163309,202629,296914,295591,304085,581636,199176,118048,193230,149471,330827,296161,307620,653425,112197,122413,114199,181699,318351,291155,336044,288787,
167,190104,195283,196505,242510,474604,58429,91758,1317872,262484,151274,217691,170565,478512,453716,271031,339696,179839,201774,210008,196951,397223,401192,455452,332306,240693,281548,250232,263282,415710,313778,364265,307630,172493,210003,238134,182501,456648,311286,270584,741964,219972,232845,221551,253488,367671,390632,385602,1213058,241863,157487,219216,202392,425805,360686,352804,1449760,149528,162859,160606,208626,420179,356049,478915,458764,
168,222021,233386,226568,279522,952992,103390,184805,2797434,300125,182274,250501,203375,873207,863960,346741,520728,249032,246893,233763,255086,747491,638183,947589,593631,277625,307992,272604,290006,769057,470020,620963,535490,211811,239160,267244,221674,810605,435773,352835,1677280,252766,254963,269645,280518,610343,757604,665687,2463259,280158,189001,248516,245059,760858,575260,448924,2786063,179512,195799,201521,235298,794255,566623,993676,997307,
169,251028,266715,259536,321330,2182747,213713,397790,4734625,354088,210258,286657,231739,2073830,2092242,620076,1179483,278725,260868,250372,276128,1680485,1404337,2092598,1395017,293737,353879,293476,330689,1790278,1035770,1442763,1274086,244134,271145,300127,245441,1838873,908782,665494,2803335,279753,285063,290413,305345,1410046,1806146,1520283,3664231,323180,217563,284904,281329,1736012,1296275,773000,4136387,202891,225438,233014,267596,1804409,1249276,2164941,2070619,
170,292844,315907,308218,399095,4352647,504796,802404,5677505,501747,246191,344271,272170,4567149,4652169,1631009,2963430,309099,289509,288168,303150,3167480,2971303,3586174,2801425,331526,479651,336908,442893,3480798,2406205,3013977,2690335,288738,329275,360613,280869,3480074,2208418,1695435,3422085,326151,352530,327607,355577,2976135,3428408,3075142,4162829,390001,256287,352371,330068,3582172,2860907,1852379,4767506,237270,267110,272806,323833,3516464,2754703,3767027,3347117,
171,343219,379247,380242,574886,6095052,911937,1312729,4865445,913636,284320,455701,321011,6785124,6532408,3567640,5343507,358211,338794,356899,345897,4170047,4335013,4390682,3792236,399631,843702,417438,752734,4576088,3784543,4267269,3815280,338014,449622,470498,328466,4430757,3581947,3157917,3546266,400561,515207,388013,449671,4217625,4302788,4244154,4166141,492040,302563,500590,382378,5366239,4640207,3639081,4370423,272959,321667,314441,429540,4936928,4314304,4717679,4033285,
172,483108,588130,665643,1321919,5883151,1375661,2154605,4448228,2140098,384201,911029,473693,6575688,6085634,5443814,6049174,511909,491651,642815,469178,4391586,4873846,4558700,4111828,676618,2131736,738472,1878035,4727646,4364883,4620236,4153877,464334,972282,927422,470492,4636603,4251923,3849092,3611688,691731,1194355,587663,830334,4550192,4394056,4520969,4202716,914135,436923,1102117,504437,5790366,5633357,5473778,4204923,358431,505348,402532,873634,5127780,5111370,4746999,4120523,
173,920228,1266654,1498292,2765718,5389472,2515595,4618302,4774872,3544673,703077,1985437,972536,5875997,5459738,5771599,5360229,1028558,1015719,1522440,874300,4563537,5035843,4796637,4415589,1550659,4300261,1652821,3774595,4853735,4456329,4715177,4301715,877284,2148627,2034701,938320,5040166,4723090,4466276,4072513,1525497,2582344,1215204,1856309,4669753,4773044,4622961,4650068,2019503,883134,2339559,882505,5275055,5311275,6385346,4496087,629239,1109075,664084,1923721,4880305,5113153,4842422,4263446,
174,2369069,3109672,3336901,4553553,48763186,46398213,54000102,61464533,4481413,1923574,3755205,2462019,56593685,57448852,75771794,48514635,2940569,2854067,3879370,2416938,42222324,44436673,52642995,57996313,4092238,6665794,3943847,6169365,34262332,36624865,40352617,46913880,2351857,4062799,4079816,2474442,63002085,62760247,65459576,72256419,3558484,4838890,3126850,4186965,46834585,64115172,59537843,66848013,4051647,2290326,4010252,2305088,44778024,38856870,43170529,52522769,1668998,2670805,1731555,3576212,45520980,40945593,51409463,51892572,
175,3915190,4647603,4501035,5064836,177981195,162253097,169923666,178286254,4859143,3333668,4692441,3824138,207272937,213146268,273203780,193289407,5507737,5126780,5609630,4647098,166176016,174394637,202804721,223504237,6299855,6415702,5913889,6127841,179660193,156186880,158360296,187061688,3979431,5020631,5427786,4258161,226924699,226134313,232851976,251112354,5259426,5765917,5280067,6094825,193005550,261009062,280292824,247913011,5021766,3647067,4523119,3981360,171603612,129110390,156227416,199138271,2937006,3844436,3155333,4262771,172828322,180874565,206356366,197081303,
176,4905577,5325704,4978955,5453492,272549882,225375979,231243465,285809034,5293007,4336778,5056938,4611962,261405094,280577726,259967283,264438906,6690313,6067264,5539709,6296818,206405156,243844739,232952986,273055615,6557449,5801991,6212329,5545361,238680296,203535382,198773631,225400471,5114960,5376603,5712877,5380482,205541058,176018883,185833270,193040859,5784250,5638563,6361370,6360910,214180683,199600426,225030709,202399808,5578872,4414607,4625913,5131149,253715955,244599455,225319539,265175253,3982225,4575687,4447465,4585082,228426161,226200012,256940794,211615627,
177,5766067,6492435,6067726,7140781,321751787,282396688,296888762,347560343,7210855,5410146,6116847,5569974,333103329,337672488,291333949,304580057,6826397,6108664,5725707,6377792,212291748,253986230,236440903,265247190,6520372,6349839,6237909,6071036,236799702,148895343,184710855,190985764,6397431,6541105,6451738,5961668,163780823,159035488,164958990,161150389,6337816,6226236,6747887,6570188,218967953,170733261,178527310,174889773,7409725,5431241,5826852,5938806,314551836,270056918,265616941,314055551,5196305,6128966,5662648,5991679,281626405,285173528,272646576,253755201,
178,88255725,91084319,89040316,92368191,351003014,314253114,340778873,385791653,138630738,98152672,83420064,92711716,386305182,394121946,343534921,350199573,118393696,157652177,120711857,90570366,209579319,271075109,212722590,297247613,115060996,113785387,89245868,109914257,232675400,239796934,215761990,182414742,127503815,106350594,94407250,85890714,154806723,154676530,158723951,160132120,89760799,92378259,90030409,88958684,209245769,163488684,181912320,166912004,179632367,124649041,109539813,83779375,358287373,303759105,294657135,343984662,151142658,145589693,108783308,162045051,307917381,282515796,206791689,200220077,
179,170257712,163725786,160438739,164704423,375298349,327922453,373024902,423827876,227116098,172714260,145828916,164681724,433216434,444920997,391621712,380293444,246883317,251341293,213128103,158486511,217339414,239109128,210390801,293328647,193975960,206040950,157705154,206988594,208173879,202107684,182750708,192391855,205063780,187462846,173145133,150875657,157973872,156568833,160030231,162590694,157017949,163965253,161538502,190573876,208142412,163506508,164325960,166797930,262266538,204553454,187195287,146425912,386931987,319925660,300090873,361184191,246168952,253156104,205558265,264873756,320822031,278484534,266251057,170555352,
180,181852410,174352591,178850028,175441137,392924530,335370926,392579585,456009595,214268805,188597760,172930252,177683145,481785554,487098612,460907262,422031474,276745776,262120077,243617163,192623311,195326288,227261068,215133735,295897621,234419513,239130546,197585572,230197014,212747431,215041486,177890272,189350423,220733334,216455085,234804692,196091629,157226642,156494435,160993970,161176342,197091825,210315808,212075667,227741850,144967422,159706371,160076146,163854122,202468362,183649619,181241849,158105497,401850488,331326589,314092503,370540039,189281597,189370761,182354478,194814655,326138473,299054163,280336147,264152864,
181,180300546,183756628,178064376,184769496,412648481,347229922,422239062,472235082,210479031,189346109,224538551,170958745,520649128,534094014,522034462,500144295,288569179,285011567,272839433,220578250,186496735,204627611,214865955,299653834,272646356,282692805,242166926,257185746,222416608,184786805,173201189,181774467,239118098,238011436,282658043,234899396,156133223,153948536,156892412,156053502,236421057,243640680,251894756,239207487,177384523,159793687,157164353,158749722,177485828,169868145,171885183,183864083,402959122,347610711,319630206,372833154,213792512,110224796,173778894,186808216,327661736,300014041,295358937,258511157,
182,194036765,185591179,176640018,205335369,426799451,361216213,449495057,483436809,219365111,229028971,190980421,176708544,556020590,561432130,561017891,536742539,321394711,323966354,318942737,265186228,176428261,190169850,200549404,270770696,325391631,339149536,289926094,286523223,176863462,173872016,160861180,174882095,276012444,258701445,336293962,276465602,153673216,148607606,153696308,153976790,273642530,279742872,300171853,294160889,160119816,156747304,155811016,155866462,172115078,163487429,164564599,191525089,384853615,357959415,355789658,357883503,166141083,165619792,164045009,161691922,149224484,293659432,261245957,244979185,
183,197536844,189593918,174632814,189711039,425637114,377796831,468218418,485124689,220155314,202276492,131410475,180858264,551082455,574945673,575872995,561621904,354327720,363531282,359028644,305989992,170871173,184244053,147655668,258317064,370447845,370101885,321889125,327281487,155792938,166224246,157916050,169622619,291447778,266924183,365571316,302303960,153311672,152737554,155494498,154109136,300685567,298753202,332398833,318428315,161489933,158417113,154663710,155854380,162300026,126637273,163706835,193073840,356170867,357877280,323766511,340714039,160961399,159268804,160831145,156402843,306619882,283690403,247146557,241668337,
184,202481808,191301189,175057975,180856656,437820493,407445606,476032912,491195033,227997269,209450612,177308123,175242968,555973228,586574063,584849494,579551226,389023671,398944507,359793296,340759362,168032599,180737571,184837015,235571209,403388396,396907679,362765638,338428150,162936021,166025495,156371458,168595912,303748679,278141669,394281175,345076183,152620558,152426466,153298309,154045527,314325828,315307409,357589704,331107449,157566711,160195057,154078000,155872060,160077381,159044971,162060175,185057562,365062017,358966990,323845134,350885459,161029525,155080022,158810630,160678611,297985101,280593285,245473567,238351470,
185,190043294,193847964,172026140,173789254,460700975,440834398,450827212,485865361,204018419,200945807,191168655,173157724,554971477,582749563,583448602,591049891,423153204,423679822,435922994,372300131,164119298,180937060,177363373,241633279,436702870,422778089,336286114,343283440,162208874,165756339,154996354,166263575,313213715,272417360,430455216,326141922,160945982,151987535,159583884,152253114,315112459,318691109,365844485,339085769,155999560,160520390,153662257,154723131,158598900,158297084,161429952,179945167,376237004,362884374,360523529,355956031,161064195,157466573,156568241,164405194,296526029,278772283,248083551,244095403,
186,328443574,194364652,171922203,175121762,487312585,456515445,459930473,468629876,208182155,227781248,191697483,170364809,531573030,548011083,556639292,576865527,454513428,441290230,463661086,412902900,159433539,172687045,170745997,226131574,459329411,442279128,346964841,348558494,156949075,159647610,153101976,164893801,316379221,276635919,359899981,298033215,150737670,150212966,150581051,151160797,343777520,322142820,368786839,343604205,155369847,158241016,152297792,152974416,154701861,140748003,294253112,174188506,396408393,373603405,336381601,364441665,163491241,154456469,156028222,160077134,295436655,263977357,241187617,239576859,
187,292104403,192725594,169968324,172070781,443738275,412357158,393190833,408651149,205755678,175250110,168973026,165811603,448209247,454513360,465196947,490329535,467873472,453799893,482909886,433643285,138335805,146482389,144641368,185634623,472741144,462007548,362635436,363467702,142386317,140307731,135244592,145747440,297865891,261760456,435779448,329938519,132564626,132092628,132371849,132591248,317351667,321612795,356124962,350550780,137948640,139357103,133086944,134593254,155733504,156052342,158362802,171916144,364449798,345592630,315083389,342407349,154087059,154849507,154980255,154520267,265090188,236172788,208954585,206232707,
188,190165186,192750732,168676000,168418461,339162516,219860514,213483238,224638468,194612165,210676771,173547285,162905169,233220720,236230899,240928307,253944813,477574065,461479989,486290320,447449601,74810817,78025364,77273270,93114362,479919578,448376153,386283222,382612021,78849560,75640364,73894804,78715717,300457898,235574621,400327433,311422507,72304137,71783716,72008957,72456328,317607664,321718755,356378710,358496116,80858340,77165236,73271670,73214811,154412738,154592119,157035029,169813395,198102123,188179938,169711920,187761534,154614029,152827998,153208477,154064353,142986341,127268800,107831438,109921423,
189,183111498,188817954,162980502,150586963,33814889,36372544,35607722,31143186,189114387,170191481,177463698,157412320,33329193,33284968,33310643,34981239,456782661,447886188,466234290,435585570,13208849,13817738,13578678,14503650,459885277,376216754,392247953,387330668,13689106,13135812,13194294,13322913,275575586,242227877,388835415,308818844,13229567,12937373,12724747,12344574,310190895,314009691,345801985,357428935,13509185,13551202,13180640,13034260,148329107,148521224,150951020,161677628,29361589,28460058,27311497,27580513,134325262,147400082,147938616,148065345,21912725,19650602,16025353,16381106,
190,128392868,133566035,114645568,112893547,4549088,9600103,9508251,4370229,129499273,120289812,110916547,109719804,4931105,4583655,4100086,4488634,329769182,318682126,322416160,306202053,4360101,4684174,4454968,4050992,321740003,313704057,291746376,286178921,4501082,4118435,4401665,3944326,192416879,202537340,276476487,200552702,4619222,4343532,4074520,3677040,225644607,227699122,245613430,265452472,4407403,4236785,4431744,4230951,105409541,105042627,106260678,112160640,4591421,4468477,4893889,4155053,104542791,104063371,105291396,104995702,4461488,4580380,4325326,4019446,
191,53181682,55590857,46456099,46583305,4180792,9180780,9054397,3951751,52977920,48752726,46516045,45535549,4554703,4208574,3717909,4083660,137016762,130298767,127957887,125920252,4233125,4561162,4332251,3914955,129069625,127057704,120908104,118989515,4367437,3998546,4282445,3814891,75890695,70099312,107898396,89398832,4498544,4213238,3943746,3545062,94143549,95003252,102266371,110703442,4305392,4098935,4302143,4105196,44805452,44146973,44745371,47075013,4253867,4135944,4633882,3827843,44088431,44074051,44517760,44269350,4208282,4363839,4150586,3850350,
192,6552367,6661964,6213557,6557165,4169338,8804776,8120513,3940883,6482168,5995955,6255630,5892787,4548682,4197390,3707889,4071584,10678746,9665663,9453980,9752556,4217695,4544885,4322541,3896748,9837362,9944913,9748789,9685483,4356975,3984752,4272338,3808767,7733454,7204146,9114716,7406904,4486439,4205291,3932810,3540087,8790624,8639951,9201592,9673380,4270590,4093763,4296626,4101058,6657518,5793141,6038587,6605802,4248245,4123650,4618932,3817202,5875808,5911057,6264297,5979380,4200076,4356414,4139764,3844699,
193,4488215,4515484,4368592,4560613,4156725,8093808,6527134,3939974,4603523,4107618,4475202,4136518,4530673,4192633,3706001,4067335,4790689,4362444,4211495,4619190,4210930,4541156,4319510,3896828,4608096,4761220,4627871,4640104,4355220,3978486,4266162,3801280,4596536,4337357,4748756,4315701,4475577,4200190,3924578,3536677,4577867,4508600,4721170,4807231,4280618,4086448,4289805,4098015,4890327,4077709,4313538,4820247,4242812,4116033,4606965,3814597,4150227,4210771,4542648,4271643,4193733,4350013,4136690,3840860,
194,4324592,4359729,4227724,4418205,4150613,6245642,3832899,3940870,4442079,3965360,4335065,4006773,4525484,4186984,3701336,4063480,4353222,3960217,3813312,4233646,4206376,4533983,4312484,3889187,4210351,4367015,4239797,4259067,4345270,3975379,4256368,3794896,4350753,4109466,4408712,4032112,4467562,4191789,3918713,3536598,4221724,4170861,4353679,4415012,4281348,4074533,4280083,4093889,4759036,3950040,4178594,4679988,4237099,4111372,4605932,3813625,4023342,4075925,4402810,4137682,4186794,4344911,4133903,3836779,
195,4308558,4339133,4209675,4407447,4145391,3872995,1794972,3939678,4421460,3939779,4324476,3991516,4515321,4179555,3691447,4052417,4317296,3930796,3781463,4210749,4197642,4531458,4302338,3883221,4171231,4340043,4216009,4234503,4339147,3965559,4248944,3786563,4331364,4097914,4379551,4004600,4464704,4181738,3906541,3535780,4195224,4132207,4324860,4384616,4256248,4068050,4272480,4088489,4748682,3931680,4167409,4669017,4227139,4107024,4602125,3817334,4005931,4062272,4390376,4124810,4182272,4341829,4126003,3837044,
196,4299259,4326833,4198269,4393440,4133659,1994468,866755,3937013,4413876,3929933,4315721,3972262,4506411,4164920,3680402,4043344,4305792,3916048,3768278,4191383,4193191,4520950,4298273,3882036,4160007,4319431,4195469,4216217,4329486,3957898,4239521,3779507,4318493,4081599,4366322,3985938,4447611,4164697,3892832,3531545,4181483,4116362,4305690,4365879,4254873,4051435,4261907,4082467,4735990,3925456,4158550,4652841,4223724,4101105,4597085,3812970,3999164,4054364,4382412,4117540,4170479,4336197,4118726,3834229,
197,4292203,4316997,4192299,4387647,4120241,915544,540868,3927765,4405726,3925131,4312153,3967689,4489296,4153355,3669529,4031185,4302973,3912053,3760287,4182365,4181946,4511020,4287280,3871095,4145350,4319843,4190344,4207853,4304151,3945833,4222904,3764038,4312778,4076315,4360018,3978479,4428395,4145357,3877991,3526224,4168638,4115064,4294256,4362223,4244199,4037040,4253335,4079643,4733402,3917701,4147101,4650727,4209514,4093800,4586603,3807523,3992772,4049107,4379410,4112919,4161932,4328563,4106780,3833860,
198,4284400,4312248,4184595,4373729,4100560,545665,459295,3919911,4400968,3921750,4301492,3964895,4466480,4135102,3655458,4014358,4289173,3895618,3751926,4173960,4165201,4494889,4265904,3851479,4139528,4308326,4180123,4195369,4290653,3931309,4197827,3743592,4308899,4066194,4349263,3977531,4399673,4126363,3862040,3513796,4161477,4107441,4289646,4353226,4213358,4015248,4231873,4070832,4721624,3913972,4143006,4640531,4190679,4075452,4569657,3797442,3985306,4039931,4365055,4110601,4145547,4307413,4091767,3832844,
199,4280906,4304366,4179562,4368414,4089963,462119,432336,3912104,4391399,3910967,4294814,3964903,4455068,4122022,3642166,3997039,4280169,3892161,3748228,4166406,4150748,4476503,4241720,3835726,4130155,4299957,4179840,4188867,4265992,3912244,4184813,3729019,4299255,4061103,4349795,3971339,4389610,4111814,3842700,3506504,4156463,4100991,4280893,4343926,4196659,4006850,4212009,4058711,4707819,3903891,4135867,4638257,4174191,4058061,4549955,3782968,3979786,4032789,4361582,4097510,4129120,4295004,4071229,3824303,
200,4277179,4291837,4168304,4354201,4073955,431313,410691,3899904,4383041,3904454,4286110,3957767,4436062,4106456,3627462,3983867,4269649,3882362,3738538,4160638,4128427,4450208,4221581,3820004,4122378,4292653,4174393,4176997,4246787,3891342,4163267,3715489,4292923,4054179,4337924,3963703,4365552,4098721,3831772,3494390,4151475,4097217,4272677,4334918,4177220,3984049,4192725,4043377,4682678,3888708,4124717,4631466,4157245,4043654,4528682,3771854,3966971,4012695,4342598,4081232,4107123,4270635,4051534,3805357,
201,4270935,4286174,4158213,4342854,4055776,411905,392141,3889407,4373366,3903526,4282241,3949316,4418674,4098061,3613393,3973642,4255247,3871417,3723457,4149805,4109398,4434235,4204772,3799255,4114126,4278650,4142667,4166357,4223579,3878905,4142378,3701984,4283949,4044759,4331250,3961322,4348671,4085762,3811805,3486573,4136841,4085490,4267475,4326214,4168112,3959939,4170006,4034768,4661552,3879041,4111322,4619877,4139559,4025206,4504991,3767490,3950030,3994712,4338638,4068145,4086706,4253527,4033438,3796618,
202,4258511,4268331,4138205,4319337,4038576,391459,370690,3880355,4361216,3895964,4267188,3925402,4393097,4074590,3597749,3956927,4237003,3860818,3709505,4138710,4092212,4402749,4179717,3781761,4094339,4264004,4143275,4144066,4206125,3853620,4119858,3679383,4271651,4029129,4320339,3943925,4323387,4061245,3796705,3477477,4120943,4066410,4254625,4313777,4151664,3938821,4157804,4025952,4638399,3859109,4088299,4595099,4122096,4011119,4480653,3744879,3931985,3984431,4317334,4045578,4069760,4229877,4010141,3784927,
203,4239427,4248470,4118756,4300782,4012383,369144,346700,3871238,4342738,3873107,4249632,3910773,4368488,4056511,3574682,3932203,4222258,3846043,3698376,4123512,3980343,4374235,4158692,3760405,4083284,4243963,4122126,4132557,4171825,3834024,4091132,3654881,4256315,4012145,4306146,3934389,4291619,4036711,3770992,3470691,4104452,4051126,4239621,4298042,4122697,3904499,4137862,4009789,4608940,3842024,4070729,4581374,4099591,3989345,4462556,3744014,3916741,3966335,4300093,4029152,4049502,4211324,3987524,3777232,
204,4223214,4227903,4101628,4275005,3989175,350087,326289,3855520,4315783,3853634,4229183,3896564,4329539,4024076,3553014,3911371,4200211,3829630,3679497,4107058,3956375,4355387,4133064,3736322,4058196,4224788,4102428,4112735,4141555,3802703,4061300,3617294,4230242,3988831,4282972,3917258,4259349,3997353,3732257,3463219,4084802,4026138,4216338,4272531,4099420,3854234,4114084,4000057,4585762,3829065,4055216,4552134,4082143,3969180,4438096,3736112,3896992,3949917,4276754,4012644,4027010,4193212,3964293,3768001,
205,4205896,4207371,4085154,4254378,3934452,325785,299345,3839588,4297767,3837402,4205987,3880232,4249752,3989142,3507911,3868469,4183931,3815609,3662454,4089003,3928224,4324220,4089980,3699076,4038328,4213178,4082682,4092656,4058156,3745183,3982034,3508687,4209331,3971106,4261328,3901236,4215212,3916823,3668155,3452439,4063815,4007681,4202195,4255591,4051616,3680445,4081086,3985055,4564231,3810175,4040868,4531744,4052669,3939116,4405859,3719901,3886298,3933952,4256995,4001586,3990032,4160640,3928542,3754491,
206,4182659,4179246,4057966,4229489,3751844,295018,265715,3826016,4273516,3813706,4183600,3853149,4007199,3881582,3350669,3765773,4156731,3798799,3644815,4073049,3894458,4244658,3980647,3578188,4017592,4195847,4066584,4073461,3770997,3544407,3714324,3168005,4185501,3946405,4233933,3878412,4102266,3688573,3458353,3433969,4042053,3986717,4180859,4233976,3944502,3160061,4032637,3963274,4521812,3787085,4017447,4507814,3997023,3870196,4344468,3695295,3862527,3904712,4238635,3981004,3902548,4110122,3834528,3737683,
207,4166237,4155225,4035062,4199719,3276262,266429,230689,3800121,4249138,3787598,4163909,3835270,3405078,3597860,2942379,3498307,4125954,3779539,3617948,4051688,3786771,4037346,3685439,3250820,3992535,4168245,4040391,4054098,3101459,3032963,3084935,2463377,4161293,3924020,4215894,3858543,3804484,3143379,2965224,3414281,4020577,3967001,4159997,4212213,3615307,2252546,3902075,3941938,4477386,3761370,3994757,4487316,3845602,3685738,4187751,3651899,3844037,3875524,4224089,3959249,3633107,3997350,3568227,3723669,
208,4138687,4117206,4006267,4148708,2230987,223720,176599,3728056,4222044,3777345,4133356,3816709,2157994,2785328,2012329,2702748,4057673,3752661,3584259,4025340,3429623,3404748,2866516,2429458,3961622,4144668,4020758,4020465,1890448,1988069,1914393,1384614,4128828,3893875,4189976,3837661,2973107,2030994,1958813,3373324,3988154,3938257,4135336,4182683,2728800,1105648,3472252,3892161,4389787,3726570,3971814,4452072,3333182,3080673,3670103,3462524,3812455,3800774,4198951,3927282,2864808,3580595,2819786,3685419,
209,4113620,4067325,3969184,4048470,1160630,173538,118223,3525978,4200828,3759140,4107761,3775987,1019548,1651032,1019593,1587025,3922024,3727085,3521156,3998376,2667195,2345815,1757037,1406795,3902237,4115481,3998971,3975286,890022,1000308,908723,610887,4085506,3845946,4166154,3813473,1790591,995495,967316,3250565,3951912,3893579,4095704,4152608,1600722,456089,2595701,3755940,4212993,3675942,3938337,4404567,2386052,2074322,2678439,2986992,3770936,3677200,4157917,3887228,1788091,2733459,1773976,3592113,
210,4080078,3902731,3852584,3700688,452016,111850,61984,2902919,4145271,3685580,4060888,3688441,390683,675650,375446,628254,3488037,3663911,3307887,3939036,1515088,1146160,759592,573348,3710429,4030906,3967282,3835085,353919,389128,359423,249598,3962062,3678516,4120842,3763323,748579,377537,361042,2827465,3844005,3749772,4026051,4081993,658059,219218,1378791,3300002,3674858,3508426,3875046,4315833,1210960,969396,1387920,2009871,3674694,3298927,4096378,3804548,786411,1520741,792048,3269967,
211,4033408,3498254,3567396,2998530,234437,64438,32994,1907114,4050132,3548417,3978051,3464505,227593,294432,189594,267383,2679117,3538117,2823829,3816446,688981,494144,333012,257515,3258260,3839124,3886392,3469904,214491,209080,210900,165613,3664220,3275246,4036951,3643889,339198,210694,195605,1995970,3566436,3372184,3845576,3914483,296452,175161,593792,2417737,2774965,3139302,3732644,4096554,518511,403373,589387,1050417,3450666,2616267,3981128,3615600,343021,674298,346387,2544302,
212,3887414,2531167,2778117,1799253,186635,36584,22406,1009563,3723983,3077401,3688508,2808232,196446,199571,151973,182124,1441529,3113272,1847229,3418412,328764,273201,212434,176791,2230685,3219988,3614244,2576843,187014,171896,179064,148563,2888099,2347225,3745262,3226469,235750,178395,164537,1118525,2789734,2445215,3248569,3354988,203899,167302,295149,1433939,1498953,2271495,3268372,3425182,275138,226171,295801,498238,2825472,1519815,3618893,3064470,215289,322706,217709,1630988,
213,3498745,1430207,1726420,870531,174464,23279,18782,445472,3028390,2235789,3049654,1846987,189440,176058,143974,160193,628256,2294037,942279,2617496,203229,210516,180155,157623,1176725,2218000,2984641,1501750,179100,161653,170626,144224,1837621,1328319,3095192,2424107,207480,170472,156853,485069,1755698,1273971,2264203,2382594,182121,162309,200732,658792,677377,1289439,2421615,2349350,201143,179622,213046,256210,1877241,700594,2882433,2156137,181885,205367,182734,778821,
214,2464373,526412,684957,341246,170658,18963,17366,241111,1725885,1061391,1806760,772400,184114,170048,140596,154942,250462,1082382,338073,1330198,169996,196012,169733,152004,416454,985856,1733584,577117,174188,158076,167356,141462,751098,500598,1818090,1207160,197996,166021,153684,236741,717899,532594,1076770,1102306,175799,158599,176573,312797,297463,480122,1186163,1038833,183658,169021,195134,176693,779444,267501,1578018,980992,172467,175300,174310,336339,
215,1346116,258287,304909,220055,167192,16923,15693,183084,799097,443484,865719,333465,181189,166075,138234,151845,185487,445547,190325,563285,160107,190044,164799,148653,221804,422787,795726,277933,170986,154104,163424,137811,328311,245653,852019,514733,193001,162333,149643,169194,320117,254952,423971,470315,171838,156507,170020,214842,227397,232557,517233,449537,177509,164403,189253,151500,333725,184208,700689,421826,168650,168818,170931,203935,
216,568132,193935,196571,194604,163881,15800,14714,158983,358870,221237,374835,198821,176985,162708,135018,148982,173450,218588,156924,259439,155691,186415,162086,145614,177778,235398,334199,195522,167291,150391,160095,135470,207920,179910,364204,242297,190408,159850,146595,143457,202788,180907,229077,244912,167666,152987,164972,175624,213358,172342,259176,262005,175476,160977,185316,142286,200548,169052,310656,230140,165860,165204,167351,159696,
217,281001,182180,172926,187135,160831,14625,13511,151249,232195,171429,227508,171457,173660,159769,132257,145886,170056,169718,150071,190335,153012,182471,158935,142777,168664,189568,208792,176560,164084,148426,156915,132101,183128,165946,225173,178752,186138,157015,143630,133276,178972,164353,189965,192593,164748,150358,162279,161427,208309,160197,193081,221685,170816,158332,182840,137994,171648,162807,212439,185364,162640,161513,163704,143193,
218,194606,176537,166357,182781,157426,13316,12218,148171,191708,158335,183406,164612,170188,157167,129713,143182,164976,158433,146333,173532,149452,178771,156315,140061,164228,176603,179584,167266,160910,145066,153528,130442,175840,160793,188454,164239,180891,153221,141270,128870,172049,158012,180594,179122,160634,146477,158560,155106,204533,155169,172592,211488,168443,154449,178376,136427,163301,159645,188577,172223,159605,158501,160992,137522,
219,179467,174022,162457,178881,154617,12244,11068,144892,181198,154940,174104,159843,165893,153338,127075,139413,162259,154313,144287,170327,146904,175153,152404,137488,160748,171292,172746,164269,157764,141959,149810,127653,172623,158440,179886,160160,178652,150270,137663,127629,169042,154911,176445,173910,157663,143085,154978,151597,199852,152258,167144,207489,164945,152212,174187,133398,159324,155826,182232,168800,156103,155614,158059,134708,
220,173103,169405,158572,175133,151172,11047,9843,142564,176263,151153,168738,156340,162581,150982,124901,137222,159406,151067,140439,166539,144753,171744,149098,134617,157650,166976,168202,160402,154253,139569,147559,124728,169440,154390,175259,156231,174245,146666,135257,125161,164170,151832,172869,170379,154940,140897,152712,149403,194324,148773,162239,202899,162571,149817,172916,131152,155734,152724,178628,164426,152962,152573,155393,132665,
221,169703,166968,155539,172350,147739,9716,8528,140636,172810,148241,165751,153663,160444,147141,121928,133950,155946,148209,137943,162911,145230,167687,146718,131749,153106,164639,165847,157074,151638,136720,143801,121664,166237,151557,172058,153843,171760,143290,132101,123026,161277,148890,169272,167220,152380,137553,149189,147235,192580,145314,160237,198793,159685,145583,168210,129236,152851,149865,174592,161460,151080,149532,152460,130308,
222,165935,163025,151949,168399,144934,8345,7079,137358,169911,144460,162105,151071,156078,143629,118750,131315,152328,145030,135113,160483,142286,164018,143005,128515,150605,161397,161822,153680,145981,132299,139995,118533,162307,148996,168275,150395,166811,140176,128533,121072,158233,145810,165335,162932,147848,133095,146952,144037,187727,142634,156268,195201,155666,143198,164733,127259,149265,147514,171129,158180,146660,146358,148439,128570,
223,162597,158899,148464,164562,141335,7083,5727,135422,167254,140937,159486,146995,151622,141391,115693,127437,149144,142414,132212,156752,138676,160039,139837,125147,147174,158226,158789,150543,143856,130205,136367,115753,158912,145618,165631,147549,162826,136381,125518,118778,155418,142164,162557,160424,145379,130063,142605,141136,184278,139635,153847,190485,152718,140206,161043,123971,146444,142947,168066,154805,143094,142654,144780,125770,
224,158202,154747,144613,160501,135180,4795,3462,130824,161521,137996,155372,144073,146393,136287,111282,122926,143892,138105,128568,152929,133896,153961,134046,120753,143660,153319,154644,146332,136647,125299,131040,110177,155146,141488,161573,143833,156453,131702,120550,115353,149670,138706,157612,155784,139522,124342,137119,138534,178135,135666,149745,185325,147375,134856,155033,119812,142674,139277,162988,150909,137858,137724,140903,121776,
225,155953,151847,141449,157253,131587,3397,2251,128422,158230,134160,151822,140039,142038,132023,107840,119899,140478,135674,125367,149416,130430,150080,130357,118236,139855,151196,151535,142954,132923,120500,127222,107359,151189,138527,158403,141042,152647,127772,116351,113991,146571,135368,155110,153298,135352,120886,133348,134729,173228,132383,146620,182593,144092,131488,151021,118388,140191,136188,159725,147739,134391,134664,137035,119694,
226,151972,148209,137190,152239,127906,2287,1581,125525,155030,131407,147614,136980,136749,127905,104047,116476,137038,132494,121459,145700,126471,145556,126734,114643,136786,146675,148246,139827,129222,116866,122194,102867,147244,135206,153284,137725,146630,122552,112633,111359,143440,132943,151696,149073,130382,116663,130244,132515,168680,129200,142281,177972,140011,128108,146282,114990,135990,132997,155544,144484,130649,130624,132718,117834,
227,148286,144293,134838,149613,123868,1703,1348,123104,151065,128564,145287,135020,131730,123743,100724,112576,133521,129238,119057,142067,123587,142192,122631,110021,134429,143539,145978,136102,124460,112553,118136,99074,144520,131943,150818,134631,142367,117988,109338,109107,140553,129510,148013,144597,126648,111444,126077,130070,164845,125636,139920,174235,137001,124044,141830,113187,132705,128907,152235,141143,126150,126588,128711,114730,
228,144894,140850,130744,144657,119331,1342,1201,120388,147432,124905,140639,130538,127683,120732,97408,108586,128955,125969,115925,138839,119706,137069,118057,106209,129645,139937,141010,132794,120240,109094,114028,95140,140089,128390,147372,131346,137493,113633,104870,107015,135986,126148,143851,140107,122150,107552,122656,126554,159402,122316,136648,169938,133654,120477,137431,110357,130191,125164,148966,137788,123461,123025,124636,112944,
229,142551,136582,127150,141485,115478,1270,1177,118243,145990,121768,137851,127467,122882,115574,93320,104745,124969,122828,112764,136135,115861,132182,114083,102847,126497,137720,137707,129360,115128,104399,109174,92212,136621,125321,143740,127766,132328,108913,100631,103915,133017,123557,140465,136360,117915,102031,118332,124351,154367,119012,132734,165322,128107,116568,133332,107943,126277,122154,145353,134495,118743,117906,120844,110323,
230,137973,132224,123321,136006,110700,1186,1130,114731,140688,118511,133836,123028,117049,111882,88842,100193,120612,119037,108619,131572,111673,127363,109344,99112,122429,132986,135628,124670,109980,99640,103538,86900,132874,121502,140585,125093,126876,103813,96175,101650,129151,119229,136236,132845,112696,96660,113924,120715,149123,116029,129187,161361,124664,111477,127221,105026,122660,117477,140616,130799,113781,114385,115935,106924,
231,135004,128237,119864,131505,105486,1145,1067,112341,137994,115476,131128,120384,111286,106877,84439,95724,115628,116619,105775,128399,107116,121843,104684,93958,117826,129568,132253,121835,103735,94283,98302,81978,128275,117772,136301,121765,121090,98457,90612,98530,124921,115330,132136,129203,108862,91414,109207,117100,144231,111859,126325,156374,119617,107072,122108,101643,118052,113198,137495,126794,108828,109800,111413,104815,
232,130583,123503,116847,126848,99568,1066,1017,109081,133758,112367,127048,116114,104709,100832,79116,90145,110544,112990,101859,124004,102753,116022,99486,88887,113848,125866,128438,117046,97860,89478,92209,76497,124350,113331,132132,118222,114316,92002,85424,95835,121136,112142,128229,124929,102332,84027,104008,114372,138037,107923,122002,151920,115648,102866,116185,98426,114926,108947,133088,123430,103997,104976,106107,101120,
233,127175,119909,112186,122313,93533,1014,958,104946,129907,107662,123384,112706,97748,95738,72706,85132,105437,109301,97741,120545,97631,110072,93984,83793,109763,121334,124377,113276,90875,82631,84711,69728,119614,110354,128678,113785,107977,85562,78755,92733,117193,108557,123471,120528,96085,75393,98910,110277,132261,103706,118486,146096,109863,97529,110807,94878,110690,104246,128705,119722,98105,100331,100579,97705,
234,122778,113708,106842,116644,85231,967,896,101047,125030,103004,118248,107488,87731,89697,64890,78416,99712,105198,92756,115480,92377,103261,86905,77385,104764,116730,119729,108402,80825,74027,74775,59160,114431,104419,122930,109320,100375,75775,69093,89967,111884,103654,118831,115332,88847,62615,93779,106602,124627,98291,114075,140057,103392,90653,103340,90721,106640,98698,123121,113572,91211,94247,94695,94669,
235,119271,108005,102415,110964,76122,920,852,97930,121129,99764,114618,102979,76108,82999,53724,71362,93995,100547,88257,111086,85964,95224,79622,69169,99492,112589,115215,103688,68325,63041,61216,46692,109041,100216,118919,105773,91207,62547,57305,85908,107753,99578,113909,111864,80324,45225,87725,102180,118346,93936,109382,134531,97310,84189,95672,87080,102126,93036,118784,110247,83883,87998,87504,91618,
236,114307,102346,97110,104267,63509,835,783,94392,115625,94885,109843,98287,59691,73366,40386,61002,86136,96177,82902,105568,78558,86800,69316,59128,93740,108047,110651,98301,50823,48761,44350,31882,102546,94670,114325,100885,79849,46229,41799,83043,101782,94238,108263,105268,68569,29355,80746,99218,109610,88302,104041,127919,90710,76507,86114,82883,96893,86662,113228,104624,74898,80785,78799,87807,
237,109544,96500,91530,96879,45677,784,733,89770,111219,89720,104646,92532,38565,59226,24150,45485,78233,91389,77708,100864,69653,73278,54094,43937,88099,102738,105896,93360,32691,30765,26920,17955,97701,89583,109570,95713,62622,27847,25561,79141,96655,88594,103188,100452,51633,15760,71387,94463,99876,83546,99596,121323,79932,64426,71500,78494,91185,79526,107376,100087,61211,70576,65185,83809,
238,103481,88112,83426,87484,26196,705,652,84720,105325,83409,99251,85605,19862,39399,11990,26378,62529,85868,69179,94128,55096,52927,35024,26052,80523,96555,100377,86473,16447,16199,13829,9332,89335,82086,103837,89436,39158,13686,12752,74795,89177,82540,96971,93320,31189,8917,55419,88989,83734,75233,93735,113560,62090,45567,50781,72595,84416,67245,100344,93078,41188,55306,45969,78932,
239,97966,79181,77147,75671,14460,636,601,79406,100367,77744,94117,78900,11247,22565,7180,13792,45360,79453,59713,87439,39067,33334,19901,13747,70157,90275,95127,79622,9984,9538,8781,6408,80239,74370,98346,83591,22144,8654,7989,70054,82231,75713,89728,87466,17028,6932,38277,83363,63657,65973,88356,104770,42097,27892,30821,64896,76061,53071,94525,87137,24325,37831,27900,73951,
240,90834,62605,65214,56168,8446,572,556,71329,92854,68037,86767,66945,8276,11392,5562,7558,24215,71710,42659,78327,21450,17371,10325,7724,53178,82300,87334,68804,7502,6779,6724,5353,66176,60837,89968,74677,12071,6674,6481,62509,68527,63997,79326,77932,9470,6152,20661,77012,37428,49907,80767,90077,22603,13942,15588,52507,61396,32339,83922,77076,12650,20176,14111,66016,
241,84193,44330,49365,36770,7164,599,568,61119,86359,55926,79232,53236,7612,7967,5306,6147,12870,61622,27274,67971,11953,10706,7412,6340,35375,72453,80220,54547,6907,6339,6418,5102,48814,45366,82507,64167,9091,6260,5932,53575,53913,49108,65885,66614,7473,6041,11637,66952,20975,33569,71478,71851,13248,8733,9854,38322,43984,18241,72164,65288,8401,11428,9234,57910,
242,72849,23539,29455,19090,6606,514,488,45641,75659,36637,67130,32879,7031,6975,5028,5672,7921,43876,13644,48690,7586,8248,6455,5894,17577,54407,66704,34689,6576,5929,6175,5031,28124,25529,69048,46097,8311,6178,5551,39321,32792,29647,44428,47713,6971,5693,7518,52427,12127,17198,55700,44773,9344,6797,8057,22905,23765,9575,51171,46866,7029,7526,7328,43860,
243,59319,12965,16329,11605,6435,496,483,30227,62666,21078,52080,18742,6952,6470,4977,5405,6705,27456,8279,31071,6305,7540,6062,5508,10190,37029,50928,20468,6242,5627,5875,4895,15669,14054,52717,29610,7660,5982,5427,24646,19141,16859,26784,30228,6560,5697,6607,36331,9728,9794,38581,25794,8229,6472,7523,13025,13120,7122,32521,28854,6614,6440,6877,29174,
244,38568,8280,8893,8412,6447,521,509,18759,45089,10741,32878,9955,6635,6098,4811,5246,6284,13547,6322,15688,5715,7288,6003,5323,7201,19549,30619,11029,6177,5463,5738,4708,9196,8157,31938,15274,7701,5663,5400,14715,10743,9223,13593,15575,6272,5428,6215,23186,8877,6888,21096,14212,7772,6185,7115,8485,8282,6313,16487,15118,6302,6233,6811,17342,
245,22518,7397,6909,7494,6050,507,495,10983,25580,7220,19303,7370,6502,6033,4773,5208,5970,8122,5814,9549,6042,6980,5758,5165,6327,11635,17375,7578,6000,5354,5554,4523,7558,6598,18055,9149,7250,5594,5027,8971,7921,6844,8597,9846,6195,5189,5882,13833,8754,6121,12217,10494,7512,6136,7030,6324,7276,6017,10026,9329,6157,5759,6408,10531,
246,11513,6903,6276,7211,5831,485,475,7458,13047,6178,10349,6545,6175,5857,4495,4995,5735,6320,5376,7230,5570,6897,5636,4999,6171,7862,9424,6675,5835,5180,5406,4432,6704,6140,10153,6860,7175,5178,4891,6203,6734,5821,7211,7183,5914,5031,5758,8837,8291,5821,7930,9459,7359,5851,6602,5442,6807,5854,7754,7319,6086,5591,6259,6564,
247,7958,6708,5960,7045,5670,483,475,6301,8901,5670,7559,6385,6032,5634,4272,4893,5648,5925,5237,6697,5367,6523,5307,4922,5831,6816,7699,6386,5598,4901,5149,4257,6581,5842,7806,6285,6792,5182,4601,5304,6481,5659,6912,6683,5765,4942,5606,6920,7943,5556,6828,9216,7212,5571,6443,5189,6530,5813,7152,6789,5862,5394,5975,5480,
248,6931,6424,5748,6692,5320,503,492,5768,7407,5547,6812,5964,5723,5600,4151,4628,5568,5672,4959,6464,5156,6316,5099,4832,5703,6493,6894,6143,5323,4842,5044,4021,6244,5679,6923,5984,6446,4891,4543,4812,6191,5481,6628,6288,5486,4672,5373,6087,7649,5399,6462,8699,6798,5508,6326,4821,6317,5503,6993,6531,5591,5317,5922,5123,
249,6445,6161,5514,6652,5273,442,436,5313,6917,5506,6391,5772,5615,5208,3860,4466,5413,5545,4983,6264,5076,6155,4993,4470,5624,6279,6585,5810,5257,4671,4867,3853,6311,5506,6641,5781,6333,4765,4412,4827,6072,5314,6550,6126,5358,4503,5157,5622,7487,5317,6044,8531,6738,5481,5999,4709,6027,5369,6600,6263,5389,5138,5468,4804,
250,6368,5988,5344,6321,5100,455,449,5275,6527,5182,5921,5581,5448,5104,3919,4379,5056,5230,4678,5892,4891,5954,4926,4425,5470,6068,6094,5684,4965,4623,4585,3811,5772,5444,6459,5665,6086,4594,4204,4376,5960,5198,6201,5760,4939,4337,4983,5392,7146,5036,6029,8147,6616,5051,5802,4579,5820,5099,6523,5911,5252,4935,5464,4555,
251,6082,5708,5262,6150,4932,442,436,5061,6414,5120,5757,5590,5279,4946,3773,4189,4955,5200,4600,5816,4746,5562,4650,4226,5183,5870,6058,5584,4758,4326,4373,3531,5772,5142,6126,5443,5818,4428,4176,4366,5676,5039,6135,5771,5042,4087,4874,5272,7090,5013,5767,8003,6494,4986,5558,4515,5855,4984,6279,5843,5097,4786,5160,4356,
252,6070,5536,5056,5851,4714,423,417,4860,5948,4895,5720,5309,4974,4727,3634,4020,4711,5078,4463,5518,4606,5443,4379,3945,5124,5724,5757,5237,4606,4120,4321,3501,5643,5043,5931,5280,5601,4310,4020,4326,5594,4870,5832,5451,4743,3983,4564,5130,6882,4705,5526,7622,6345,4824,5384,4360,5621,4880,6035,5610,4873,4589,5107,4340,
253,5699,5240,4901,5720,4551,403,397,4799,5684,4795,5490,4935,4753,4583,3365,3841,4486,4821,4387,5427,4379,5182,4249,3878,4926,5513,5649,5006,4428,4027,4122,3349,5457,4833,5724,5112,5391,4004,3776,4268,5221,4569,5556,5205,4596,3881,4457,4912,6359,4579,5352,7625,6123,4568,5327,4208,5414,4595,5898,5499,4681,4509,5037,4094,
254,5525,5177,4707,5418,4352,431,424,4578,5612,4600,5358,4807,4512,4447,3286,3624,4299,4697,4184,5222,4151,5008,3932,3646,4723,5386,5578,4788,4280,3831,3857,3218,5173,4578,5605,4885,5246,3757,3488,4125,5077,4497,5391,5069,4329,3639,4245,4892,6104,4429,5164,7154,5852,4365,5033,3982,5040,4553,5613,5185,4630,4164,4643,3964,
255,5374,4875,4514,5309,4166,382,375,4520,5596,4419,5133,4668,4263,4130,3042,3467,4087,4427,3928,5131,4106,4842,3855,3430,4522,5127,5465,4628,4008,3518,3626,2965,4911,4536,5416,4783,4970,3591,3330,3951,4909,4445,5154,4872,4124,3407,4285,4788,5936,4177,5217,6949,5600,4135,4677,3932,4949,4267,5497,5189,4333,4077,4663,4100,
256,5424,4863,4338,5236,3823,407,399,4327,5444,4333,5096,4749,3997,3927,2737,3195,4066,4313,3855,4811,3762,4393,3608,3332,4304,4932,5219,4409,3663,3375,3260,2743,4810,4264,5219,4574,4427,3219,3197,3746,4741,4360,5143,4747,3784,3038,3939,4382,5788,4148,4894,6963,5327,4035,4356,3817,4947,4162,5170,4992,4056,3714,4203,3713,
257,5172,4598,4282,4927,3665,386,381,4109,5176,4111,4785,4468,3690,3718,2685,3056,3830,4324,3639,4655,3539,4232,3497,3019,4152,4933,5104,4315,3389,3064,3092,2508,4605,4342,5099,4511,4319,3106,2839,3667,4631,4129,4966,4511,3732,2867,3656,4340,5294,4072,4618,6608,5168,3659,4192,3510,4730,3939,4982,4830,3759,3572,3979,3707,
258,4761,4500,3922,4655,3349,395,393,3977,5067,3885,4596,4221,3474,3486,2481,2926,3622,4024,3491,4578,3314,3971,3246,2999,3821,4669,4704,4127,3236,2902,2818,2365,4356,4000,4794,4395,3962,2869,2691,3581,4405,3983,4664,4361,3380,2609,3447,4275,5141,3801,4637,6416,4788,3596,3988,3478,4534,3656,4786,4519,3559,3329,3858,3410,
259,4590,4371,3880,4317,3176,372,370,3923,4722,3762,4372,4057,3257,3351,2268,2714,3346,3886,3400,4260,3246,3633,3023,2710,3726,4462,4679,3999,2928,2680,2632,2196,4214,3759,4689,4163,3669,2617,2540,3460,4143,3772,4526,4145,3210,2502,3383,3934,5022,3595,4313,6139,4532,3402,3677,3322,4295,3490,4750,4416,3368,3203,3545,3319,
260,4517,4038,3696,4211,2995,377,375,3714,4605,3667,4164,3946,3029,3049,1996,2574,3178,3645,3203,4182,3068,3634,2855,2610,3439,4277,4409,3758,2685,2442,2407,1994,3936,3706,4541,3942,3543,2373,2317,3224,3960,3481,4238,3961,2982,2249,3094,3845,4534,3377,4148,5885,4481,3206,3466,3205,4202,3370,4458,4171,3176,3009,3361,3327,
261,4323,3764,3513,4043,2745,374,371,3546,4422,3464,4002,3712,2739,2816,1839,2184,2964,3578,2996,3985,2894,3185,2650,2273,3478,4044,4259,3673,2444,2141,2104,1719,3811,3448,4233,3736,3276,2167,1988,3094,3723,3387,4058,3748,2700,1836,2985,3579,4326,3296,4091,5536,4291,3002,3284,3109,3971,3115,4173,4064,2938,2932,3144,3125,
262,4215,3505,3260,3760,2511,372,368,3438,4230,3300,4001,3496,2505,2753,1551,2069,2709,3436,2838,3761,2599,2908,2356,2094,3104,3799,4145,3473,2050,1937,1830,1454,3566,3208,3969,3565,2895,1714,1673,2977,3595,3193,3866,3602,2464,1465,2692,3428,4087,3073,3829,5195,3988,2740,2913,2904,3757,2898,3925,3695,2571,2623,2903,3005,
263,3881,3330,3082,3609,2199,350,344,3336,4111,3137,3743,3255,2064,2360,1279,1919,2474,3256,2522,3509,2465,2844,2154,1814,2949,3678,3855,3365,1868,1672,1513,1119,3355,3168,3952,3408,2645,1449,1392,2882,3463,3047,3763,3302,2178,1197,2555,3299,3683,2784,3568,4877,3620,2554,2661,2771,3452,2596,3675,3569,2530,2466,2586,2893,
264,3734,3134,2911,3283,1925,365,358,3175,3814,2914,3433,2994,1732,2098,959,1577,2171,2991,2363,3271,2194,2447,1868,1551,2700,3500,3728,3079,1389,1326,1159,842,3130,2888,3694,3159,2253,1043,1053,2697,3150,2850,3519,3184,1867,806,2281,3182,3501,2629,3524,4620,3364,2269,2323,2639,3196,2448,3491,3420,2115,2275,2327,2701,
265,3528,2903,2654,3105,1507,361,359,2907,3602,2721,3297,2895,1292,1899,712,1299,1914,2872,2206,3113,2027,2126,1531,1279,2606,3179,3453,2836,1061,982,863,701,2831,2718,3585,3027,1842,738,833,2635,2931,2639,3098,2958,1520,622,2054,3080,2964,2399,3197,4466,3113,1895,2036,2424,3032,2290,3329,3228,1776,1992,2018,2563,
266,3408,2682,2439,2716,1020,343,333,2822,3434,2441,3129,2658,860,1408,596,925,1614,2638,1998,2879,1756,1745,1148,963,2273,3140,3290,2644,691,708,673,538,2574,2536,3343,2790,1315,563,573,2489,2742,2437,3086,2648,1070,542,1695,2920,2538,2084,3126,4006,2605,1547,1588,2305,2795,1803,3020,3037,1425,1606,1594,2443,
267,3103,2453,2232,2422,752,324,318,2616,3157,2341,2959,2447,653,1046,502,688,1258,2455,1831,2630,1398,1234,817,728,2028,2844,3116,2511,618,617,568,511,2264,2336,3103,2504,1012,527,541,2303,2498,2225,2740,2516,777,523,1342,2718,1977,1868,2812,3762,2248,1163,1165,2095,2461,1566,2862,2821,1077,1309,1183,2286,
268,2839,2009,1933,1991,585,340,334,2385,2941,2027,2802,2212,653,817,485,553,851,2190,1389,2382,1090,946,690,562,1680,2598,2815,2171,534,507,551,467,1999,1892,2764,2288,757,468,508,2123,2098,2128,2445,2284,632,548,1084,2546,1390,1558,2610,3381,1676,839,859,2017,2170,1120,2572,2535,774,1020,881,2079,
269,2691,1611,1683,1615,572,309,304,2255,2750,1793,2533,1807,634,644,477,559,627,1964,1062,2125,813,699,588,545,1373,2387,2678,1946,535,538,492,495,1640,1641,2595,2114,641,470,500,1954,1867,1746,2204,2066,563,478,765,2261,1029,1268,2348,2899,1149,683,726,1736,1761,781,2181,2225,660,708,686,1968,
270,2326,1172,1312,1164,578,376,368,2075,2570,1439,2294,1481,587,518,463,513,526,1650,790,1790,633,593,512,498,1005,2057,2363,1618,554,474,523,440,1223,1254,2317,1715,591,424,525,1788,1451,1442,1797,1775,521,491,589,2161,773,882,2061,2207,848,605,671,1485,1211,597,1879,1875,587,563,541,1764,
271,2166,857,1001,869,534,331,326,1869,2280,1057,2001,1118,607,544,456,449,545,1366,614,1508,505,581,540,515,727,1870,2151,1244,504,530,521,445,963,897,2027,1418,583,429,478,1577,1068,1159,1439,1372,544,474,526,1905,678,670,1793,1608,778,552,558,1295,847,517,1456,1597,542,509,545,1528,
272,1814,630,710,716,529,329,324,1585,1972,750,1624,771,553,542,445,457,481,971,543,1034,513,551,468,526,624,1444,1707,897,518,484,484,428,675,670,1661,1044,539,436,470,1262,802,756,956,967,506,442,477,1598,695,602,1453,1098,763,522,596,942,640,519,984,1064,559,446,492,1285,
273,1472,571,597,592,482,277,270,1156,1676,541,1417,618,560,504,377,453,482,773,480,765,515,508,498,480,495,1047,1401,731,508,468,463,431,587,526,1289,771,514,407,452,980,666,603,732,766,500,463,454,1306,640,516,1031,831,716,559,562,727,598,504,749,845,502,467,552,1035,
274,981,556,533,613,438,309,306,894,1285,531,951,579,542,519,420,466,478,542,469,597,520,536,475,423,510,780,943,590,465,464,492,426,510,553,927,617,509,403,491,715,602,547,628,534,433,453,463,1013,660,508,802,812,699,532,571,586,598,488,570,667,518,436,486,771,
275,754,586,485,563,478,322,320,729,978,498,733,553,562,492,410,443,445,515,495,589,532,508,465,441,511,633,737,539,511,470,465,413,556,522,698,614,492,390,436,609,569,486,573,506,470,416,425,710,594,470,613,786,719,508,564,497,581,448,534,529,472,439,494,651,
276,602,515,540,588,489,320,316,603,709,451,647,537,482,464,391,424,434,477,451,583,497,489,484,432,429,592,635,567,465,455,471,421,544,465,545,479,487,356,434,552,482,479,563,446,482,439,440,658,551,516,568,725,636,506,538,449,539,456,553,514,486,454,511,522,
277,531,511,546,565,456,301,299,514,566,462,538,520,494,465,358,432,440,463,454,488,451,473,428,431,491,547,556,532,459,403,432,403,493,476,554,487,499,394,437,474,488,486,526,429,486,378,435,550,574,476,560,748,665,471,498,468,497,448,530,529,477,434,484,512,
278,503,502,496,583,435,295,293,512,504,445,529,499,514,485,388,439,438,448,429,530,442,454,481,396,489,527,597,549,403,429,460,395,522,500,543,478,435,348,452,489,527,462,496,405,465,409,435,479,546,473,566,737,669,502,524,462,487,434,521,481,512,427,412,484,
279,521,482,485,515,387,265,256,482,491,454,491,532,516,417,409,412,435,465,448,500,404,477,440,394,430,555,564,520,430,412,436,392,473,463,534,479,416,333,391,427,516,472,482,418,422,377,472,461,571,473,523,671,647,515,487,459,514,427,510,488,415,412,429,507,
280,519,478,469,533,445,297,289,438,502,428,495,463,470,440,373,434,420,436,425,513,482,426,416,422,444,532,556,491,420,386,378,362,490,415,512,505,450,340,394,481,476,441,493,388,407,357,438,477,536,436,517,683,612,484,498,435,501,469,489,502,475,387,409,450,
281,515,511,441,505,397,316,313,485,457,430,471,498,473,443,366,390,421,420,407,468,412,423,419,396,485,497,533,464,402,401,370,358,496,483,464,451,407,332,400,467,503,417,549,370,364,338,378,459,493,438,550,657,604,467,492,448,489,448,472,471,403,413,423,440,
282,488,493,460,511,388,250,247,439,481,403,436,463,463,404,354,396,414,484,381,451,436,414,419,398,412,514,533,481,402,394,397,356,482,438,498,427,423,302,399,424,520,439,469,389,411,370,382,418,505,403,488,642,584,444,456,431,471,363,452,446,448,350,415,445,
283,459,440,435,476,385,296,290,475,422,409,476,446,446,364,351,422,384,394,368,466,404,388,417,378,424,499,530,435,384,349,354,325,448,447,454,462,405,300,327,425,480,403,467,375,404,325,406,456,468,445,465,648,563,462,494,478,428,405,448,466,398,351,387,430,
284,467,406,412,533,386,284,279,383,469,383,472,426,408,399,317,371,398,410,417,435,389,410,405,389,418,492,463,460,387,398,409,345,469,420,478,409,361,290,355,446,406,439,458,378,392,309,390,447,502,389,492,645,559,428,418,440,505,375,473,465,435,378,409,432,
285,483,435,474,493,390,307,306,416,463,425,445,445,403,369,344,349,372,378,349,427,373,408,395,319,404,469,481,428,359,350,347,317,421,415,413,470,386,321,345,384,452,396,410,348,352,349,351,445,485,395,445,558,538,362,455,418,426,357,418,442,384,336,373,432,
286,473,450,394,506,388,281,276,419,449,390,445,425,411,361,326,371,372,393,355,409,361,350,366,367,428,463,453,448,386,369,351,316,395,395,416,450,350,288,337,437,428,365,439,364,358,297,338,465,429,380,460,596,541,428,413,434,404,375,438,420,403,337,391,449,
287,439,389,447,452,352,260,258,398,407,367,441,414,384,380,258,341,336,399,381,437,358,366,354,311,411,435,457,390,301,340,358,286,402,373,406,427,303,273,357,405,408,407,446,355,394,302,356,380,425,402,462,580,552,390,423,392,411,352,409,413,367,337,363,424,
288,431,399,382,452,328,241,240,427,403,361,355,387,388,348,292,314,334,378,383,409,345,304,344,298,372,405,506,426,322,291,326,315,407,420,415,354,319,262,338,379,395,384,414,328,312,282,309,387,393,370,416,559,512,364,369,392,407,315,371,415,364,347,331,390,
289,407,416,385,484,317,255,249,417,381,375,376,402,358,378,313,325,358,377,335,381,355,335,333,321,374,455,426,406,317,310,336,329,359,357,393,332,309,221,326,376,427,365,379,312,311,268,349,408,409,378,426,549,462,381,394,371,414,335,404,428,356,297,313,369,
290,411,394,393,398,322,264,259,417,403,371,405,378,349,364,286,320,332,372,328,375,341,318,335,307,353,423,451,425,297,302,281,278,376,367,383,376,297,213,284,401,351,329,395,310,300,257,351,382,351,362,405,497,479,345,336,361,368,316,381,391,327,300,302,399,
291,398,359,367,353,269,264,263,398,375,340,360,354,349,308,304,279,277,340,346,391,324,293,359,289,355,443,422,365,257,307,281,259,365,338,375,376,297,219,311,373,370,346,349,278,284,261,296,388,381,333,397,520,487,321,362,380,359,304,338,354,302,306,264,375,
292,341,349,344,381,285,240,239,359,402,327,368,377,340,323,276,281,315,365,303,371,297,315,298,263,332,372,394,376,301,282,310,263,343,321,393,357,283,219,287,378,332,342,375,301,291,239,291,355,340,313,379,456,447,324,343,378,365,278,361,353,283,330,282,359,
293,374,363,348,406,287,252,249,347,365,309,341,353,308,323,246,311,287,375,251,366,315,315,259,288,318,333,437,332,293,259,273,247,293,279,362,356,260,199,282,391,358,330,368,301,263,258,272,309,326,336,398,497,454,301,356,354,335,296,341,364,292,253,289,389,
294,314,311,319,364,261,240,239,382,339,326,322,338,318,284,258,262,277,291,299,331,298,250,289,263,335,333,392,339,262,270,276,253,307,295,327,343,262,196,258,335,340,355,343,276,253,239,273,325,329,298,347,427,379,321,266,345,312,293,320,340,286,290,267,373,
295,376,347,370,330,252,218,217,363,350,311,346,306,311,288,236,248,253,308,291,326,268,246,247,238,303,337,355,366,267,285,264,226,332,287,325,327,238,190,258,352,326,294,300,240,269,244,252,351,296,294,376,398,386,299,314,314,291,261,280,339,298,249,264,376,
296,359,287,321,358,244,242,239,325,321,283,311,312,298,269,216,286,248,285,272,324,265,273,251,269,295,413,394,360,227,225,261,235,316,300,326,328,249,199,242,326,281,311,312,241,271,246,242,302,261,296,355,421,352,287,312,326,294,274,328,332,283,249,241,347,
297,355,272,313,329,257,213,208,325,312,281,333,308,303,246,255,236,263,295,263,315,267,230,261,250,289,357,344,328,252,254,269,243,305,280,308,310,208,207,269,315,303,277,305,241,250,230,243,363,285,291,345,356,300,287,287,323,298,252,286,316,264,250,248,340,
298,293,289,304,315,242,241,239,327,339,272,302,282,310,252,243,254,256,271,233,329,247,279,254,241,286,327,337,329,267,286,254,254,269,290,293,237,224,193,276,322,305,263,284,248,240,255,226,315,255,257,324,361,353,324,286,304,268,223,256,277,270,234,251,330,
299,314,248,275,275,245,228,224,313,273,267,303,299,288,290,208,227,238,275,267,274,268,217,284,256,263,314,356,284,263,222,274,238,314,277,275,278,213,205,249,331,292,273,272,196,255,244,245,318,252,280,315,272,309,283,293,309,226,236,274,310,233,226,198,320,
