165,559062,556281,562912,669525,1940505,392910,599768,4364899,770405,472092,627887,502293,1898727,1980570,816060,1347094,537693,520727,517489,559225,1942122,1526480,2284855,1476666,601430,738018,607079,693162,1702021,1093693,1491593,1259310,526696,583036,644009,511982,2032360,1071604,830327,3079128,586507,595827,583470,660871,1518282,1582441,1744799,4043007,690577,485816,616657,591627,1913554,1367392,1045496,4097617,476023,496527,532739,579315,1764491,1531850,2034186,2423737,
166,625677,627352,638600,774063,3545758,674775,1017848,5749644,1015040,526098,731700,561738,3613114,3696648,1419062,2583297,601138,579684,586372,619360,3312212,2754568,3782843,2717197,675434,952693,682348,877737,3138036,2045446,2782799,2412977,591132,673182,746043,570277,3472327,1963833,1443753,3807763,659289,713999,649952,754622,2817704,2954227,3044161,4718164,784571,543274,739195,660694,3423969,2574637,1738565,4961885,529764,556995,594501,666842,3203683,2782777,3479932,3638078,
167,712039,701843,747619,951447,5189366,1106330,1509505,5991655,1432162,585693,904199,629463,5593075,5615192,2664091,4295588,669382,652226,673529,688717,4442022,4236826,4840305,3939943,780085,1355649,794039,1212075,4564985,3406963,4202825,3702894,658601,824354,911087,640122,4747553,3314700,2581252,4024377,763255,925393,735590,899608,4238902,4296927,4353972,4861689,908481,609334,951037,735918,4960336,4063237,3092191,5112960,589839,623262,655421,815431,4610320,4248403,4675310,4354997,
168,880190,839028,991966,1388582,6522433,1616681,1995131,5250304,2304775,691679,1283777,755142,7358073,7064742,4373598,6039040,788023,796838,881771,811578,5028753,5294551,5319965,4632471,1006458,2269295,1047577,1976519,5405258,4537104,5133654,4563082,766634,1193037,1291533,774822,5375585,4477287,3809333,4074104,988947,1415620,900588,1220977,5127817,4950999,5113013,4854668,1189706,735421,1394567,855943,6181174,5322220,4807493,4766828,704284,753077,756484,1154335,5590059,5353128,5313681,4636971,
169,1237060,1182610,1540060,2345437,6353816,2088189,2520998,4937566,3620922,927013,2069688,1056838,7227533,6570479,5940134,6499137,1047600,1135927,1401518,1090118,5159505,5699304,5370393,4826697,1556298,3794991,1649947,3347646,5530835,5039885,5394595,4833424,1012154,2021034,2119919,1079496,5508222,5012857,4537686,4099245,1518502,2428172,1288119,1945549,5346277,5115437,5285182,4867665,1847898,1024690,2274005,1109627,6290574,6051115,6297504,4655042,940441,1074301,962029,1878780,5708796,5796880,5302928,4617933,
170,2220455,2273722,2899014,4092729,5572047,2680622,3545913,4962168,4912569,1670299,3627310,1988888,6185152,5639019,5852436,5587208,1958520,2153438,2829234,1980882,5129404,5702188,5394545,4865450,3059223,5903468,3202096,5047537,5459955,5004165,5335897,4784577,1824083,3627911,3786259,2020744,5554368,5132402,4783539,4147918,2907884,4178236,2449432,3647018,5287228,5107716,5268852,4932406,3461443,1892804,3814957,1884570,5643144,5635779,6866050,4710985,1629512,2047208,1600058,3327547,5375270,5608738,5201567,4595464,
171,3590046,3780408,4300009,5288795,5483003,3809176,5963493,5182064,5373732,2864507,4814353,3299787,6010260,5544637,5105520,5291481,3587545,3714856,4585616,3478855,5179645,5737400,5497326,4965366,5004152,7255014,4952669,6655423,5554213,5001612,5383695,4845002,3167660,4905810,5166437,3423788,5695133,5222125,4898293,4252847,4478185,5576752,4091288,5389855,5330017,5254341,5334330,5068559,4987312,3135205,4837363,3207897,5522787,5307710,6314100,4889691,2715667,3346822,2696069,4427087,5377836,5546442,5295312,4669394,
172,4976696,5261641,5297876,5716305,5820459,6511701,10769772,5558191,5489211,4246273,5468560,4568540,6375601,5924242,5037910,5510764,6007059,5763680,6267033,5618336,5314248,5894080,5645128,5137644,7092982,6701363,6751177,6506733,5795719,5152790,5561366,5020086,4797079,5627867,6184042,5050735,5968771,5436828,5135881,4457712,5982744,6287689,6049995,7081392,5485213,5565741,5533505,5306657,5891514,4390033,5205208,4857295,5724265,5438477,6143226,5057279,3991386,4518038,4167678,4948612,5573477,5677045,5520662,4770607,
173,5560601,5732335,5397574,5614062,6873099,12892411,18495103,6654997,5531339,4898833,5515896,5035105,7634296,7241171,5929691,6520756,7335409,6629603,6096977,7026956,5819988,6486508,6288491,5833129,7162274,5912735,6840471,5746101,6682373,5788435,6207615,5702760,5608221,5476118,6053144,5943071,6982862,6370267,6084302,5388263,6219693,5747398,7005794,7129384,6161553,6694835,6373925,6282404,6046968,4884072,5147779,5712681,6392437,5998712,6616340,5766244,4616894,4934757,5034201,5014702,6179918,6159771,6287204,5240336,
174,5502988,5598668,5294084,5663361,54980221,58590828,64305138,65238748,5646579,5011277,5496445,5038280,63566677,64921277,84149539,54516192,6604649,5828582,5301920,6511784,45956560,49056424,57365307,63685681,6155509,5722920,5911573,5516975,48184932,42562417,45542704,51731027,5673612,5405604,5720791,5614246,77959840,68664290,71771200,77390159,5687357,5433904,6326565,6243390,53082276,70776704,67144690,73682681,6150459,4924067,5158730,5825108,49458925,42552200,46674974,57821066,4865061,5135891,5387586,5095374,49326723,45154460,59411445,56094669,
175,5521362,5742158,5462053,6038542,182922333,162456633,167694126,210419375,5945325,5093622,5698276,5112544,212897445,211524641,242349099,192316423,6089459,5437495,5238762,5972765,166842056,173057290,200005672,221037683,5958103,6015330,5770609,5740675,187516605,154578780,161893543,183488212,5811042,5675552,5875864,5458279,213119749,209720566,219103339,231748192,5748423,5616265,6045832,6165998,194635575,243305174,178586457,233731048,6523856,5035153,5360327,5786075,170361595,144533372,154920318,201229553,5050490,5412331,5502203,5335990,174542560,158797654,192749408,191586703,
176,6004518,6618487,6228410,7225015,205219984,255192823,234045281,280533335,6878124,5595920,6409689,5712908,272451919,281881082,256476926,263347649,6375699,5684950,5739548,6023466,226782913,239762108,226952178,273930855,6429169,6720281,6145513,6339076,223876601,161888639,190709088,135326808,6465696,6473269,6428056,5702503,183190797,174086748,158115877,189417456,6193042,6158454,6288533,6552756,211106937,197447170,193043001,200554997,7779095,5714751,6175041,6077580,254831116,214708285,218398049,269478803,5524112,6415258,6086010,6240582,237461444,224279526,248574862,231395297,
177,8152437,9506351,8797654,10485920,188048504,283987293,298730666,348057513,9981537,7861610,6763319,8137980,317834943,337251161,293194666,304707105,8350268,7239436,7592542,7079541,223172024,270580223,223910219,283708922,7963930,8581214,7524578,8270757,246171794,207416050,187881723,198340173,8976891,9120484,8663698,7225740,165490523,160512792,164773821,167684291,7905287,8117719,7922246,8284346,218098728,172792238,171711829,176809417,11289569,8280846,8926698,8473220,309655951,254738986,265654686,310499639,7935872,9326074,8486543,9231438,279652439,256753980,274422425,283879300,
178,49267964,53179867,52040597,55972563,351989729,316186127,345918011,389347088,73101812,49446334,48887233,50902044,386799518,384075405,344656160,352997416,64154611,73212591,65233576,47802836,216041918,233052241,258807121,295298475,60034515,62629062,50754167,64059592,224630971,201438417,184025973,208869035,64248234,57609489,53968382,45602043,141023378,156528262,159332172,161147476,48126305,52283991,59530696,61909530,204751258,165506158,164976880,169004179,81185263,58774110,56914706,47469373,354060898,299546187,295064692,337419150,68986245,77252720,56483033,111003414,302780230,258561750,279982407,288561848,
179,140979173,162580729,160081253,169987533,369473999,332096610,371952454,430494971,210806696,165909581,142699273,159182202,434311281,442772625,394536091,388141556,235956488,229955102,206270614,155313137,206944512,232568928,216898462,292406479,188977035,194746359,154947728,187571047,224190018,191199693,283887197,194689943,192763098,179747959,173420267,145929463,159920556,157689705,150187003,163201212,152280244,161784441,161779057,187213329,188272026,165764369,165191525,168225506,233269351,186814467,178199026,150577659,380579825,313097086,318497284,356263354,223132856,223118948,186455618,230168779,318713643,290937084,242519878,263770521,
180,174997219,181842450,178191593,178070713,387733764,342085341,395048987,400595710,209652642,190314086,176595957,173495661,506459301,485067084,457406964,294766914,272802299,257563322,242422173,183343449,208576147,227844285,180330274,291086469,231904576,235750974,196780931,221698727,211249329,196111946,179025096,218452881,211984081,208442655,229886379,194064624,159213957,157176389,160104415,162733822,194679630,207866260,209785815,221879962,189698058,160242794,163276817,166121369,195039933,179942855,178461367,175200929,393903246,326788050,315385132,358431586,197246189,194569662,215844081,232432182,324476238,278276548,253337149,293807810,
181,172305045,181915739,173252953,170056552,407702952,353793025,423318388,468827510,203936390,198966606,165671552,172787545,507436900,522047116,506504581,485284113,289707213,282912359,272553526,220908623,192258285,205352459,216404864,284487827,273518332,272964212,243007804,259647544,180821563,180864212,172137356,182977171,234223246,226969486,277610467,232927014,155497442,154852206,155600794,157674768,237659526,241015743,249749968,263912556,176224424,161056027,159604334,157366395,176938000,166523665,172033405,180191988,394158675,340753843,317995795,377272291,181831266,181658194,173042258,174612630,325176576,300446973,220574117,254442235,
182,188260716,181412790,201168261,168142382,421050487,370465607,441853691,474273842,216913526,256460537,163572252,177030634,530533575,547224025,539731837,510214288,319627079,323258904,317940089,271989086,181787396,195955468,196931783,273011454,326317752,335634369,290172148,315175245,177903442,177348932,164976626,175018756,270485868,239477231,331999149,273003537,154560829,153440054,151027754,154405700,273121067,276434988,293297176,294775385,178400338,159275553,159007500,259155044,166078888,163081577,166350265,188140142,389265164,352592182,317141235,360914055,163749274,166312607,163609754,162286469,319960949,294457884,263256213,247962646,
183,194469004,188029693,175440861,195292935,430072031,390104034,463532990,481289173,221134872,203161045,183995117,180933554,471618951,561895525,557990992,545869039,353525917,360677933,357651220,305035967,178650595,191009582,228293508,260741914,367592271,376983182,315976838,352244986,176929346,173858406,161273110,174551653,254567581,263851167,348175667,296636311,155398675,153423610,154590439,155426909,297691924,305484776,330715392,316356726,163530764,160079382,155709906,157604213,162335699,159697247,164380872,185422199,405157790,368695383,313640798,358671635,162899910,161141607,159546991,265948715,297061970,262875070,255256791,244060973,
184,220313895,187630770,174963796,179830277,434416185,415388210,463775220,485456091,217566646,258845446,173292391,182772404,546423719,569985183,570224933,565441877,390034005,395297068,332326733,342077448,171534294,187700784,189252621,249653832,405166463,399088093,330299303,336659093,169794053,169233237,158752206,169029805,305543339,264996176,391213169,317849417,153759305,152775113,154259260,154576109,310977161,311095933,350545142,195399888,163775792,160062840,162478145,156764489,160211194,159450730,162960232,187978610,377778118,361420363,331915631,353237075,157069753,156865050,158853782,160029918,302822928,278828798,257446101,243526958,
185,298037652,191800994,176091784,179921282,460948397,442983660,464488872,480483377,210197372,187195749,175712630,172703478,544101953,567068351,570099785,570782194,423891664,420923370,431093199,373829661,169529112,185966205,185745145,247871454,432388943,411543132,339998431,344352906,169072038,166074100,156934986,166607220,307122584,265529508,398424586,323129376,152823889,152143919,153148481,153524257,316603742,320012040,358206150,338156630,159062761,160847070,154513673,155961461,158519906,158143682,161698432,181013166,389504216,369108917,373552010,363863124,161899996,155075439,157694911,158803114,302224151,279872840,241942455,248622054,
186,190310589,192391804,170108455,175605071,484884695,457786586,458319229,465067352,205441035,158464762,194650543,170099049,521846449,535340109,544543317,562803308,452491087,439468108,459687594,408942684,157600976,178333326,173796118,230264265,459361578,436232453,353644235,353889933,165382692,162896762,154841334,165086531,303050743,269780746,381638059,356915329,150757645,149921668,150715177,151279994,319050202,320923002,363911351,346450571,155768778,159294729,152709910,153269280,156071749,157271066,159773877,174283259,400183633,374499578,351782699,374934051,165860517,157273967,155652279,157389012,303343478,268363927,251677438,243967385,
187,187456160,190714555,195910669,172295507,427605693,397685015,376197963,393315328,201888929,199546824,175930701,163294020,438576826,439671650,452063505,473691763,584257928,453157963,475247545,430885974,137360268,147550772,143702857,182091270,476767458,455525483,366588252,366509777,140510849,139222452,134093419,142078000,287362028,270397239,391945161,325754754,127303415,129267714,129910168,132024608,316426755,321518986,356862804,347909351,139151117,138441836,131640022,132096088,154669019,154943888,158449458,172314144,357382409,337008395,295382095,338287090,144629840,154764091,154476272,153599674,264326244,236480026,212074613,205520379,
188,194307466,193213747,168822153,161695773,224463774,207549613,197683840,202428117,193940256,182981684,164590626,162679603,218907123,220723766,226759851,237451373,504666225,434456731,485463616,446833234,72527342,75613186,74662423,90276321,476430653,466087489,392609849,378223394,86058322,70764836,71339429,75038184,320373489,252349380,395945663,270624139,69640811,68789873,69005057,68576190,318187303,323147002,361578943,359368314,73113244,74041840,70442682,70218573,154361650,155070660,157529281,168657871,193245546,175555792,162406179,183181929,153512372,152905692,153674115,152952737,136302084,119014871,107154208,103586930,
189,182570172,188688655,165579916,162693670,35377740,38406533,37763474,32576154,187341331,169454706,160720944,159280790,35325611,35177192,35433096,37373683,465982529,455210843,469467114,442070560,14786472,15458745,15147254,16356923,466089283,449484172,403138802,393922710,15443939,14663763,14735585,14689934,298422785,243367508,413233459,314995496,14687077,14324304,14065573,13456346,312647262,321195425,352691813,366003114,14985411,15094179,14557863,14161745,150302633,149801498,153316540,163223388,31371122,30214115,29146821,29781159,149793085,147291642,149722116,150461805,24303271,21902741,16666172,18196892,
190,141212615,146101804,127647754,125522898,5681318,12056146,11961270,5333583,145131460,124771824,159276000,122307975,6172233,5734437,5120308,5594598,366003805,354426163,357511403,342585416,5462675,5835074,5550395,5025633,358305500,346188871,323577891,308061026,5604110,5100252,5477132,4896949,213964226,178369447,270024872,237623847,5779998,5357458,5029323,4391242,253473859,257580523,280242506,288683053,5456676,5235496,5507131,5158112,116738331,116550329,118327703,125183842,5783518,5539581,6162397,5041709,118928110,115501774,116457400,117983725,5553034,5722442,5310621,4871693,
191,65614673,68148755,59922545,58807272,5064750,11454898,11371965,4771842,66174591,62448732,57728652,56998191,5584945,5137062,4516737,4964698,171817608,164017481,161396444,155833320,5247282,5615424,5335047,4788589,162216892,159270769,152865680,150334243,5380783,4878831,5273968,4687853,100514721,91475822,132882200,110622072,5573072,5135425,4798904,4168314,120945767,121840027,125494285,143881585,5247049,5014476,5285981,4938967,55844038,55035081,55896917,58906461,5263724,5013814,5683333,4558128,55086736,55452211,55458222,55239498,5139096,5366812,5007699,4587342,
192,9335643,9394566,8840249,9037273,5031355,11265233,11158370,4752663,9624592,8638719,8931305,8394724,5556608,5105927,4486759,4935427,16431330,15343693,14934230,15232499,5214524,5584690,5311498,4755452,15442337,15494323,15094344,14544104,5350337,4855795,5240117,4660416,11514306,10556437,13833432,12245155,5531106,5105387,4762351,4140716,13643858,13412637,14319845,15329652,5216956,4992501,5252901,4912970,9240670,8198812,8521338,9138841,5223249,4982329,5645718,4539590,8260160,8309578,8763322,8371380,5102332,5335411,4976833,4555615,
193,5951653,5966684,5745309,6008335,5020471,11150545,11034214,4741035,6123013,5447372,5959487,5451863,5549418,5101688,4478534,4926355,6974441,6409345,6237054,6742236,5206336,5572546,5296663,4745067,6780929,6869119,6742307,6699475,5343625,4846148,5231315,4648508,6287538,5733302,6728544,6117183,5519422,5105917,4751251,4138098,6573715,6456248,6748853,7125294,5199294,4977001,5247306,4900834,6444793,5359656,5657598,6247075,5215410,4972314,5639810,4529957,5463158,5495750,5919375,5538709,5093555,5317221,4964903,4545594,
194,5354334,5341571,5181232,5473875,5015172,11029900,10895804,4735576,5468994,4867147,5403245,4915007,5537920,5093519,4472261,4919017,5342572,4858479,4721961,5253447,5066074,5567049,5289467,4739468,5245702,5372227,5247201,5234754,5329699,4843922,5220781,4641533,5342874,5091716,5446393,4935659,5507324,5091639,4743850,4127806,5216044,5117850,5338638,5629636,5201220,4975559,5241096,4897312,5941809,4840050,5140701,5706746,5203341,4963713,5626578,4524543,4949211,4997344,5406784,5027363,5083199,5315173,4957371,4536450,
195,5303961,5290500,5143839,5428650,5007606,10886480,10700759,4728841,5413250,4813517,5354624,4874592,5532164,5089325,4463883,4908440,5246293,4757856,4633877,5171260,5056034,5550501,5276895,4727048,5158425,5287418,5163481,5156140,5315167,4823358,5207333,4628135,5280932,5040782,5365794,4860526,5498021,5084066,4737544,4125470,5129667,5033297,5259251,5539288,5188455,4975296,5218977,4888347,5895003,4809249,5103464,5662790,5202333,4953120,5616573,4519331,4914082,4964384,5370465,4993001,5077529,5300954,4951083,4534936,
196,5280202,5271664,5123122,5409281,4997933,10712050,10420536,4734460,5384250,4798213,5334468,4848853,5517414,5072911,4457686,4898182,5222211,4739526,4610002,5143495,5046159,5537823,5266779,4722254,5128214,5262343,5133129,5125907,5308940,4816375,5201380,4624891,5259314,5015486,5344387,4829095,5485896,5075147,4725612,4122995,5101195,5005033,5230786,5516341,5174855,4955882,5215318,4883330,5872517,4788608,5083865,5642906,5187497,4944151,5609835,4514858,4898128,4948079,5352503,4978205,5063940,5285963,4938928,4527343,
197,5270156,5265056,5110144,5399466,4990614,10402948,9809234,4725490,5370737,4778619,5319243,4850358,5512827,5067115,4455465,4895506,5204785,4730334,4602646,5131577,5036602,5537503,5259708,4715225,5123866,5249315,5129751,5115879,5302141,4808707,5197770,4618764,5252165,5007474,5334558,4821279,5476957,5071992,4721545,4119527,5088397,4997074,5225963,5496330,5180291,4948936,5205757,4879694,5862085,4780530,5070005,5634372,5178811,4939438,5598733,4509246,4891103,4938936,5350265,4971800,5058756,5289163,4930641,4527517,
198,5257485,5259233,5098360,5382751,4980924,9679527,8298944,4721162,5362844,4773320,5307608,4838944,5497098,5057491,4444722,4884444,5198183,4718054,4591585,5122586,5026952,5519344,5244244,4709309,5114751,5244431,5116743,5112910,5285800,4798338,5171598,4607260,5242352,4996450,5318906,4811894,5463519,5064752,4706760,4112045,5081223,4984661,5213374,5485301,5163842,4937299,5191769,4878072,5864561,4768686,5065881,5624754,5165866,4931709,5585563,4505571,4885137,4933089,5338943,4963292,5041377,5268987,4915156,4520469,
199,5250230,5244181,5089544,5378265,4970476,8196265,5886531,4716130,5352697,4805240,5296336,4831000,5486122,5050532,4430138,4876063,5195548,4704696,4581794,5108840,5016812,5511603,5237563,4694047,5099696,5236429,5101637,5098431,5281393,4788609,5164324,4594672,5231361,4985210,5304610,4801658,5455984,5041553,4692902,4112024,5069821,4975750,5199356,5475496,5156842,4926314,5179668,4875482,5861851,4764605,5056163,5608622,5154727,4918774,5571892,4492549,4872351,4924952,5334828,4949535,5042992,5261106,4909417,4519720,
200,5234830,5231224,5083931,5361138,4960444,5838857,3379723,4710576,5343005,4786573,5286578,4822174,5472972,5039209,4421236,4864979,5184292,4696837,4576563,5111449,5001233,5496276,5223005,4681488,5090484,5222659,5096079,5090562,5269422,4778352,5154421,4589895,5222630,4980585,5295055,4795234,5434576,5034741,4678620,4106062,5059239,4968466,5193034,5466354,5144849,4915750,5168916,4867798,5833225,4749032,5046894,5604243,5146684,4917040,5565616,4495556,4860198,4912236,5313020,4943177,5029293,5253059,4899662,4512657,
201,5220686,5224297,5071450,5350669,4950486,3480833,1846539,4703133,5330464,4774278,5272874,4813740,5457703,5023478,4404082,4853618,5169169,4691291,4573484,5096707,5000803,5485770,5207641,4675967,5075812,5214427,5088404,5077098,5253500,4769410,5143052,4577389,5217239,4966795,5286385,4787118,5417515,5019041,4669702,4101802,5044126,4957122,5180281,5453956,5120091,4898482,5152216,4858771,5818192,4745052,5039047,5590452,5136089,4908750,5558634,4488715,4855520,4906382,5308396,4935389,5023544,5242002,4884664,4504646,
202,5210092,5209015,5056149,5339934,4932758,1853232,1171092,4695464,5321256,4725191,5259539,4791905,5433145,5001923,4391383,4831587,5152844,4676276,4552107,5082995,4988658,5473511,5186094,4660863,5063999,5202910,5076686,5072556,5233485,4753194,5125669,4561575,5201738,4957988,5272233,4776118,5401956,5000576,4654172,4097522,5035350,4943581,5167141,5440279,5101863,4874507,5137676,4851586,5796661,4727553,5024964,5574137,5117041,4890187,5544757,4487642,4842937,4890911,5292576,4918413,5003326,5230329,4872395,4501482,
203,5197530,5201001,5048461,5328114,4915024,1212843,969314,4689472,5309315,4724202,5250850,4785532,5414621,4978358,4380433,4809116,5140222,4664828,4540988,5067210,4966023,5452797,5173508,4644428,5050915,5191772,5060602,5065513,5214722,4734128,5110409,4543450,5191608,4948554,5262194,4771662,5375582,4974503,4626837,4092236,5018257,4937312,5159537,5429216,5090183,4857824,5122287,4843881,5775709,4717970,5008044,5552971,5105807,4878241,5526715,4479325,4834379,4876443,5283409,4915726,4990632,5220350,4861285,4494752,
204,5181681,5193376,5033419,5312861,4889339,996060,901564,4679767,5299052,4725025,5234570,4785734,5389082,4961756,4363512,4788628,5132862,4655613,4532957,5058823,4950720,5431900,5153038,4626776,5037122,5183993,5050927,5051519,5190762,4723391,5085337,4526433,5185032,4937952,5251231,4750165,5359441,4949439,4608848,4083358,5012422,4930293,5154363,5409289,5065195,4839943,5107227,4832865,5763116,4705503,4998476,5549416,5085818,4860615,5511574,4473819,4822425,4865107,5263094,4897798,4975402,5205313,4842892,4491626,
205,5174278,5176024,5021719,5301778,4862600,906668,862644,4663993,5286333,4706946,5224697,4770047,5363590,4938593,4337717,4777452,5115749,4645543,4519353,5045729,4927064,5408841,5123288,4610176,5027207,5170180,5039706,5036792,5164965,4696473,5051692,4503741,5163847,4930890,5246279,4752315,5325425,4928372,4585286,4066339,4999764,4925277,5140695,5408867,5061148,4813131,5078466,4820249,5758848,4693442,4984897,5540316,5062264,4839876,5490830,4454982,4811458,4848841,5248908,4882540,4951726,5184029,4819383,4483811,
206,5157847,5159752,5006009,5279078,4838684,859353,827503,4647585,5270234,4691643,5212782,4764939,5335187,4918947,4319274,4749190,5095979,4632096,4506298,5031446,4895314,5375446,5098514,4572999,5005808,5149161,5025096,5024994,5131217,4667295,5019718,4472104,5157114,4911934,5227695,4739669,5291677,4898469,4562890,4050421,4984254,4912834,5129662,5389868,5021028,4781784,5046586,4796164,5717983,4676733,4966795,5525932,5035416,4806568,5461456,4438219,4794600,4829202,5241659,4860020,4918461,5148170,4791938,4463122,
207,5150170,5142350,4992066,5262703,4812115,827770,798347,4638467,5255355,4686023,5192972,4743762,5305535,4888715,4297752,4726765,5071625,4615551,4489832,5018936,4870232,5336042,5066395,4551066,4989254,5135747,5012787,4998418,5100138,4638354,4993253,4451206,5141396,4895276,5213998,4730720,5253843,4870299,4535102,4039666,4971034,4899610,5117019,5376381,4990217,4754759,5020042,4780859,5708859,4661300,4952108,5510365,5010138,4778623,5426512,4427623,4768317,4804032,5212098,4843755,4894089,5117240,4763630,4454282,
208,5135169,5124517,4972004,5231867,4785885,793133,764076,4617565,5235381,4656092,5179141,4719464,5276980,4870703,4275727,4702466,5052275,4594243,4464634,5003426,4838733,5313796,5033679,4523180,4965324,5113093,4998957,4972156,5070087,4608343,4960282,4421181,5120784,4872900,5196056,4716151,5224181,4847220,4513912,4021392,4950936,4879595,5098973,5353575,4969270,4716403,4986402,4761063,5671576,4636000,4921094,5477923,4977583,4759830,5389019,4397322,4734448,4782415,5190632,4816664,4862451,5084536,4728723,4429235,
209,5124624,5098815,4942964,5201108,4764995,765231,735344,4606377,5220592,4634908,5151795,4703367,5249390,4845536,4253549,4681691,5031884,4577488,4447106,4980268,4812282,5283314,5008260,4502955,4943727,5088370,4976374,4944145,5044315,4582178,4933758,4395914,5105893,4848959,5175026,4694626,5195076,4826120,4489852,4011820,4926583,4854240,5080502,5329967,4936270,4698609,4965497,4746454,5612824,4616188,4903276,5455876,4955014,4733258,5355858,4397477,4711339,4761440,5164643,4789755,4841389,5059909,4704669,4411276,
210,5095977,5063096,4908578,5161426,4735399,732485,701916,4585206,5184384,4614646,5122275,4667654,5219993,4815314,4231427,4658991,4995558,4551337,4419483,4951966,4902259,5252741,4976785,4470128,4916528,5055199,4944863,4920629,5013848,4553463,4902147,4369527,5073606,4817457,5146175,4662453,5163057,4798288,4463768,4002279,4898598,4822989,5043563,5293034,4893583,4668094,4929844,4732179,5587561,4584780,4865878,5412472,4920648,4704442,5324666,4381297,4681603,4732691,5135358,4764439,4810458,5028986,4679526,4395722,
211,5068855,5036218,4886044,5134850,4709724,702268,670106,4573130,5151740,4596717,5093962,4651951,5184694,4785748,4204945,4627566,4975110,4530197,4400575,4929684,4879396,5213581,4950520,4448362,4889113,5037128,4926776,4893279,4981762,4533191,4874189,4342697,5038131,4796140,5123610,4645327,5129074,4773794,4436023,3991596,4867854,4801047,5016431,5260969,4870944,4638973,4895052,4712716,5549698,4551715,4847897,5383081,4898108,4676966,5296788,4365989,4665135,4709944,5111511,4742991,4784509,5000281,4648807,4384939,
212,5032114,5005097,4855058,5108212,4683470,673981,640309,4561166,5118515,4556114,5057339,4624977,5158163,4763921,4184568,4607301,4943972,4503955,4374026,4900520,4853838,5187270,4922983,4426759,4865311,5008527,4897533,4865724,4949869,4504432,4844785,4320012,5010425,4763876,5086691,4614896,5097611,4745980,4406607,3981710,4834751,4769966,4985257,5235691,4850319,4612233,4879996,4703360,5522739,4535779,4824188,5354933,4875719,4658567,5267424,4356960,4635444,4684755,5073148,4719660,4763407,4979989,4627820,4372649,
213,5009992,4968943,4825526,5075741,4662072,641202,605249,4548417,5027817,4563365,5033960,4599641,5114666,4734579,4153853,4578849,4911030,4485572,4353870,4875408,4825086,5148768,4894142,4400430,4830593,4984061,4875951,4847332,4917760,4477562,4812214,4286924,4982722,4742284,5061274,4592314,5065923,4708743,4372053,3964850,4814293,4745348,4962372,5200136,4817624,4558579,4846680,4681165,5478994,4500599,4797432,5329441,4847500,4626517,5237069,4330965,4612197,4660587,5054440,4700394,4737012,4952749,4599028,4360917,
214,4977534,4945419,4796606,5036557,4617664,602330,563813,4528803,5064764,4510494,5002851,4575243,5057176,4699229,4112306,4536881,4875715,4458179,4323609,4842781,4794883,5116641,4854220,4367170,4802012,4958424,4849993,4812874,4864957,4428248,4755785,4233883,4948541,4710961,5028179,4572274,5021387,4651517,4315117,3952053,4779994,4721547,4932329,5173052,4786276,4469427,4815078,4665664,5443357,4481900,4764791,5286373,4815808,4598153,5198208,4321479,4585956,4628369,5023157,4670040,4698185,4916622,4563137,4341876,
215,4954955,4916127,4768070,5008835,4541550,564651,523351,4512110,5035534,4501746,4969896,4540788,4957271,4642645,4039601,4490907,4844594,4431490,4298671,4818663,4756987,5074030,4802198,4317076,4776115,4933682,4820509,4785113,4750843,4345509,4654863,4109005,4922468,4684082,4999006,4543016,4966570,4540678,4208667,3936248,4751247,4698808,4906430,5146430,4736578,4218019,4777035,4644124,5396140,4455676,4742771,5258396,4784254,4557811,5156369,4304279,4561640,4601358,5002917,4645926,4656393,4884607,4520127,4327488,
216,4925389,4880149,4742159,4966818,4338695,521165,476283,4489530,5004301,4477975,4943026,4521512,4678696,4539800,3861209,4393362,4806117,4410754,4275270,4792528,4712249,4985639,4706022,4206917,4744046,4904857,4796384,4759095,4438398,4106098,4356949,3757977,4885572,4655169,4973105,4514783,4843506,4291086,3947571,3920069,4720496,4676911,4881520,5113783,4593627,3618345,4721454,4624037,5343450,4422994,4714361,5224158,4722971,4489630,5078680,4281705,4538617,4563847,4966437,4616144,4553765,4834588,4425697,4305302,
217,4898856,4844464,4710871,4932558,3843933,476446,424711,4458009,4976959,4438567,4914354,4502487,4037126,4277926,3430606,4149676,4755271,4383752,4242867,4768504,4618410,4762906,4437566,3917702,4716167,4888370,4766102,4731299,3733648,3538006,3672884,3043097,4850092,4625482,4945409,4497607,4560896,3712455,3377747,3898755,4694867,4646394,4850403,5086031,4252264,2566391,4602968,4597230,5285341,4394499,4688810,5189190,4583249,4327146,4901777,4245377,4502020,4516908,4935991,4588747,4282726,4732003,4165225,4288072,
218,4862800,4796306,4669242,4866901,2819449,418483,354179,4412756,4945676,4410628,4877432,4453919,2789101,3561068,2493377,3473951,4655184,4348445,4193787,4733952,4269124,4148214,3732669,3193975,4669380,4848317,4741198,4686857,2511267,2468727,2488581,1947602,4808607,4587641,4909056,4463314,3817627,2612443,2341388,3864302,4655562,4604447,4809341,5050794,3407803,1478257,4249958,4556619,5165546,4348567,4649789,5138962,4183697,3828241,4391549,4141533,4463360,4421871,4890812,4555516,3560988,4417701,3472493,4264961,
219,4835737,4715113,4623168,4744645,1710909,350036,272739,4303510,4913934,4372561,4844518,4416362,1588876,2468094,1477236,2399747,4452100,4320902,4116115,4692648,3603150,3111506,2654845,2173443,4604924,4814223,4707792,4638922,1428428,1445297,1428756,1076882,4749647,4538590,4879168,4429317,2673578,1521133,1407981,3788130,4608930,4555681,4766751,5003606,2274960,796785,3492781,4479264,4935056,4282037,4618177,5083874,3370691,2916664,3420138,3847405,4409865,4246893,4850069,4502517,2492216,3728572,2453995,4212152,
220,4790444,4499397,4514593,4375205,964743,276617,194613,4017735,4859689,4317446,4793648,4298709,892363,1458539,809153,1399607,3885692,4244845,3887212,4625741,2651633,2000194,1629861,1283779,4420662,4737016,4657332,4511735,817651,816808,819926,618862,4589771,4393939,4832200,4370574,1609007,853481,742552,3587042,4500685,4444403,4685319,4925474,1326812,518058,2444513,4277596,4337882,4105914,4552752,4966531,2315365,1875115,2256093,3248682,4293955,3795318,4774197,4407870,1505525,2718937,1498455,4084892,
221,4744866,4006977,4260670,3662785,577567,196702,125863,3309987,4784218,4164074,4711961,4059392,571874,792509,479052,748878,2953070,4109062,3411601,4496605,1575885,1102597,897613,704615,4016218,4586050,4574834,4206811,534978,509842,536389,417817,4246691,4067599,4767618,4254653,912200,533104,466624,3036721,4243662,4165541,4504635,4764234,738636,400903,1385019,3732820,3383441,3730242,4414714,4689757,1296356,1012457,1222600,2250621,4043615,3036457,4638644,4224726,823813,1597913,826418,3711146,
222,4615758,2895872,3521462,2380938,427001,127795,83319,2160073,4535835,3683870,4475381,3348359,446046,517818,355863,485076,1655835,3675688,2397711,4091035,848122,659988,572884,461494,2946718,4098658,4337259,3372537,425153,391369,419713,338280,3358652,3208592,4550511,3873689,623114,409853,364156,2039107,3502765,3374589,3900851,4234824,499280,353619,768429,2660880,2012728,2830639,3995293,3893680,715235,579239,675682,1246376,3361539,1856645,4246994,3688897,522289,846925,526338,2847239,
223,4309153,1764585,2468783,1377446,373166,87594,66224,1233457,3996076,2847370,3957860,2347135,400926,419334,312990,388385,890085,2871392,1436733,3313185,572537,505602,449473,373466,1877742,3208651,3798360,2287856,383988,347028,371745,310050,2267028,2148873,4060349,3121673,511309,364742,328733,1164476,2462760,2325853,2915976,3297188,413762,338300,551762,1607153,1123432,1813139,3207339,2756193,512817,435181,493807,741845,2383670,1024664,3500645,2811576,417686,561902,419485,1814177,
224,3129234,735883,1091859,657852,344416,62100,56204,628058,2478142,1373140,2495870,1030867,378135,354941,290091,326837,463178,1381217,620415,1708224,408199,412052,366324,320743,792134,1600709,2302905,1015804,361260,323545,346810,294065,973607,936609,2593038,1607221,429374,342352,311655,562463,1107229,1027118,1349603,1628978,363549,326552,409521,744589,598936,770380,1668122,1226965,386496,353703,406248,480577,1054958,496571,1880973,1350226,359167,403332,357575,765520,
225,1970130,497314,652939,498558,337991,56444,52937,511144,1439614,754724,1456732,606081,370664,343046,285633,314957,383305,756426,431458,924340,359273,393779,349172,311284,530811,904927,1290252,649602,354137,317986,340441,288484,588904,584348,1508516,873038,411539,336869,306293,452752,657230,629240,753766,917503,352075,320588,366934,581844,489186,501260,942242,728665,355264,337762,388899,398685,638193,392965,1033568,777649,345973,365949,345107,546796,
226,986561,400231,462027,420735,331494,52419,49564,423039,795015,476712,782339,425747,363920,336141,280386,309041,352042,477183,348877,540934,334366,383637,339343,303578,414387,589008,672525,484754,347901,311810,333851,283874,431366,430950,785410,513632,401508,329891,300364,371342,465834,453296,494862,587752,346308,314863,347509,479560,440117,383677,593724,517991,340156,330047,380663,331134,455423,349081,602542,517809,339225,345700,337790,439809,
227,633011,371148,390424,393203,326585,49370,46666,358071,595143,386111,560760,367159,359050,330402,274973,302715,342808,386707,320518,430251,325432,375159,332937,298769,370150,477367,490376,409022,342313,306516,327345,279575,382459,373862,559906,404946,394902,324204,295290,310978,398092,383709,414494,476404,339809,308995,338566,403547,425008,342789,473369,446022,333373,324380,374385,293314,386299,336236,469246,425687,334040,337862,332873,365675,
228,479969,357847,353543,381404,321715,46847,44223,319964,482247,338185,449461,339201,352911,327018,270699,298731,336888,337022,306821,375049,319640,371384,328879,294680,349542,402553,404562,363221,337542,301582,323023,274945,361793,345779,449391,352739,388049,319975,290267,274290,363008,341126,375790,408765,335011,304804,332924,352072,416130,326262,397235,413243,328236,318786,368407,276053,345664,329787,403950,371809,328566,332016,326561,317956,
229,408697,351768,338579,373535,316752,43996,41406,299273,416426,322942,392481,331189,346949,320467,267384,294079,331158,319792,301079,357293,312681,364903,321686,288813,341747,368746,368256,344422,331632,296569,317467,270923,354047,334932,397391,333115,381979,313565,286242,255599,350844,324954,361576,381999,328798,299237,327307,318640,408533,317330,359837,399825,323105,312931,362833,269395,329843,322691,379420,350236,323059,327694,321333,282851,
230,369426,344067,331084,365511,311591,41134,38489,289559,374328,311918,361965,323524,340554,313887,261229,287979,323389,310905,294894,346222,308379,358260,315982,283779,334801,348883,350078,334408,324972,291175,311530,264963,345487,327751,370445,322438,375200,309949,280809,247530,341026,316247,353876,366605,323671,294875,320289,305192,400361,310438,341854,390933,316831,308541,355812,263732,321498,316263,367896,337884,318909,321138,315876,268849,
231,356559,339152,324169,361089,305630,38391,35754,284725,362164,307575,349972,317951,334770,308895,257351,283386,318513,305827,289649,338765,308337,351835,311124,279951,327222,342791,342376,328953,320165,287074,305493,260756,340365,321824,361958,316553,368011,304496,276169,244172,336842,312072,348055,361751,318660,289650,315622,297715,394093,304444,334111,382695,311567,303605,349979,260262,316222,311266,359354,333315,313579,315962,310990,262937,
232,347461,333738,319185,354557,300815,35386,32773,281202,353398,302485,344963,311551,330288,303638,253259,278831,314321,299068,286049,334361,304244,346152,306907,275441,324041,336353,338297,322440,314627,282729,301125,256435,334623,316055,353817,311925,360967,298545,271356,240339,330728,306230,341747,355133,314462,285561,309393,292990,386403,300854,328345,377040,306003,298984,344286,255397,311622,306947,354102,327296,308232,309745,306563,258715,
233,341621,327871,314150,348658,296306,32590,29930,278933,348818,297329,337351,307747,324553,299062,248641,273225,308990,294863,281827,329106,300173,339585,301520,270476,318772,331434,333624,316451,308944,277545,296642,251804,330629,311714,348441,306810,355541,294057,266969,236304,325507,301806,336142,347791,308372,279821,304903,289577,379856,295076,322730,369540,302386,292329,338760,252543,307135,302105,349478,322405,303390,306073,300465,255254,
234,336702,323176,308324,342562,291731,29591,26997,273845,340592,293030,331945,302486,317968,293616,244585,268368,302926,289503,276168,323075,294541,333205,295084,266319,312570,324675,326627,310768,303545,272385,289472,247439,324323,304792,341840,301194,348541,289217,261678,232770,320378,295125,330322,340091,302469,275152,299846,284619,373568,289736,315429,362707,295988,288627,332694,248351,300848,296770,342815,317433,297657,300497,296425,252580,
235,331285,317665,302094,337083,286851,26973,24291,268973,335116,287088,326185,297480,312570,289557,238650,264201,297623,284622,270078,317032,290016,327638,291334,261043,306924,319745,322218,305588,298132,267430,285145,244157,318831,301036,337554,298012,342644,283842,256865,228744,314066,292316,324471,336696,298163,271268,292500,280029,364407,284840,310917,358350,290635,283700,327377,245312,295797,291961,336358,311727,291247,295364,290442,247832,
236,324416,312305,297429,330307,281241,24372,21620,266006,329501,282439,320187,292356,307698,284250,235077,259423,292037,279061,266640,311712,285189,323092,285350,256691,301299,315022,316400,299762,292551,262763,279909,237774,312410,295850,330157,291691,336904,279010,252773,226459,308350,286293,318788,330230,293154,265717,288880,277156,357722,279681,305545,351467,286751,279483,321124,242386,291094,287098,330905,305796,287362,290893,286139,245239,
237,319572,307273,291583,324902,275462,21340,18532,262365,324051,279144,315229,287608,302017,278697,231417,255829,287591,274510,262290,307054,280839,316580,280960,252709,295292,309595,312182,295533,288306,257623,274874,234543,308995,291128,324778,286256,330620,272971,248312,223952,304652,281695,314584,326002,288485,260343,283627,274270,351849,275156,299293,344447,280988,275862,315738,238670,284835,281075,324625,301148,283257,285007,281066,242473,
238,313774,301024,287169,318367,271302,18265,15298,257620,317183,273502,309219,282589,295479,273918,226547,249105,281104,270608,256067,302485,274793,310731,274657,247365,290691,303037,305067,289017,281177,251562,269294,229410,301795,286149,319367,281443,324663,267410,242787,220937,298645,276991,307345,318176,281759,254044,277492,269117,345377,269654,295084,339483,275213,269345,309840,234283,279264,276574,319056,294961,278000,280044,275763,237929,
239,307510,295106,281799,312793,265680,15353,12193,254196,312447,270899,302593,277681,289612,268992,221681,244075,275946,265092,252112,296825,269997,304999,269264,241606,285875,298245,300656,283998,276174,247800,262626,224369,296853,280593,313894,276385,316726,261946,237225,216882,293284,271041,302999,313506,275030,248413,272640,264482,338581,264114,290398,334077,269856,263548,303294,230673,275183,270977,313811,290453,272333,274164,269525,234690,
240,302359,288989,276998,306367,259378,11499,8628,249494,306106,263873,297742,271613,282321,262549,214943,239479,269918,261029,247617,291336,262702,296832,263926,237777,279948,292006,295045,279333,268037,241076,256847,218819,291442,275178,308492,272656,309004,256269,231801,213491,286537,264843,296729,307177,269355,241516,266740,260569,331971,259759,284863,325723,263635,258301,298104,226421,270733,265751,308250,285405,265620,268418,264489,230330,
241,296097,283939,270668,301055,253385,8852,6474,246929,300591,260766,292622,266371,276095,257508,210548,234023,264076,256483,242580,285643,259310,291717,257125,231861,274481,287344,290263,273273,262877,234940,251185,213865,285245,270113,302926,266835,303489,249850,226049,209928,281645,261592,291357,300955,263729,236092,260689,256293,326015,254639,279495,320446,258601,252904,291161,224240,265364,259602,302229,280521,259882,263646,259299,226527,
242,291218,278104,265227,294056,246671,6682,4959,240938,295803,254134,287416,261107,268935,250177,205828,228699,258511,249530,236961,279544,251912,283261,251429,227367,268890,282679,285557,267378,256638,229528,243213,208222,279952,264623,297543,262567,295825,242435,220785,207230,276565,257104,286126,294070,258252,229196,255594,251478,317356,249620,273970,312806,254450,247350,284124,219847,259781,254601,295471,275648,254900,257793,253519,222470,
243,287006,272095,259877,289758,240353,5287,4312,238034,290413,248792,281868,257507,262474,244726,200419,223055,252520,245457,233293,275005,247194,278054,244820,221353,262728,276507,279135,262455,249091,223466,236400,202256,273916,260370,291305,257496,286765,237358,213536,202483,270963,252864,280666,288355,251297,222395,249391,247572,312053,246281,269345,308111,247089,242417,277643,215989,254750,250351,291448,269977,249118,252736,248608,219408,
244,280743,265281,254114,281855,235154,4443,3867,234260,284935,243411,274866,250918,255538,239020,194926,218634,246029,240686,226583,269335,241187,271807,239291,216631,257277,271061,274421,257194,243769,217189,230441,196854,268533,254782,286234,252147,281637,230087,208590,200646,265552,246803,275066,282513,245094,217461,243858,244169,303405,238537,263786,301709,242096,237698,272474,212260,248579,242699,284431,264061,242698,246069,242193,215974,
245,276540,261403,249505,275507,229051,3969,3649,230087,279548,238728,270382,245705,248874,233421,189603,211352,239997,235432,222243,264051,235486,264856,233555,210718,252817,266354,269812,251392,235422,211437,223667,191106,262165,249307,280634,248795,273432,221686,201298,195742,259770,242701,270275,275475,238364,209961,237733,238991,295179,234171,258224,294133,237469,230025,265036,208215,243583,237620,278694,258619,236464,240981,236501,211712,
246,269808,253687,242549,269159,221931,3596,3344,225737,273398,233022,265090,240592,239454,226843,182377,205745,232048,229321,216330,258288,229738,256552,225354,203817,245057,260666,263212,246046,227707,203777,216546,183985,255515,243270,274237,241091,264193,214957,194706,192782,253018,237011,262051,269772,231064,201520,230880,233633,287499,228368,252837,287275,229692,223235,256190,203482,237891,230497,271642,251798,229232,234004,228390,207068,
247,263678,247184,238028,262360,214750,3414,3192,220524,267921,227252,259210,234185,231744,219965,176944,199884,226336,224871,209673,251505,223213,249026,219363,197023,238874,254651,258125,240605,220586,197056,208670,177272,249765,237946,268803,236808,256011,207677,188565,188785,248053,231396,257906,263062,223396,194378,224612,229971,279861,223145,246531,281140,222868,218402,249139,199638,232114,224518,267227,246526,222008,226670,223254,203775,
248,260523,241228,230902,255316,207516,3114,2928,216140,262271,222190,253353,230071,222851,212640,170268,193404,217828,220086,204856,245982,215830,241165,211688,190774,232808,248839,252102,233659,212457,189813,200761,170471,242527,231816,262979,232342,248046,199483,181033,184698,240650,224501,251279,256266,215206,185845,217154,225094,270910,216315,242326,271866,215406,210349,240301,195092,226489,217421,260549,240719,215346,220234,215415,199161,
249,252656,234877,225888,247486,200174,2954,2784,211056,256580,215562,247473,223240,215147,204835,163435,186962,211084,214170,200006,240817,209505,232524,204907,184384,226957,244252,245096,227657,202994,182312,192275,163591,236446,225900,257641,225220,237712,191538,172993,180643,234613,218850,244942,250528,208520,177153,209924,221451,261811,210218,236188,265378,209044,203506,231787,190483,220675,210832,253576,235171,207844,213477,208241,194794,
250,246744,226267,217739,239098,190559,2738,2546,205830,249607,209022,239998,216194,203997,197060,155827,178330,202383,207688,191585,233151,201274,223507,196425,177284,219067,235630,238556,220444,193852,173309,182741,154837,229028,218516,249967,218148,229618,182600,164092,176145,226724,212371,237579,242067,199569,167647,203176,214973,251371,202558,228314,256595,201473,195597,222470,185135,213359,203171,246753,227270,199158,205190,200419,190819,
251,241509,218630,211307,231848,182343,2585,2409,200927,243561,203207,234070,209598,193847,188213,147763,170790,194992,201481,185701,226576,194453,214975,187663,169427,211756,230402,232393,214653,184357,165129,173461,147209,221306,212214,242958,213492,218902,172375,155987,171411,221638,207022,229822,235698,192008,157244,195947,209681,241142,196836,222967,248845,194719,187888,213606,179443,207734,195697,238718,221662,190869,198760,192713,185649,
252,232932,210277,203069,222626,173803,2371,2192,195851,234625,195606,226728,202908,184143,182006,139817,163957,186250,194363,178824,218922,182112,207167,179959,161529,204099,221819,224575,206932,174749,155727,162887,138145,212306,204899,235974,206551,208986,163361,147240,167812,212887,200054,222315,226882,183002,145836,188666,204401,230860,188632,214587,240008,187401,181602,204643,175347,199091,188068,230758,213416,183043,191619,185666,180678,
253,226965,201948,196653,214307,164141,2225,2073,190178,228916,190514,219707,195236,171264,172460,129209,154415,176524,189503,172139,212511,179569,196116,170518,153221,196463,215766,219318,198924,161630,144820,151511,125913,205504,198306,230145,199303,198023,151456,135081,163372,205808,193799,215249,218816,173366,128858,179215,198999,220508,182684,208303,231026,179116,172519,194015,169856,192436,179343,223612,206438,173910,182930,177213,175675,
254,218469,192515,188473,203405,149759,2043,1862,183936,221699,181944,211407,186947,155253,162668,114229,144299,165725,180785,163593,203094,170427,184676,160213,143377,188420,208019,210684,191331,144349,128673,132673,108627,195073,188760,220848,192080,185168,135006,117069,157477,197590,186032,206733,210184,159800,104354,170138,191756,207109,173445,201023,219682,169408,161928,181604,163637,184618,169435,214553,199098,163783,174012,166725,169796,
255,211885,183320,180426,194715,133455,1975,1795,178013,213933,174578,204779,179067,133497,149827,94961,131870,154200,174099,156607,195672,160558,171511,148599,130972,179431,200944,203459,183914,120844,107438,108823,87038,187278,181261,214477,184638,170737,111970,93896,151723,190228,178747,198420,203143,145075,74825,160630,187148,195090,165482,193638,211217,160180,152087,170070,156493,176201,160005,206160,191944,151250,164091,154390,164360,
256,205629,175840,173824,185882,90791,1636,1487,167719,208461,168675,199085,172329,80788,119512,53335,98182,143879,169085,149550,189238,140843,139476,116591,98093,172177,194544,198642,176838,71103,62912,60804,45819,179289,174956,208424,178835,132222,62886,50584,143078,182501,172575,192552,195988,105241,37560,138438,175303,184900,158742,187865,203863,137669,126345,134496,145824,170440,151173,200520,185598,117685,142341,124043,155288,
257,197894,164558,165749,174293,62661,1412,1272,161414,200794,160663,192160,163067,53233,92931,34327,71551,125130,161603,139714,180433,123486,112020,89542,70700,163094,187555,190613,168580,46959,42032,40798,30694,169229,166268,200346,170822,100045,40942,33193,137377,174247,165321,183443,187591,76186,27592,120109,168705,167475,148796,180390,191729,117478,103114,105391,138342,162260,136855,190620,177172,90678,124213,97155,148050,
258,188465,149943,153697,157102,40604,1263,1124,153316,192237,150376,181971,152710,35411,63114,23687,45798,95540,151638,126137,170037,98127,78190,60273,46323,149069,176734,181416,157504,32615,28916,29389,22711,155491,154566,190677,161396,67726,28980,24413,129235,162332,154251,171786,176064,49405,22905,92540,160319,136999,136288,170403,178011,90580,72861,71909,128712,147635,114036,179680,166715,61314,97699,66907,140744,
259,180826,131827,142938,136409,29502,1067,951,143884,182985,140593,173501,139445,28113,42148,19718,31150,66690,142094,109731,159284,70202,52773,40854,31583,133954,167836,171714,147010,26571,23442,24070,19165,138124,143586,182465,151790,47244,23807,20772,121198,149500,144716,160159,165368,34944,20722,65177,150874,105129,120783,161349,162715,63932,48675,47737,116313,134642,88154,167251,155999,41327,69236,44401,132735,
260,169736,101842,124843,104607,25032,1024,904,133765,172942,124828,162984,120831,25033,30810,18134,24331,40712,128419,83107,144874,49769,38530,30942,24737,108991,155667,160994,131082,23788,21033,22054,17580,113307,123526,170224,139048,37469,21795,19199,111808,130326,128869,143466,151035,27894,19811,45978,141855,69476,94501,150010,137268,45067,34562,34756,101765,109257,57407,151458,142115,31144,48764,32820,124626,
261,159567,72367,102585,75644,22344,959,853,118593,162312,105058,151936,97236,23686,25525,17055,20721,29079,111839,59451,126969,35544,30807,25381,21180,80697,142233,150013,111563,22391,19571,20506,17030,85518,101446,160112,122599,31784,20365,18221,97108,106802,110363,122731,132696,24089,19086,33325,127895,47644,68692,136305,107552,32721,26752,28202,79920,82235,38534,129788,123960,25541,34143,26825,111937,
262,142810,44747,70624,48340,21201,835,745,96520,148478,74533,134432,65469,22335,22490,16459,18840,22776,83354,37730,97522,27428,26122,22041,19093,50496,118540,131355,81349,21271,18652,19609,16403,55063,69254,141686,95360,28133,20072,17652,74703,75230,81023,89596,104710,22075,18712,26357,106615,34536,43174,112654,70726,25552,22823,25043,55690,52432,26696,96633,94254,22643,26556,23323,91712,
263,123374,32056,48235,36029,20173,778,723,73029,130328,50874,114324,43951,21680,20765,15815,17772,20907,58901,27175,69950,23327,24410,20249,18081,34987,93055,107948,57772,20548,18361,19025,15940,38245,47655,119856,69238,26392,19439,17408,54256,52325,56432,61585,76333,21106,18239,23090,81647,29746,30749,87499,48735,22297,21152,23633,39303,36648,22612,68405,67621,21424,22916,21701,70197,
264,96624,25801,33702,29341,19893,748,727,51519,105156,34467,88594,31185,21313,20242,15281,17360,19909,38963,21941,46559,20785,23380,19554,17713,26925,65413,79534,39875,19924,17793,18578,15301,28885,33434,91719,46455,25522,18698,16695,37677,36818,38457,41255,52282,20391,17503,20808,58405,27310,24010,60804,35676,20572,20150,22657,29359,28640,21051,45690,45857,20544,20618,20922,49114,
265,68986,23170,26272,26031,19115,671,656,37889,78691,26420,63073,25130,21074,19351,14892,16863,19487,28751,19877,33172,19586,22420,18815,17039,23496,46227,54918,30807,19334,17137,18012,15205,24464,26311,65080,32761,24844,18063,16198,28534,28387,28513,30723,37971,20236,17118,19670,43009,26537,21157,43212,30067,19536,18932,22025,24021,24920,20213,33710,34014,19902,19645,20222,35009,
266,44692,21639,22210,24408,18295,697,673,29260,51770,21809,41752,21822,20105,19006,14631,16126,18825,22457,18611,25552,18759,21836,18248,16537,21288,32700,36195,24724,18958,16990,17299,14500,22102,22482,42287,25039,24139,17835,15805,22923,23822,23307,25141,28913,19468,16631,18976,32837,25286,19639,30965,26180,18918,18639,21203,19846,22315,19411,27082,26489,19206,18567,19827,26374,
267,33243,21256,20334,23340,18081,677,649,24155,38124,19539,31414,20502,19572,18342,14275,15501,18373,20438,17712,22969,17783,21331,17888,16139,20481,27186,27931,22149,18308,15990,17089,14091,21142,20674,32501,21739,23304,17304,15502,19099,22122,20691,22959,24929,18846,16187,18373,26843,24336,18751,25808,24942,18055,18386,20833,17151,20887,18860,24278,23511,18772,18279,19060,21899,
268,26499,20183,19443,22639,17691,663,648,20808,29822,18705,25685,19765,19198,17791,13623,15390,17833,18479,17059,21496,17763,20873,17511,15510,19844,23312,24000,20397,18020,15953,16569,13921,20394,19639,26455,19920,22827,16936,15047,16828,20835,19165,21698,22528,18360,15692,18233,23180,23449,17988,22447,24023,17824,17900,20425,15993,20307,18351,22527,21364,18460,17914,18880,18825,
269,23252,19955,18563,21616,17187,620,607,18731,25864,18142,22908,18778,18285,17580,13210,15363,17114,17916,16705,20694,17241,20531,16933,15228,18873,21625,22125,19514,17735,15421,16110,13712,19901,19191,23696,19425,21974,16201,14529,15011,20316,18306,20988,21528,18065,15285,17596,20179,22784,17656,20811,23415,17692,17258,19952,15069,19639,17671,22038,20826,17988,17430,18151,16624,
270,21522,19025,18112,21177,16727,631,603,17152,23191,17679,20849,18555,18025,16729,13047,14535,16805,17514,16181,19789,16470,19896,16373,14881,18261,20278,20973,18560,17091,15106,15889,13030,19378,18358,22055,18486,21358,16031,14132,14048,19326,17554,20202,20417,17563,14669,16817,18221,22360,16971,19966,22446,16887,16648,19362,14605,19253,17210,21184,19834,17466,16877,17568,15352,
271,20586,18832,17733,20719,16293,604,587,16579,21337,17086,20132,17895,17319,16707,12595,14172,16362,16985,15829,19174,16331,19087,15807,14428,18129,19520,20172,18172,16586,14690,15197,12409,19039,17787,21220,18193,21042,15363,13479,13873,19053,16946,20137,20097,16840,14350,16537,17400,21723,16661,18866,22117,16435,16169,18665,14128,18854,16640,20886,19508,16502,16437,17248,14598,
272,20073,18276,17040,20055,15740,574,560,15831,20482,16512,19437,17597,16707,16027,12260,13839,15837,16490,15307,18488,15111,18412,15264,13882,17643,18821,19558,17618,16071,14143,14768,12187,18099,17328,20591,17968,20134,14855,13225,13478,18438,16616,19446,19420,16356,13933,16001,16578,20947,16219,18739,21059,15929,15943,18055,13850,18496,16263,20124,18741,16248,15913,16695,13954,
273,19309,17666,16787,19623,15599,577,559,15394,19778,16176,18783,17342,16524,15473,11935,13356,15528,16129,15072,18433,14908,17898,14957,13734,17208,18633,19336,16921,15469,13727,14319,11760,17747,17066,20019,17162,19468,14278,12763,12896,18145,16181,18974,18878,15998,13527,15512,15979,20677,15818,17926,20624,15295,15360,17563,13272,17671,15884,19588,18490,15753,15653,16336,13492,
274,18700,17212,16305,18861,14663,554,534,15091,19387,15763,17994,16500,15966,15038,11586,12717,14759,15408,14424,17771,14450,17434,14582,13072,16651,18028,18607,16649,15090,13190,13674,11530,17095,16486,19254,16467,19196,13805,12504,12519,17632,15488,18198,18329,15338,12989,15175,15734,19867,15339,17526,20428,14931,14857,16900,12987,17036,15055,18886,17672,15534,15178,15664,13100,
275,18407,16774,15702,18738,14310,522,512,14462,18809,15308,17712,16221,15451,14541,11152,12570,14441,15261,14010,17170,13984,16817,14126,12724,15985,17194,18366,16273,14540,12825,13299,11054,16935,15822,18957,16359,18463,13448,12185,12253,17085,15224,17649,17719,14809,12399,14677,15248,19309,14824,17113,19751,14792,14487,16610,12563,16658,14664,18289,17329,14956,14738,15119,12863,
276,17963,16154,15137,17741,13898,489,478,14367,18193,14809,17257,15617,15014,14310,10790,12048,13961,14648,13602,16795,13622,16373,13706,12318,15488,16981,17458,15553,14142,12492,12934,10534,16162,15441,18220,15572,17875,12835,11550,11939,16608,14745,16987,17172,14435,12232,14210,14768,18633,14495,16634,19026,14120,13996,16015,12105,16087,14242,17980,16718,14671,14026,14878,12602,
277,17400,15551,15021,17329,13522,535,525,13769,17679,14329,16780,15380,14271,13749,10281,11771,13328,14322,13144,16305,13336,15875,13331,12008,15065,16387,17258,15141,13606,11935,12485,10146,16001,15105,17735,15182,17387,12519,11241,11636,16184,14423,16974,16676,14090,11558,13740,14577,18236,13861,16391,18364,13858,13545,15604,12170,15901,13964,17399,16369,14147,13730,14442,12147,
278,16803,15333,14269,17042,12802,528,519,13454,17171,14049,16406,14685,13947,13373,10077,11343,12819,13889,12698,15915,12762,15434,12630,11616,14796,16049,16692,14769,13106,11593,11828,9841,15474,14702,17382,14810,16594,11989,10776,11244,15840,14125,16131,15972,13576,10985,13350,14239,17428,13660,15577,17888,13290,13185,14755,11769,15290,13438,16694,15970,13396,13175,13891,11631,
279,16672,14477,13850,16548,12818,491,481,13046,16558,13621,15833,14455,13333,12690,9669,10756,12581,13467,12332,15077,12547,14577,12351,11189,14035,15363,16169,14253,12609,11159,11362,9361,14663,14225,16921,14322,15920,11525,10163,11094,15023,13646,15614,15533,13113,10745,12714,13891,16887,12893,15127,17024,12661,12818,14174,11238,14874,13024,16372,15628,13037,12562,13724,11429,
280,16099,14312,13490,15819,12191,470,467,12837,16288,13084,15138,14102,12817,12325,9065,10469,12106,13063,12139,14994,11908,14358,11824,10481,13729,15401,15696,14042,12075,10598,10699,9114,14279,13739,16436,13993,15616,11070,9888,10711,15061,13130,15277,15187,12471,10207,12339,13686,16297,12655,14739,16800,12417,12394,13984,11193,14438,12353,15848,14721,12773,12318,13234,11168,
281,15598,13605,13003,15256,11558,462,451,12586,15810,12755,15030,13375,12396,12141,8824,10110,11701,12801,11778,14303,11419,13825,11402,10105,13426,14918,15168,13548,11352,10183,10457,8761,14046,13396,15868,13606,14700,10395,9451,10444,14095,12999,14972,14819,11881,9708,11839,13212,15567,12184,14291,16322,12080,11619,13416,10887,13936,11939,15411,14647,12194,11918,12554,10996,
282,15041,13120,12724,14941,11047,463,452,12154,15457,12286,14153,13024,11539,11486,8298,9823,10882,12451,11249,13981,11078,13090,10839,9881,12759,14109,14777,12802,10805,9601,9967,8280,13350,13022,15302,13332,14001,9943,8899,10166,13719,12276,14348,13819,11625,9064,11437,12469,14917,11762,13748,15414,11531,11210,12946,10547,13368,11701,14711,13981,11714,11441,12029,10920,
283,14528,12829,12215,14412,10422,459,449,11994,14969,11802,14105,12572,11249,10952,7940,9107,10379,12065,10725,13419,10672,12568,10552,9476,12343,13904,14468,12535,10451,9097,9537,7675,12730,12497,14889,12818,13387,9321,8504,9834,13221,11911,13822,13763,10969,8605,10961,12242,14223,11370,13510,14969,11157,10728,12122,9987,13041,11024,14566,13600,11089,10915,11348,10406,
284,14282,12120,11709,13539,10088,447,441,11736,14414,11523,13358,11959,10486,10567,7532,8838,9924,11321,10162,13008,10153,11931,9926,9039,11821,13427,14015,12084,9967,8626,8813,7485,12316,12161,14372,12336,12929,8938,8134,9587,12611,11529,13406,12961,10625,8460,10625,12028,13564,10824,13142,14356,10509,10543,11723,9654,12639,10503,13835,12902,10682,10759,11221,10095,
285,13625,11639,11074,13134,9584,457,446,11273,13869,10970,13293,11538,10116,10115,7188,8410,9443,11091,9709,12522,9793,11607,9470,8565,11571,12934,13304,11831,9380,8304,8433,6994,11764,11684,13960,11882,12193,8432,7546,9411,12292,11109,12976,12603,9932,7791,10039,11731,12959,10435,12504,13745,10063,10018,11502,9517,12234,10183,13300,12697,10282,10146,10522,9815,
286,13079,11257,10869,12537,9142,464,465,10872,13285,10545,12542,11104,9365,9357,6514,7916,8908,10419,9417,12034,9282,10917,9122,8047,10728,12371,12806,11259,8888,7599,7831,6618,11253,11055,13355,11293,11650,7823,6992,9184,11609,10568,12376,12126,9545,7245,9841,11427,12267,9971,12158,13281,9808,9576,10619,9355,11628,9697,12656,12179,9684,9651,9888,9542,
287,12881,10814,10510,11858,8506,437,434,10630,12970,10050,12214,10595,8820,8976,6164,7584,8413,10080,8958,11656,8848,10345,8606,7704,10466,11877,12408,10584,8303,7107,7301,6127,10886,10645,13055,10952,10866,7441,6499,8759,11368,10097,11744,11734,8871,6593,9304,10951,11461,9765,11743,12571,9243,8968,9976,8765,11151,9116,12346,11804,9156,9273,9602,9159,
288,12052,10026,9812,11280,7539,425,425,9882,12368,9574,11592,9894,7780,8253,5355,6775,7748,9403,8251,10875,8311,9463,7905,6978,9827,11307,11959,9917,7195,6419,6421,5267,10001,9981,12283,10476,9919,6578,5779,8168,10608,9830,11043,10946,8017,5471,8642,10395,10886,8952,11011,11790,8449,8344,9192,8347,10524,8535,11467,11163,8236,8555,8709,8671,
289,11815,9412,9349,10692,7158,409,405,9561,11903,8921,11094,9509,7095,7771,4847,6271,7224,9104,7869,10720,7715,8800,7177,6676,9428,11026,11429,9704,6659,5864,5803,4779,9647,9742,11886,10175,9143,5904,5100,7920,10111,9166,10681,10476,7621,4816,7996,10085,10206,8681,10565,11267,7950,7798,8444,8019,10057,7907,11001,10478,7904,8063,8172,8333,
290,11120,8837,8734,10012,6462,412,410,9151,11435,8449,10323,9146,6368,7100,4154,5757,6670,8572,7380,9926,7235,8073,6716,5974,8884,10538,10834,9105,5764,5115,5067,3972,9149,9068,11273,9327,8497,5100,4282,7552,9621,8846,9962,9847,6892,3971,7348,9402,9230,8033,10181,10540,7465,7224,7853,7771,9514,7330,10336,10068,7425,7570,7553,8141,
291,10595,8224,8369,9428,5638,430,426,8998,11158,8032,10060,8405,5525,6630,3531,5249,5955,8163,7139,9276,6969,7419,6244,5418,8120,9912,10378,8602,5032,4287,4203,3286,8674,8499,10755,8964,7876,4209,3531,7449,9100,8495,9621,9466,6272,2999,6955,9173,8692,7490,9579,9978,7170,6699,7005,7373,8959,6799,10024,9689,6731,7058,7114,7741,
292,10303,7659,7804,8727,4838,389,386,8536,10348,7532,9547,8183,4746,6082,2795,4718,5292,7540,6457,8787,6288,6957,5480,4992,7692,9412,9909,8309,4131,3512,3411,2624,7760,7982,10277,8497,7033,3408,2742,7116,8424,7926,9128,8801,5426,2422,6460,8945,7774,6852,9113,9525,6592,6314,6477,7010,8453,6170,9347,9214,6130,6542,6403,7433,
293,9552,6954,7211,7999,4185,387,381,8057,10005,7182,9163,7668,3679,5235,2152,3946,4603,7305,5903,8279,5725,6028,4779,4093,7080,8971,9276,7742,3121,2626,2465,2031,7278,7550,9823,7951,5876,2544,2154,6796,7937,7448,8517,8362,4654,1883,5949,8239,6863,6431,8811,8662,6130,5580,5551,6558,7879,5515,8659,8519,5175,5882,5630,7140,
294,8977,6235,6706,7426,3368,388,385,7725,9398,6628,8697,6998,2845,4523,1602,3036,3543,6849,5301,7713,5397,5171,3985,3237,6402,8544,8817,7193,2417,2077,2009,1583,6613,7070,9015,7540,4959,1938,1744,6412,7391,7059,7941,7705,3633,1625,5167,8052,5977,5872,8219,7903,5338,4634,4605,6270,7403,4720,8108,8114,4520,5346,4749,6643,
295,8487,5653,6303,6588,2451,402,402,7253,8744,6084,8072,6362,2283,3597,1458,2297,2582,6387,4667,7122,4485,4134,3083,2516,5719,7768,8273,6680,1922,1767,1684,1398,5992,6548,8692,6969,3958,1621,1389,5954,6708,6469,7417,7314,2724,1555,4482,7500,4701,5283,7616,7365,4544,3815,3520,5844,6556,3850,7539,7357,3391,4421,3734,6344,
296,7982,4803,5522,5632,2029,376,374,7060,8509,5576,7555,5721,1945,2796,1276,1871,2030,5725,3955,6538,3647,3171,2392,1938,5150,7379,7732,6173,1693,1565,1573,1257,5215,5824,8007,6416,3057,1515,1437,5600,6146,6061,6567,6531,2267,1386,3656,7215,3672,4398,7135,6416,3832,3016,2782,5655,5763,2934,6903,6853,2595,3726,2907,6029,
297,7624,4005,5055,4692,1707,373,366,6509,8204,4982,7151,5023,1800,2215,1348,1554,1742,5304,3248,5970,2912,2574,2040,1627,4379,6794,7282,5682,1614,1400,1497,1212,4330,5255,7621,5768,2521,1387,1302,5447,5542,5413,6107,6073,1806,1345,2857,6941,2974,3708,6698,5538,2917,2284,2151,5072,4633,2436,6127,6166,2100,2956,2352,5571,
298,6825,2920,4179,3522,1544,355,351,6222,7417,3995,6551,4176,1633,1854,1198,1348,1465,4507,2520,5345,2187,1954,1653,1505,3354,6192,6457,4796,1569,1364,1392,1178,3296,4299,6928,5074,2135,1387,1282,4936,4530,4821,5080,5239,1625,1282,2212,6189,2321,2695,5960,4275,2291,1933,1908,4447,3493,1766,5110,5428,1840,2176,1890,5261,
299,6506,2237,3396,2884,1474,356,352,5612,6917,3281,6049,3241,1661,1658,1183,1312,1389,3866,1928,4438,1958,1812,1566,1336,2489,5707,5863,4298,1397,1294,1341,1139,2698,3558,6374,4383,2049,1300,1254,4370,3679,4038,4391,4594,1545,1248,1824,5915,2103,2184,5364,3286,1918,1667,1735,3966,2806,1602,4087,4632,1694,1865,1767,4755,
