165,458967,457042,461732,549425,1207987,244061,366836,3316525,598871,385555,511633,416046,1194064,1217783,597631,862070,458990,440202,433284,470237,1229712,1002453,1401104,912123,502242,589285,504545,557628,1071998,736618,950081,793897,432136,477812,528711,425010,1293519,734918,607896,2207314,484187,489073,489442,542071,959827,992296,1108566,3120409,562037,397160,503511,487387,1180051,882762,778398,3266010,388251,405353,436965,475870,1104342,970251,1274373,1550769,
166,510388,516791,519287,624704,2385381,413415,656771,4883777,732124,433421,582141,465795,2330995,2410304,888889,1567812,501271,483613,480350,515569,2302673,1772402,2664141,1757444,555568,702394,561725,655665,2059379,1274629,1773483,1523249,487822,540471,596742,472938,2348813,1212725,910547,3345836,542785,556910,539714,609096,1799903,1950584,2013875,4293361,635626,445383,574448,546335,2241742,1611930,1119116,4440453,434047,458404,489103,537841,2125391,1755518,2448487,2745092,
167,568427,576662,583999,720941,4068346,721865,1086429,6106534,959417,478997,674825,515470,4211648,4276985,1669209,3008798,556170,533822,537314,565939,3688169,3146153,4080788,3057735,620405,904216,626200,827779,3571643,2406701,3179462,2786440,540383,621651,688213,523622,3828836,2297096,1701298,3884931,609051,662000,600044,689215,3204861,3398687,3394744,4764820,714571,496554,685382,605827,3828290,2958230,1993539,5147353,478219,509916,539216,616558,3616104,3126415,3869940,3843559,
168,657902,661393,705572,936889,5846967,1199772,1592263,5755203,1468453,540663,866333,589162,6418625,6398466,3199714,4943938,629332,609276,639579,639203,4751654,4626044,4986744,4193657,731758,1387600,751085,1230635,4904349,3830419,4553838,4033185,613714,797417,873168,599914,4976744,3712862,3009346,4030018,721347,909115,693990,851822,4562475,4623149,4639607,4818819,858516,567328,921003,684312,5420207,4503788,3610514,5002251,540625,583762,602782,785287,5008815,4616101,4974769,4485808,
169,837324,823470,983933,1479166,6700320,1688580,2087764,5072572,2488201,654123,1299864,732358,7627118,7114608,5087098,6527753,761488,771504,886065,772226,5083550,5478900,5289143,4691332,998332,2470845,1052114,2148828,5474162,4788616,5261979,4703783,734560,1240380,1311702,744002,5385339,4688599,4112945,4060726,988011,1495011,879952,1216089,5230945,5068065,5186672,4808939,1199073,707382,1446134,814863,6418919,5749804,5367205,4699062,657225,734835,708083,1183268,5748633,5591308,5361085,4652541,
170,1389457,1432066,1866792,2946603,5930183,2227455,2881956,4918154,4116536,1036095,2495393,1246656,6666535,6049939,6220951,6112551,1223134,1331829,1761873,1232595,5084639,5666209,5310393,4810554,1900852,4544037,2040471,4019338,5433903,5026606,5324026,4782639,1152474,2505425,2568676,1257073,5452446,5032291,4662020,4105002,1857263,2993339,1529565,2360498,5280208,5058207,5227021,4854574,2292596,1184291,2756958,1225159,5958562,5974767,6782949,4668365,1025123,1287315,1034894,2297274,5506660,5727385,5208759,4592074,
171,2459289,2664779,3248376,4488937,5465176,3032651,4577784,5067621,5043846,1872403,3920593,2286768,6011790,5525228,5501812,5376010,2322975,2493726,3284758,2246743,5079508,5638039,5374484,4865648,3530792,6517148,3633866,5780011,5432586,4946545,5288310,4766050,2098513,3985298,4123611,2311863,5551213,5113995,4816716,4195056,3292329,4574087,2819694,4043704,5260505,5132371,5242154,4963613,3886238,2155358,4120418,2129904,5502215,5415565,6660050,4773767,1789319,2372421,1765360,3638621,5320091,5516547,5206803,4622832,
172,4118464,4477264,4785726,5571239,5640195,4935247,8389522,5396011,5406689,3391547,5127229,3858419,6151769,5713151,5038664,5363515,4603808,4595195,5495802,4279074,5174581,5752648,5502439,5008165,6043925,7289153,5799443,6914377,5620406,5035298,5413242,4892382,3832062,5325108,5675354,4080008,5786086,5290424,5002365,4368835,5170575,6121713,4911168,6155569,5380198,5399351,5389496,5179172,5412005,3674064,5066068,3882289,5564690,5316742,6176385,4971908,3177413,3888271,3232693,4685556,5435696,5566200,5385241,4718608,
173,5214095,5552643,5387211,5642489,6610492,10283252,16006350,6493427,5450145,4494989,5489891,4803589,7255785,6860777,5706740,6205519,6809391,6382229,6426781,6243116,5629874,6284762,6077021,5622472,7415826,6387522,7025396,6205995,6345539,5591803,5991739,5513024,5162316,5599158,6246756,5521462,6712634,6123250,5913849,5230844,6284212,6168587,6636484,7323953,5956489,6429704,6114861,6075996,5892258,4627038,5160163,5236948,6174741,5808875,6386719,5632314,4194483,4694603,4480713,4946200,5990915,5998078,6132389,5143503,
174,5550514,5679653,5304097,5586065,53565023,59444687,66576881,69234874,5562391,4993345,5460900,5079791,66756818,68182511,92767283,56565281,7149319,6374016,5664435,7025525,48590708,51664900,60335606,67190377,6682828,5777388,6374528,5581570,50510461,44583638,47647010,54531770,5713273,5417910,5846312,5937756,73285411,74471438,75620205,81904252,5974884,5554370,6821608,6659245,55732845,75594717,99887869,77345050,6006522,4912655,5095905,5820201,52200866,44909594,49114791,62860488,4723980,5022601,5223450,5019570,52318425,44396685,61940245,59489777,
175,5486925,5689255,5367749,5886746,170573347,170765309,175930985,210756321,5806436,5033340,5599278,5103186,206015627,212851897,260338338,195453106,6358148,5676147,5282925,6308446,158126153,179320805,202341799,219316681,6119011,5888687,5877468,5642587,182613499,154032053,163451295,184948493,5782456,5604215,5841691,5608468,218175721,214136455,222515764,234781736,5811240,5592985,6284056,6236200,191914186,247393891,279703115,238515628,6309331,4962863,5240344,5786816,274753857,147341425,157549680,203195992,4887513,5273806,5415552,5211053,175561577,183541691,210270105,195704822,
176,5855819,6437146,6058748,7014699,274414902,230422605,235227962,288297229,6686032,5457064,6240161,5589086,281777920,283911113,256796150,264420406,6281588,5615849,5577723,6005211,213789471,237479477,236130138,272264257,6285940,6530003,6021362,6164602,246932882,200322602,190087863,229707551,6337041,6325045,6284623,5672160,185487939,173979899,183833992,201357407,6106973,6033218,6263097,6404742,218574519,192879425,194225004,198131787,7494206,5554709,5990029,6104000,254838983,217195829,219068928,264079967,5381666,6187357,5918179,6040752,243824224,227719354,251448289,232428705,
177,7845978,9186553,8599849,10147665,322535050,284285513,306984040,350704178,9672488,7595498,8429730,7876630,340654787,337958904,293313665,306588602,8038842,7027047,7307062,6860172,202617030,244849045,243881162,293219920,7713043,8313897,7320387,8102346,292749746,212301821,183445419,202468347,8698093,8876306,8387163,7025613,164901746,159613420,163793695,167386251,7751674,7874741,7748826,8020551,208283714,172911156,167376596,176603524,10880965,8104614,8621835,8161735,310476130,260734147,250515258,315516107,7786622,9118357,8152576,8767187,282031756,256744916,272424338,221172740,
178,54403130,54695958,57363929,63746873,353014448,315561958,327781739,403325983,82763862,64922843,53691136,56765512,422722472,259615093,340635967,354159757,77513879,84274141,71530480,53376556,215325501,240158840,223507167,300648372,66896045,69383119,56476053,72460998,200867518,202224498,182259164,193202030,72683311,65214014,60058904,51189511,158717645,156606745,165901370,161517315,54225103,58472259,57230118,66218826,199738016,164823740,163343567,171019943,91514261,66737122,63897117,52384018,343745304,298129359,301199336,340599025,89339870,87880017,63459696,90245511,305920626,273320452,269237474,145127676,
179,157931942,164447234,162786514,165388933,368227947,327567064,374322952,427878473,210219408,267463608,146318090,294316533,437345012,443691872,395068569,386279398,221275512,234144398,207391141,157069190,205677523,232727414,226242073,295630169,195845287,197212690,157721262,84840271,220196906,206077610,183064017,195973756,193054035,178968620,171258199,146826668,165761979,157495369,161001322,163283847,152790714,161294898,158875089,189905501,189945056,165418246,166351411,168048986,237856096,191399421,179387270,146216530,381422980,313494921,310802822,359277270,223212902,233694702,189602021,230008517,318105884,290539737,142831324,273444602,
180,175220910,180894222,178658599,173299378,388791325,339665680,376134046,453687620,211057788,183787382,165757687,209976602,473968348,486466665,455775458,423021327,269015726,259169574,242460698,193775389,184961110,226981878,212371782,271540211,235834353,238771002,198963376,214223633,217112860,201617292,179478098,187472640,213560544,209040657,232662886,194709377,153923477,157039264,158964102,162210997,200591385,208810696,209159858,229998531,191338343,164189358,164049196,163850740,196296806,181642545,179750580,158510401,393698960,327631698,312633858,365335608,187992557,196491383,181231740,191896490,323100312,295106305,282015377,256408716,
181,188522688,180936577,176418498,189982490,405341634,355013683,417162963,465624971,213216968,209465683,177927846,173734978,495333686,523727530,507472397,487078495,288298109,283077328,255678733,217743061,191092054,214847176,243052887,282636997,271231397,287354590,241262924,259981348,201532117,183246482,173472348,197398670,239204349,230983610,279997753,233104225,156689769,154837453,156090364,156952293,237862387,242540736,251069902,254307707,131103045,160221960,159007319,159969303,175222685,168306865,171968704,182267137,399828932,342329821,321207164,368997861,187256457,175386823,200814213,140317362,327002437,301707124,267482718,251523921,
182,192846029,185187108,175455441,216775744,422300948,370141528,447718759,478894675,226372732,205442374,115185090,163726534,531844012,517710316,543072021,561962751,321776568,321725300,321206697,265581011,183443537,196983684,200436603,281261948,327459532,336363829,291532737,256513239,184729542,173851100,164240077,176676446,408819734,265040100,330920740,266005301,156135768,153423783,154376660,155360185,275463989,275359636,295356388,429937571,168109368,158842391,156779013,157497782,148729077,163305231,166215776,192196983,390875345,354055566,319922056,105436408,152841844,164391617,163343915,165560411,275539589,289765001,259785786,244464271,
183,185649770,187366960,172018091,195168697,431893638,388793748,460421489,479679999,203129960,219221386,184806237,183050865,537023217,564168439,561370606,547692299,352922668,361845264,359149571,303232080,178001957,189669355,193571827,252083278,367840546,369621063,316075400,337197385,174272133,171240696,159645293,171452249,323962435,241749866,374901342,282057603,153980279,153212617,154953048,154003533,298399175,296717563,327291489,315941471,163337211,160519013,156233712,157680382,162433139,160672801,163818595,188388407,377571428,358701824,322878345,348057629,162438953,174621924,160695443,159963661,307154724,285442475,254985256,241434177,
184,196689646,189205530,170023941,177257768,436924511,415234715,462087251,485137042,217233920,187469617,183675487,179584728,545609555,573896907,572355147,565075250,379203094,397042888,400621945,343165120,170626630,178373195,187760825,249747037,402115295,354165886,329528156,339550392,174230911,177476432,158794030,167993680,304116771,263271356,421115026,315263833,152912033,152946689,154218812,154729436,311729086,311856094,349573365,331768606,162278990,160931243,155639037,156950371,160097282,158460903,162227825,188717858,376614581,360385130,320889246,353058501,152904324,157406921,158801486,127111896,301507924,281264821,253034811,245907481,
185,229522020,191835800,174675208,181322563,465791349,443028881,449170150,479658088,208409201,228651531,189688549,162360551,543905566,569769742,571090846,577103263,422648551,424015148,433014555,375582346,167431897,180567222,179223423,202111843,437042059,414527583,340276337,345390470,167336328,154770978,156697923,165892143,306565643,270498570,370432963,327159382,149642644,152074174,153007217,153303557,317806762,235062249,363035649,219187777,158861964,160516537,155555797,154774449,158281349,158212586,161256523,179144272,386487093,371722716,350225960,362199093,158623635,156158485,157326582,159651193,300900895,281100384,254871699,246459050,
186,175230063,191698687,172584110,172571730,506635983,454615174,450697267,465615195,213570012,166221195,185076451,175179074,624894481,536834875,546732096,564063698,454335345,442126474,468769171,408285975,161429951,177359170,170216740,264160393,457341691,536091838,310231427,354559839,160777786,162886089,154385875,164345520,335773247,263017406,370832349,336301276,151012713,150168806,150690980,150338376,317100528,318961408,354687738,346792475,157088841,159245025,152592047,153429668,156764737,157169839,159845837,175659482,402086633,378374152,352027835,377308483,156312788,155910062,155900294,159700103,302626771,276679338,250635371,238792398,
187,190720047,190780231,170162320,170490764,411314913,397437552,407146950,390567497,202437458,176942530,169008290,166466152,432423102,436437972,448878705,472130593,459726913,453328696,475240622,415938205,135548503,145890211,142869195,182161875,470667761,424794925,369593419,371153809,143785520,138350784,133192190,141791722,293687899,257239393,322785373,326683739,129869409,128756298,129458226,129652831,314801482,321494223,356900798,349434451,131445373,137996721,131351812,131465234,154529582,155599229,158334574,172081304,357462784,336935468,308929956,337723099,155069902,153781382,154570656,154974859,262726493,237815567,201427265,203990752,
188,119981374,192426695,168672931,182907705,223899199,211992489,200621887,204842028,199194711,187447598,158065381,165591082,229908268,224611275,229303299,240904439,476001949,459478236,484030028,446147591,72957100,76746051,75660205,91129883,476345165,464836602,392358368,387449648,77949110,74090390,72083993,76228370,289625581,251901659,442013734,326173010,70542018,69500112,65968756,69485820,317974262,319059577,374386669,356351077,75901814,74775272,70822161,70919075,154056294,155123143,157178736,169128694,191210009,163448400,170227492,179557744,153881324,154994501,154040024,150540975,140231795,123374402,113495497,105425013,
189,178492964,188489926,165298906,163264535,36914410,39976718,38561348,33368441,189327836,164334806,171566987,159699745,36192675,36063663,36364023,38206989,460396588,452315672,470013729,438848376,15002817,15661279,15336995,16614391,464004882,451734209,402099626,318818865,17733590,14886747,14860055,14957684,210462377,286862370,377546291,298122123,14912031,14522111,14327853,13780124,312785559,319564081,350466011,362925993,15172430,15295304,14882195,14600174,149872216,150334700,152641023,163099828,32336938,30900606,31733141,29764944,283174892,146653271,149159593,149591767,25124544,22334101,19556749,18570842,
190,127492185,143120135,125265434,124054655,5743625,11903588,11737889,5380335,151539702,135279405,122187683,120282295,6172689,5739808,5161900,5631949,361769126,349353645,351020753,337926964,5391659,5753188,5478706,4976328,348983974,341188854,320887663,315610300,5533011,5046451,5403607,4851344,212656825,187960288,291544539,231156333,5698045,5294358,4987544,4383446,248832505,252850426,277016598,291809666,5439718,5189029,5437535,5112763,114954995,114802122,116128672,122684187,5782287,5503593,6186700,5125668,114475526,114074487,114462500,114618551,5493469,5684800,5280031,4851148,
191,62991888,65474086,57442815,56148182,4977565,11185841,11101744,4710437,72922400,58417855,51379323,54872704,5482901,5045940,4442649,4873897,164018156,155914610,153050782,149972106,5143639,5508973,5235735,4705851,154699158,151661920,145894590,145629741,5271123,4800082,5162035,4603719,93896908,90226412,130593175,107672330,5458584,5041509,4723644,4134454,115781516,116735939,124745618,137213709,5193725,4930134,5192848,4864067,53503393,52744934,53597102,56390231,5142474,4918583,5567460,4506678,50843078,52500123,53227252,52831916,5040304,5272070,4926107,4527409,
192,8929825,9096124,8379545,9160060,4954381,10983060,10875860,4690673,9223798,8322067,8535124,8055971,5454626,5025614,4420936,4850286,15467953,14414083,14033297,14349783,5019584,5478506,5200941,4678379,14579770,14550786,14252841,14160067,5247969,4778217,5135556,4585084,10943012,10023069,13032202,11714005,5422195,5016045,4692383,4099883,12844513,12705406,13845399,14497639,5153859,4909980,5164055,4844065,8860850,7834939,8154330,8855687,5115605,4889759,5537101,4488570,8081566,7957488,8406098,8014624,5017321,5233428,4899988,4499766,
193,5840552,5804113,5589383,5858405,4948871,10893525,10768524,4689194,5929835,5289603,5708564,5306185,5443763,5017860,4408106,4841250,6705595,6147269,5979043,6469823,4975724,5471605,5192230,4664630,6497152,6581981,6465236,6434910,5240397,4768193,5131411,4578709,6077750,5712520,6477711,5897724,5416127,5008528,4682855,4098229,6332100,6193812,6508197,6805302,5151017,4892204,5155130,4831424,6258743,5209267,5501620,6082921,5109594,4883730,5533256,4478390,5312409,5351782,5764167,5393308,5006665,5228360,4890603,4489668,
194,5236819,5243041,5078748,5361093,4934464,10738351,10559000,4682429,5363576,4775885,5288989,4830985,5436663,5008537,4402654,4834500,5236086,4775170,4637232,5147812,4958373,5451830,5176322,4656120,5143556,5275764,5145761,5139740,5223571,4758680,5116829,4567021,5247472,4997800,5343613,4853613,5403523,5000707,4671163,4094342,5115664,5016676,5248896,5483686,5136578,4890166,5139192,4830722,5796327,4757427,5041680,5604960,5103554,4873862,5521296,4472254,4851594,4901703,5308630,4943741,4998499,5212555,4883336,4485594,
195,5198793,5207093,5046606,5326485,4923576,10551642,10237953,4676377,5315269,4749535,5249826,4807369,5419347,4996217,4394418,4831336,5162898,4701162,4564950,5076541,4953991,5449815,5179236,4648301,5065145,5205022,5076602,5069494,5220647,4751304,5107560,4564219,5198293,4943857,5272365,4788178,5404084,4998459,4669510,4091939,5041760,4950263,5179715,5408309,5141936,4880761,5132217,4819418,5767748,4729159,5008839,5576971,5093493,4864504,5511862,4469011,4828839,4875471,5274568,4913142,4985578,5208517,4876512,4479669,
196,5168919,5185080,5023035,5304418,4913488,10271656,9642258,4676863,5286389,4710322,5224706,4791221,5416903,4993671,4389651,4822051,5125057,4664466,4532819,5043029,4946131,5440270,5173894,4642617,5033191,5166036,5044064,5043284,5210804,4740671,5103141,4553137,5176018,4918190,5241794,4756392,5384937,4989841,4665270,4087685,5012143,4916380,5144877,5370404,5131023,4873182,5122568,4821536,5745250,4709089,4992757,5555366,5080971,4860884,5506208,4464893,4807759,4858567,5254654,4903365,4988327,5200369,4869962,4477126,
197,5164239,5171667,5018637,5296076,4907727,9593523,8200232,4669791,5274171,4712976,5213650,4782196,5400413,4986248,4375821,4821102,5126226,4655089,4527497,5031492,4936860,5438132,5157330,4635042,5020028,5160772,5016709,5029863,5203073,4730907,5091905,4544023,5160219,4906608,5228881,4743095,5376927,4982956,4652686,4087839,5004952,4912196,5135509,5364015,5102359,4862010,5111256,4816558,5735389,4705520,4986522,5549720,5072449,4851091,5494404,4469164,4800699,4855629,5250342,4889334,4977274,5193998,4858823,4477198,
198,5151426,5165946,5006505,5286514,4905699,7918100,5524026,4664992,5262198,4698824,5207329,4772986,5391775,4972330,4369656,4805683,5113855,4645503,4509937,5031070,4929208,5418633,5149333,4625733,5011312,5144449,5019899,5022357,5190757,4721240,5076572,4533687,5154919,4901593,5220868,4740951,5357786,4971698,4636187,4084809,4988862,4895969,5119946,5349118,5088410,4854166,5098315,4811477,5719708,4691403,4986506,5532321,5067401,4843931,5483929,4461729,4790249,4843559,5234472,4877680,4966812,5178941,4848090,4471690,
199,5143512,5150401,4996678,5279608,4894248,5504241,3059789,4661576,5252709,4683345,5190359,4757584,5387649,4963205,4361111,4796503,5107054,4638682,4499699,5015850,4919924,5398472,5136249,4613506,5006156,5144643,5014140,5011587,5177985,4708966,5065930,4525169,5144213,4885987,5210678,4722323,5342325,4957025,4621533,4078213,4981510,4891351,5107727,5344099,5085528,4840238,5084877,4806435,5705454,4680462,4972587,5531693,5051305,4836649,5477874,4452978,4781935,4840212,5230991,4876695,4955257,5164951,4834051,4466592,
200,5127346,5146285,4988279,5261179,4879470,3135327,1608160,4655191,5243420,4678299,5185194,4755092,5369993,4946528,4350102,4780556,5096213,4632585,4487995,5004316,4906850,5398727,5120402,4610824,4994632,5126468,5010325,4995150,5163841,4701649,5056626,4516024,5134558,4881959,5198390,4717531,5331803,4938963,4607962,4074014,4969555,4882492,5102348,5332688,5064157,4829078,5071034,4796017,5720657,4677505,4957571,5523803,5042691,4828852,5462345,4439577,4771742,4825555,5218724,4863480,4949021,5153672,4827595,4463411,
201,5122371,5132954,4980272,5251721,4866504,1693382,1049262,4651148,5233333,4668383,5173903,4752081,5347234,4930180,4335028,4764573,5078095,4623361,4487314,4997536,4895386,5377626,5100697,4597905,4980899,5124888,4995613,4988870,5148975,4686137,5041614,4501315,5125029,4874200,5186888,4710174,5313770,4916477,4594976,4065982,4958206,4876782,5093625,5321262,5056110,4806247,5063501,4790222,5706631,4662221,4946333,5509263,5032839,4814779,5455646,4439233,4764813,4813033,5209656,4853770,4934040,5150655,4816395,4461029,
202,5109600,5118790,4970311,5236874,4841702,1057307,859485,4640952,5221867,4652151,5159125,4739365,5318495,4909528,4314047,4747199,5069972,4612816,4473390,4986431,4880223,5363983,5084506,4584610,4971941,5113713,4986729,4979721,5126587,4674264,5020301,4482144,5117295,4863155,5183382,4702254,5289292,4891327,4577107,4058081,4956696,4860357,5086225,5306883,5032816,4785529,5040912,4777631,5694378,4644941,4933854,5495270,5018473,4800265,5438815,4435162,4758423,4802831,5195024,4842478,4919746,5136793,4800634,4458168,
203,5101828,5113662,4955081,5225410,4822102,867674,799743,4636747,5214168,4663213,5146731,4737894,5305038,4886514,4301481,4726264,5057048,4599629,4465914,4976265,4862235,5339845,5060467,4565098,4958868,5102682,4965149,4968751,5095994,4650968,4995337,4456888,5106536,4851783,5170121,4695305,5260605,4864457,4548645,4044997,4944444,4854875,5077399,5294721,5012103,4762808,5020169,4768076,5672239,4643234,4921107,5482169,4993425,4781526,5423773,4416223,4744767,4793342,5184086,4825441,4903308,5116447,4781231,4455257,
204,5092867,5097147,4942346,5211741,4803581,806961,769803,4621564,5201868,4642736,5137974,4720624,5278763,4867886,4282362,4707700,5046012,4589545,4456576,4954757,4837155,5324557,5031738,4537837,4941284,5094202,4963084,4958325,5069936,4631502,4968329,4433556,5094446,4842592,5160209,4688932,5234557,4846628,4528937,4035381,4930352,4845772,5063739,5282185,4989598,4742295,4996283,4751309,5633102,4624571,4912038,5469370,4967964,4758301,5397047,4410130,4722230,4771471,5176564,4814420,4878668,5096792,4754794,4440597,
205,5076903,5086280,4930162,5194522,4783414,770847,741658,4606094,5189122,4638167,5124632,4721492,5252835,4847872,4265257,4684812,5032693,4579714,4435820,4949072,4878683,5283813,5005034,4512988,4927090,5082939,4953437,4938947,5043387,4599947,4941728,4408816,5080541,4829602,5145433,4671043,5206740,4826699,4510721,4022299,4917966,4835176,5052308,5279234,4961440,4706181,4973100,4737035,5618054,4607107,4896205,5453831,4948629,4728508,5369442,4398894,4714673,4754798,5155823,4796333,4849303,5068881,4729328,4427264,
206,5062687,5069872,4912293,5170400,4755544,738156,710360,4587202,5174604,4628506,5106051,4692711,5223480,4825610,4241712,4661349,5005790,4558053,4413342,4933364,4904876,5248053,4980168,4485458,4903441,5050605,4936216,4911617,5013169,4574854,4910678,4386154,5073417,4815036,5133013,4664619,5165771,4798455,4483933,4005064,4896735,4810474,5036295,5257654,4930956,4676040,4937447,4717562,5579967,4595162,4874299,5432980,4916190,4704699,5332240,4371390,4686757,4728160,5138170,4774270,4818257,5039120,4699887,4413019,
207,5051349,5048944,4885174,5141606,4730806,711808,684074,4573491,5154562,4612229,5094299,4682067,5198450,4802242,4224431,4648187,4972372,4541726,4400623,4923068,4773572,5226814,4954196,4469170,4884870,5033206,4916490,4890479,4988182,4550802,4881869,4365758,5049382,4795300,5118350,4660543,5144975,4781977,4464725,3998259,4882006,4798356,5021387,5238326,4902164,4660776,4912460,4706993,5556629,4569379,4856130,5410301,4893821,4687640,5304569,4357056,4666041,4707752,5115641,4752236,4796269,5016531,4675962,4397074,
208,5029445,5017172,4863493,5110496,4702343,682706,653708,4560018,5126127,4581581,5062634,4647891,5167851,4773264,4198555,4624305,4961203,4515292,4373382,4894778,4726766,5190219,4918143,4439110,4854228,5001975,4896946,4864923,4957314,4517148,4852073,4335283,5024820,4768791,5090262,4627609,5109455,4753989,4435474,3981306,4849928,4769837,4994507,5210628,4865203,4631335,4885922,4687782,5521233,4544149,4824545,5374715,4865662,4651696,5270908,4351209,4635483,4682923,5088943,4721429,4766787,4978655,4650828,4383072,
209,5009722,4986541,4838147,5083447,4670945,651536,621835,4543489,5096805,4549161,5033772,4626201,5134822,4750924,4177310,4596678,4937196,4500128,4350755,4878088,4703216,5165882,4898886,4410450,4828412,4982847,4880828,4844247,4925526,4491892,4826929,4309614,5002375,4736106,5064627,4606016,5073888,4728773,4407716,3973924,4825218,4744832,4972565,5175222,4826041,4602129,4859158,4671291,5478322,4519631,4803728,5347894,4837861,4626688,5242048,4336778,4610670,4662636,5060359,4703363,4744219,4959030,4620068,4365420,
210,4978145,4957663,4803350,5046290,4645025,618039,585740,4526142,5061803,4537146,5002626,4603554,5102706,4720163,4146363,4571229,4911370,4475756,4324728,4846005,4681014,5127826,4864357,4388584,4800084,4961719,4847037,4816743,4895320,4464891,4792945,4286423,4963735,4710884,5034629,4573460,5039760,4698742,4375413,3957223,4798116,4715650,4946075,5146442,4807510,4568187,4829989,4655033,5436345,4490373,4775636,5315673,4808764,4603894,5212998,4321577,4584536,4635267,5029989,4680088,4714909,4924039,4592438,4349998,
211,4951565,4929516,4778942,5018036,4614040,587963,553854,4511364,5040140,4505516,4978593,4580508,5058854,4684674,4121340,4538470,4879715,4456670,4305280,4824079,4652092,5100858,4835629,4354229,4775212,4937602,4826085,4789608,4858612,4432264,4758017,4250770,4937413,4689816,5003870,4553284,5002009,4656821,4340007,3948970,4767219,4690266,4920820,5122230,4777617,4517421,4803263,4635803,5401993,4465891,4753435,5285391,4782874,4576821,5180862,4309370,4564156,4616272,5009654,4657893,4685026,4898734,4561954,4333742,
212,4924421,4893168,4749955,4982894,4583979,555784,519517,4495495,5009505,4478611,4949996,4552317,5007582,4656315,4085841,4509805,4845409,4426740,4285425,4795166,4624459,5070170,4808028,4331790,4750462,4907198,4801363,4768658,4811748,4395488,4711544,4203595,4907401,4659038,4973376,4530377,4967480,4606805,4294256,3937971,4741490,4666092,4890648,5093016,4743144,4426098,4772321,4624163,5360249,4447106,4723999,5251530,4760977,4550009,5146378,4296965,4544411,4584345,4975538,4632708,4657720,4871829,4537426,4320002,
213,4897802,4868199,4719592,4954517,4504608,519007,480451,4474737,4986045,4453961,4917747,4524664,4899076,4602339,4013736,4457317,4822919,4405641,4257884,4771474,4590547,5017984,4753966,4282636,4719106,4886167,4774158,4739515,4702375,4307811,4604168,4071387,4878875,4633334,4950479,4500300,4906972,4506485,4190613,3922019,4712251,4647766,4865790,5068509,4682088,4198338,4736536,4606158,5323309,4420235,4700530,5223364,4719385,4511732,5098273,4277656,4517858,4554990,4953231,4608531,4614304,4837582,4491217,4300372,
214,4870494,4828624,4689752,4912858,4293394,477635,435355,4456136,4955656,4457287,4885647,4497935,4613187,4485193,3822345,4348359,4774182,4380266,4223718,4742591,4547505,4919958,4643138,4159745,4687271,4853081,4740700,4711887,4367108,4055339,4283259,3691811,4847333,4602926,4916183,4475890,4782634,4226115,3918134,3902445,4678042,4624084,4834014,5028558,4552701,3565707,4680229,4581381,5270379,4387707,4667762,5184515,4657107,4437440,5026177,4246370,4491048,4514080,4920729,4576973,4507405,4778917,4377999,4281607,
215,4842384,4797862,4663701,4880519,3771478,435385,385563,4428132,4925901,4425634,4855019,4465660,3934629,4199960,3367126,4081336,4724626,4354151,4198745,4714892,4450130,4689072,4360182,3846316,4662379,4829952,4722019,4683011,3666766,3458966,3585685,2947071,4810284,4575044,4891540,4452728,4473491,3623721,3337398,3882987,4649124,4589567,4805676,5008431,4192059,2564075,4545955,4551185,5209227,4354170,4642273,5152279,4511887,4258580,4837255,4208063,4459834,4467261,4888229,4549430,4218566,4668828,4094498,4261056,
216,4811443,4751285,4625071,4818318,2781185,382827,320941,4373050,4894175,4393165,4823453,4435573,2722490,3500160,2476152,3414573,4637486,4324671,4155616,4679871,4165606,4091112,3656625,3132113,4615970,4800700,4690826,4644578,2463054,2448033,2449516,1900446,4767446,4541500,4862456,4421972,3742455,2569761,2344289,3847001,4622805,4560536,4772658,4973593,3374234,1456359,4189033,4512634,5098783,4306548,4611200,5109878,4103332,3762174,4345291,4095432,4421572,4386201,4853260,4514010,3516706,4352596,3428934,4237073,
217,4784786,4685715,4577645,4703369,1671831,318119,243663,4258410,4860637,4361975,4791334,4389841,1542381,2398435,1456962,2341260,4448981,4294467,4078799,4647980,3518229,3061287,2641738,2043706,4551646,4767095,4658081,4596490,1377131,1417210,1382104,1026534,4714121,4486317,4830209,4395648,2594450,1480400,1329566,3769410,4579555,4521785,4732236,4933424,2238823,756502,3422080,4431511,4881112,4246131,4574284,5064047,3283708,2841699,3385798,3790983,4369595,4223385,4810767,4471730,2447895,3648521,2407035,4181416,
218,4747344,4471553,4466873,4325183,814287,234606,157357,3850570,4810591,4296757,4739541,4282388,746794,1227991,685491,1178593,3893447,4219643,3851806,4573281,2361048,1751551,1382359,1080347,4368026,4686478,4609328,4469475,684399,692532,688825,514147,4561546,4340585,4780924,4339825,1361888,711879,626284,3480938,4466954,4396816,4650207,4849807,1134089,435707,2161360,4149364,4277514,4066159,4508262,4935140,2018380,1619241,2006042,2990041,4252134,3767840,4728762,4377457,1294399,2416390,1291588,4000403,
219,4691720,3996226,4209799,3614360,484651,159356,97796,3016972,4726504,4140340,4660403,4038458,479137,652764,400855,613924,2975714,4083689,3373948,4450177,1333224,927654,740584,578613,3952695,4528594,4530873,4161231,449583,428232,447757,349683,4224020,3995357,4708969,4225347,754637,444440,395822,2832704,4204685,4099590,4461274,4698655,618063,346776,1163925,3480209,3335930,3693830,4373108,4680662,1070433,832778,1037260,1941111,4008026,3025384,4599858,4188854,687785,1339118,691603,3522937,
220,4558063,2920488,3472632,2346134,375430,107176,68289,1996401,4472465,3661325,4427183,3353933,391841,449273,312653,417801,1680167,3661327,2371233,4055179,770158,582605,493935,399472,2951291,4018493,4276491,3315194,371769,342799,364285,296367,3371988,3135323,4491748,3844857,540865,358139,322912,1928891,3460271,3290445,3872731,4167635,437824,314710,680788,2500703,1967967,2814403,3949941,3911805,626343,505252,602685,1119833,3349803,1856892,4222658,3657298,458068,749308,461154,2705270,
221,4246874,1774413,2420368,1326408,329492,70761,53521,1090430,3915704,2829369,3891908,2349668,355603,360674,275801,334823,872104,2861508,1398063,3280156,502520,439790,384912,323345,1819237,3116084,3746808,2216305,339151,307041,328790,274904,2277720,2071967,3978956,3088287,440298,323809,294804,1051283,2416921,2227337,2893158,3225230,361137,302754,473238,1443697,1065880,1791321,3157974,2783255,438930,375304,431872,643053,2372994,1002501,3492075,2778704,364441,481859,365267,1649440,
222,3322960,808638,1199913,659788,313690,54785,48205,630652,2662970,1562548,2692020,1169235,341568,324386,263268,297060,454054,1575132,648968,1928919,387502,377849,334362,291685,837576,1743048,2522388,1089023,325937,292721,313323,266242,1104056,1000031,2775342,1806959,388685,309214,283802,582351,1219299,1091769,1528849,1800055,329890,293941,378218,788393,575573,838632,1847272,1411813,356947,323360,371795,454219,1188489,496496,2135988,1512979,326868,375662,326847,856867,
223,2155813,484284,653926,461759,307092,48173,44856,477859,1538417,812065,1583169,626911,335055,310726,256590,285026,353329,811476,407484,1007558,335133,357529,315041,279359,503910,933100,1417929,630385,320135,287438,306268,260309,602365,566727,1629882,948994,371123,303797,277995,429946,648318,609708,794009,959790,320459,289656,334168,553482,444291,487166,1001984,761087,323013,305353,353322,366999,647368,363498,1147594,810711,314589,331604,312887,541996,
224,888095,355439,398630,369629,298788,42444,40018,352410,693036,415572,687277,373260,325126,300341,250021,275295,315389,417420,304738,475542,303697,343410,302172,271268,358294,505026,595739,414171,310571,279049,297046,254273,382150,370623,686076,449155,357573,294155,270104,311112,404307,385762,432669,504883,310633,282264,308309,400138,388814,336222,516308,459358,303921,294031,339523,280451,395433,311031,532258,450241,304441,307927,301911,368061,
225,551176,332137,340483,350984,292572,40355,37962,301969,511016,336633,484074,325660,321289,295701,246003,270237,308761,337275,283875,375094,297347,336079,299072,267787,325337,407085,425446,352087,305266,274540,293406,249369,341216,325052,480413,353175,351006,290077,266098,262985,348952,329968,362428,408047,305661,277892,302581,337111,378962,304234,407070,397542,299093,290336,333377,255995,335992,300136,412745,369447,299081,302264,297705,305853,
226,407717,321183,311157,338674,287549,37730,35488,274997,407033,298889,382842,303797,314475,289670,242160,265989,301714,297596,274065,330154,291625,330656,291291,261874,310825,345849,350637,317705,300111,269042,286528,245053,323941,304949,382020,309740,345007,284354,259966,236502,321739,299035,331982,354071,299599,272756,295327,296847,369130,289755,344191,369737,292745,284044,328457,245208,305482,294164,354906,325906,293094,296030,292105,264489,
227,353171,316274,301803,333514,283396,35163,32979,264530,358316,286580,341328,297325,309237,285174,237887,262066,296775,285786,267543,316628,285598,325752,286583,258590,304571,323650,325281,305547,294979,264936,282766,241166,317101,297725,347325,296574,339409,280048,256174,227289,312879,288510,323404,336798,295977,268357,290398,277970,364642,283918,317598,360194,288037,279189,322834,240450,295179,289560,338558,311643,288896,290410,287439,248138,
228,326550,308344,294650,326789,278925,33036,30733,260628,329653,280371,320178,291350,304407,281050,233121,256230,289998,279208,263721,308945,281442,320027,281735,254030,297747,311959,313267,298811,290452,260168,277178,238316,310410,291371,329167,289636,333443,275860,251443,223631,305779,282658,315727,327705,291339,263856,286742,271611,355496,277089,305167,352145,282707,274709,317710,236856,289656,283681,328379,303304,284654,287431,282736,240831,
229,316386,305095,289588,321522,274257,30390,28092,256531,322396,276061,312623,286722,298795,277239,229087,252924,285910,273781,259643,304552,276669,314137,277938,250619,293870,306448,308586,292819,284688,257054,273274,233112,306309,286852,321496,284199,326845,271737,247651,219437,300276,277968,310966,319652,285279,258197,280986,267022,348431,272801,299163,346428,279006,270792,313280,233578,283645,278576,323055,298619,279820,282353,278701,237159,
230,309193,299409,284195,315808,269999,27765,25569,252689,314267,270161,304947,280611,293499,271141,225232,247378,281348,268359,254121,298261,270390,307960,271990,244187,287594,299474,301518,287439,280190,251158,268311,227951,300280,281881,314084,278622,320333,266142,242590,216742,295525,272130,306468,314132,280407,253649,275933,263451,341313,267698,291654,339950,273736,265154,307334,230217,277609,273278,316429,292318,275212,277512,273640,233043,
231,304472,294286,279785,310125,265055,25468,23135,248992,308921,266022,301392,275942,289137,266316,220838,243342,276965,263152,250950,293767,266759,302589,267151,240710,281267,295811,297567,282032,273866,247228,262645,224960,294701,276921,309307,274822,315985,261503,238116,213270,290689,267793,299619,308935,276143,249409,270352,259037,334495,264418,288309,333498,269719,260976,302321,227499,273690,269882,310959,287574,269837,272112,269818,229385,
232,299276,290095,274839,305788,259864,23164,20757,245778,303747,261495,294985,271313,284158,262234,217166,239644,271684,259711,245743,287523,262612,298161,262711,236256,277965,290409,292045,277469,270369,242113,257616,220240,289901,271519,305068,269309,309180,257367,233057,209687,287233,263364,295570,302739,270791,244213,266474,254701,329813,258027,282929,327333,264294,256997,296895,223755,268917,264607,305142,283117,265180,267737,264705,226470,
233,292324,283213,269053,299939,255239,20865,18536,241912,299205,257765,289864,266943,276704,257076,214144,235268,266406,255445,241533,284666,257353,291082,258337,231894,272991,285473,287099,273233,264812,238062,253188,215318,285854,267046,298818,265955,303853,250652,229838,206609,280596,260245,290544,298073,264475,239049,261575,251751,325361,254994,278292,322130,259623,253809,291718,220074,264491,259991,300753,277895,260259,262213,259225,223059,
234,288483,278209,264272,294363,249521,17828,15379,236590,292981,253645,285221,261588,271972,251608,208911,230440,260831,250306,236926,278495,252683,285229,252791,227558,267367,280870,281375,267273,258666,233094,247898,211006,280228,262882,294258,261593,297042,245421,224137,203651,275957,253879,285092,291639,258659,234028,257031,248025,318490,250003,272818,315498,253404,248372,285929,216412,259436,254860,295934,273150,254263,257887,255213,218607,
235,284356,274044,261002,288668,244581,15130,12455,234329,288208,247801,279228,257961,267044,246125,205232,225049,256619,245373,232887,272272,247654,280563,247496,223351,263392,275245,275946,261672,253527,228198,242131,206518,274874,258372,290069,257114,290692,241362,219401,200999,270907,249556,281188,287224,253864,229218,252514,243905,313059,244562,267647,310708,249141,242896,280014,213006,255853,250304,290113,268795,250961,251673,249143,216024,
236,279302,267730,254952,283538,239857,12662,9875,230689,282808,242981,275249,254017,261213,243031,200380,221821,250751,241415,227557,268728,244187,275468,242915,218083,258062,270088,272097,258565,249722,222926,237537,202748,269963,253375,283517,252561,285820,236703,215101,197404,265961,245986,274829,282033,249466,224835,246841,239568,304405,239895,263352,305306,245525,238582,274790,210383,250392,246097,284147,263795,245651,248558,246094,212062,
237,273921,263183,250081,277276,233550,9695,7116,227025,277641,239110,269575,247893,255885,237783,195150,215861,246424,236981,223294,263404,237925,269430,236891,214303,252174,265347,265809,251276,243133,218074,231643,197499,265097,248059,277634,247301,278867,231323,210144,194495,260917,240527,269424,277156,244784,218705,241259,236357,297825,236379,258976,297941,239375,232356,269025,206321,245803,239879,278168,257949,240520,242688,240028,210111,
238,269822,258040,245550,271751,228955,7445,5309,223623,271394,234336,265172,243923,249325,232030,191012,211238,239924,232812,219017,258654,233258,263409,233231,209661,247525,260242,262192,246940,237095,213271,226272,193639,259464,243570,273928,242845,272974,224896,205135,191438,255139,236666,264068,270320,239455,213221,236853,232594,290890,230760,253668,292006,234702,228579,262251,203842,240864,234317,274744,253300,236118,238013,235559,206227,
239,263937,251751,239808,267167,223110,5339,3986,219898,266881,229730,258993,238796,242058,225901,185741,207009,235132,227233,215802,251837,227842,257036,226346,204739,242376,256534,258119,242486,230462,207004,219725,187374,254626,239318,269645,237511,265671,218670,198863,188155,250555,231332,259902,265036,232726,207348,231113,227850,287253,225581,248649,286356,229110,223126,256752,199801,236099,230012,268222,247603,229752,231913,229716,202836,
240,258749,245935,234084,260225,216937,4005,3267,215803,262128,223498,253574,234868,234668,220551,179926,201195,228408,222352,209673,247665,222199,250145,220529,198509,235979,249361,251232,236893,222852,200345,212672,181267,247694,233759,263070,232545,258535,211199,192875,184235,245333,227202,253328,258196,226945,200723,223927,223108,277678,220533,242961,279957,223750,216532,249364,195414,231809,224607,262302,242721,223227,226479,224105,198321,
241,254454,240840,228809,255221,210910,3566,3192,211663,257337,220407,248248,229013,227763,214729,174612,194006,222563,218288,205354,242465,217103,243272,213958,193108,231390,245446,247031,231079,217191,194242,205588,175679,242813,228337,258051,228561,250888,204639,186954,181233,240200,221979,248846,252381,219884,192613,218417,220377,270851,216472,238465,273533,218005,211785,243680,192163,225930,218944,257324,238488,216937,221627,218160,194109,
242,247810,234564,224105,247830,203815,3017,2793,207781,251544,215410,242920,222509,220919,208174,168248,188858,216460,212809,199431,237300,210900,235564,206814,186978,225788,238711,242275,225243,209353,187902,198211,168796,237035,223475,252602,223052,242262,197822,179598,178585,234253,217030,242171,245853,213202,186660,212037,215241,262744,209684,232720,267352,211729,205217,235547,186148,220881,213267,251706,232868,211108,214711,211816,191012,
243,243900,229369,218966,242408,196890,2843,2675,202240,246873,210758,238457,219053,213610,200602,162600,182324,209952,208359,194827,232217,204633,228321,200627,180993,220231,234829,238203,221175,202208,181470,192114,163208,231528,217557,247708,219474,234080,189932,174198,174488,228606,211616,237495,241265,206488,179274,206404,211029,256404,205072,227431,261554,206480,199203,229648,183693,215181,208274,246422,228142,204407,208993,205173,187687,
244,236919,223412,212852,234880,191931,2592,2449,199736,240347,204439,232796,212697,205038,194901,157043,176789,203472,202519,189731,226456,198977,222044,195234,175964,213801,228805,231259,214995,195313,175401,184284,156825,224212,211845,241784,213060,226637,184417,167587,170238,223255,206368,231429,234684,200225,172328,201120,206241,247081,198717,221568,253174,199900,192936,222113,179664,209452,201501,239449,221345,198314,202326,198855,183948,
245,232190,215697,207545,228276,184651,2459,2315,194880,234914,199310,228115,206983,197019,188798,150965,170752,196125,198115,182262,220937,192157,215258,187580,169524,207231,223758,227223,208971,187973,168602,177425,150594,218022,206819,236727,207733,217742,176193,160382,167170,217314,201512,226238,228740,192912,164411,194931,202511,239697,194399,216627,247966,193607,187286,214197,175528,203623,194555,234295,216396,192013,196286,192652,179309,
246,225183,208214,200240,219928,176786,2302,2181,190110,228550,192596,221131,200043,188655,181641,143840,163254,188097,192019,177763,215064,185310,205194,180732,162741,201150,216757,220183,201833,178560,160101,167950,142525,210486,199508,229486,201665,209168,168813,152516,163248,210278,195136,218876,220578,185084,155933,186031,197921,231128,186352,210107,237873,187167,179838,204840,170207,196586,186373,226976,209751,184898,188942,184798,174916,
247,220900,201474,194329,212801,168685,2178,2037,184108,222088,187984,215262,194575,179265,174086,136821,156729,181145,185969,171666,208655,177952,197747,172923,156284,194832,210697,213647,195793,169861,152215,159634,135156,204698,193235,223053,196156,200597,159342,144460,158828,203380,189566,212243,215171,177007,146493,179315,192019,222510,181381,204459,230862,180372,173272,196690,165467,190313,180277,220874,204172,176280,181550,177594,170661,
248,214389,194315,187574,205366,160129,1989,1858,180486,217229,180754,208308,187308,168794,166823,128065,149256,172609,179933,165721,201546,171201,188367,165085,148280,187690,204489,208655,189497,160069,143261,149968,125810,197528,188124,217356,189908,190543,150288,135512,154304,196659,182976,205080,207977,168166,134249,172332,187636,214510,174533,198527,223260,171948,165910,188230,160360,184690,172805,213706,197602,169459,173801,170291,165553,
249,208761,187268,181012,197606,150954,1875,1764,175351,210878,174707,202965,181867,156697,158260,118588,141457,165706,173815,159358,195004,163823,180970,156620,140363,181555,198190,202363,183197,148008,132957,138262,115339,190243,180848,210623,183752,181495,138539,124477,150013,190063,177400,198888,200658,159323,118407,164775,182385,202929,167498,192226,216123,164645,158620,178554,155689,178927,165966,207249,190875,160891,167029,162532,161507,
250,200547,178671,173301,188231,137982,1731,1549,169019,203483,167389,194768,173731,142109,148048,104596,131922,154342,168324,150691,187456,155519,167758,145705,130140,173167,189918,195272,175767,131489,117812,121153,99312,181119,173050,203230,177041,168713,122831,108132,144609,182579,169782,190652,192820,147486,95089,155550,175605,190861,160209,184926,206022,156176,148289,167220,149730,171068,156269,198138,183604,149707,157341,152441,155945,
251,194650,169909,166727,179649,121544,1568,1440,163323,196370,161998,187931,166541,121108,136453,86306,119619,144669,161607,143550,180390,146133,155248,132677,117890,164587,183861,188604,168250,109714,98426,98678,77672,173736,166560,197037,170400,154158,101225,86078,140425,174291,163139,183297,185768,133650,68610,146241,169701,180392,152636,178010,197311,146375,139559,154872,143764,164197,148302,190278,176953,138552,148794,140763,151278,
252,186649,160307,157864,168841,101468,1431,1282,157275,189471,153783,179797,157736,96081,122581,65227,104144,130199,153379,134802,171503,133640,142216,119219,103089,155323,176491,180862,159788,85033,75106,72612,55759,163477,157830,188680,162999,137137,75441,63015,134527,165964,156047,174405,177288,115239,46092,136351,164245,165999,143665,170761,185846,136328,126863,139148,137739,155230,135762,181755,168744,122990,138429,127475,146192,
253,179113,150924,149574,157425,75158,1385,1245,151422,181763,146156,173999,146774,65134,102390,42368,82087,113155,146436,126300,163711,120421,120604,97570,80737,145628,168847,172828,152354,56039,51146,48057,35480,153011,149834,180918,154962,111202,49390,40964,129849,157592,147933,165714,167956,88724,29584,121696,158072,148051,135064,163711,176216,121315,109584,116130,131848,146478,122871,172777,160562,101626,124627,107072,140295,
254,169835,135179,137945,138787,47788,1181,1061,144158,173105,136026,164492,135792,39577,73462,25646,54067,83776,137400,112200,153551,100717,90425,68536,53951,132135,159123,164399,142796,34909,31334,30455,22880,139429,138425,171378,146095,77363,30336,25558,123537,146280,138224,154831,157704,58618,21311,100147,150239,119049,121768,154003,162697,98764,83110,84654,122952,133734,100053,162025,150677,72416,103267,78120,133902,
255,162318,117265,126101,118780,31225,1100,995,136218,165356,125886,156503,123825,27250,48114,18649,33873,56348,128063,95190,143445,77587,61451,45697,34426,116737,150042,155873,131754,25012,22349,22598,17460,123508,126380,162827,136905,51010,22296,19108,116193,133404,127986,143754,147933,38302,18118,74196,142890,88373,105304,145244,146001,72975,56808,56275,113477,119360,74561,150873,140837,48184,77830,52567,126200,
256,154621,97615,114290,97547,20352,898,793,119648,158139,115038,149649,111130,20240,24879,14650,19372,38698,119274,77506,133341,41020,31822,24691,19603,99251,142219,148687,120214,19386,16994,17925,14444,106802,113536,155541,127388,29776,17514,15788,100390,120266,117479,132425,137444,22372,16504,37520,126667,64256,88365,136983,130182,36812,27620,28548,88873,102944,54713,139701,130716,25083,38884,26858,110820,
257,145584,70907,94175,69321,18542,823,739,104756,149167,97552,138702,90847,19185,20255,14064,16751,25682,104437,54856,117620,28245,24972,20228,17082,73773,129525,136539,101922,18139,15957,17002,13726,81855,92432,145098,113341,25458,17045,15116,86169,98875,99668,114065,122443,19587,15936,26635,112664,42911,64229,124748,103598,25742,21260,22996,67638,77896,35481,121543,114336,20546,27079,21194,99011,
258,129706,41503,64141,42837,17283,761,701,82698,134721,69145,123174,60519,18491,18286,13436,15396,19437,78872,33750,90307,21280,21645,17588,15625,44772,107607,119557,73647,17443,15476,15993,13304,51582,62003,128680,88157,22875,16617,14727,64425,68752,72020,83177,95150,18384,15233,20817,91259,29474,38751,103243,67999,20585,18026,20485,45685,47914,23075,90936,86433,18479,20502,18894,79449,
259,111943,27778,41782,30336,16893,698,664,59647,118221,46350,103689,39689,17999,16780,13248,14615,17570,54485,22988,63707,18487,19897,16562,14712,30070,82903,98259,50566,16908,14758,15969,12969,33835,40740,108428,62793,21621,15801,14107,44845,46875,48702,56812,68428,17550,14876,18390,68438,24598,26052,79179,44632,18301,16875,19495,30763,32220,18815,62832,61005,17557,18226,17750,57823,
260,83677,21222,27077,23577,16425,646,628,42337,92258,28595,76107,25654,17601,16295,12604,14359,16865,32827,17949,39084,16621,19430,15664,14284,21844,54544,68652,32551,16523,14572,15475,12689,23747,26514,78613,38477,20869,15503,13781,31517,30149,30308,34646,43160,17112,14400,16848,49049,22213,19405,52005,29928,16998,16267,18789,23626,23466,17170,38870,38201,16829,16931,17134,40667,
261,58685,19147,21008,21335,15902,611,599,30107,66621,21291,53211,20255,17002,16019,12400,13706,16015,23302,16378,26766,15706,18635,15379,13917,18996,36926,46033,24539,16010,14131,15026,12417,20458,20904,53679,26933,20240,14950,13349,23057,23235,22464,25345,30007,16402,14076,16134,34452,21297,17273,35255,24658,16476,15803,18258,18668,20191,16466,27954,27209,16269,15903,16554,28113,
262,36585,17879,17860,19912,15255,649,638,23179,42193,17685,33828,17870,16482,15426,11948,13375,15579,18299,14966,20845,15291,18297,14744,13511,17245,26241,29373,19589,15406,13895,14547,11971,18309,17859,34099,20160,19715,14375,13224,18258,19644,18058,20095,23015,15972,13794,15798,25540,20804,16059,24715,21778,15686,15369,17898,15684,18343,15651,22200,21180,15704,15506,16128,20678,
263,26318,17509,16352,19217,14900,594,588,18845,30487,16221,25290,16725,15910,15201,11767,12844,15161,16300,14662,18483,14816,17520,14557,13148,16765,21103,22599,17897,15110,13404,13982,11730,17569,16674,25090,17615,19170,14114,12664,15244,18190,16318,18685,19823,15460,13253,15327,21135,20034,15235,20867,20693,15308,14934,17140,13671,17618,15337,19939,18958,15672,14953,15790,16924,
264,21264,16629,16020,18628,14693,574,558,16386,24022,15342,20949,15912,15662,14406,11358,12447,14607,15507,14106,17401,14564,17194,14398,12704,16266,18626,19620,16512,14521,13034,13599,11297,16923,15978,21416,16487,18620,13792,12206,13103,17383,15368,17781,18270,15147,13013,14642,17843,19393,14840,18453,20018,14714,14233,16769,12997,16878,15149,18955,17752,15117,14633,15306,14492,
265,18784,16469,15556,18042,14149,605,585,14830,20495,14950,18406,15614,15138,14331,11123,12122,14301,15041,13687,17087,13749,16465,13545,12511,15746,17282,18002,16014,14507,12667,13284,10967,16377,15522,19106,15874,17935,13405,11978,12395,16660,14754,17410,17318,14648,12589,14166,16025,18845,14498,17160,19558,14554,14274,16338,12346,16444,14492,18084,17106,14693,13940,14876,13153,
266,17835,15767,14838,17593,13757,584,568,13820,18280,14341,17033,15116,14789,13764,10619,11735,13661,14484,13223,16421,13677,15984,13407,12141,15103,16576,17297,15420,13747,12114,12736,10587,16041,15013,17858,15328,17276,12615,11572,11547,16144,14316,16908,16662,14394,12187,13993,14549,18182,14183,16403,18777,14117,13692,15715,11693,15986,14206,17740,16549,13971,13824,14516,12263,
267,17025,15598,14381,17330,13322,535,527,13286,17379,13891,16435,14545,14148,13257,10357,11497,13492,14136,12888,15884,13117,15663,13118,11560,14743,15988,16571,14812,13389,11812,12309,10259,15526,14548,17045,14789,16845,12425,11287,11207,15891,13909,16343,16264,13788,11592,13581,14099,17710,13798,16053,18400,13583,13342,15148,11374,15485,13537,17012,15802,13973,13424,13984,11628,
268,16351,14986,13772,16354,13145,539,523,13001,16700,13625,15858,14136,13601,13068,9906,11046,13105,13642,12600,15567,12994,15018,12426,11361,14488,15455,16397,14372,13043,11464,12100,9834,15144,14054,16854,14686,16485,11906,10877,10822,15254,13536,15927,15730,13655,11402,13018,13655,17035,13343,15158,17496,13272,12806,15015,11307,15004,13292,16479,15495,13224,12948,13731,11331,
269,15792,14548,13845,16087,12517,526,514,12737,16038,13259,15455,13897,13353,12857,9732,11158,12626,13144,12200,14923,12291,14629,12146,11098,13946,15613,15801,14305,12593,11260,11679,9748,14616,13964,16210,13980,15838,11700,10480,10547,14946,13041,15549,15565,13037,10793,12604,13335,16570,12847,14771,17099,12743,12791,14154,11131,14748,12786,16137,15013,12920,12504,13342,11128,
270,15575,14127,13214,15616,12119,514,508,12408,15450,12945,14955,13606,12727,12485,9371,10485,12105,12773,11813,14643,12005,14313,11898,10830,13458,14496,15372,13562,12125,10778,11212,9309,14352,13564,15859,13512,15231,11318,10160,10366,14517,12724,14878,15080,12549,10506,12517,12889,16116,12498,14615,16635,12385,12205,13889,10733,14104,12359,15697,14456,12426,11930,12968,10943,
271,14944,13843,12883,15049,11884,470,453,12000,15262,12450,14510,13167,12459,11814,9179,10266,11718,12500,11341,14089,11728,13677,11453,10237,13010,14302,15120,13318,11549,10411,10891,8966,13768,13046,15238,13295,14791,10961,9714,10189,14132,12398,14551,14381,11986,10063,12147,12516,15509,12284,13992,16177,12055,11624,13498,10465,13830,12068,15373,14010,12178,11890,12506,10438,
272,14497,13185,12455,14450,11399,508,492,11578,14850,12136,14103,12603,12054,11341,8754,9721,11295,12227,11015,13818,11351,13234,11028,10096,12625,13824,14327,12797,11196,10011,10376,8606,13220,12663,14860,12796,14255,10291,9426,10009,13586,11981,14090,14039,11721,9664,11609,12034,15145,11743,13715,15870,12019,11540,12899,10213,13528,11762,14659,13665,11670,11387,12052,10204,
273,14224,12834,11960,14228,10832,470,453,11364,14498,11744,13601,12449,11503,10957,8307,9400,10862,11669,10758,13242,10906,12814,10653,9585,12118,13562,13957,12450,10833,9551,9974,8270,12896,11993,14613,12459,13805,9878,8952,9652,13219,11797,13437,13374,11478,9238,11203,11820,14659,11388,12930,15211,11397,11077,12406,9930,13145,11373,14281,13386,11379,11052,11937,9968,
274,13791,12426,11735,13715,10405,471,461,11014,13962,11238,13391,11769,11020,10623,7839,8988,10565,11284,10239,12827,10489,12188,9972,9234,11884,13149,13613,12125,10329,9255,9457,7743,12516,11830,14059,11953,13045,9570,8460,9330,12544,11377,13343,13041,10817,8767,10761,11421,13961,11049,12695,14756,10850,10617,11913,9411,12608,10951,13594,12929,10867,10851,11244,9878,
275,13666,11943,11321,13172,9957,464,459,10967,13642,11193,12958,11672,10468,10325,7685,8752,9982,11055,9928,12428,10248,11783,9883,8688,11260,12686,13345,11716,9873,8921,9099,7551,12246,11478,13540,11828,12469,9108,8265,9239,12396,11151,12823,12579,10345,8564,10284,11338,13505,10479,12619,14166,10819,9999,11402,9384,12322,10655,13331,12641,10533,10054,10810,9469,
276,12738,11518,10979,12783,9720,483,477,10350,13242,10807,12426,11030,10169,9769,7385,8402,9582,10566,9609,12231,9867,11570,9417,8540,10888,12307,12816,10912,9387,8330,8498,7188,11497,10999,13080,11389,12347,8737,7845,8861,11999,10541,12451,12072,9959,8075,9921,10953,12896,10333,11875,13926,10224,9934,11215,8993,11878,10065,12904,12276,10239,10027,10421,9187,
277,12673,10992,10528,12128,9298,445,435,10222,12863,10237,12116,10690,9723,9706,6909,8086,9311,10351,9307,11552,9523,10822,9187,8227,10650,11979,12502,10761,9035,8072,8130,6757,11473,10763,12803,11076,11670,8090,7497,8641,11462,10289,12120,11633,9452,7746,9518,10534,12367,9827,11672,13113,9879,9437,10521,8850,11479,9625,12593,11769,9796,9558,10132,8986,
278,12058,10535,10187,11858,8755,498,489,9913,12193,9797,11543,10376,9236,9105,6519,7698,8946,10039,8963,11104,9033,10450,8721,7723,9952,11570,11886,10417,8508,7599,7718,6350,10921,10470,12341,10578,10912,7742,6919,8412,11079,9842,11708,11313,9163,7168,9218,10039,11941,9468,11289,12713,9317,9220,10288,8427,10960,9445,11844,11443,9329,8947,9495,8671,
279,11566,10338,9710,11410,8379,464,461,9530,11852,9497,11111,10016,8634,8681,6099,7179,8477,9529,8485,10753,8669,10030,8244,7415,9900,10879,11499,10136,8231,7236,7025,6033,10407,9975,11766,10389,10399,7324,6658,8158,10586,9596,11257,10961,8600,6727,8741,9664,11151,9226,10828,12214,8914,8666,9612,8042,10737,8866,11531,10872,8734,8651,9343,8433,
280,11296,9722,9218,11059,7989,431,422,9446,11524,9091,10823,9652,8171,8305,5698,6825,7869,9233,8264,10591,8250,9521,7660,7009,9382,10759,11085,9616,7643,6808,6791,5610,10095,9761,11477,9935,9846,6854,6193,7768,10276,9223,10833,10341,8372,6220,8114,9601,10538,8712,10530,11794,8640,8292,9120,7869,10026,8318,11128,10362,8483,8258,8727,8345,
281,10836,9282,9091,10523,7394,405,401,9042,11130,8764,10386,9222,7676,7842,5377,6435,7639,8874,7745,10007,7824,8892,7517,6663,9084,10330,10833,9333,7219,6271,6460,5210,9510,9249,11260,9549,9378,6272,5942,7708,9879,8897,10365,10028,7798,5743,8062,9186,10123,8252,10176,11382,8162,7825,8858,7664,10015,7943,10543,9964,7717,7903,8230,7917,
282,10624,8695,8584,9810,6872,438,436,8538,10689,8404,10039,8732,7232,7359,4993,6139,7153,8550,7365,9715,7432,8426,6739,6239,8378,10044,10540,8756,6457,5855,5934,4887,9029,8805,10806,9073,8905,5860,5267,7354,9219,8519,9707,9664,7139,5154,7452,9025,9584,7803,9583,10571,7737,7345,8218,7139,9365,7381,10113,9657,7361,7431,7528,7686,
283,10120,8353,8123,9477,6429,418,412,8513,10368,8047,9724,8369,6537,6955,4462,5630,6463,8021,7139,9166,6983,7911,6550,5779,8269,9571,10111,8587,6209,5236,5277,4358,8668,8339,10374,8718,8060,5538,4921,7110,8879,8174,9595,9298,6722,4648,7070,8769,9012,7364,9333,10193,7314,6964,7666,6962,8978,7100,9712,9384,7074,7041,7373,7375,
284,9831,7994,7818,8834,6042,430,426,7985,9931,7596,9302,7805,6066,6571,4103,5272,6077,7894,6668,8685,6695,7481,5990,5454,7746,9103,9494,8106,5650,4830,4912,3942,8054,8035,9670,8326,7688,4839,4353,6784,8437,7608,8964,8658,6238,4100,6780,8305,8168,7166,8757,9598,6970,6504,7167,6922,8433,6562,9093,8935,6538,6678,6941,7056,
285,9327,7334,7301,8283,5625,417,412,7867,9558,7308,8887,7463,5512,5997,3565,4918,5522,7303,6406,8339,6124,6890,5592,4855,7159,8684,9257,7662,4912,4358,4161,3364,7523,7595,9593,7663,6968,4241,3603,6538,8058,7259,8410,8347,5854,3282,6350,8250,7738,6656,8438,9208,6431,6152,6643,6338,8304,6340,8877,8476,6118,6341,6528,6706,
286,8660,6922,6863,7830,4850,385,380,7395,9082,6862,8372,6855,4674,5378,2951,4384,5091,6882,5712,7761,5568,6176,5119,4352,6740,8293,8772,7041,4095,3610,3483,2704,6917,7011,8967,7577,6442,3303,2882,6258,7538,6853,8192,7783,5100,2522,5776,7804,7077,6262,8053,8447,6242,5689,5940,6309,7521,5482,8167,7794,5497,5810,5918,6570,
287,8564,6282,6420,7189,4149,386,387,7208,8704,6473,7812,6621,3829,4995,2189,3855,4465,6360,5335,7264,5300,5719,4629,4012,6356,7780,8317,6834,3307,2869,2628,2041,6573,6479,8548,7114,5609,2584,2238,5953,7046,6628,7489,7672,4410,1857,5296,7313,6496,5777,7706,7955,5578,4964,5259,5777,7139,5193,7685,7597,4964,5204,5243,6169,
288,7791,5813,5798,6536,2789,382,374,6701,8034,5846,7342,5855,2326,3858,1412,2749,3308,6066,4693,6688,4490,4474,3484,2820,5652,7079,7676,6231,2097,1776,1693,1368,5907,6164,7945,6393,4319,1622,1497,5439,6466,6041,6958,6575,3095,1382,4525,6805,5316,5176,7006,7252,4772,4166,3995,5358,6456,4297,7032,6950,3897,4677,4197,5687,
289,7499,5238,5338,5913,2124,397,387,6172,7615,5453,7094,5543,1897,3043,1167,2056,2658,5659,4192,6269,3895,3537,2816,2189,5301,6870,7306,5831,1618,1476,1422,1237,5387,5564,7460,6009,3332,1351,1280,5161,6154,5604,6492,6342,2424,1235,3885,6357,4392,4678,6742,6507,4079,3347,3103,5113,5979,3581,6676,6473,3082,3931,3438,5483,
290,6859,4518,4842,4995,1630,361,358,5928,7069,5007,6510,5012,1591,2328,1112,1538,1853,5236,3462,5775,3141,2823,1975,1657,4492,6401,6732,5185,1384,1217,1266,1053,4669,4899,6800,5604,2392,1254,1165,4879,5391,4970,5824,5842,1761,1162,3108,6086,3244,3923,6322,5940,3420,2536,2414,4670,5027,2722,5943,5915,2285,3209,2541,5147,
291,6503,3684,4379,4151,1356,370,364,5543,6774,4252,6246,4437,1399,1846,986,1315,1490,4534,2858,5336,2447,2124,1636,1318,3809,5919,6295,4780,1297,1167,1144,984,4006,4579,6524,5122,1979,1138,1060,4618,4760,4632,5264,5262,1566,1127,2453,5807,2538,3313,5678,4973,2702,1918,1846,4259,4304,2103,5283,5450,1761,2424,1979,4682,
292,5956,2644,3664,3239,1278,365,360,5300,6266,3771,5701,3670,1300,1548,1026,1120,1238,4259,2268,4552,1926,1745,1433,1183,2911,5319,5612,4278,1199,1152,1111,931,3086,3831,6014,4493,1737,1120,969,4117,3947,4144,4671,4556,1331,1124,1864,5559,1907,2529,5214,3943,2064,1551,1573,3928,3234,1554,4744,4709,1535,1877,1603,4478,
293,5369,2085,2952,2546,1175,363,359,4809,5649,2947,5238,2937,1302,1365,970,1024,1158,3422,1689,3862,1552,1453,1238,1093,2241,4951,5172,3528,1188,1067,1120,983,2366,3084,5588,3713,1551,1050,1017,3902,3292,3531,3795,4111,1326,1089,1593,5045,1707,1868,4665,2975,1678,1349,1439,3489,2377,1339,3834,4083,1416,1513,1417,4073,
294,4797,1595,2188,1789,1141,388,384,4285,5321,2182,4632,2152,1218,1189,858,1068,1122,2591,1341,3135,1321,1399,1250,1051,1681,4055,4473,2743,1125,1110,1076,905,1791,2208,4739,2954,1482,1033,1029,3472,2378,2755,2982,3175,1297,1063,1321,4602,1521,1437,3996,2301,1445,1235,1422,2794,1860,1174,2853,3160,1219,1304,1203,3703,
295,4120,1407,1759,1611,1148,370,364,3867,4780,1655,3933,1704,1242,1203,872,1019,1070,1930,1180,2211,1118,1350,1168,1008,1394,3488,3881,2208,1110,1022,1062,971,1439,1857,4176,2327,1402,998,990,2894,1917,2069,2170,2404,1241,1007,1196,3916,1415,1245,3208,1820,1289,1157,1307,2309,1606,1068,2171,2514,1271,1128,1285,3259,
296,3372,1296,1432,1524,1095,373,370,3269,4066,1355,3159,1499,1230,1116,870,1025,1060,1568,1100,1754,1063,1278,1070,1005,1248,2666,3119,1724,1099,974,1065,831,1277,1496,3400,1798,1341,1023,896,2417,1578,1619,1657,1889,1181,935,1086,3425,1415,1214,2405,1679,1232,1146,1267,1781,1448,1125,1684,1903,1142,1063,1208,2695,
297,2713,1301,1260,1443,1104,384,381,2607,3453,1187,2533,1242,1174,1123,931,950,960,1291,1021,1477,1001,1200,1046,989,1180,2047,2499,1464,1094,952,990,824,1254,1268,2615,1492,1281,962,935,1842,1348,1326,1474,1517,1145,940,1034,2797,1321,1135,1901,1554,1160,1142,1211,1427,1432,1075,1503,1543,1113,1052,1155,2129,
298,1981,1215,1157,1342,1100,361,358,1939,2537,1200,1874,1255,1114,1067,842,910,1033,1213,1044,1277,1036,1142,998,900,1166,1671,1895,1315,1007,883,933,836,1216,1179,1941,1242,1256,877,898,1416,1313,1110,1317,1300,1113,986,1065,2133,1315,1076,1580,1478,1189,1077,1147,1241,1360,989,1368,1336,1049,1017,1101,1693,
299,1558,1131,1111,1364,1043,375,370,1588,2102,1109,1532,1181,1104,1052,813,989,947,1074,1030,1266,993,1106,1001,947,1090,1465,1557,1174,989,872,896,775,1170,1087,1607,1171,1263,881,836,1251,1223,1116,1282,1150,1025,949,975,1801,1237,1057,1379,1425,1170,1071,1124,1125,1352,984,1241,1284,1094,952,1082,1389,
