165,3811,4132,4014,5599,62327,861,1130,119058,9200,2904,5140,133137,58021,58663,13399,31431,3052,3687,3889,3695,53178,47085,58880,38869,4100,7433,5030,6570,49294,28806,39629,31222,3382,4223,5141,3460,58657,23335,15425,75431,4530,4640,4283,4838,44892,46251,48589,97160,4989,2854,5777,14173140,57779,40057,23738,99391,2893,2956,3197,4859,56385,39437,65966,64430,
166,5001,5402,5462,8912,101591,1332,2041,128950,21674,3979,7904,191026,101712,104771,33592,63870,4488,5023,4816,4875,77344,80336,83864,63728,5289,16027,6651,12843,80913,57018,70040,55751,4641,6353,7708,4673,92253,51220,37889,87664,5836,7359,5778,6608,74991,76918,78585,112227,7115,3824,9889,17059583,92654,70397,52320,112574,3688,4041,4282,7694,87224,67808,94806,80509,
167,7266,7953,8763,18781,139882,2247,4071,144233,44855,5365,15975,272451,150477,145128,65390,105271,5676,6365,7032,6375,96876,109343,103414,84600,7431,35832,11406,28921,108057,84374,95598,78548,6365,11833,14829,6460,117639,79759,65317,101279,9256,15218,8047,11354,99098,101620,102221,131942,11549,5413,21168,19867937,126917,101975,89202,134992,4854,5836,5630,15212,115109,94552,118030,93811,
168,14422,16385,19680,42123,161188,4493,8865,199558,74483,8993,35744,429691,174453,161918,106254,131586,9328,11905,15871,10749,116474,133836,125381,103381,15462,68629,25794,57207,132252,107523,117707,97943,11381,28422,34524,12313,140835,102922,89997,125426,20164,35257,16311,26490,120597,123936,122514,181701,26396,10175,45459,23308937,147449,132193,131984,213630,8289,11691,9166,34336,136272,117401,142605,110473,
169,32518,37701,42555,75080,205668,10474,19774,449575,99448,20966,64267,712502,207478,193067,127826,148553,21167,27422,36244,23936,145803,164932,166151,129158,35307,111863,52642,93235,169764,130646,147074,124119,25533,54803,63248,28111,175367,126853,110503,223883,43012,63588,36773,53569,148878,162560,150042,393317,55595,23224,75193,27115697,173963,155312,164056,550493,18233,27855,19549,61701,174415,142257,196958,148586,
170,65508,76954,78554,114752,442365,24491,51811,1410536,125883,48288,97742,1181871,381361,359239,152653,207130,53865,65048,76367,56468,262958,264757,356014,231102,80028,153018,97770,136268,335912,200661,252287,224834,58753,90226,102095,60397,308659,176747,148278,699170,83044,103801,75517,96303,244033,352319,247995,1173136,100046,51692,106990,31941108,294414,240237,204650,1546352,42794,58798,47153,91533,341953,214067,452634,335510,
171,96602,112107,106898,141202,1272509,63811,148343,3304287,152016,75488,122638,1619112,1115043,1081848,269351,505345,100831,111083,115538,100612,722093,683853,1016433,656058,130299,164921,138496,153623,968323,513386,702012,646784,92296,116736,131947,94922,868357,404514,299080,1684520,121009,132380,118832,136596,661609,1062743,677872,2419287,132890,79999,131149,36223463,796509,617021,353891,3007516,68075,85609,77666,113478,960699,519739,1247098,943483,
172,125080,146327,135640,182653,2929602,182040,369628,4852503,209540,104171,153111,2161351,2888804,2913835,746457,1478343,150421,145152,135933,146779,1689923,1667866,2149741,1583362,160779,197701,160759,185940,2191387,1357039,1726825,1583185,127117,142698,157596,130015,2048079,1134827,856976,2535721,151968,154458,160198,162183,1666181,2325426,1705579,3263114,174501,109714,167808,41263675,1975054,1562500,884599,4061160,91919,114845,109556,145711,2165635,1338552,2524413,1951789,
173,152745,186766,174241,286999,5048301,477856,896128,4583510,396464,127300,207010,2769610,5452116,5305224,2290202,3794218,171759,160910,157682,163990,2963802,3126012,3299517,2754451,181247,321942,186083,292050,3549527,2745039,3146922,2859248,155799,194984,200000,152132,3351814,2493512,2072458,2918488,181875,210991,182496,192970,3087843,3445237,3117522,3456010,254862,139662,256650,45688584,4003896,3339008,2280898,3975101,114937,156985,139105,217800,3836771,2853988,3822525,3042116,
174,234970,370482,362639,833586,24821997,18922886,21957997,29227700,1210669,191070,483465,4153058,28798141,28943022,39609110,24970421,247663,224991,295858,212012,20927897,22222662,25855886,28082155,301264,1035513,328057,928233,20480271,18530286,20297812,23069979,241820,496217,424888,224989,30411611,30133836,31329212,34707416,338310,564182,282287,362489,22990206,30711557,38607736,32049531,623498,251334,686511,51417378,22968201,20462000,22043650,26187705,175966,342998,209952,549785,23440462,21318654,26420817,25898611,
175,595234,1059746,1050759,2115897,163133122,149524781,163022733,207558644,2530524,505290,1369559,7342770,195477762,200282222,278857639,179143991,620586,555440,915916,471707,155500384,163546034,192871133,212373045,914610,2851105,981292,2543521,144509629,135328034,148886843,177465802,711615,1512301,1287074,625176,217183987,219966118,227194395,246235426,1062628,1682867,808765,1098557,179489856,251360683,256150871,240216020,1584320,653688,1682711,57527241,157256238,135879852,148732698,189503271,385521,888904,442637,1346059,153405460,156609236,199515352,189830525,
176,1779995,2742794,2643137,3909060,266410275,218287543,227413789,284951627,3826434,1602725,2947510,13648346,265598563,277215022,266044488,260062755,2254416,2038085,2889211,1669922,209381756,235064156,222624260,272771678,3008963,5235326,2854100,4853782,234726839,203132678,190002803,203537684,2104434,3228546,2982895,1900688,220300008,175377614,186664454,196778747,2759939,3623843,2393927,2992557,200911892,199914056,351006913,202980985,3451899,1880705,3277019,66007244,249933956,246401137,216952565,270718364,1224547,2275463,1381040,2812404,243116292,224130523,253895861,223979400,
177,3672992,4951508,4675581,5812164,316968393,281451852,295026402,348646726,5597897,3486690,4770515,19504962,279234744,336315548,287179308,299941034,5002780,4421464,4899398,3716479,214084204,245284962,221812939,296724206,5259026,6043054,4923121,5833241,263529809,203045854,182971592,194217832,4155537,5147773,4936260,3733342,170678416,158605979,165984360,164996517,4653638,5282233,4569795,5124890,209357721,167842084,166757011,174191632,5796834,3838794,4957124,73219448,313336751,437070233,270526115,314965292,3043435,4449545,3264018,4668494,287446891,216186666,239500809,196428152,
178,117733102,116950539,115121816,118734331,355578902,312750028,343272057,392014686,184716441,125394613,110540702,135032315,387575578,389214184,334209357,342605324,182277115,204838987,152241415,117760385,214106415,234601811,223184296,301735126,145047345,140193936,113186287,172199690,236760843,217575549,181619592,191635663,162148231,126902315,121131219,111817593,164397797,155129200,153091632,159588941,116160002,117930720,115251498,134229902,187120805,161894775,161872253,164074858,219787478,162048269,140798064,181280274,360533637,306125566,301326068,334993915,193000245,203311207,106619697,351392315,305717851,277753936,253894774,258923469,
179,163565396,161707877,164399905,159132873,378065926,328086037,376132392,423061519,231028091,168992447,140508128,177707652,438186847,444178666,386850382,374099857,251804744,253492813,209939766,160268233,210058728,239495278,212500008,302418686,198737721,153239791,152498721,225330603,225662180,201074555,182807118,191100888,208475826,178103398,169079366,149749187,159413062,155871031,159008119,160959519,156123092,161633314,155861639,184662535,227612137,162151205,160459012,164263945,269093239,210231326,187660405,186230539,392533653,324679221,273321047,359699560,273699871,257972998,211178940,242391327,320274570,292285529,410498458,265128518,
180,169940949,183745258,177576089,217484271,397033442,332115160,392481882,458670562,215804085,197853863,172013654,174497489,492493098,496045713,463205936,412869631,312238256,262534742,237860744,316048989,199306352,301743390,246523903,300538661,224887049,237458597,196685931,199655256,208614848,191104337,176525480,183402276,213879460,204463624,202633250,184568297,157038194,155740445,158394583,160843571,190576230,200679313,199966407,223103972,191521113,159816363,161994660,161215709,215846342,190024982,186894751,186185847,408294268,336204249,310454165,370101133,215801723,205493081,190579758,212122922,328504531,302013378,291335812,195632775,
181,176779744,186798090,180956123,162199345,416511265,340358667,418372810,473100046,220525641,199288758,202878108,175033110,529963489,642058860,533821952,494026375,292170820,282107214,262928849,213392707,192428368,210749546,214207118,273218751,258502182,261540407,228618913,260590925,194215974,177945733,167440259,182065130,228720564,231265415,268932599,220345923,153998080,153637882,155196744,155041120,225365560,283351355,238593599,246173479,174688806,156311439,156670796,156985088,186132527,173656444,173421591,176058017,405604394,309961979,316835315,369402196,188210258,186590481,174870517,185942858,328867247,300345288,261785383,255369621,
182,137174153,191319307,179991792,226695935,424573036,349191273,450167858,485344755,229484446,276258884,176534428,176695260,553692739,570800696,575657004,547781556,316721266,316704479,311932646,263542275,172543795,192111342,182647900,267611332,316828050,326220655,282017012,297631020,169914636,166902741,158558889,174504742,268647385,239032054,325176182,263817116,152964418,152300065,152983878,153727311,268190284,270202854,288402988,287607123,158515172,154890347,162172144,154810207,168045158,165829403,167986295,42442095,404886183,363332401,316852493,356964811,173199239,172504959,164740250,174012535,316110554,290260041,252911881,239722697,
183,192380027,165176720,182319391,196619524,419705535,362689477,468629026,488023477,228494262,290629112,203902558,182230200,556744478,584259630,560541192,574194595,350517286,355079402,352579079,261669278,167520171,177173755,191804059,253075399,357641765,365674157,311120424,324241549,162197820,164244811,156403354,105860744,305476622,273764855,373523492,292340278,153092537,152535503,153440760,154435097,294080004,294403133,325549057,313458627,115564654,157325105,154124007,155630872,162694641,157263012,170952404,190027341,357050703,364667386,317210029,334244566,163175085,128298136,161317460,152099193,302770716,284931281,240269693,233798342,
184,208633466,199908248,181071593,182983764,425447216,392118299,476100247,492747894,230223986,231412209,223901214,174304022,560691126,594954713,600557807,592095288,382994485,393223030,393073155,332989890,165038144,176500807,180474402,239257291,397668753,399077274,327278888,337706422,157102455,162910899,155262086,168656612,327551469,284855040,425564591,315057186,154369208,152192484,152703308,153586935,311214046,337589010,352520800,330391938,155639094,159825177,154385712,155753197,160738257,159276830,163031567,188236584,351127173,353083387,322072064,332847818,163794244,158973477,151007141,169365953,293784429,276213405,236404808,230209834,
185,258597046,201946598,181015425,195427779,458550403,431896819,472180474,491076201,229353381,224050456,174761049,176925732,560998835,595841847,594875227,598293627,418300769,420332296,430313215,364550318,162859283,175980592,175917446,234125318,423610665,412183381,333084048,340460451,160062348,160868090,153844905,165835183,331383862,413043999,394840217,324462420,152319365,151365666,151699441,152446256,320578881,317850994,352639189,337664259,154924115,160254258,152152772,154288709,159541910,159580559,163324066,183436122,361109468,355475436,315452069,340250501,158987298,158699419,159730103,162668774,290946362,275236505,239522027,230582257,
186,172573196,201478076,186354912,183892176,487036657,461935796,460827070,470668279,231711808,218147854,188488118,177162051,535011241,556766691,564219633,587360014,413747284,440897383,460349749,402778969,157068691,168666894,167769806,222894206,464657921,428500963,342849432,348421845,155802075,158972135,152051399,163811695,51679901,240480694,233182374,334438992,150095629,149706587,149995642,150505314,316683105,323146928,368469310,377390250,153643076,157551721,151404594,152359287,158189659,158778645,161722986,184250530,383485223,364214297,331364453,357810235,161556526,155824174,156136180,160173498,288660502,270116566,237129643,235584748,
187,203131200,197669512,176837232,172345756,420013618,367669131,366390642,374654785,217081920,143128810,155585091,174319292,413659181,420218952,429626167,454837086,468119880,452318211,475571697,427343681,124598006,130819188,131106594,167037478,469162958,449159804,357964963,319444438,125286025,126300273,122499201,132930825,310111195,264852139,328775754,332408183,120517148,120209276,120503796,120590105,319360987,323945288,366969615,350836836,123792946,127264464,121943894,122321765,157823971,156562997,156797222,185896595,326043364,305542231,312765637,299833352,153938407,162650427,155568219,156073223,231165185,213634072,183767910,184155578,
188,206709260,198364015,175250452,174844133,78972715,135388028,130685614,131914475,211856582,210061287,167639814,169649692,142625269,143991508,146912724,155355630,477455090,458282259,482890769,444750535,45116832,46443159,47536400,56075361,479448493,445343545,379669488,384396801,45846990,45588604,44765756,47867202,302178177,261708528,394092100,300507535,44179809,43920708,43769088,43568428,324968168,325550652,362516334,195114213,45402728,46554821,44471750,44698492,154845537,155816222,158844850,185235100,116934242,106742959,100171838,107600279,155197305,153753041,154172504,153946717,80225595,73809424,62352925,62344713,
189,190969686,195364392,172111130,152746635,13621924,16948724,16185747,12262194,205103768,191414480,170330823,164418349,14039889,13923171,13645530,14624336,469027762,479288000,471766738,442610217,6524559,6836141,6710692,6936385,470552430,465101124,393230560,390700358,6711986,6377218,6479258,6421217,291884511,259108076,383459072,321559753,6642235,6443992,6253332,6020291,313935399,322773003,345761639,367963854,6613828,6576711,6575970,6480682,150882162,151618468,155405475,189983252,12525542,11869691,11572430,11503001,150753543,149048366,151631356,152844141,9379453,8722274,7684471,7450614,
190,147381635,150091267,131610509,129145767,3497650,6865347,5872254,3329666,152661021,139311986,131256271,130746292,3725533,3471880,3092931,3404226,324475348,353654836,357559307,341095657,3346946,3615046,3436104,3120630,359389780,348719898,319365058,318071173,3474961,3182573,3401766,3044726,221457732,193079795,293419475,242432948,3563387,3361476,3156946,2922463,253384459,255798552,282812394,296277045,3426182,3286523,3434948,3339556,115912821,116302551,118729196,158066007,3487923,3401733,3833081,3221036,114746833,113339154,115575802,113227514,3425709,3501123,3368550,3132721,
191,79853010,80099009,71021406,71108093,3319456,5786208,4033316,3176474,82733142,74788822,68269089,78228907,3565376,3310045,2926642,3223416,205441623,194688581,192445234,187496920,3290404,3567143,3388755,3063862,193646918,191143514,180122486,177675631,3417882,3133623,3347696,2990705,119259029,109127100,160328470,134076712,3508667,3305227,3100154,2875167,133431344,142849220,155251636,169197549,3371844,3229533,3379059,3289708,64588523,64530886,65540573,120017828,3346700,3257203,3699927,3082501,64168495,63894669,64384655,63577018,3320939,3412342,3301311,3066349,
192,11408037,11735875,10880667,10332591,3290953,1925135,701626,3161838,11566547,10467195,10289262,24994310,3535681,3282301,2908649,3204500,25314302,23357678,22760109,22864196,3277627,3549162,3370497,3050797,23077518,23177172,22506848,22357360,3400624,3115777,3320818,2974268,16017496,13678654,19876372,17213190,3484886,3282469,3081700,2864548,19089285,18929537,20336733,21879517,3357803,3207369,3365199,3283394,10141193,9584216,10022953,80203076,3326832,3238772,3680585,3068195,9375215,9622026,9923009,9733199,3305253,3402494,3288100,3060804,
193,4122711,4203511,3985277,4097676,3282297,749977,324041,3159697,4309920,3809449,4101494,19340276,3529384,3275195,2896789,3195672,5405341,4957197,4778097,5085459,3271785,3548231,3365878,3044285,5093998,5228334,5093244,5080314,3393227,3113197,3313141,2966467,4555437,4227014,4934249,4482056,3479041,3272697,3073484,2864031,4881663,4792445,5063779,5169147,3349697,3194101,3354183,3273487,4289262,3679444,4065589,75073389,3325990,3231913,3680392,3064725,3742533,3784188,4073350,3870807,3299991,3394333,3280920,3058776,
194,3408528,3440445,3328769,3467135,3272885,325484,237362,3150273,3532950,3135990,3477854,18760316,3514896,3266789,2891840,3183135,3456385,3166346,3019082,3354960,3268309,3536637,3347541,3031903,3306687,3477029,3365601,3372702,3374462,3096334,3299381,2953341,3475162,3226973,3481502,3197375,3461359,3264199,3061651,2852468,3345378,3298077,3456680,3445898,3339264,3181531,3340124,3269507,3706100,3099396,3469451,72992827,3304098,3226010,3665482,3058309,3153138,3209532,3482570,3288011,3283493,3387400,3267568,3053167,
195,3387574,3417677,3306725,3450063,3259297,240879,216466,3143548,3509212,3124143,3462549,18712583,3502668,3257941,2878522,3174020,3402151,3116890,2971789,3308584,3247804,3521173,3337220,3015881,3263379,3429646,3332223,3326430,3367297,3084869,3285511,2940334,3447637,3198675,3444023,3164739,3450040,3255193,3054702,2847946,3302728,3256901,3413653,3399505,3324569,3167380,3331132,3262424,3682027,3076575,3447882,71283836,3298774,3210567,3654298,3050990,3132180,3182440,3460562,3266961,3274876,3369551,3255013,3048153,
196,3371479,3401120,3288932,3425997,3246894,217209,201625,3141192,3492301,3103837,3443803,18607262,3487128,3252175,2870309,3165046,3375218,3089903,2943837,3281270,3236578,3505842,3326041,3006815,3226061,3402320,3302426,3291744,3350856,3072272,3274729,2928026,3425869,3179617,3418301,3137678,3436777,3246770,3041969,2842151,3277831,3229646,3388694,3375731,3315241,3152274,3320915,3253221,3664634,3062898,3427718,68840514,3286497,3200283,3637677,3046265,3119720,3163718,3444401,3250375,3263678,3359713,3240174,3036445,
197,3367896,3388224,3281541,3417241,3231213,202084,187333,3128118,3484163,3102339,3437450,18472637,3467824,3235405,2858008,3151470,3364142,3084651,2934977,3272609,3224021,3487080,3305725,2990860,3221743,3396518,3285276,3286110,3326704,3053538,3253716,2905595,3421728,3166477,3411930,3136483,3414841,3224912,3021790,2835913,3268094,3218939,3379692,3364114,3302333,3120995,3306684,3240818,3654292,3049373,3415210,66276750,3269657,3189676,3621700,3034463,3110237,3155257,3434961,3240792,3250945,3344294,3228501,3031528,
198,3359296,3379205,3269980,3400497,3193158,186440,170657,3123172,3472766,3076206,3422890,18235317,3418033,3210312,2824512,3122687,3352501,3071899,2922881,3262042,3210715,3462616,3278010,2961335,3209576,3384505,3280778,3269752,3268763,3017968,3198160,2823714,3406798,3156237,3400692,3124092,3381521,3169956,2978344,2829180,3256899,3207884,3368246,3354802,3270590,3006483,3285670,3235301,3632657,3036607,3400426,63132076,3252368,3171634,3601002,3022151,3097293,3141907,3420898,3228296,3223915,3325181,3199443,3021986,
199,3347360,3367648,3257068,3383168,3082260,170457,152203,3108319,3453016,3083841,3416134,17991137,3264977,3133180,2728274,3050390,3342499,3066357,2914104,3253745,3177866,3416148,3202322,2873696,3200474,3374005,3264220,3263557,3082575,2895539,3027701,2577204,3394210,3146320,3390052,3115556,3299257,3020090,2854835,2820629,3249146,3195593,3360312,3341675,3192196,2670840,3248861,3222175,3612407,3031525,3390100,60282842,3210911,3123299,3567849,3004951,3083927,3131388,3410166,3218845,3167110,3295971,3136459,3016073,
200,3337956,3351787,3242718,3367510,2712449,150246,127933,3087829,3440739,3056865,3397854,17727020,2801049,2900789,2429250,2818535,3327959,3057052,2903844,3244864,3092965,3270428,2940112,2588670,3186406,3362892,3264618,3251034,2549887,2519928,2540318,1997098,3383205,3129842,3374599,3105915,3052092,2598917,2504339,2807214,3233801,3181215,3344600,3330790,2936701,1947341,3146836,3205202,3588482,3017485,3380639,57061233,3076347,2963049,3454179,2959617,3075399,3112187,3397854,3205271,2957132,3191055,2919557,2999348,
201,3326156,3331535,3230107,3339083,1957633,127329,98149,3024173,3428505,3047372,3382007,17426350,1890872,2232097,1768853,2220161,3302185,3041675,2887603,3235339,2808616,2836859,2323094,1966764,3167690,3349121,3255283,3236986,1652491,1779129,1678753,1173762,3366209,3113916,3362116,3096263,2436166,1794913,1800686,2775085,3216258,3165348,3334208,3319782,2309796,1042740,2829296,3161105,3527468,2992890,3365481,53705005,2673832,2510516,3116778,2789028,3063771,3071301,3392136,3188047,2412975,2868126,2381515,2974567,
202,3309007,3293491,3198272,3259644,949640,93975,58593,2854939,3408471,3025171,3359487,16856275,820067,1263857,843187,1191416,3226324,3029247,2846275,3218662,2087664,1922525,1312417,1039942,3129535,3328850,3231114,3210001,698282,843419,729457,447728,3337604,3078131,3342889,3073027,1361338,801682,851976,2648793,3191069,3134106,3310656,3293909,1284158,356412,2031141,3012480,3379134,2947608,3339627,49320814,1793657,1601413,2265286,2267203,3029203,2964521,3364255,3157234,1442815,2079159,1436379,2861668,
203,3288805,3214023,3123086,3071305,342599,57640,27683,2200690,3373436,2991953,3329075,16108132,272921,484424,286578,438877,3042864,3000165,2738561,3191024,1167623,953058,536264,394370,3032777,3283032,3206802,3131979,241152,301268,251625,154229,3280100,2975025,3314398,3051370,533219,268381,291772,2268354,3135644,3044338,3278999,3260885,509492,131852,1060198,2581081,3091561,2842659,3287929,45213120,870624,727914,1219076,1442612,2964051,2768521,3323626,3095093,626711,1120487,627276,2536662,
204,3242307,2941351,2879041,2525760,140454,30435,12918,1366088,3276564,2883828,3247787,14610055,124474,175643,109717,153343,2470607,2906890,2367015,3104598,499671,377828,200832,148433,2664342,3109652,3142658,2832215,116663,124438,115061,84545,3082519,2618561,3240283,2963058,196163,116268,117000,1574177,2914930,2690637,3150027,3137107,189282,89044,418404,1823301,2415615,2552255,3140043,40170175,336905,271694,502838,700385,2784833,2283536,3214182,2923657,238015,466637,240893,1903391,
205,3136884,2392418,2369617,1714406,94653,13697,7708,576792,3033697,2607841,3032393,12196192,97588,96012,74480,86703,1599620,2669330,1700356,2872904,177708,151192,102191,85287,1961514,2669375,2969655,2212122,91964,85395,87664,71958,2632569,1966765,3032699,2708602,111140,87298,81487,747276,2410653,2016919,2803379,2780720,102191,82035,149903,914220,1550908,2031936,2827666,35473821,134972,115072,182632,251617,2434768,1581748,3001450,2587172,111487,166857,114826,1045261,
206,2756078,1368968,1385593,740098,86832,7707,6358,185917,2328719,1876134,2404103,7868604,92807,85282,70234,77418,618030,1930359,766668,2150972,94574,103555,85499,75302,899056,1660033,2373992,1138176,87332,78753,82790,69534,1666709,973526,2366474,1969002,98207,82631,77524,235978,1408465,979836,1891966,1867335,88158,79336,92712,312755,625205,1122730,2027838,30067681,94817,86491,108662,104472,1629816,703063,2407020,1789527,89033,94207,91207,379063,
207,2063049,603191,623022,282798,84596,6470,5842,98013,1414042,1037010,1534686,4294508,90883,83638,68098,75436,216899,1042670,281594,1238539,83260,96646,82284,73094,323980,772982,1492818,448837,84616,76846,80897,67844,811063,384657,1455189,1098007,95114,81200,75418,100886,630759,376927,962187,944337,85296,77681,84814,132428,249112,489549,1138858,26535723,90276,82437,98595,78330,836488,272116,1558405,962145,85420,84195,87343,144888,
208,992195,188512,190613,119225,82761,5646,5122,80372,513643,339713,600817,1976076,88138,81425,66182,73386,99716,320739,99720,405249,79564,93050,79576,71321,111245,223521,537567,139128,82791,74334,78870,65906,249442,127524,529052,355805,92841,78930,72339,73203,189668,122162,287094,282622,83056,75679,82252,88677,124098,158469,390407,24178166,88023,80175,94827,72394,265807,110448,614226,324598,82847,81218,84974,81659,
209,393975,108629,102812,96770,80079,5149,4619,77276,197808,135963,229342,1407283,85472,78996,64736,71476,86784,124685,76183,150475,76412,90917,77686,69133,84977,110017,191256,91327,80549,72836,76177,63960,121051,87375,197613,138059,90669,76516,71403,68867,102779,84980,124528,121649,81365,74086,80526,81664,105713,93010,162565,23172267,85712,78138,92761,71208,119213,85731,240061,142500,81218,78626,83043,72172,
210,139834,91401,83666,91083,78234,4494,3959,75769,105286,84821,109244,1250441,82649,76881,62229,69803,83292,83321,72415,91757,74779,87239,75215,67335,80542,89355,97309,83446,78540,70475,73794,62221,93365,79536,102750,87079,87049,74106,68957,66861,86983,78143,92939,89596,79100,71334,78529,79950,100536,78137,99219,22194829,83433,75768,90343,68686,83824,79411,114012,93077,79265,77032,80714,69619,
211,96577,88392,80781,89212,75943,3928,3398,73869,93589,78256,91096,1204123,80863,75229,61050,67871,81611,78517,70718,84972,73066,85857,73876,65569,78111,86200,87383,81281,75967,68886,71957,60053,88608,77249,90771,81044,85432,73036,67193,65813,83998,76683,89268,85629,76622,69116,75890,78364,98292,75182,89972,21380782,81500,73589,88167,67842,78855,77741,95120,86744,77376,75675,78875,68116,
212,87172,86089,78963,86636,73843,3422,2831,72468,89200,76007,86357,1162354,78792,72889,59491,65763,78952,76236,68401,83091,71421,83880,72116,64125,76612,84487,84866,79314,74365,66906,70150,59046,86044,75095,87393,77619,83311,70334,65769,64635,81809,74938,86085,83290,74910,67511,74462,76775,95233,72779,87000,20417241,79791,72320,86066,66272,76732,75716,90136,83034,74605,72969,76992,66593,
213,84342,83588,76545,84326,71964,2778,2122,71031,86839,73805,84985,1124462,76239,70753,57247,63972,76595,74233,66895,80667,69310,81023,69046,61854,74329,82185,82900,77387,71556,65175,67487,56972,84153,73548,85767,76537,80836,68193,63327,63195,79382,72445,84514,81233,73344,65398,72065,74519,93479,71206,84730,19547522,78034,70603,83879,64654,74816,73608,87541,80910,73075,71495,74813,65190,
214,82050,81269,74227,82227,69659,1945,1429,69236,85239,71472,81814,1081621,73252,68485,55072,61607,74228,72623,64676,78424,67267,78473,66716,59931,72165,80331,80796,75021,68759,62573,65081,54228,82007,71016,83589,73961,77877,65454,60437,61806,77734,70316,82167,79021,70160,62672,69517,72403,90560,68843,83147,18509508,75651,68370,80814,63217,72951,71310,85337,79283,71201,68835,72557,63539,
215,79989,79287,72563,79536,67503,1437,1025,67960,82350,70448,80408,1043154,70293,65836,53360,59536,72410,70642,63270,76955,63074,76163,65228,58058,70100,78019,79386,73445,66131,60594,62640,52080,79594,69144,80961,72845,75335,63013,58698,60579,75576,68852,79847,76830,68131,59871,67425,71322,87943,67660,80657,17589902,72535,66170,78506,61881,70806,69210,83415,77027,68162,66613,70057,62558,
216,78276,77313,70567,77761,64322,1002,782,65834,81167,68355,78215,1006089,67884,63917,51122,57588,70305,68483,61580,75286,62766,73256,62718,56000,68596,75719,77230,70776,63602,58177,59910,49842,77755,67454,79278,70880,72579,60052,56600,59211,73513,66823,77842,74757,65293,57604,65424,68949,85317,65489,78508,16631988,70931,63502,75535,60012,69353,67230,80757,75093,65822,64468,67547,59775,
217,76426,75433,68229,75080,61700,808,723,64079,78967,66009,76071,967189,64686,61323,49136,54412,68166,67193,60186,73048,60751,70437,59454,52987,66388,74094,75563,69311,61082,55257,57080,47474,75486,65453,77446,68923,69428,57257,53406,57453,71130,64882,76133,72748,62417,54491,62923,67369,82735,63139,76378,15641750,68263,61245,72925,58293,67226,65181,78481,73505,63365,62158,65092,58654,
218,74079,72655,65835,72629,58451,753,711,62433,76737,64076,74175,916251,61532,58173,45888,52125,65263,64998,57006,70650,57972,67276,56511,50534,64463,71447,72705,66969,56700,51983,53775,44191,72932,62982,75513,67048,65490,53978,50602,56160,69013,62525,73447,69807,58687,50567,59411,65252,79270,61189,74192,14466522,65390,58534,68918,56343,65050,62496,76297,70893,60216,58770,62126,57270,
219,72246,70156,63273,70192,55657,713,693,60488,74505,61936,70859,873911,57999,55380,42678,48647,62015,63077,55327,68374,55318,63848,53574,47293,61482,69435,71078,64447,53678,48877,50231,40859,70240,61214,73106,65021,61829,50224,47057,53824,66221,60768,71035,67183,55816,46843,56777,63746,75804,58534,71247,13507931,62501,55623,65572,54632,63219,60553,74255,68741,57320,56243,59255,55060,
220,69649,66806,60955,66797,52301,639,615,58541,71769,59726,69124,823427,53664,52361,40416,46041,58988,60992,52872,66228,52142,60813,50339,45053,58676,67032,68646,61464,49459,45774,46197,37110,67886,58523,70142,62854,58141,46360,44077,52268,64219,58170,68468,65210,52672,42256,54341,61646,72466,56213,69181,12370609,59586,52839,62418,52348,60982,57389,71078,65770,54441,53392,55972,53372,
221,67007,64078,58290,63697,47626,620,597,56175,69121,57752,66925,775559,48945,48333,35716,42433,56059,58492,50531,63616,49350,57017,46611,41124,56332,64251,66302,59463,44724,41423,41197,31927,64797,56285,68525,59575,53871,41661,39609,50351,61823,55419,66376,62522,48802,35968,51499,59546,69038,53970,66994,11402487,56473,49487,58103,50189,58148,54764,68616,63574,50639,50140,52704,51585,
222,64407,60890,54977,60208,41649,596,573,53806,66578,55388,63151,715293,41082,43815,29024,37321,52592,56003,47884,60235,45876,52088,41332,35765,53102,61623,63482,56116,36341,34738,33059,23478,61115,52654,65107,57128,47893,33263,32110,48286,58408,52582,63041,59127,43389,25570,47307,56767,64140,50397,63562,10266587,52144,44954,52952,47566,55095,51312,65858,60444,45907,45979,48525,49426,
223,62403,57897,52282,56864,33841,550,526,51371,64137,52308,60445,661468,30594,37332,20096,29855,48594,53126,44776,58205,41245,45921,33912,28253,50156,58385,61304,53479,25827,24574,22095,14148,58222,50152,62119,55050,40086,22654,22612,45963,55175,49686,60067,56183,35399,14958,42113,54476,59823,47685,61110,9348060,47127,39513,47326,44829,52203,47915,62431,58201,39463,41161,42411,46692,
224,57540,52536,47534,51034,16175,529,502,46488,59503,47700,57368,576418,12015,21323,6718,13339,41476,49437,39908,53646,29955,31101,17929,12952,44864,54561,56485,48668,9286,10028,7517,4494,53553,45172,58387,50683,20937,7443,8102,42347,50463,45684,55325,52326,17635,4400,30433,49595,50957,42627,56600,8092060,32762,24700,30854,39329,48058,41495,58339,54235,24015,28257,26950,42818,
225,55215,48030,43951,44805,7646,506,479,43438,56320,44859,53518,514621,5291,11282,3094,5954,33812,46098,35277,49886,19528,19307,8937,6037,39946,50885,54058,45483,4281,4721,3606,2485,48995,40965,55505,47888,10296,3479,3735,38806,46522,41544,51729,48710,8758,2660,19984,45843,42113,38644,53343,7291333,20692,14209,18765,34448,43948,35212,54473,50003,13427,18126,15879,39447,
226,51047,41774,37390,35935,3567,476,453,38315,52221,39782,49709,427589,2971,4767,2081,2761,21225,41936,26914,45627,9981,9200,3981,2928,31588,45808,49523,39329,2704,2681,2511,1918,42440,33605,50624,42908,4690,2409,2447,34753,40307,34866,46224,44255,3929,2256,9928,41516,26993,30748,48266,6384575,9911,6041,8568,26648,37831,24462,49387,45193,6059,8634,7267,34513,
227,47407,32558,29548,25014,2573,429,414,31172,48570,34100,45110,337252,2681,2866,1877,2114,11352,37245,17896,39871,4728,4539,2633,2198,21284,40122,45224,31697,2436,2217,2265,1877,33775,25011,46055,37554,3004,2160,2105,28623,32401,26381,40098,37776,2650,2135,4654,35008,15105,22123,43724,5689918,5100,3322,4304,17886,28739,14581,43783,39217,3307,4089,3721,28548,
228,40731,19390,17411,12481,2479,464,456,22268,42006,23385,38306,218650,2508,2384,1791,1982,4537,28069,8261,30262,2802,3066,2303,1991,9870,30106,37683,20310,2335,2043,2122,1812,21159,13418,37806,28001,2716,2031,1949,20926,20263,14964,28802,27677,2362,2085,2732,26523,6319,11004,34228,4983966,3281,2524,3092,9714,16109,6153,33408,28816,2652,2567,2608,20284,
229,33091,9980,8969,6059,2356,467,459,13064,34061,13782,29494,135279,2551,2303,1673,1911,2757,18172,4035,19871,2181,2642,2130,1870,4582,19683,29244,10953,2213,2038,2087,1664,11652,6649,28544,18048,2515,1983,1919,12102,11013,7516,17266,17324,2287,1976,2311,16992,3892,5235,23949,4544879,2899,2304,2729,4746,7913,3180,22128,18174,2435,2234,2426,12080,
230,21267,4277,3822,3310,2205,466,457,6078,22128,5676,17517,79273,2229,2142,1664,1910,2279,8088,2376,9257,2026,2574,2084,1824,2586,9028,16943,4666,2134,1985,1945,1628,5013,2966,15987,8174,2556,1896,1814,5546,4805,3299,7266,7803,2221,1916,2101,8792,3051,2668,12147,4172233,2745,2145,2627,2613,3669,2281,10439,8328,2225,2010,2356,5542,
231,11393,2867,2558,2786,2177,417,414,3247,12223,3066,9213,61090,2200,2074,1601,1786,2113,4016,2021,4536,1944,2429,1989,1798,2225,4422,8491,2898,2060,1806,1869,1607,3084,2326,7999,3991,2419,1814,1793,2821,2967,2317,3829,3828,2040,1755,2048,4278,3006,2267,5995,3906387,2741,1988,2484,2109,2608,2122,5073,4185,2198,1988,2209,2927,
232,5243,2527,2164,2621,2081,430,422,2437,5656,2288,4539,54230,2164,2064,1509,1792,2002,2410,1877,2703,1890,2307,2001,1713,2184,2814,4167,2361,1963,1809,1799,1487,2552,2084,3906,2599,2279,1847,1788,2003,2434,2107,2614,2395,2049,1725,2047,2761,2956,2047,3313,3667030,2677,2052,2378,1980,2364,2138,3016,2768,2051,1846,2141,2160,
233,2978,2398,2116,2510,1939,405,393,2142,3187,2104,2907,51217,1997,2033,1511,1577,2061,2216,1838,2350,1812,2265,1731,1710,2067,2426,2734,2168,1830,1697,1651,1465,2417,2048,2798,2194,2175,1705,1607,1890,2345,2008,2399,2299,1943,1655,1905,2297,2683,1958,2620,3437883,2556,1913,2273,1901,2216,2027,2560,2490,2055,1871,2077,1854,
234,2466,2297,1972,2364,1836,414,407,2017,2471,2006,2284,47835,2073,1782,1450,1567,1920,2044,1734,2267,1721,2115,1715,1619,1999,2241,2474,2115,1675,1680,1661,1365,2297,1932,2455,2077,2040,1591,1547,1769,2217,1869,2400,2088,1920,1634,1846,2083,2608,1846,2427,3189131,2450,1876,2209,1804,2119,1901,2390,2395,1925,1811,2078,1787,
235,2314,2192,2005,2331,1772,417,406,2063,2432,2009,2245,45666,1841,1827,1378,1468,1880,2079,1760,2209,1684,1997,1588,1506,1958,2216,2453,2006,1660,1573,1631,1366,2218,1857,2396,2089,1989,1497,1507,1826,2122,1900,2228,2054,1791,1541,1852,2051,2556,1743,2441,2982184,2293,1849,2087,1777,2077,1785,2333,2244,1801,1680,1867,1774,
236,2171,2106,1895,2168,1681,371,360,1852,2230,1779,2151,42236,1828,1801,1313,1430,1720,2022,1672,2022,1654,1950,1626,1438,1789,2085,2268,1999,1664,1588,1424,1239,2103,1786,2229,1919,1913,1461,1461,1702,2044,1745,2167,1949,1710,1377,1719,2009,2318,1754,2234,2742318,2317,1677,2045,1697,1973,1730,2164,2156,1784,1588,1811,1631,
237,2111,2003,1824,2154,1649,359,349,1834,2191,1760,2082,39673,1676,1611,1234,1393,1686,1860,1598,2070,1555,1929,1522,1371,1769,2024,2164,1879,1534,1464,1480,1153,2046,1757,2110,1847,1897,1383,1354,1683,1957,1722,2138,1864,1556,1320,1570,1862,2289,1711,2186,2549700,2209,1587,1904,1625,1886,1721,2197,2135,1748,1501,1766,1605,
238,2035,2049,1807,2029,1502,351,345,1773,2141,1725,2057,37041,1603,1548,1165,1331,1636,1736,1481,1959,1500,1785,1414,1331,1671,1954,2027,1732,1460,1282,1352,1132,1867,1577,2057,1812,1662,1331,1249,1716,1911,1621,1984,1783,1523,1250,1587,1830,2226,1611,2046,2321823,2184,1603,1803,1579,1768,1585,1995,1916,1627,1396,1629,1547,
239,1926,1892,1645,1971,1540,359,348,1733,2074,1634,1859,33989,1539,1447,1073,1224,1447,1690,1448,1805,1439,1623,1387,1202,1609,1893,2051,1681,1401,1195,1259,1010,1886,1587,1995,1737,1581,1159,1205,1579,1794,1559,1974,1655,1458,1136,1480,1731,2130,1552,2019,2140377,2082,1497,1775,1536,1800,1615,2045,1875,1543,1331,1620,1481,
240,1900,1795,1571,1832,1413,318,310,1692,1872,1581,1782,31359,1449,1369,993,1127,1379,1591,1393,1788,1353,1602,1264,1143,1540,1717,1909,1625,1277,1201,1128,939,1719,1496,1978,1723,1565,1116,1107,1491,1715,1442,1827,1610,1289,1073,1360,1678,1906,1325,1926,1930384,1956,1448,1645,1419,1759,1463,1859,1725,1421,1248,1507,1425,
241,1847,1765,1484,1744,1286,335,334,1606,1864,1504,1715,29006,1293,1247,897,1036,1265,1499,1342,1670,1235,1400,1186,991,1410,1678,1882,1611,1121,1087,1055,862,1687,1456,1828,1572,1364,1008,1020,1460,1605,1370,1701,1575,1261,899,1252,1648,1851,1357,1846,1759690,1858,1337,1520,1316,1722,1323,1708,1745,1266,1149,1458,1410,
242,1704,1609,1419,1642,1187,346,343,1535,1749,1425,1665,26336,1245,1227,837,935,1303,1516,1180,1570,1114,1328,1105,1000,1346,1623,1697,1508,1026,962,996,704,1631,1359,1790,1511,1187,837,935,1360,1472,1339,1629,1452,1163,891,1245,1564,1699,1288,1734,1575280,1775,1252,1396,1301,1529,1319,1744,1658,1231,1095,1311,1273,
243,1661,1565,1298,1568,1054,322,312,1501,1654,1369,1549,24026,1078,1145,686,855,1113,1353,1189,1493,1129,1253,990,831,1267,1637,1605,1361,954,804,835,626,1440,1307,1691,1425,1136,805,820,1305,1449,1248,1536,1372,1043,675,1115,1505,1508,1191,1594,1426411,1550,1158,1318,1283,1432,1204,1568,1527,1171,1084,1230,1302,
244,1617,1398,1271,1455,985,332,326,1369,1627,1201,1443,21424,926,1037,588,767,1004,1345,1051,1417,1038,1116,895,810,1171,1490,1598,1342,759,758,686,515,1364,1193,1540,1324,1031,600,669,1331,1364,1240,1500,1290,939,531,993,1477,1456,1102,1528,1268846,1509,1003,1141,1234,1369,1046,1454,1493,1067,987,1111,1246,
245,1489,1309,1187,1336,790,315,312,1340,1425,1109,1476,18641,729,877,440,679,904,1323,1017,1389,936,997,795,633,1091,1336,1529,1254,593,598,525,425,1274,1081,1492,1279,785,441,485,1167,1268,1161,1358,1229,746,431,957,1378,1207,1050,1465,1133807,1446,922,998,1105,1253,994,1418,1323,857,874,1015,1143,
246,1385,1229,1033,1137,588,296,289,1256,1447,1098,1335,15942,554,690,369,493,809,1189,926,1303,823,821,600,514,940,1289,1410,1086,463,466,412,356,1122,988,1404,1103,671,293,414,1172,1160,996,1213,1112,562,356,804,1328,1083,872,1381,998105,1206,728,858,1039,1235,840,1307,1342,728,729,837,1079,
247,1192,1113,940,1072,471,293,285,1188,1374,1019,1254,13607,436,579,348,393,630,1064,766,1145,667,657,462,426,870,1202,1281,1047,373,340,341,331,1126,900,1269,1101,467,305,341,1079,1034,935,1137,1018,443,302,716,1220,811,837,1291,895755,947,629,691,991,1010,716,1210,1198,615,568,677,973,
248,1177,946,899,948,374,289,282,1064,1232,866,1176,11320,419,443,301,361,527,973,596,1071,558,494,390,323,711,1139,1274,974,361,321,351,334,960,805,1254,968,368,250,332,982,869,835,1074,941,432,322,514,1107,673,750,1191,800396,723,485,531,910,938,577,1121,1125,456,487,502,938,
249,1102,850,768,754,359,298,295,1006,1212,817,1084,8721,420,346,318,298,359,884,538,959,413,412,364,322,529,958,1192,820,363,330,338,320,850,680,1074,857,311,277,339,951,800,674,984,842,349,293,406,1064,499,566,1089,720471,551,467,410,808,806,450,989,971,368,341,374,929,
250,1004,608,532,564,338,284,283,988,1067,619,985,6359,393,338,304,361,355,766,400,798,373,364,339,350,465,888,1033,715,314,320,340,299,637,471,976,743,310,264,303,869,588,498,768,641,312,284,358,925,398,436,927,640761,471,384,392,681,496,372,812,799,365,316,339,792,
251,907,458,441,481,303,286,275,814,960,471,789,4250,386,361,316,309,323,625,351,635,338,313,324,317,371,720,926,525,325,334,351,300,429,409,841,566,278,280,324,734,459,460,579,535,303,285,354,872,390,384,848,583230,360,372,369,573,412,302,639,667,374,282,327,703,
252,741,382,359,412,323,308,304,648,794,381,657,3080,395,315,297,333,269,475,311,497,325,290,346,307,332,546,749,432,283,288,349,273,369,313,637,457,261,254,333,638,400,379,441,403,322,295,317,696,348,332,625,531225,424,364,398,497,357,335,495,546,319,303,343,589,
253,618,339,334,368,317,277,273,602,650,321,567,2355,355,350,294,288,313,368,327,461,343,321,295,309,372,447,673,372,329,304,316,301,333,333,454,377,304,261,332,535,354,330,382,362,324,288,336,606,335,293,474,490636,394,352,394,439,316,279,395,388,307,278,304,486,
254,441,340,352,385,331,279,282,462,493,304,417,2195,354,362,316,281,316,311,311,342,347,298,323,292,315,395,459,344,302,307,303,311,324,329,367,314,297,224,315,419,305,344,325,270,332,281,292,479,336,312,399,449282,429,328,392,371,309,292,331,371,318,275,293,407,
255,339,377,326,385,312,288,280,378,428,322,378,1991,360,302,298,293,299,286,307,321,316,299,297,326,320,356,414,348,322,326,324,306,337,294,313,348,291,231,333,361,318,292,334,265,291,280,314,405,357,344,354,416938,368,309,361,363,279,303,332,325,345,274,260,366,
256,388,323,287,368,289,238,232,358,354,279,312,1942,343,312,252,302,273,351,286,343,297,298,318,302,317,361,351,327,300,298,285,266,372,318,324,322,281,252,265,330,355,320,303,246,296,283,300,330,320,321,365,388335,365,387,347,311,304,291,303,358,292,262,286,330,
257,324,346,313,397,259,236,234,345,353,305,337,1847,382,321,295,259,324,304,307,336,300,278,311,278,312,350,372,306,339,309,318,254,326,310,279,301,241,240,335,318,338,278,328,261,297,295,289,308,329,332,395,358393,396,320,311,337,305,278,311,306,329,269,286,315,
258,371,343,299,384,294,274,269,338,257,283,315,1647,327,354,259,255,302,279,292,320,343,266,278,273,307,340,392,358,302,311,295,287,308,305,314,270,271,215,265,328,338,299,296,236,326,267,292,298,309,324,361,325177,359,296,382,345,284,309,316,332,298,235,292,335,
259,332,326,314,342,294,256,251,312,307,283,299,1587,328,309,242,286,309,315,289,338,344,290,301,237,312,332,386,321,271,280,289,239,300,293,305,335,280,230,266,308,302,303,321,263,271,276,297,289,308,283,366,298599,390,307,353,326,264,285,306,303,303,272,288,341,
260,351,329,300,353,268,251,244,327,305,323,317,1403,332,280,249,289,294,287,283,327,298,260,275,278,307,332,353,308,268,266,271,243,302,270,343,303,247,236,293,349,357,286,306,239,275,264,264,274,294,261,360,268465,358,340,313,305,277,263,323,309,286,239,280,352,
261,323,322,271,341,300,246,241,282,294,307,329,1291,317,295,233,268,267,270,283,329,287,242,304,262,302,363,377,303,260,250,253,262,282,296,279,312,237,216,292,275,319,304,329,265,261,245,272,285,306,276,317,244212,349,284,296,322,309,284,295,280,291,226,262,308,
262,306,312,321,335,264,223,219,281,298,267,269,1146,293,258,231,262,303,284,289,303,269,264,272,276,293,325,341,343,286,248,260,223,296,292,295,300,248,205,273,325,295,293,277,232,258,256,290,306,312,290,344,216445,340,312,303,314,282,267,288,314,263,263,293,357,
263,322,282,299,332,247,247,240,325,272,276,310,1067,268,265,237,239,288,295,261,304,278,232,261,253,274,322,308,297,248,239,238,234,267,275,297,306,241,206,269,311,281,268,300,221,292,243,251,302,283,261,321,194918,335,261,296,303,258,265,295,325,245,234,249,297,
264,268,326,261,331,252,231,224,291,267,284,313,1022,287,283,218,251,266,298,269,274,244,262,261,250,270,314,308,320,248,246,221,247,290,240,287,262,215,171,225,310,294,284,294,219,256,225,225,305,295,293,331,175425,323,314,291,283,275,272,245,310,265,258,254,319,
265,304,305,266,326,261,209,208,278,285,287,282,920,284,270,219,263,247,281,237,272,252,230,235,231,300,317,304,332,273,247,223,223,310,259,266,278,222,149,244,269,295,284,286,228,216,249,259,270,254,253,337,157116,312,255,278,266,258,248,290,277,255,215,203,302,
266,295,299,261,282,285,230,223,323,275,262,268,864,286,248,233,239,271,261,247,300,226,194,239,210,272,307,370,288,239,240,232,207,246,249,297,267,198,161,239,334,263,284,252,231,237,223,219,303,258,287,320,137357,319,274,281,294,257,241,231,252,242,194,253,315,
267,288,295,283,307,234,235,230,286,258,251,251,751,281,237,222,252,275,232,263,269,266,246,243,203,255,301,294,311,209,260,243,226,289,246,265,259,197,185,244,268,261,243,274,224,215,217,270,319,253,249,288,123531,336,307,264,279,271,248,265,285,271,208,231,311,
268,267,305,265,280,229,216,214,284,274,274,282,687,256,250,206,233,234,273,229,268,240,222,256,259,271,294,340,282,206,228,259,212,242,262,274,260,205,189,225,265,280,259,248,173,218,209,217,276,268,237,283,109254,293,261,281,313,240,245,250,244,234,200,231,281,
269,286,270,253,303,257,216,211,267,266,258,260,599,257,213,220,226,229,239,240,248,210,200,263,226,254,286,313,312,228,239,208,215,239,268,251,257,193,156,241,291,264,265,247,202,215,200,233,266,245,243,289,97872,283,238,240,287,237,222,235,248,226,205,199,279,
270,290,251,264,278,214,194,190,252,238,246,282,518,251,231,190,212,226,257,229,273,243,195,231,220,265,282,300,274,214,248,218,217,271,242,284,257,220,166,210,297,255,270,262,203,200,218,215,258,237,250,294,86185,307,236,244,281,227,208,220,258,220,201,197,260,
271,259,287,270,273,242,203,199,283,242,250,248,444,242,250,201,202,212,217,225,261,247,220,233,211,254,288,292,267,231,245,203,227,259,240,281,211,193,179,181,272,257,247,246,196,199,203,214,270,240,232,266,78295,238,258,279,279,230,231,251,257,203,218,221,292,
272,252,215,254,264,205,208,204,268,244,217,275,437,242,243,200,210,225,226,219,233,230,213,209,197,230,278,275,255,224,191,227,185,238,217,242,259,189,177,223,266,244,225,249,167,231,218,211,248,234,248,280,69097,250,215,268,261,215,211,234,238,237,162,216,261,
273,262,237,239,245,199,197,192,243,246,227,218,358,260,231,200,204,230,246,234,211,232,208,219,194,209,272,309,232,220,214,203,220,240,222,235,242,195,160,214,270,218,233,242,175,220,207,196,225,218,244,280,62722,261,238,224,245,190,201,210,256,222,172,228,297,
274,238,248,253,275,201,195,187,221,212,211,240,308,272,207,193,232,198,216,223,240,211,234,233,226,230,276,311,250,201,221,197,208,237,209,224,216,197,169,241,244,234,229,243,181,208,222,219,228,219,225,241,56463,239,260,255,232,207,200,207,226,227,190,202,242,
275,207,237,248,296,230,194,191,246,235,233,212,281,230,211,183,176,203,223,232,227,203,187,206,213,233,242,264,227,230,223,216,214,210,206,218,217,166,154,236,248,238,255,229,181,227,213,199,231,191,237,262,51078,257,247,245,236,208,203,216,233,257,199,190,225,
276,217,209,263,280,185,175,172,206,228,227,230,292,236,217,194,211,210,200,211,210,225,207,230,191,218,264,256,225,204,209,214,182,214,186,239,241,185,161,224,222,234,208,217,170,209,199,226,227,231,205,241,45822,229,240,226,243,214,162,217,209,247,201,180,254,
277,233,230,233,225,172,199,195,220,223,189,241,263,222,206,196,190,207,238,215,257,230,189,218,202,217,217,254,228,233,199,225,207,204,228,197,234,184,156,249,233,253,218,215,178,206,194,201,206,185,206,255,42041,257,211,232,239,193,197,193,220,187,186,180,235,
278,230,215,226,222,207,197,192,221,202,209,231,245,242,213,230,196,204,216,216,213,211,234,208,192,233,242,255,259,211,228,200,214,219,236,226,205,170,171,196,247,248,226,229,147,181,202,186,209,225,229,218,37497,237,226,233,223,199,198,193,248,204,169,186,218,
279,233,194,220,275,195,157,152,224,208,199,195,267,240,215,202,200,190,202,192,230,201,184,229,209,221,234,260,257,194,182,186,194,225,207,178,221,188,140,216,226,196,215,209,162,198,158,190,200,208,184,228,34153,253,222,234,237,169,190,220,228,190,171,167,228,
280,217,242,215,241,200,170,169,243,213,207,232,255,226,200,194,200,198,214,203,205,205,153,214,195,212,235,225,227,204,208,227,190,222,194,230,219,172,163,190,252,222,214,231,152,201,198,197,236,222,226,237,30765,237,223,201,234,176,180,199,199,227,154,198,238,
281,239,228,218,238,192,175,170,244,199,202,205,263,240,191,165,203,211,179,192,231,199,170,218,193,220,246,260,248,200,207,200,179,218,186,233,196,176,147,199,230,194,214,219,160,191,180,221,203,211,211,227,27904,224,213,242,246,192,179,219,221,216,155,199,239,
282,218,221,251,237,194,159,156,222,178,209,214,273,214,206,154,187,194,202,189,232,209,188,218,186,218,235,242,207,195,171,202,183,223,208,199,205,171,124,207,236,236,209,210,161,187,185,206,189,212,223,221,25145,237,235,218,215,194,188,198,205,190,195,158,244,
283,231,230,228,223,199,153,150,220,210,203,239,270,218,227,172,199,194,222,208,235,186,197,207,171,229,221,251,251,190,189,203,204,227,219,209,213,177,152,170,231,198,209,209,139,187,194,192,215,191,212,251,21854,243,215,206,225,201,167,209,187,235,175,173,237,
284,235,215,211,226,172,156,152,199,181,185,200,219,216,204,176,178,185,204,209,229,224,187,193,172,207,219,248,229,171,175,173,161,215,206,216,215,190,132,189,215,193,197,200,165,199,146,186,209,204,202,214,19859,213,242,217,227,192,165,212,201,213,170,203,249,
285,196,176,221,219,192,165,163,197,181,189,199,242,190,189,176,169,199,191,191,229,211,170,191,172,218,200,233,223,178,179,175,195,225,187,189,200,160,143,177,250,218,195,200,161,211,170,181,208,186,211,208,17821,219,234,220,225,170,179,177,227,199,171,171,211,
286,213,219,241,216,199,157,153,213,176,197,219,243,215,207,150,163,197,193,206,197,190,167,170,180,201,246,235,198,179,177,183,173,216,194,183,200,161,125,197,251,200,163,200,137,184,193,181,194,203,198,188,15912,224,230,200,230,185,184,193,187,178,154,185,256,
287,197,210,245,228,181,163,162,222,173,179,198,218,242,187,159,169,198,180,191,190,174,151,214,182,210,227,220,252,172,193,204,180,198,190,204,182,151,133,205,238,186,171,207,157,176,177,181,214,174,196,208,13909,221,186,221,213,188,181,183,201,188,151,174,212,
288,201,212,192,233,174,150,147,186,190,205,189,241,213,195,152,201,197,194,161,219,200,153,217,163,228,232,246,227,166,167,178,169,210,214,188,199,161,136,182,206,204,189,224,160,189,147,187,180,223,199,207,11812,166,171,217,216,177,176,202,182,197,160,148,232,
289,217,222,190,250,171,125,126,195,186,180,193,205,191,164,154,167,168,217,171,217,166,188,194,193,226,221,231,211,183,195,208,174,183,181,212,179,149,127,176,208,201,205,196,126,206,162,174,207,189,201,172,10766,219,218,221,202,168,174,171,206,182,167,165,232,
290,216,193,216,231,156,140,139,224,228,211,169,199,211,181,170,169,179,178,162,187,179,175,183,181,199,209,214,220,176,159,176,182,203,183,179,188,189,129,194,210,220,171,190,141,178,159,181,198,171,195,225,9510,200,212,208,217,177,162,172,206,165,170,166,228,
291,191,215,193,226,157,139,138,188,164,176,209,197,191,161,147,158,179,168,163,171,183,138,176,167,194,214,246,222,181,183,176,173,180,174,165,201,140,123,190,212,186,170,202,114,169,147,176,186,169,204,179,8446,196,168,178,192,164,160,174,191,183,127,167,190,
292,213,194,196,237,173,134,132,196,188,183,204,191,186,161,149,147,186,162,158,208,181,164,180,167,193,212,212,239,178,152,168,174,202,175,179,191,141,134,181,198,196,166,186,114,182,162,199,195,177,186,201,7626,190,193,204,204,170,165,162,187,154,133,177,207,
293,185,177,204,208,165,142,140,199,165,192,176,210,157,176,164,146,186,185,182,219,167,141,165,172,187,223,230,227,178,174,200,168,192,174,195,186,152,115,174,200,160,181,171,141,183,158,174,168,162,165,177,6843,216,177,199,185,165,167,206,203,180,130,166,196,
294,190,188,178,219,164,142,142,192,152,175,173,205,218,166,164,164,175,188,165,189,198,151,182,166,168,176,217,220,151,172,188,164,184,173,173,188,142,130,172,177,172,159,179,122,176,177,139,183,155,159,226,6024,185,203,181,203,136,175,169,176,167,142,154,190,
295,179,173,195,195,160,135,130,183,189,166,185,200,171,188,153,173,159,159,174,175,185,173,170,156,205,226,220,227,181,167,199,186,179,151,173,179,152,109,193,200,168,156,203,139,154,147,158,160,176,182,179,5378,204,169,240,209,169,180,161,176,197,169,152,180,
296,196,194,185,206,168,126,124,201,171,196,170,191,173,154,161,153,172,185,167,192,172,154,173,168,143,201,216,184,166,188,176,163,166,178,167,181,124,126,164,197,181,181,174,106,180,152,173,154,176,172,179,4872,171,175,167,191,163,162,136,172,199,126,138,197,
297,177,197,197,214,158,121,121,184,149,153,148,154,185,167,147,148,157,162,159,171,184,161,163,154,207,198,220,184,156,173,167,155,192,186,166,162,144,131,158,197,197,184,164,122,158,139,160,167,147,159,182,4501,179,180,200,210,149,157,157,173,176,141,153,196,
298,203,192,156,207,170,140,137,137,167,149,180,196,194,151,145,180,180,174,144,174,177,149,162,145,190,231,227,216,168,158,141,158,186,166,156,159,149,112,167,233,168,173,182,127,162,118,164,151,151,193,182,4005,198,172,190,185,142,148,159,170,185,145,145,195,
299,179,197,171,208,171,120,117,164,163,171,183,176,177,150,150,141,174,161,134,168,191,145,172,163,176,178,222,176,150,161,188,156,168,140,188,168,129,111,145,167,195,190,187,116,156,153,164,148,163,159,160,3597,225,157,205,196,144,171,166,159,151,139,135,186,
