165,658802,651476,662842,792099,2884142,606858,906969,5085334,1009285,548685,757550,585206,2898258,3000363,1170845,2090281,623875,603775,606762,647213,2860969,2271026,3306571,2248337,699812,947616,704768,877474,2565272,1648426,2277458,1940112,617622,691682,769354,595451,2961427,1602295,1186149,3579579,684472,724693,675820,785780,2310952,2375404,2591764,4497153,815431,571420,756759,690835,2879838,2118587,1472279,4562452,557902,581902,626660,689892,2640399,2332652,2915993,3248620,
166,751014,730168,777421,962277,4521741,1005100,1405054,5897934,1411723,616306,939890,658533,4815007,4817763,2165009,3671402,700331,678897,700185,726749,4130380,3744706,4562161,3558936,807227,1331443,815480,1202195,4086316,2907661,3737961,3259130,690992,843858,939213,669328,4366920,2832844,2140274,3898255,793676,937612,764147,939064,3770709,3811397,3956683,4765684,942367,642000,973106,772945,4435427,3589502,2591347,5003451,626254,653702,695292,837466,4118291,3785584,4242600,4110315,
167,898527,841264,976758,1289398,5903502,1495593,1882458,5374161,2087541,709366,1247039,760037,6572095,6447341,3635199,5257843,791355,802238,861813,826911,4836082,4931269,5130749,4393514,997187,2036911,1023001,1786927,5104178,4119710,4807807,4244679,783043,1127202,1244563,782032,5161958,4067231,3341965,3972586,974310,1317778,900289,1203277,4860195,4747227,4861298,4774178,1157365,747507,1327002,879950,5642654,4839828,4164598,4774788,722320,754052,783078,1105965,5181760,4949020,5032567,4471324,
168,1204919,1103057,1418649,2050147,6432962,1978494,2337345,4877953,3277091,904730,1896888,1001548,7366600,6767440,5227007,6382783,988862,1080375,1264736,1059731,5219608,5542010,5305618,4723145,1436486,3370057,1505370,2952382,5467312,4841599,5289421,4708439,979816,1789673,1921036,1032445,5426819,4809763,4263017,3990664,1397479,2147455,1208709,1793730,5229620,5046267,5208942,4777120,1681827,981148,2042067,1091691,6257413,5783932,5670184,4561892,932213,1002646,961280,1693393,5647085,5609131,5242396,4524847,
169,1820767,1728986,2305211,3328741,5743227,2416580,2908302,4806308,4467895,1344928,3006267,1548326,6493435,5842516,5973450,5869535,1484768,1686313,2156037,1581755,5210448,5641297,5321563,4767590,2366504,4943581,2505874,4428837,5415768,4972103,5298130,4731327,1443209,2950804,3111836,1589765,5462125,5022501,4639612,4024281,2275504,3448632,1902780,2931567,5227241,5016266,5197790,4819975,2729980,1497257,3189937,1546006,5783861,5852463,6658230,4567534,1360311,1573785,1344853,2718541,5406265,5618216,5114390,4480869,
170,3192889,3229237,3860486,4889869,5318170,3106537,4261148,4925875,5214117,2461486,4482189,2849275,5884932,5379360,5233794,5218351,2929106,3139834,3914646,2959321,5211188,5619648,5374857,4825643,4280680,6754767,4336516,6070136,5418830,4911207,5279160,4714666,2687740,4479422,4732717,2942346,5539813,5087893,4751815,4082109,3936071,5024556,3520873,4826723,5216519,5057077,5223063,4890562,4490254,2711069,4521368,2752449,5406359,5340457,6441467,4648570,2393361,2887038,2346321,4094477,5255349,5437319,5122782,4519538,
171,4445486,4616007,4908716,5560001,5456819,4667534,7437337,5166128,5391113,3674628,5223727,4036454,5997939,5526327,4843036,5229832,4769353,4748457,5514003,4617328,5295189,5716468,5479144,4946009,6119975,6954843,5890619,6630545,5553247,4975669,5374637,4814158,4097998,5325862,5734720,4316496,5694165,5192721,4876637,4189149,5288105,6007477,5113484,6312653,5316011,5239558,5328411,5023921,5577802,3875308,5067507,4171044,5487547,5270076,6026683,4791360,3508236,4037974,3574546,4741171,5353085,5500561,5255271,4596704,
172,5358358,5558415,5333652,5582737,5870263,8241577,13020334,5571030,5428679,4627811,5452713,4836335,6477568,6015468,5003224,5565471,6763706,6305079,6151252,6486410,5446237,5892163,5659244,5123332,7155208,5990271,6814705,5848371,5828379,5170942,5585125,5022306,5297102,5451129,6046053,5562029,6002030,5439048,5153098,4411473,6135606,5828508,6627004,7163580,5501145,5599237,5564963,5298595,5954884,4700603,5094543,5399951,5750428,5494717,6093848,5031042,4408894,4756195,4741933,4917476,5578392,5672956,5512368,4704068,
173,5478437,5574214,5224866,5516191,6928643,14969500,19955775,6649230,5481858,4890149,5399672,4959094,7752332,7380223,5858021,6646032,6955209,6130831,5457164,6819994,5817994,6638097,6325284,5847116,6417046,5594120,6153071,5407422,6664490,5818085,6242627,5716124,5589387,5261613,5674414,5717595,7037924,6418673,6189821,5366353,5759463,5345040,6575398,6491963,6189699,6744018,6405302,6278405,5998725,4847400,5050343,5752693,6405083,6066780,6632429,5735078,4716183,4957361,5204196,4950544,6188400,6151203,6277720,5182999,
174,5359483,5473993,5221753,5653178,49795442,54761164,59756559,59668987,5604989,4896335,5462550,4916845,57765767,58911405,74870110,49434883,6015124,5325056,5022068,5921335,41676515,44882078,52404844,57942361,5729274,5659948,5557399,5437409,40601382,38561810,41555234,46976697,5525620,5316318,5581029,5237054,62932677,62060986,65003904,70033620,5448463,5295191,5817283,5968384,48500068,64742160,66561129,66374567,6160424,4850139,5060200,5669856,44960198,38740194,42228683,52287138,4837637,5112191,5342233,5066171,44810481,39297518,53770011,50220140,
175,5459784,5703655,5431094,6038094,177419980,161438857,168346973,221296548,5910776,5029677,5686789,5050173,200499378,208415905,253002920,190066499,5870876,5251046,5160087,5697647,152265080,173885918,200420297,217983088,5832389,6011165,5669925,5730202,180326875,154106692,159450799,180140771,5739468,5618446,5808011,5286695,209650630,206273008,215811451,229907822,5649073,5545655,5833087,6094627,191008305,238711349,191503218,230825529,6567892,4999171,5352344,5717962,170476267,149149278,162550420,197078390,4955821,5420110,5461462,5326778,171023294,155465148,198233103,188429901,
176,5993509,6618126,6209902,7231616,273016246,228489625,201682048,277327357,6862757,5545822,6409449,5698488,270179700,280131072,257450502,261111441,6362148,5673740,5752461,5986250,199763687,231568843,241068930,272131502,6424584,6710073,6148663,6339174,225595792,199544746,175458306,208738043,6429691,6455378,6386353,5630964,182508226,174315228,186808899,193684040,6167413,6112989,6230581,6574934,192005847,198987153,192263599,198686888,7843491,5737094,6201847,6243174,253534382,183266605,217572995,267391031,5544660,6428050,6099937,6223948,270164215,95133217,233035701,222560939,
177,8036157,9364810,8722482,10275284,320140293,278960896,288360682,345303224,9788269,7636614,8757156,8018463,331740644,335054743,291179976,304053110,8309478,7174395,7514816,7065146,211530958,207673840,229293549,292571429,7897186,8431081,7466896,8184228,245906926,209266923,187097499,199517535,8803579,9017341,8509915,7213030,164344747,160572060,163778076,166054226,7858799,7996549,7807139,8227081,229542443,173723063,171030069,177262848,11023026,8146691,8774090,8396230,310188383,272425907,265062225,315383391,8027439,9526253,8422250,8977997,277131459,257025756,275594812,248017123,
178,42816863,46945622,46150380,49411710,358841161,315553912,345184355,395111945,63196116,42924500,44138153,44450213,384366545,391067883,340358363,352376510,59416812,61844798,54648741,37055340,169270428,244287298,219176009,297151662,49967391,54596691,43874565,56665170,226144848,188793360,183578029,197962982,53026343,51336128,47319620,39739039,154634670,156406836,158843642,162613289,41921852,45599609,45861845,51180652,224491377,161804563,173128973,169902831,69433404,50974273,49479475,41435970,347507421,296790318,301927912,477579657,56922024,66383507,48836254,68639669,305544103,281984535,278645450,240643164,
179,157258628,161579931,150787910,157066675,370211223,329224229,351981952,429347337,213554868,163249027,143214690,157918033,432329763,431123496,392356367,369994037,215613306,227458357,203307644,153757053,210220823,215430765,234311633,296666150,188430505,194467343,154619801,179413320,214472542,200320103,183637470,198964112,190540807,178721020,170784841,144697824,161049834,157449873,262397456,161121703,152928270,160947712,159772827,186495351,233180767,165305321,173508353,170758982,231082622,184923853,175923754,144469291,384401552,312619342,296642865,359912167,218126843,201351924,185656206,238939578,316610873,292428889,293625993,265450797,
180,181647752,181831117,203708550,184570040,421778440,341300865,392411312,448763908,209354285,190436455,163137510,157892178,476366214,486406618,453511404,425205293,265431337,256524165,239981858,186272721,196969794,222078969,218466482,289010148,228773608,236257645,196170066,219078473,212502134,190909855,180527074,189626988,211551282,210493817,239286912,224470413,166916256,157310223,160284622,163626670,198918056,207568951,207186571,327131444,189530408,165256111,164510331,166547493,196248847,179544681,313671474,168424451,398560612,325806482,322865924,387134839,189001636,190435227,182104539,192546683,324483965,303335217,250334657,260727287,
181,182499090,183768069,116635861,188725386,409502173,354134000,397926806,467638816,210392236,199698787,181773168,174237667,509611103,521536652,515290169,485209095,286903453,281755885,279565306,223281790,189511714,218305609,210695570,291173703,268389925,284150767,240633413,254475553,202328461,220737012,172997077,182670306,233481573,230620556,281395226,232251021,156367969,155246726,156175910,157729512,236084810,241658524,251099028,268578851,181390569,161360875,159320917,160920550,177143835,179158219,171637221,184111083,393224434,340883498,357390988,359989687,211075392,178274526,170714096,169029665,325849332,297025259,276463290,261226544,
182,184593992,193401997,175133947,193919238,420344841,369309919,436203160,475793935,247446572,215352607,202720895,186457515,528198053,545585033,539193280,521823244,317122075,320181211,318353241,266618640,179804250,197472978,205172066,271273885,305188473,337164283,277803825,301113968,184457726,177851720,165682629,174825112,262045848,253921144,330316869,273680144,154278619,154198129,153522273,155981177,276892224,275457266,298697243,293442335,165612133,159494341,165830364,158334056,166593132,162757941,166430686,183784361,390118135,352350815,313031909,363756134,167993190,166000202,169472210,156400499,318689213,297886225,265070691,250466365,
183,199123751,189326287,174737336,210721472,438039944,388338091,458450470,481652068,226633892,251497097,220829505,176964036,537530604,559881218,557083601,544555222,351002888,358910486,414399273,304329345,174955424,191176366,195414067,259347390,363584463,376605937,322174140,325087177,162338381,172152088,161682473,171590188,292471057,270716860,354040656,297317165,150683342,153396561,154654270,155785016,303570139,296477090,364340837,316447599,164304722,160007929,156681555,158392935,145367949,160980998,164074153,326600799,377735825,358313722,323735972,354573340,163286925,161764845,160442219,160375020,306981973,285037883,251973862,245455414,
184,188610203,190109877,171160328,178921305,435827637,413295806,480912865,481571625,214523175,217775276,181339235,160587062,544412916,561328313,570119235,562373714,389131987,394272511,397800156,339463563,174994647,187466993,187939524,245143625,402598211,399691326,331687263,340209590,173876463,169806004,142794473,169243021,293672256,269179960,383990434,315505492,153757401,153381663,154453349,154754698,310226982,310813079,353177104,330540762,158847209,161290786,156444810,157142698,160058372,159471430,162066403,185956649,384852444,354264240,332847975,369434381,160657868,157720822,158561658,151110408,299916734,280258242,252304107,245444719,
185,197010899,191513065,172983786,177752048,458904233,441011690,454813614,481552348,223398709,254958531,132350249,164189300,544839639,567006690,569577174,572559233,404811002,418717373,429546067,371304509,167271032,184536455,184882409,247901849,427792049,418219118,339107007,343972299,163864331,167322103,157283272,166704455,305225228,275960334,383447907,325499851,150876070,152033170,153625634,153614878,316333666,317698845,356813089,337489493,160129035,161002096,153326175,155678019,158621753,156605793,162324432,181033799,384564297,318260145,325508554,366020893,156653257,157117770,159470406,148032818,286580274,280153133,254894321,247564815,
186,192584285,192218024,172483773,172781962,511537491,456427459,441265354,467134722,209522923,196511978,180217402,168610125,522192085,536287695,546012554,561571411,445680014,443001516,455733503,408044883,153502761,176479465,172194299,232229743,288449412,426973906,352966232,356648082,166415771,161971469,154999545,165959269,302371624,261564952,398260271,331456976,150384682,150138903,150554063,151626374,313756537,318980119,362614216,343716942,291949953,159011786,148607397,153071502,156514811,156936055,159879400,309982271,391346032,376983740,451676369,377113758,156365458,152357478,147446250,155364033,301975529,216294122,250265113,243248849,
187,190595552,183124938,170086868,170575556,430641153,399434014,383708183,382801077,205802429,225237502,173315510,151237300,434313894,441367744,454029540,473608618,459174807,452425257,471937680,432328626,138675647,147705019,144067737,185485651,468233415,451751652,369026744,368919601,150147721,140333674,134827745,142307422,294375386,265204209,378876699,347486241,132688054,130065177,130461883,131045049,316631440,321327848,364487740,349625312,138124611,139283793,136983569,132980400,155407659,155469102,158540154,173646867,393866816,337158203,305686259,311697596,154857216,154515870,154713952,156094631,266373494,338926958,209867022,203874203,
188,187675642,191105734,169012461,168858052,234343562,208519855,210351894,209654240,195693833,211807637,166172951,163281926,222834312,226738678,234226083,242769778,468983935,456947144,465833689,445836411,80351922,77578009,76804078,93324627,477372853,455127007,390957258,384369301,76805609,75204043,73072091,76445368,297454482,252484622,398635984,323803692,71055899,70354555,70544928,70200994,317775990,318168552,352341522,362623094,74817931,76080355,71711483,71809241,88853568,154836538,157154942,169324257,192188175,185344196,166582183,182317569,153423116,152558815,153590714,153492163,142691748,126051709,111893537,106258454,
189,205881737,179632629,165643784,162323278,37707998,40490384,39311324,33831488,184785700,170644430,168788392,159158273,37238451,36505784,35859831,38672048,475985338,453901473,475887874,442197401,15103893,15926906,15615579,17062182,470263569,453966343,411367955,390107421,15921452,15174023,15175074,15141490,280406178,241113758,360597915,307789090,15133980,14718912,14587362,13822230,315622251,321125402,357376091,332988883,15425574,15522064,15017251,14831677,149815296,151133928,153409714,165386099,32481975,31224412,30333018,30874640,148514218,149522137,150112818,149986057,25445342,23140907,19926951,20956897,
190,142291164,147662360,129303002,126626622,5692153,12106108,12024639,5340649,148190862,141725663,126697907,126504704,6209223,5765988,5129611,5687797,373808881,359269918,374189149,353153608,5340131,5838948,5503347,5023105,463422727,352329117,330212031,323026624,5604504,5097725,5486130,4893233,216407395,170161741,294680606,232525241,5792260,5343144,5020433,4343694,257467148,252924464,283975372,302859412,5468982,5220796,5509937,5128388,118364837,118440187,120043911,127220324,5827546,5623732,6246502,5082534,118439913,117433015,117911952,117739745,5567534,5736676,5307187,4826070,
191,67573430,71437251,62641360,61722539,5025726,11453265,11372965,4728727,70697086,65365104,61763732,59925380,5572529,5108332,4479785,4948658,178888589,177669900,169097222,164859273,5108144,5605150,5339450,4767040,169281159,166498858,159313750,157765707,5363542,4865500,5257351,4664442,100681790,86710542,139383846,117086933,5565262,5108847,4768008,4107319,127530577,127617262,146700921,149425163,5228904,4985937,5275099,4890127,58424472,57614949,58579664,61521357,5250235,5050307,5674120,4509936,58284773,65899624,57923248,57699559,5109253,5346765,4983989,4520681,
192,9842109,9923367,9294623,9504167,4989239,11262537,11162002,4699684,10136685,9102615,9355062,8835267,5530878,5071142,4444317,4909686,17873959,16579293,16384650,16556448,5069938,5559223,5298934,4730134,16799612,16067099,16438871,16124550,5329224,4833490,5221419,4633260,12205517,12538955,14978092,13285108,5522188,5069262,4729800,4070139,14688121,14448760,15594689,16011787,5196634,4963383,5233941,4863868,9702504,8406709,8944878,9680650,5206728,5002662,5631955,4483540,8722573,8725060,9171886,8770556,5066412,5300514,4930864,4483635,
193,6225338,6260068,5977791,6266256,4979054,11162390,11051474,4692627,6384737,5672162,6189611,5652142,5526061,5064301,4436451,4894491,7732410,7074522,6892233,7403959,5049912,5540759,5285915,4714408,7431919,7516267,7380933,7333109,5318410,4827409,5217966,4628954,6693296,6316663,7283602,6689258,5514612,5065678,4721043,4067262,7152999,6998532,7330790,7802901,5181916,4957324,5217107,4854583,6669966,5534256,5862204,6447976,5190991,5003307,5622030,4477160,5655394,5692971,6120459,5717974,5063392,5294487,4923783,4478107,
194,5400535,5373992,5214406,5516018,4978708,11041896,10923251,4680936,5519432,4881813,5453001,4927729,5514019,5054720,4427314,4883828,5440627,4972579,4835048,5372239,5178204,5528208,5270291,4707245,5370462,5484292,5366776,5487874,5305812,4809811,5200412,4618026,5420152,5161790,5551282,5017972,5498235,5051574,4707768,4062087,5307978,5211225,5442647,5786480,5165938,4950583,5208656,4843306,6001547,4856270,5166201,5733373,5177341,4989371,5604316,4471013,4970175,5018525,5426752,5033537,5058327,5285032,4914473,4466127,
195,5300479,5282310,5125188,5494199,4970137,10924062,10787531,4676710,5404437,4769896,5362883,4839309,5504822,5050350,4420092,4876670,5223423,4750203,4628588,5169494,5166491,5523788,5261391,4697267,5154467,5280098,5153978,5148705,5299876,4802184,5195301,4604614,5272955,5025050,5367535,4836834,5484852,5047100,4697692,4059936,5115623,5014376,5234269,5568908,5162347,4925941,5206630,4838759,5916709,4784306,5077864,5645365,5171699,4977927,5603077,4461027,4892571,4943566,5352212,4962784,5048504,5266933,4906297,4461295,
196,5268867,5252169,5095921,5393042,4962951,10786744,10610028,4668179,5364897,4761665,5323126,4819399,5497279,5037698,4414524,4867448,5172272,4703325,4578153,5123269,5155134,5513281,5249981,4689108,5099233,5232933,5094573,5107945,5285733,4796711,5188168,4596773,5241001,4989939,5315236,4791253,5475452,5037910,4693692,4053605,5068791,4969558,5187950,5520681,5165796,4922643,5191730,4838447,5886612,4764703,5058143,5609460,5161926,4969565,5591077,4455844,4860727,4923585,5326335,4940310,5033940,5266658,4895476,4453785,
197,5255134,5237351,5085433,5387280,4950038,10617175,10344166,4665769,5354983,4742138,5306422,4801402,5481873,5034591,4408982,4860475,5172181,4691257,4569094,5112377,5144493,5503790,5237695,4678070,5092861,5227031,5101045,5095591,5281050,4785114,5172754,4583954,5227959,4976090,5303840,4787157,5463015,5032505,4680639,4051521,5059703,4955250,5180372,5507463,5151899,4912391,5179888,4829283,5874025,4761040,5043720,5605714,5154819,4965167,5579246,4450297,4856011,4910011,5318540,4929726,5029718,5248037,4884259,4450788,
198,5242002,5229228,5071763,5373625,4936851,10295921,9724268,4655583,5337785,4743369,5291446,4789398,5473727,5016924,4396108,4853637,5164779,4683867,4562596,5099759,5004354,5488383,5229563,4669243,5085059,5210584,5097931,5083630,5258864,4770787,5160367,4572177,5211511,4962621,5292059,4772883,5454220,5020252,4673655,4039249,5047121,4944994,5174161,5497446,5136101,4898306,5164593,4822333,5865542,4741293,5031468,5578622,5146198,4950237,5568286,4447120,4839967,4906118,5308641,4919755,5015887,5241985,4876143,4443085,
199,5230717,5219894,5056730,5359275,4931977,9662132,8411178,4652417,5322075,4732668,5277739,4787775,5463983,5010968,4382624,4842064,5154917,4668776,4550474,5094121,4987646,5480802,5216609,4659873,5075393,5200635,5076914,5073407,5250271,4763385,5147425,4564109,5207581,4959971,5278839,4765393,5438136,5016487,4659236,4040195,5037894,4945553,5171059,5484762,5117709,4895791,5153477,4817205,5843376,4733110,5023226,5575725,5134339,4935924,5557684,4433568,4831856,4891638,5298800,4910011,5009964,5228871,4863493,4443531,
200,5216329,5207125,5047678,5348117,4924620,8290764,6120975,4654174,5310533,4728803,5271111,4779877,5446708,5004169,4373970,4836096,5144767,4661306,4544266,5082035,4977165,5466794,5207582,4644059,5062049,5203813,5060501,5065635,5244182,4755040,5141629,4555159,5199476,4948959,5268070,4750519,5419691,5001840,4645999,4037775,5026496,4935336,5154011,5481410,5109636,4882656,5134675,4814034,5844354,4724771,5011992,5570539,5122535,4926527,5546693,4439371,4826963,4883690,5286556,4904337,4996298,5216335,4855505,4438323,
201,5211604,5194211,5039373,5332075,4913998,6100897,3680527,4644207,5297379,4706422,5255956,4769433,5429283,4987911,4366354,4820538,5128833,4649720,4533326,5070553,4973177,5457098,5196370,4637367,5048556,5189350,5049491,5061439,5232732,4745675,5133306,4542997,5188925,4940728,5255662,4747145,5410110,4991006,4633578,4029684,5015593,4927071,5144469,5466436,5105926,4871123,5132785,4810284,5831956,4717544,5005215,5562578,5111827,4919423,5535449,4434855,4822505,4874929,5272698,4894841,4987340,5210734,4845509,4430363,
202,5194627,5181184,5023152,5318768,4903964,3614230,1985037,4637566,5293713,4707796,5246483,4758832,5417142,4976076,4356134,4814040,5112690,4641626,4523043,5062397,4958614,5438558,5180435,4626224,5041201,5178143,5048799,5046218,5216563,4730809,5113810,4534382,5175008,4932488,5247180,4731609,5391272,4970032,4618412,4029350,5002852,4908101,5130741,5456050,5088593,4855055,5114142,4795997,5807249,4694985,4989996,5547404,5106228,4910306,5522173,4430183,4806991,4863356,5261233,4882215,4982677,5194676,4834768,4422218,
203,5183027,5172599,5017082,5311088,4883340,2079474,1312166,4629315,5279885,4690919,5234657,4742700,5398047,4960401,4341856,4794133,5105419,4634009,4511550,5052932,4941423,5431668,5167907,4619382,5025001,5164805,5035280,5037941,5206071,4722902,5095880,4518277,5159454,4918235,5232912,4725122,5377897,4954723,4604550,4018266,4991174,4900871,5124572,5436435,5082491,4843427,5098361,4792151,5788056,4691119,4972623,5537654,5085328,4900428,5510108,4429087,4797110,4856099,5249234,4866429,4966163,5189620,4819274,4424309,
204,5172157,5165710,5004406,5295757,4871172,1393799,1077795,4626577,5265110,4666504,5223506,4742121,5382934,4942590,4331365,4782769,5092795,4617010,4498290,5034663,4933277,5416413,5158516,4605958,5014176,5152538,5021577,5018532,5191248,4710918,5079892,4506875,5145463,4906416,5221204,4713381,5357635,4931929,4587751,4011147,4975253,4886362,5106182,5422652,5063302,4829122,5084630,4779460,5791819,4676481,4964841,5517367,5075918,4885455,5504605,4422683,4788493,4836052,5236990,4857394,4952257,5177677,4808552,4415510,
205,5164758,5145979,4989821,5281665,4850735,1098093,979909,4618232,5254855,4651581,5215321,4731432,5353373,4920082,4314915,4761365,5077305,4604366,4493029,5024488,4924532,5408198,5129591,4586983,5003413,5145912,5013799,5008356,5166640,4689021,5060515,4487739,5140888,4897322,5211806,4706217,5333447,4911514,4569627,4005448,4971215,4880461,5096692,5409715,5048825,4803625,5066677,4773722,5775772,4669351,4952870,5507038,5058698,4871956,5484094,4412776,4771963,4819146,5225737,4843589,4938618,5155361,4789151,4412265,
206,5146025,5134629,4977222,5263403,4817729,981693,931863,4608025,5246158,4665814,5196476,4710387,5331206,4894293,4287072,4732440,5056968,4593128,4479505,5009594,5026951,5380934,5100176,4566605,4982380,5133330,4999684,4998249,5133948,4665913,5023204,4458751,5122169,4885632,5206677,4695722,5300275,4880915,4543678,3990977,4955647,4872508,5095619,5401911,5020354,4771493,5042474,4760165,5752517,4651240,4941503,5486321,5029056,4844845,5458566,4399683,4753401,4805517,5208619,4827669,4910240,5142810,4763202,4403557,
207,5130201,5120835,4965974,5252313,4799434,932285,897832,4593237,5229553,4636561,5183273,4695829,5305705,4868992,4266453,4715056,5047742,4579604,4465660,5000554,4999306,5343201,5072391,4538960,4965672,5121282,4986925,4980998,5103689,4636993,4994773,4433220,5112359,4876004,5183774,4677554,5268314,4854757,4516760,3979556,4945220,4857478,5073180,5384162,4990426,4745279,5011920,4750821,5735090,4635816,4929275,5481069,5005373,4824566,5441458,4383178,4739159,4792490,5189755,4824298,4888722,5115119,4738859,4392239,
208,5123135,5100436,4947776,5235507,4770613,893333,862656,4575472,5219489,4623157,5162597,4690399,5275958,4846061,4248262,4687161,5026476,4561761,4443029,4983638,4963437,5305896,5039804,4508527,4943186,5095285,4972114,4952221,5072016,4606985,4959734,4407259,5100069,4858517,5175681,4671990,5231088,4830426,4488579,3965590,4928039,4840476,5059054,5371254,4957765,4720222,4980056,4726658,5669719,4620126,4907716,5452090,4972504,4790500,5404580,4368316,4719162,4772555,5174510,4796470,4847084,5080149,4711024,4382049,
209,5108039,5087744,4927593,5207208,4746088,863062,832866,4560831,5198377,4605299,5148751,4674208,5246742,4823697,4229732,4663808,5006872,4553994,4420606,4975235,4937183,5270429,5007251,4486329,4923547,5072479,4962063,4933671,5044146,4579992,4938557,4381475,5085565,4844395,5152971,4655798,5201566,4802673,4469894,3950947,4913625,4831198,5041238,5349738,4936653,4691323,4957135,4713138,5645794,4598805,4893118,5444123,4946716,4770891,5368765,4344346,4701069,4749173,5155816,4774147,4821687,5048729,4681865,4363073,
210,5091185,5062204,4905047,5177109,4723768,833839,803578,4543513,5174767,4586786,5120514,4645421,5219315,4799369,4202333,4642560,4979697,4535159,4404013,4947556,4903682,5251808,4972835,4457388,4904667,5047003,4937519,4902911,5008873,4551608,4908272,4361035,5066616,4816351,5141308,4645403,5167488,4779506,4441454,3937889,4885731,4799815,5024656,5317951,4894731,4657805,4924545,4691400,5604597,4564062,4860838,5402710,4920309,4734748,5330104,4333436,4670556,4720070,5131996,4742739,4796336,5015501,4653294,4348038,
211,5067805,5031219,4877771,5139800,4700956,801456,771197,4526926,5145301,4565812,5099640,4620989,5189066,4777033,4176789,4625251,4952285,4507204,4381977,4931402,4880845,5216203,4950250,4434255,4879853,5023419,4918353,4876480,4987341,4527083,4878702,4333315,5034381,4790682,5116678,4614612,5143706,4757517,4418166,3927699,4860388,4779701,4997405,5294592,4865033,4630722,4898155,4675306,5579443,4549649,4830289,5382938,4895460,4713725,5304390,4323713,4644073,4694850,5098013,4719057,4772284,4993221,4627550,4328780,
212,5043652,5002886,4847590,5111826,4677580,772451,741085,4516609,5117703,4543679,5069469,4599694,5167978,4749316,4156027,4599333,4927229,4481629,4358960,4905793,4854883,5187578,4926646,4414511,4851231,4991396,4889530,4848503,4959335,4504872,4850751,4316173,4998437,4759336,5084364,4597147,5109550,4735125,4398448,3921347,4834139,4752233,4969251,5265027,4844911,4610290,4876895,4669588,5537311,4522581,4812085,5345257,4873805,4692389,5276315,4312302,4615304,4669610,5072046,4698164,4755894,4962917,4605872,4318085,
213,5011762,4970770,4817717,5078035,4653441,743468,710662,4505100,5083816,4514320,5035856,4572057,5135345,4725642,4136662,4578682,4908308,4461102,4332434,4876633,4829358,5157833,4897051,4392181,4824292,4973560,4852197,4831437,4933573,4479634,4831632,4287251,4975742,4733430,5057744,4575941,5075568,4707501,4368682,3906128,4806308,4729687,4940098,5235517,4815658,4580645,4850757,4644306,5506217,4497513,4783514,5314393,4841015,4668465,5246625,4297593,4585570,4650184,5045677,4671515,4725903,4938961,4577844,4306012,
214,4982353,4936722,4782220,5048165,4621162,706259,671623,4484454,5050210,4525135,5010657,4546437,5099656,4695086,4109908,4545826,4881906,4436678,4308144,4851696,4803046,5123961,4868986,4360403,4793409,4944035,4818907,4799001,4893917,4445772,4789711,4262128,4944749,4703150,5030138,4546405,5039680,4676055,4334953,3897722,4769591,4702493,4913131,5203004,4782114,4550606,4815507,4629100,5463764,4472204,4752283,5278163,4814940,4635494,5211972,4283389,4563081,4620319,5014970,4647029,4698493,4906890,4552273,4290238,
215,4958500,4915709,4757564,5016500,4590524,672031,635308,4472349,5027287,4504191,4976075,4525730,5061001,4668251,4082441,4518056,4849217,4416517,4288189,4823170,4778314,5096417,4835997,4336807,4763686,4920976,4799257,4775283,4858455,4416283,4755007,4227388,4917357,4682059,4999500,4523465,5006240,4633394,4305891,3883732,4744187,4680505,4889057,5176118,4749542,4503473,4791043,4617635,5419054,4447622,4730039,5252680,4788388,4612277,5181602,4266483,4540786,4598502,4996604,4624202,4664200,4884864,4521455,4281392,
216,4927549,4886101,4732412,4979994,4548779,634955,595731,4456041,5005924,4478696,4954590,4503342,5006892,4638032,4044092,4481599,4821394,4389484,4261928,4794528,4667700,5059861,4799485,4311275,4738155,4897085,4775476,4748666,4805627,4374206,4712221,4178064,4885919,4654134,4969774,4496956,4967835,4581133,4249667,3869966,4716914,4659370,4863358,5145642,4718261,4420441,4754852,4597958,5402899,4422713,4706505,5219272,4757954,4584645,5145771,4254082,4518953,4569185,4965302,4598844,4633641,4850371,4493316,4261798,
217,4899582,4853795,4703186,4950671,4475879,595650,554341,4438171,4974304,4416224,4922292,4476395,4906972,4585570,3975433,4437487,4791126,4366601,4239817,4771391,4604357,5012603,4752469,4263437,4709347,4878317,4749814,4724057,4707940,4297100,4609164,4058262,4860744,4629678,4941300,4478303,4915021,4490846,4154524,3857868,4691455,4629678,4838887,5119175,4664973,4176818,4723800,4580010,5342850,4394263,4682689,5197706,4726189,4548068,5102696,4239413,4493467,4537158,4938864,4577212,4591321,4813814,4449760,4247684,
218,4867810,4818211,4672930,4912862,4273016,549448,503828,4418344,4942826,4385236,4886634,4449385,4626467,4481088,3793936,4341730,4746408,4336040,4211212,4746088,4557809,4922819,4656111,4149897,4684163,4840440,4722977,4693811,4391378,4047297,4297986,3717262,4822468,4601592,4908295,4450217,4796169,4220476,3881411,3840664,4659107,4606109,4805925,5084684,4543761,3557192,4669897,4560458,5286264,4365363,4650722,5147605,4666970,4480561,5018106,4217257,4466521,4497717,4905685,4543559,4495931,4772701,4348912,4229553,
219,4845989,4788028,4644117,4879277,3789716,504511,452436,4392751,4915587,4401491,4862928,4419270,3992844,4233688,3363487,4111812,4696226,4314062,4183827,4714177,4467220,4712462,4413089,3814841,4653950,4821500,4696061,4668012,3703921,3481317,3638458,3028631,4796034,4572251,4882062,4425173,4532178,3656917,3316414,3823081,4628835,4579318,4776948,5055406,4215713,2592170,4553369,4537297,5230153,4332615,4624411,5117331,4546989,4322484,4855043,4179230,4437325,4454305,4867043,4518732,4234302,4675460,4093055,4215361,
220,4809590,4740453,4609784,4817211,2972807,455414,394000,4358795,4883547,4365326,4823576,4386006,2989409,3700075,2627637,3607590,4589351,4288889,4134263,4678233,4266875,4243181,3881282,3334010,4603343,4787809,4668261,4626912,2720812,2625315,2682866,2136238,4748766,4532554,4849844,4396700,3967574,2783267,2478416,3802051,4592239,4546612,4743349,5018777,3568203,1636230,4297817,4506317,5118188,4289603,4589211,5067719,4260252,3949350,4466470,4106367,4392810,4362551,4830859,4480088,3684889,4459074,3571169,4192172,
221,4788756,4660591,4564353,4702676,1909538,391706,316375,4280812,4850954,4338630,4791359,4346408,1808125,2708499,1648486,2643546,4390266,4248800,4062784,4645467,3748167,3316084,2902347,2405312,4543556,4754629,4635878,4579686,1631363,1619612,1616983,1243023,4688931,4483217,4818653,4364985,2926278,1714898,1497660,3739696,4550021,4500927,4705633,4979863,2513811,916421,3666839,4447324,4921378,4226975,4557409,5010850,3578555,3143765,3613608,3903078,4347371,4192920,4794625,4437216,2706009,3899235,2648236,4155461,
222,4744573,4429823,4459222,4331980,1020727,302895,220106,4009235,4803073,4268403,4741390,4239745,957362,1533657,854202,1485098,3798707,4183439,3839812,4574963,2718514,2050061,1723528,1358323,4368777,4680369,4584314,4460896,881260,865015,882150,676042,4524426,4350603,4769675,4305342,1701038,906475,785623,3547572,4440979,4389484,4621770,4900086,1399846,565828,2518106,4260660,4303419,4044103,4492043,4891042,2412753,1961006,2300269,3304309,4226251,3728073,4714798,4349877,1560963,2805982,1553588,4040381,
223,4697674,3940566,4223887,3633179,633912,221952,147686,3385610,4728392,4108063,4668852,3993789,634642,869852,528871,825822,2869064,4048654,3376656,4449915,1665724,1174781,990344,777205,3985430,4543750,4516592,4177194,595530,561766,596077,467745,4180689,4042548,4707778,4201769,1003092,588085,511313,3054745,4197916,4152044,4439382,4745138,813169,444820,1479639,3773801,3368908,3682189,4369595,4616732,1401095,1097799,1288977,2365732,3981360,2983216,4584019,4171332,888961,1703906,890565,3720627,
224,4518906,2548949,3279563,2107625,435572,122611,86092,1776090,4407334,3454200,4358698,3064389,464243,517847,365420,486124,1386435,3465633,2139459,3899210,752611,627286,568496,462531,2734630,3915096,4192858,3125010,441110,401209,433709,354933,3043095,2980651,4426785,3681034,632475,423630,376856,1639962,3248218,3161685,3645445,4045528,502668,376331,710308,2224880,1756365,2557436,3811570,3497472,667332,556702,621880,1037713,3085972,1596506,4047933,3469782,513071,749980,512027,2429551,
225,4152811,1506618,2161494,1231310,392691,89721,72638,1044391,3801087,2563421,3770326,2060633,425488,436381,329176,406159,788912,2590655,1262415,3042543,570380,518030,468504,389529,1666976,2976342,3575265,2122606,408310,367642,395751,332254,1973686,1946074,3875122,2861373,536463,388698,350008,952145,2210302,2123133,2611863,3039046,435236,362871,560471,1323525,1027259,1592983,2959366,2405569,524250,451703,501727,694367,2095479,902856,3209441,2546506,432790,558438,432256,1484405,
226,3177995,779375,1162700,719733,373986,72706,65003,709654,2566354,1408493,2578771,1068025,410343,390702,315466,360483,504516,1419488,673059,1755560,464821,454750,409250,352407,863150,1703236,2352248,1092407,393002,351816,377387,319553,1012064,1016560,2686502,1654668,477780,372982,338689,629752,1166371,1116651,1398677,1713164,398076,353869,464450,835437,664233,824841,1738660,1262818,438952,397082,446504,548014,1094119,540804,1906187,1405292,392053,457707,389537,861596,
227,2065849,546225,724256,558218,366380,66088,61692,585577,1548978,814088,1564820,656171,401657,373615,308145,345148,418996,813726,482435,988743,402463,429974,382766,337467,595223,1003465,1369622,724847,385421,344409,368819,313149,641619,655894,1623016,937667,451316,364319,330725,513647,723574,703729,816484,1006363,384009,347533,408814,661199,545320,556907,1023108,785876,393233,373800,424301,463809,692377,433236,1091717,843367,377005,405971,374526,623387,
228,1107539,443999,529285,470393,359807,61667,58332,506538,901638,533991,886790,474644,395876,366694,305002,337291,383218,539818,391774,613507,371917,418892,372424,332441,471345,673070,760708,555803,379952,340196,362314,308841,481745,492226,893250,578683,440758,360210,327038,440985,527824,524014,559754,672377,378395,341859,383843,569101,485754,433926,673033,580897,374475,365152,414753,396695,513282,383237,672616,584739,368210,382197,366351,519978,
229,724214,406707,444534,433523,353856,58629,55684,427466,682028,435420,646284,405946,391107,359625,299647,331626,371645,440403,353488,489408,357667,410122,365854,325283,413150,552731,559768,470864,372275,334083,357935,303101,423183,422772,645004,459468,433017,353934,321048,371575,446886,440393,466728,548663,371462,338341,370638,483666,463638,381630,545551,497321,364503,357431,407215,338605,432257,366447,531796,483260,363996,371994,358890,439971,
230,547297,389206,390958,415063,348309,54951,52104,363521,552628,373807,515489,370188,384080,353151,294420,325179,363017,374242,336161,417432,347728,403574,357173,319826,382319,457735,454059,405982,365731,328751,350906,299610,394751,381179,513859,389219,425276,347834,314723,311454,399899,379901,411721,463023,365717,332389,363703,405093,450618,355797,449921,450147,357294,350600,400162,305357,378506,357909,448121,412066,356533,362648,353242,366289,
231,463811,382464,369654,406376,344621,51864,49126,329460,475087,350672,445093,357122,377144,347462,288730,319858,356329,349177,327696,390759,351896,395867,352186,314734,372769,408820,408515,378280,360873,322499,344418,295159,383374,365389,448379,363862,416793,341720,311068,281509,381835,357107,392030,424618,358088,325959,356485,357969,443845,345022,402343,434657,350412,345089,394350,291471,360107,351055,415930,382634,351109,355757,348109,319946,
232,414587,374904,360935,400132,339207,48543,45757,315365,422583,341762,403035,350521,371993,342054,284705,315056,352804,338898,321126,378207,345965,389293,346865,310474,364312,384052,384461,366167,354665,317897,339309,289852,376013,357229,411472,352158,410597,337129,305607,268573,373209,346271,383790,405258,353276,320808,350306,334169,434647,339465,377794,424263,345832,341032,387814,286951,349634,345147,400208,369598,345290,350485,342282,295608,
233,391395,367515,353319,393153,333304,45858,43023,309624,397242,335023,385463,344944,365575,337107,279329,309214,346616,332348,316205,371536,339110,383370,341086,304525,359150,374934,374144,359862,349105,312785,334072,285767,370380,351065,395383,346040,404412,332138,301230,263586,367309,339214,375934,396343,348012,315646,344284,323300,428803,334253,365597,417673,340685,336065,381616,281919,343762,339605,392920,362648,341280,344321,337076,284766,
234,381028,362616,347835,387245,328130,42582,39747,303215,384618,327691,375657,338856,358878,331956,275186,303811,341618,325715,310457,363095,332901,376744,334517,301023,351993,365923,366999,352358,344088,307673,328512,279703,362474,344805,386294,337629,396078,325385,296133,259487,359434,332888,369437,389082,344001,310571,338773,318749,422382,327502,357026,408917,333638,330057,374982,277453,336879,332775,384636,355259,334112,339110,331237,280191,
235,373510,356035,340745,380121,322917,40134,37252,300506,378791,322288,368887,333052,353784,326766,270590,298422,333947,320338,305779,358147,328528,370838,329679,295002,346257,359775,361506,346485,337628,302295,324090,275790,357203,340980,378817,332187,388674,321834,290558,255282,354729,328750,364361,382773,337308,306454,332179,313771,414027,322607,351300,402472,328056,324222,369256,272238,331959,327506,378647,348717,328657,333178,326185,275358,
236,366546,350589,335718,373977,317657,36993,34124,297588,371375,317006,362419,328002,348218,321611,266666,294386,328612,315152,300575,351503,324539,364283,323848,291367,340780,354432,353808,339731,332631,297941,317877,270509,350900,333964,372631,328053,383846,316183,286029,251639,347575,323407,357896,375182,332281,300595,327011,310172,404521,316379,345095,395554,323888,320695,364214,270407,325651,323028,372254,343627,324868,328307,320355,272612,
237,361565,344583,330052,367741,312499,33957,31218,293166,364585,312585,356103,322259,342127,315436,262079,290012,323238,309932,295411,346942,318096,358109,319073,285871,335740,348976,347813,333253,327372,294127,313179,266829,345108,328748,365620,322535,376849,309626,281587,248282,342784,317171,351573,369030,326422,296035,322604,305700,400150,310576,340798,389050,319188,314816,358160,266091,320252,316692,365612,338198,319422,322709,316240,268180,
238,353236,338960,323481,360068,306728,30702,27741,287730,359516,306835,348989,316955,337553,311124,257039,284684,317314,304019,290419,340085,312767,352203,312573,280902,328850,342245,342482,327115,320971,287442,306525,261871,339495,321982,360057,316424,370061,304554,275056,244648,336807,311370,344672,362465,321997,289081,316125,300621,390435,304411,332443,381599,312323,308475,352491,262344,313855,311707,359347,332226,313967,318056,310686,265262,
239,348554,333253,318512,356644,302421,27652,24761,284555,351033,302799,344383,312143,330731,304950,253507,280373,313035,298380,285706,334773,308087,345555,307185,276490,323171,336736,337558,322429,315624,282276,300618,256234,333883,318479,354778,312089,363221,299627,270252,241639,331310,306651,341218,357401,316135,283377,311232,296493,384931,300132,327834,375968,307261,304770,347266,258647,310241,306089,353578,326398,309104,312411,305241,259752,
240,341823,327406,312376,348156,295075,23847,20849,279428,346746,297104,336959,308057,323501,298495,247544,273252,306182,292931,280522,330903,302093,339735,300474,270251,318599,331289,331160,316843,309827,276762,294893,252509,328182,312211,348823,306212,356531,292619,264515,238111,325189,301329,334565,349878,309184,278230,304251,291638,379449,295328,321909,367976,301639,297662,338966,254072,302786,300987,348357,320374,302497,306298,299985,255888,
241,337142,323068,307314,343179,290099,20793,17511,276518,341470,293004,332351,303365,317654,295064,243408,269664,302235,288376,275972,324756,290829,333657,296122,266588,313719,325935,327758,311597,303761,272012,289455,247787,324343,307630,343219,302204,350120,288102,260903,235217,320864,296878,329606,344685,303257,273850,299698,288824,372794,290910,317413,363531,295938,293654,332896,252052,299330,296760,342979,316609,297461,302217,295195,254363,
242,331817,316857,301411,336004,284694,17027,13800,271671,334783,285791,325670,297146,311212,289578,237539,263174,294510,284807,270570,318048,283362,326933,290644,261136,306856,320519,323512,305086,297478,267171,283772,243065,317607,301686,336726,297105,343428,282434,255112,231956,314109,292813,322862,338681,296749,266566,293514,282974,365616,285376,311503,355567,290116,287468,326624,247136,292739,291158,335785,310400,293070,297092,289021,250097,
243,326081,311084,297258,330778,278993,13842,10663,267273,330972,283051,320683,294044,304870,283482,233305,258933,290563,279493,266264,313476,278400,320678,284775,256307,302280,315163,317528,301041,291833,260879,276929,236734,312807,296919,331566,292253,336589,276075,248802,228281,309810,287288,318361,333399,292324,261075,290092,278780,358309,279869,306317,349808,285715,283697,322023,243757,289087,286382,330200,306202,286186,291377,284316,245618,
244,319941,305215,291066,324469,274175,10902,8111,263387,323539,277461,316158,286379,298436,277877,228806,253900,283268,273533,261410,307020,274006,314775,279167,251530,296172,310330,310819,294137,285574,255122,270574,232020,306175,291019,326499,286643,330015,271442,244923,224634,304355,282025,312018,326024,287549,255981,282710,275538,351554,275409,301272,344519,280363,277137,314976,239739,283345,280697,325144,300355,280836,284589,279568,241645,
245,315192,299207,285492,319328,268861,8732,6602,259482,317839,272808,310443,281751,291339,272613,223996,249006,277747,269043,256140,301908,267925,309105,273564,246386,290965,303834,305584,289752,278225,249070,264903,226809,300970,286490,321150,281496,322114,263776,237698,221569,298753,277316,306884,320135,280152,248597,277749,271496,342989,269259,295497,335955,275108,271923,309854,235538,278484,273963,319253,293960,274633,279736,274235,238631,
246,309842,292911,280565,312484,261136,6703,5398,255225,312521,266731,303684,276994,284793,265632,217209,243141,271155,263612,250472,296404,263062,301187,267363,240380,284406,298984,299412,283636,271359,243214,258358,220352,294881,280233,314824,276657,314242,256455,231701,219574,291865,270931,301241,312276,275096,242874,270685,266589,335259,264571,289904,330069,268387,265941,300609,232185,272462,268649,313189,289122,268768,273551,268028,234956,
247,304697,285691,275052,306461,254900,5441,4759,250988,306917,262732,298229,271170,277209,260114,211928,236823,265104,259557,246648,289563,256661,294390,260381,235063,278421,294371,293165,278093,263637,236795,251416,213238,289144,274908,308258,272002,306875,250088,226182,215294,286152,266012,295924,306631,268583,235449,264542,263108,328730,257569,284928,322778,263177,259529,293970,228156,267047,263634,307019,283716,261930,267508,261213,230239,
248,299093,282153,270053,298918,247371,4916,4470,247229,300955,257781,291991,265365,269073,253472,205169,231291,259571,253717,240736,285700,250060,285784,254373,228540,272723,287982,289208,272666,257072,229475,244688,207535,283268,269309,303736,265656,299341,242549,219004,209905,280056,261745,289576,300852,259968,227944,258730,257435,320657,252944,278864,317063,257027,254057,286541,224474,261447,257349,301209,278590,257505,261201,254466,227006,
249,292077,275511,263546,293485,241674,4519,4208,242748,296300,252623,287377,260513,261324,245642,199955,224583,251967,248941,236042,278712,243529,280322,248042,222717,266856,281448,283290,266337,248742,221662,236163,200994,277163,264243,297807,260846,290662,234147,212509,207626,275087,255938,283681,294786,253871,220300,252846,253540,313131,246909,273263,309689,250049,247191,279273,220235,255989,251575,295044,273399,249445,255180,247932,224388,
250,286839,267972,256686,285171,234001,4074,3823,238664,289700,246589,280288,254232,252078,239155,192198,217184,245736,243363,229131,272859,236749,270986,239921,216212,260277,275960,277557,260168,240646,215458,229049,194545,269464,257298,291084,254836,281253,226991,204543,203611,268478,249949,277665,286846,244885,211738,245027,248314,303350,241592,267032,301829,242050,239831,270441,216288,249640,244285,289000,266869,242187,246834,241864,219052,
251,281495,261825,251149,278644,226387,3895,3672,233747,283722,239768,274969,248311,243932,232660,186095,210224,238644,238086,223901,266901,230871,262505,232903,209585,253917,269714,271874,254092,232522,208286,220193,187785,263527,252357,285280,249638,273215,219420,198842,198994,263232,245725,271950,281041,237605,204929,238618,244298,294955,236194,261675,294391,236666,233489,262684,210317,245139,236527,282128,260854,234214,240269,233722,215274,
252,274539,253282,243315,270273,219293,3710,3465,228763,276007,232839,268423,242227,235875,226083,179906,203116,229759,231221,216813,259932,223408,255730,225785,203038,246165,262994,266676,247025,225501,201685,212303,180658,255702,245340,279414,243160,264465,212051,191493,194813,254989,238070,264427,272188,231299,196628,231561,238287,284548,228280,255516,286863,229831,226333,255038,206191,236440,228744,275210,254269,228163,234201,227870,211283,
253,269644,246470,238207,262020,211608,3489,3315,224113,271899,227628,262016,234885,228124,218065,171952,197559,221193,225058,210568,254545,216498,247047,218326,197155,239433,256748,260651,240920,217492,192987,204605,173846,249475,239144,272208,237865,255775,203540,183246,190228,248456,232039,257427,265844,223255,189046,223938,234366,276954,222339,249202,278468,222902,220227,246680,201893,230868,221838,267913,247994,220471,226806,219863,206350,
254,261474,237366,230118,252557,202562,3211,2993,218868,264008,221861,255019,226888,217137,210273,164999,189697,212303,218768,203704,245631,209821,237521,208381,188493,231748,249799,253717,232801,207240,183815,194843,164645,239069,231942,263946,230666,245278,193836,174214,185688,240151,225945,250153,257605,213151,178520,216224,227497,266053,215510,241060,268234,214135,211488,236260,195976,223550,213844,259899,240323,211550,219379,212603,201208,
255,255744,229217,223076,244299,193431,3068,2880,213272,257889,214025,248214,220735,206131,201525,156262,182094,203887,212625,196767,239249,202075,227811,200836,180234,224706,243570,245956,225759,196197,175203,185046,156187,233069,223474,258000,224442,234650,182822,164176,181139,233546,218588,241949,250144,204501,165818,208588,221888,256388,208459,235120,260151,207899,203002,227346,190998,216183,206462,251723,233615,203213,211148,203936,196652,
256,248308,223541,217383,238118,176597,2569,2377,202467,251614,209528,242054,214988,186157,185898,139754,168190,197324,207097,190232,234011,188859,211802,185745,166454,219094,238268,240923,220157,176093,157344,164351,137641,226213,218976,251074,218273,215145,164479,145806,174190,227468,214712,236839,243559,187807,140783,194425,213770,247331,202071,229870,254262,193911,189117,210110,181399,211693,200472,245627,228294,188331,197178,189595,186961,
257,242246,214681,210445,229823,164290,2434,2248,198472,244883,202579,235144,207414,171746,177163,126603,157946,188458,200504,185114,225656,179772,199529,174943,156248,211279,230703,233505,213353,160800,142478,148692,122694,218199,212294,245477,211820,203552,148880,129317,168475,219594,207853,228063,236813,176003,119027,185306,206689,236957,194878,223233,245915,185255,179723,199369,175951,204798,191919,237857,221497,177445,188070,179176,182491,
258,234813,204701,201044,219254,146783,2264,2081,191835,237130,194536,227575,199681,148735,163975,106378,145319,177557,192707,175638,216950,170738,185290,162479,143314,201920,223481,225564,205044,135929,120389,122839,99645,209214,203165,236945,203664,188319,125297,105883,162717,211346,200071,219484,227380,160651,88193,174620,200246,223538,186299,214440,236246,173289,167546,184308,169357,196015,181495,229260,213077,164346,177703,166858,176776,
259,227941,196422,193734,209225,124939,1999,1812,186059,230141,188083,220993,192986,120565,149206,82046,128202,165621,185850,167925,208744,159710,170166,147109,127349,192855,216225,219511,197375,107547,94509,93966,74308,200955,195730,229594,197022,169419,96653,78421,158204,202827,192301,212959,218750,141270,61008,163601,194039,211602,178051,207642,224955,162288,155768,167517,163599,187741,171686,220790,205013,148084,166127,152281,170883,
260,218428,185000,184094,196978,98757,1891,1698,178674,221073,178327,212233,182388,89172,129650,59263,108855,149611,177867,158528,200178,148330,150013,127619,106952,183576,206873,211332,187753,79172,69427,67880,52775,189133,185937,221200,188275,146267,69520,55512,151738,193626,183786,201809,208895,116442,43180,149719,186365,194771,167784,198860,212777,148412,139249,145536,156348,178371,158182,210188,195080,127307,154136,132920,165053,
261,211070,172870,176106,184049,69861,1737,1556,172686,213483,170161,204132,173562,60532,103670,39400,80598,129418,170527,148710,191268,132360,121544,100459,80299,172880,198458,202677,178880,54114,47482,47401,36257,178440,177797,212513,181055,112651,47326,38184,145418,183526,175480,192891,200646,85929,32791,131020,180401,176032,158284,191610,202658,130274,115366,114870,148549,168693,142591,200548,187077,100429,136425,105890,158636,
262,201650,156610,163633,166080,46437,1447,1279,164205,204540,159177,194583,160362,42392,71704,28318,53391,95851,159224,132185,179629,107013,87558,69752,54209,159044,188408,193147,166935,38707,33664,34761,26933,162106,165198,202747,170139,78095,34436,28579,138277,171004,164322,181669,188059,57527,26869,102859,171795,143473,143857,181391,186913,101918,83576,80382,139224,154765,117471,189546,176626,68928,109098,74299,151569,
263,192281,136072,151304,142735,34963,1273,1124,154836,195300,147904,185272,147363,33343,49724,23347,37647,66208,149263,114408,169840,79171,61183,48861,37876,142200,178645,182710,157101,31752,27909,28943,22771,144219,151509,193020,160307,57022,28698,24397,129912,159089,153890,169096,176929,41534,24214,75287,162201,109879,125671,171401,169600,74025,57041,55129,127511,138904,89611,175678,165197,48555,80541,51716,143177,
264,182112,108082,134599,113270,29392,1144,1016,144328,185059,132687,174233,128515,29697,37149,21299,28984,44604,137081,90288,154469,56203,45344,37072,29920,118934,166934,172858,141827,28024,24887,26312,21277,119923,134831,182190,148346,44780,25756,22535,119900,140471,140276,152464,162811,33225,23622,53361,152277,76573,102811,159703,145061,52609,40978,40431,111697,115368,62010,160502,151211,36242,56595,38528,133867,
265,171070,77685,112083,83338,26319,1071,953,129408,174691,112572,163711,103858,27665,30385,19848,25228,33045,119764,65503,136563,41093,36617,30362,25339,89706,152985,160805,122010,26316,23114,24347,19974,91918,111744,172116,132042,38443,24291,21597,105291,116633,120607,131646,145111,28904,22593,40146,137655,55067,76105,145281,114603,38982,32312,33153,89129,87271,42872,138793,133162,30234,41180,31373,120868,
266,154349,49846,79470,55193,24728,979,882,107956,159839,81961,146857,72124,26640,26618,19298,22451,26860,90609,43039,105714,32270,31549,26369,22327,58697,130470,140955,90738,24976,22342,23556,19117,61110,79289,153722,103447,34123,23420,20462,82727,83732,91855,97944,114776,26324,21954,32229,116864,41319,49046,122913,77333,31198,27548,29615,64208,57778,31143,105563,103615,26739,31814,27299,102550,
267,134657,36742,55523,41842,24024,897,831,82991,142365,57141,125422,50208,25186,24541,18844,21372,24412,64947,32009,77509,27402,29009,24360,21594,41671,104240,117632,65963,24504,21426,22554,18764,43257,55598,132833,77246,31771,22696,20409,61489,58964,65944,68646,85998,24918,21363,27594,92605,35461,35854,97143,53571,27382,25182,28037,46498,42576,26580,74801,75273,25138,27342,25422,79316,
268,105311,29493,38915,34190,23121,848,804,62694,114817,38759,96486,35814,24844,24046,17989,20310,23300,43396,26320,51307,24886,27544,23370,20838,32623,73411,86696,45793,23833,20934,22054,18226,32730,38754,101174,51229,30774,22466,19527,45557,41896,44821,46588,59269,24200,20790,25288,70804,32226,28347,67724,40759,24878,23786,26790,36788,33193,24460,50948,51579,24237,24880,24433,59813,
269,76735,27020,31606,30725,22758,753,745,46457,87426,30482,70804,29292,24315,23209,17796,20022,22804,32794,23344,38294,22758,26880,22212,20188,28028,52832,61490,36501,23002,20410,21464,17812,28541,31728,72636,36998,29536,21488,19292,34913,33250,34323,35726,43720,23482,19973,23875,52486,30707,25086,49225,34210,23365,23184,26284,29554,28893,23465,38624,39050,23373,23085,23733,43850,
270,51476,25211,26335,28522,21864,786,768,36282,59332,25360,48257,25350,23645,22323,17368,19088,21933,26670,21906,30180,21745,25759,21839,19710,25256,39153,41729,29465,22512,19796,20694,17281,25984,26811,49237,29329,28608,20676,18598,27901,28409,27702,29726,34368,22823,19359,22590,40400,29534,23048,36603,31070,22316,22107,25395,24294,25776,22477,31652,31402,22907,22278,22702,33251,
271,38852,24631,24565,27649,21527,688,672,30408,45361,23088,37592,24284,22704,21679,16636,18846,21455,23754,20730,27302,20967,25153,20842,19023,24331,32969,33281,26592,21982,19465,20503,16658,25013,24654,39073,25640,28052,20609,18310,24071,26191,24760,26975,29926,22531,19202,22060,33581,28636,22424,31352,29106,21445,21859,24674,21519,24294,22122,28462,27682,21770,21617,22363,27383,
272,31924,23702,22939,26516,20848,671,655,25390,36198,22111,30671,23200,22226,21374,16270,18299,20852,22051,20174,25327,20249,24275,20618,18607,23234,27875,28103,24152,21084,18752,19858,16154,23767,23020,31563,23866,27098,19780,17567,20116,24719,22430,25626,27207,21590,18591,21251,28090,27962,21308,27032,28067,21119,21360,23746,19056,23354,21167,26538,25570,21630,21336,21819,22891,
273,27937,23294,21914,26226,20117,709,693,22294,30891,21352,27177,22411,21823,20685,15952,17586,20516,20961,19254,24287,19610,23958,19841,17891,22450,25465,26108,23220,20908,18175,19146,15739,23216,22372,28415,22657,26196,19337,17002,17983,23467,21481,24733,25623,21077,18079,20745,24207,27312,20788,24961,27239,20333,20578,23365,17834,22621,20694,25876,24102,20809,20328,21342,20012,
274,25859,22649,21147,25165,19611,655,644,20616,27298,20622,24942,21546,21375,19678,15487,17300,19705,20586,19048,23214,19198,22887,19387,17706,21951,24167,24728,21906,20197,17842,18633,15407,22721,21593,26266,21990,25577,18600,16654,16564,23331,20590,23901,24493,20672,17641,20019,22017,26425,20418,23505,26288,19638,20058,22575,16958,22138,20168,25005,23416,20318,19825,20651,18065,
275,24323,21831,20677,24691,19224,680,662,19556,25556,20013,23520,21113,20559,19518,14930,16950,18900,19854,18606,22836,18754,22252,18868,17032,21309,23287,24162,21337,19423,17102,18189,14861,22003,21300,25129,21082,24816,18443,16297,16041,22544,20247,23599,23759,20189,17044,19544,20743,25826,19726,22541,25668,19375,19615,22117,16602,21369,19560,24372,22884,19886,19513,20401,17048,
276,23534,21150,20080,23784,18698,632,612,18823,24024,19706,22926,20580,20113,19122,14582,16362,18547,19404,18045,21939,18123,21835,18369,16828,20665,22528,23176,20770,19037,16697,17301,14781,21698,20589,24111,20648,24399,17712,15870,15775,22146,19464,22748,23379,19496,16622,18859,19669,25144,18960,21839,25121,18907,19191,21743,16124,21047,19093,23622,21995,19276,19016,19768,16605,
277,23116,20681,19733,23105,18132,621,603,18292,23635,19042,22604,20114,19632,18625,14165,15921,18060,18902,17441,21330,17570,21392,18213,16496,20331,21924,22398,20367,18474,16391,17276,13973,21039,20093,23489,20328,23478,17198,15384,15245,21394,18957,22169,22634,19050,15847,18526,19072,24352,18468,21174,24175,18288,18590,20880,15650,20357,18641,22915,21555,18755,18428,18969,16013,
278,22352,20020,18875,22833,17490,628,612,17557,22635,18589,21661,19450,19066,17798,13742,15535,17570,18504,16970,20941,17007,20884,17601,15703,19764,21386,21859,19639,18013,15853,16598,13719,20207,19480,22754,19657,22934,16532,14968,14816,20910,18522,21245,21709,18529,15475,17902,18361,23433,18036,20770,23680,17887,18107,20590,15084,19825,18103,22098,20855,18299,17877,18427,15479,
279,21921,19601,18612,21984,17360,582,568,17293,22145,18209,21174,19019,18331,17451,13344,15084,16946,17726,16783,20582,16685,19932,16941,15050,19073,20954,21449,18800,17594,15365,16046,13184,19909,18927,22108,19408,22188,16163,14085,14282,20142,18165,20946,21137,17830,14935,17536,18210,22846,17783,20132,23010,17173,17338,19801,14686,19388,17740,21762,20363,17705,17333,17898,15147,
280,21600,19149,18121,21345,16648,578,561,16815,21514,17586,20355,18397,17372,16847,12821,14468,16611,17403,16234,20017,16296,19692,16252,14591,18513,20232,20942,18540,16607,14934,15559,12733,19305,18519,21832,18551,21581,15750,13928,14124,19565,17568,20367,20623,17555,14331,16797,17698,22244,17009,19844,22282,16742,17175,19157,14509,18842,17111,21268,20021,17257,16830,17469,14823,
281,20691,18620,17586,20914,15904,506,495,16338,21311,17252,20146,18235,17306,16366,12463,14050,16038,16906,15753,19214,15784,18640,15641,14399,18051,19688,20016,17970,16266,14233,15017,12270,18644,17919,21289,18152,20823,14990,13630,13770,19057,17359,19470,20004,16573,14029,16479,17062,21512,16434,19259,21790,16390,16674,18680,13991,18291,16465,20437,19073,16883,16562,17036,14403,
282,20061,18030,17019,19819,15656,543,534,15663,20696,16612,19252,17466,16438,15993,11940,13527,15500,16423,15330,19067,15350,18331,15108,13785,17747,19068,19532,17731,15655,13884,14383,12124,18362,17361,20677,17659,20054,14823,12939,13296,18458,16834,19052,19274,16136,13591,16194,16825,21021,16510,18537,21094,15904,16120,17765,13731,17538,15738,19884,18735,16338,15815,16670,14111,
283,19762,17230,16558,19486,14944,529,518,15748,19968,16195,18708,17160,15870,15360,11542,13263,14996,15926,14759,18048,14949,17531,14903,13516,17080,18596,19125,17129,15088,13496,13841,11496,17730,16931,20202,17188,19555,14042,12463,13042,17968,16112,18642,18899,15765,12683,15444,16273,20073,16021,18033,20613,15401,15633,17424,13444,17431,15728,19250,18281,15668,15372,15987,13558,
284,18973,16849,16067,18777,14447,539,525,15362,19283,15650,18241,16449,15377,14811,11170,12789,14346,15523,14210,17700,14445,17235,14403,13073,16524,18277,18547,16689,14766,12720,13291,11237,17114,16396,19470,16714,18729,13440,12001,12783,17450,15762,18234,18207,15107,12542,14858,15781,19571,15195,17670,19691,15076,15076,16773,13059,16755,15075,18950,17501,15061,14911,15496,13171,
285,18625,16208,15639,18323,13837,507,496,14828,18973,15219,17931,16101,15003,14509,10898,12197,13840,15012,13764,17274,14012,16829,13918,12730,16077,17845,18098,16160,14170,12355,12716,10784,16362,16189,19082,16168,18236,12908,11384,12487,17068,15434,17835,17499,14693,11927,14589,15641,18801,14809,16990,19137,14583,14404,16303,12684,16222,14575,18238,17392,14906,14733,15019,12931,
286,18188,15704,14960,17740,13714,453,443,14512,18093,14706,17069,15612,14266,14040,10273,11705,13099,14539,13316,16692,13477,15981,13430,11834,15460,16980,17672,15485,13344,11977,12360,10059,15959,15680,18270,15492,17191,12275,10949,12196,16354,14623,16769,16964,14171,11340,14018,15144,17903,14245,16284,18528,13943,13962,15605,12433,15837,13838,17718,16660,14180,14104,14544,12680,
287,17414,14997,14577,17152,12854,511,502,14072,17660,14207,16716,14790,13691,13483,9937,11448,12705,14021,13134,16046,13133,15225,12840,11471,14834,16559,17079,15014,12581,11353,11535,9355,15269,15118,17883,15107,16858,11700,10265,11646,16132,14371,16353,16290,13438,10702,13344,14796,17222,13814,16103,17967,13519,13570,14897,12325,15440,13461,17145,16292,13553,13675,14113,12355,
288,16822,14579,14105,16424,12026,429,426,13593,16945,13324,16020,14238,12609,12532,8982,10626,12107,13488,12278,15387,12453,14490,12045,10912,14188,15668,16270,14604,11984,10426,10856,8906,15125,14450,16914,14574,15623,10808,9697,11305,15306,13605,15830,15728,12690,9993,12858,14169,16236,12863,15406,17054,12655,12601,14230,11622,14457,12738,16090,15633,12517,12517,13110,11967,
289,16224,13880,13484,15707,11345,468,459,13204,16553,13140,15548,13817,12065,12165,8649,10340,11260,13096,11838,15065,11741,13647,11522,10334,13721,15355,15769,13856,11391,10062,10217,8368,14264,13704,16837,14281,14846,10399,9200,11109,14555,13221,15272,15378,12055,9424,12150,13726,15665,12652,14982,16625,12071,12351,13465,11205,14163,12180,15849,14969,12177,12145,12515,11555,
290,15697,13438,12796,15263,10798,500,493,12846,16072,12590,15020,13248,11170,11513,7987,9535,10912,12682,11404,14422,11084,13077,11216,9835,13044,14853,15496,13557,10588,9377,9810,8075,13529,13370,16018,13833,14083,9691,8610,10545,14045,12565,14619,14644,11412,8706,11705,13226,14987,11933,14563,15577,11556,11644,12834,10967,13619,11555,15253,14355,11682,11582,11946,11008,
291,15111,12860,12546,14529,10237,486,483,12220,15497,12136,14652,12968,10707,11061,7642,9322,10494,12169,10773,13975,10911,12528,10518,9332,12737,14225,14953,13002,10024,8891,9206,7483,13076,12789,15350,13063,13592,9278,7999,10231,13678,12392,14166,13987,10948,8009,11109,12673,14303,11479,13902,15334,11079,11217,12037,10611,13124,11212,14739,14015,11032,11076,11586,10829,
292,14609,12064,12052,13728,9660,436,431,12201,14984,11500,13963,12222,10349,10565,7080,8661,9679,11543,10416,13270,10306,11952,10152,9087,12076,13982,14266,12509,9503,8217,8402,7011,12471,12099,15282,12549,12748,8449,7549,9940,13013,11884,13624,13474,10340,7489,10594,12802,13215,10969,13484,14437,10560,10746,11562,10039,12554,10635,14201,13314,10456,10681,10777,10578,
293,14114,11842,11319,13392,9113,442,437,11517,14451,11301,13559,11801,9322,9863,6675,8187,9079,11120,9964,12869,9898,11179,9375,8278,11514,13400,13702,11724,8897,7805,7841,6648,11811,11870,14322,11903,12213,8148,6950,9608,12339,11475,13156,13054,9833,6876,10207,12160,12942,10580,12803,13693,10214,10028,11055,9805,11783,10184,13425,12941,9993,10242,10397,10193,
294,13800,10968,10780,12353,8573,460,452,11071,14111,10592,12761,11205,8658,9142,6088,7826,8374,10469,9377,12038,9318,10657,8863,7891,10723,12582,13244,11371,8062,7208,7176,5936,11355,11123,13888,11514,11309,7208,6318,9359,11987,10876,12385,12222,9161,6119,9423,11609,11988,9907,12523,12926,9601,9597,10251,9325,11239,9188,12842,12591,9418,9532,9847,9768,
295,12991,10337,10291,11674,7811,404,404,10826,13209,9952,12391,10714,8050,8636,5243,7171,7923,10148,8747,11623,8758,9801,8213,7332,10221,12063,12722,10892,7295,6358,6478,5209,10773,10911,13210,11106,10377,6418,5480,8883,11244,10472,11830,11760,8456,5188,8900,11326,11290,9419,11830,12486,9141,8723,9530,9221,10924,8674,12243,11866,8755,9073,9115,9192,
296,12391,9784,9661,11130,7405,433,429,10488,12709,9711,11710,10056,7129,8112,4672,6541,7236,9666,8422,11114,8376,9172,7652,6903,9723,11847,12010,10139,6480,5542,5666,4416,9959,10257,12833,10543,9679,5429,4746,8482,10661,9941,11404,11122,7817,4265,8484,10865,10652,8898,11316,11715,8701,8313,8837,8700,10462,8188,11713,11288,8075,8383,8452,9118,
297,12160,9197,9435,10543,6212,420,416,10086,12217,9024,11448,9451,6182,7332,3878,6128,6531,9313,7918,10692,7695,8399,7052,6240,9163,11120,11690,9833,5549,4789,4576,3711,9382,9713,12261,10120,8806,4605,3699,8216,10103,9699,10545,10676,6996,3385,7904,10560,9511,8234,10822,10924,7986,7604,7987,8340,9581,7397,11100,10616,7405,7887,7955,8580,
298,11416,8489,8606,9743,5365,440,435,9557,11872,8578,10666,8777,4965,6664,2874,5218,5586,8672,7160,9730,7289,7576,6399,5328,8539,10657,11008,9158,4355,3621,3519,2748,8873,9190,11534,9362,7780,3491,2865,7888,9632,8813,9795,9981,6042,2510,7223,9867,8491,7576,10274,10249,7209,6962,6964,7805,9158,6849,10433,10139,6676,7062,7015,8207,
299,10579,7742,8312,9179,4390,412,405,9025,10942,8126,10179,8453,3993,5696,2255,4365,4749,8111,6659,9281,6687,6551,5422,4599,8034,10009,10762,8673,3506,2889,2811,2161,8179,8458,11077,8898,6802,2756,2327,7418,8866,8650,9424,9468,5036,2173,6514,9637,7699,7149,9731,9613,6843,6102,6055,7385,8484,5949,9828,9541,5794,6484,6128,7938,
