165,129277,116547,140725,189704,321896,23915,39384,413270,224486,90088,174009,110860,350997,326081,235925,270168,82416,107936,125398,103451,280879,311189,296960,246992,135033,258690,166228,225530,298091,247629,275073,231892,97104,160706,184723,111451,336365,251122,220779,281519,145472,180059,131815,173469,280632,276134,288412,407944,168064,91151,180957,112355,311992,282960,299780,412693,87179,94230,83260,167585,297633,275880,308494,253784,
166,179725,177980,187974,236026,386471,44724,68118,762701,258244,139927,211843,159911,414751,387432,259298,311183,147945,174807,190721,169592,335782,362936,365347,290862,214034,285437,233123,265333,356858,288396,324474,273993,155813,202455,231225,166056,397481,292773,256878,455380,204126,229175,198357,239761,329011,330639,339146,734196,229876,143677,216186,182406,368580,326273,336087,837313,138267,148467,145114,203169,355747,323525,378051,338974,
167,214769,222202,218790,269823,565128,73100,116743,1680898,291064,173633,243113,193306,559304,538301,300801,386788,217928,234902,232968,234245,465058,461115,555352,388656,273269,302340,274962,284337,486788,354162,422147,357982,198651,231776,261621,210503,538160,350236,302618,965141,245927,250786,256368,280064,422925,460679,452406,1541336,270332,180628,243333,231246,499563,411732,391495,1806108,171793,186403,189604,230452,498552,412902,579972,580950,
168,245315,256845,249839,308462,1201243,131881,236833,3295498,332722,204468,276884,223612,1104110,1102920,404295,646851,277046,264054,250605,278737,932311,791236,1204749,754773,298162,337508,292949,317722,971891,575976,780527,677798,235730,262254,293684,242465,1033148,527760,413717,2033859,275223,277477,291487,302758,771932,964820,844109,2871499,311455,211092,275340,271683,965097,717666,520949,3183284,200438,218258,226398,261482,1002807,713559,1246593,1272906,
169,277718,293323,285746,355257,2640901,276133,494555,5199917,398454,232432,316692,256262,2571252,2604145,791002,1518992,299933,280993,272533,296718,2022745,1745130,2514795,1731750,317923,393962,320422,371399,2189845,1318290,1795975,1595810,269661,301157,332416,266776,2260461,1169568,850142,3069913,305940,315557,313120,332620,1780680,2196982,1896295,3925977,356600,241141,315951,308281,2159229,1630625,967006,4468010,226745,250256,259000,297730,2210711,1588431,2571602,2460063,
170,322528,347506,340848,449032,4895000,619739,940088,5654744,601364,272105,386722,300035,5244383,5304135,2037196,3555869,337916,318391,319737,330857,3462911,3398752,3920390,3152377,365737,568781,376188,519132,3872594,2804641,3420048,3052470,318775,370518,401615,309182,3856926,2612953,2045517,3527802,361480,401989,359851,396680,3403042,3774325,3490199,4238664,431458,284086,399206,360824,4113042,3326446,2271630,4809336,263609,297033,302106,363671,3961263,3213096,4118880,3642042,
171,383168,423782,437661,695390,6243648,1044640,1481389,4754921,1153322,316283,542065,359319,7014329,6649388,4130084,5786720,399428,377003,408002,384899,4301619,4605456,4536315,3979347,456685,1074870,480923,950520,4745554,4055519,4492098,4027422,374800,537942,554335,366549,4600543,3864315,3326288,3610783,458968,630406,434367,524293,4449477,4421072,4439610,4228131,567068,338512,609760,422310,5749577,4979071,4144564,4341415,304184,363336,350676,509224,5148531,4667844,4836682,4158903,
172,578122,712221,834152,1642754,5744823,1541341,2429773,4469193,2554783,451126,1151536,570804,6422306,5915315,5695440,5959934,610229,593026,807728,553466,4557176,4973505,4636800,4206030,843316,2638943,922672,2326731,4780186,4449445,4691026,4220869,546438,1226334,1172009,564834,4738534,4381476,4008737,3676356,855866,1514444,712323,1044219,4621668,4459005,4584208,4298227,1130857,525921,1391978,584724,5728608,5686276,5868227,4251871,421182,617588,466281,1106038,5110744,5216016,4768368,4120994,
173,1176852,1591817,1875196,3234973,5341689,2833693,5241631,4853499,3909532,901516,2410106,1233472,5819775,5399768,5574247,5254229,1313600,1302525,1926018,1111043,4648830,5093591,4867129,4482831,1980557,5000239,2069821,4404978,4938990,4506971,4773253,4359338,1113519,2580036,2485728,1194753,5136243,4794997,4536417,4121374,1909007,3083572,1541130,2311453,4733399,4852804,4673838,4730924,2466822,1133123,2782250,1108972,5218676,5226490,6360985,4551448,807644,1399526,837809,2330922,4960604,5110996,4893184,4310006,
174,2789292,3525771,3740395,4803662,54404119,47141070,55080032,62969089,4691436,2302923,4096664,2827367,59751279,60476870,83688691,51135658,3509747,3332812,4428816,2907819,46014721,47290308,55325946,61250382,4739589,6830908,4519608,6403155,45907070,37581051,42499812,49532236,2753885,4416046,4531556,2905317,66313538,66024974,68706986,75304686,4042120,5258115,3650897,4757803,49472552,67779967,71988138,70397623,4404311,2660175,4276035,2717831,48217704,40868308,45200438,55298353,2014189,3019567,2085566,3864523,48034826,43914896,55597253,55065112,
175,4255080,4829208,4760939,5143521,178932633,163609591,170183932,217382688,4949459,3659485,4846725,4074249,208557687,213540793,413570515,193779189,5991233,5571399,5804420,5168468,166295961,179471665,194544998,224380987,6605744,6311776,6235722,6060662,189084037,160083126,160046837,187971682,4310035,5083775,5640514,4635075,226958690,225751537,233039647,249901597,5537524,5837131,5711470,6405058,192618313,261314091,296257459,248400108,5174142,3908458,4598076,4341105,167771013,144740346,157295062,202019106,3245542,4052546,3503103,4380398,174841691,160570957,215559851,193770827,
176,5042612,5412547,5047177,5560677,267771900,228992316,232356600,286900626,5400068,4517681,5147073,4712007,296599535,275581768,259988231,260524403,6689403,6038677,5491066,6413648,210012594,232891831,237436564,273860318,6516405,5762574,6161642,5512237,234099773,197301547,191098298,199855374,5291806,5438027,5749915,5500050,165381549,183813493,183836480,193052957,5825164,5624755,6416640,6353769,218705647,198723503,209661252,200382483,5720790,4526330,4716729,5252972,254571044,219894722,212800311,273977255,4156400,4714893,4651768,4701933,242489518,228182869,257213674,211707110,
177,5915037,6693454,6314020,7408122,322409218,283096978,284078505,348957320,7094391,5594278,6262941,5777208,361020162,330226912,291940999,304432521,6785650,6040152,5771769,6366525,238837476,248234830,247154958,303008578,6526075,6482015,6218863,6212005,227801875,206743810,168664799,204730465,6590718,6795143,6569803,6036909,166009830,158902505,171805684,163558143,6397311,6316534,6786725,6614964,197227290,170417722,167103090,175372379,7685362,5630106,6051827,6089822,313605252,273790368,270581024,313513272,5376053,6388912,5818859,6180248,282003435,245151317,260745310,285862176,
178,86895318,86541776,85071955,124577558,353655458,314056259,346020651,391383245,118437316,89238738,80411617,88310588,388891603,392232367,340436385,349054758,120334849,148921380,115820195,85927001,215456033,241001574,233453872,294196807,109531186,108575522,118848411,107518872,218857575,215902254,166868122,194114033,120518567,101412959,90427282,81628761,156054958,155821093,159009301,159985435,85219736,88006931,85086759,102159118,216966508,163957703,162934759,166672793,161163934,117652236,103863143,79824225,357751197,302689658,298080807,334080250,141825312,148253908,103437653,154640079,306949856,283503949,276210718,246377643,
179,157897416,163353557,159357901,164952885,372618245,328126393,373298462,430701102,220064747,167396190,138549981,167703454,437396695,444288203,394098726,382329041,217482554,249535500,216008431,154219446,223099301,202252811,211163112,280536213,192344882,199175078,155664556,202328697,223472096,204500337,182679217,190337048,204608601,172356484,179904803,150197214,157376721,156980930,157827962,163216500,139495517,163502635,160054083,189586969,192264906,163744078,164655825,162620235,258195932,203135691,186582305,143509309,387254789,320052276,308049217,355247112,268036650,250289763,208465325,261153633,316661850,291020984,275516290,256287465,
180,187111080,181093821,178443214,186586127,392741392,335880883,381930071,455184271,214893553,197017148,176512416,177872125,480603117,491730906,459518117,426845182,270710834,262133123,251876539,191915396,234691160,218199762,214691687,295677342,230383758,274171245,199091960,219094521,200417029,184579778,177949164,191972969,214480343,216108690,232543941,195337510,158356912,162091606,157388513,161135031,200129874,209581344,212432605,212060963,195789503,162214231,162035828,163533207,201593188,190994868,181280435,181022033,401261545,331876810,313232351,368597395,169389414,202982897,187768026,205289927,324786920,306766569,276329200,267799503,
181,185387817,182780887,178269364,156336935,410994640,347492132,426118695,471591492,212952307,196077550,181553009,173010324,518184729,532088271,519453639,473599873,289070000,284613678,269233543,229298062,190784895,211892627,214032090,317088528,273914256,281167238,241204421,259744994,203962298,182022153,169195065,182993822,237583288,266410134,281136318,234495345,150535298,154118495,154529118,162821552,237230464,243812175,251062902,258259096,174814775,154362639,157698544,157444680,179776490,169954295,171980062,182219095,402649488,345661667,318258432,374112575,166217266,181320812,173134628,178405330,333956238,297678310,259064831,427902738,
182,199802327,185125867,171583540,179957538,422802185,361904467,457003585,477170135,221230242,212759205,180057009,204343573,542413393,558597020,559214416,537118193,288884871,314927176,314721661,265081270,183989074,291666736,187903158,283296838,334545035,321960982,289337787,302795760,176153904,170103573,161570219,174981571,277618490,259514896,335483068,275560115,152193714,152783831,153864950,154315020,277181693,309989934,303328730,294398131,163967214,156921384,155412908,156059838,167802474,163355521,166047939,189486508,387998768,358136360,318893014,355536593,172122562,164247915,153445796,164755663,317567034,294408321,260460472,255049179,
183,193396198,186984496,176638300,176037583,427342723,379357156,467819036,469736800,247959281,205037546,289230648,158177954,549144112,573934838,573308067,558824090,354421443,361467324,358346744,301125534,198073570,184302581,190575514,250303743,367548389,402350666,314004655,326198003,168512350,168405016,158125914,170889516,300653890,274049373,369238410,304134640,152418396,152817429,153801555,156728672,301796898,298459712,329598042,316641333,161018785,158388536,154005384,156504320,161655950,161328235,164534602,128954484,370229902,359915008,320588014,343870724,165295906,157033813,160192474,163581708,305517748,286359627,248998626,240360417,
184,220164084,190485181,172941140,189931323,435513613,391115320,473601711,490598958,216580157,208278187,185010241,178148488,556776462,584162289,585379080,560235066,387255760,398553799,401007045,338798853,168624918,185414458,184012707,228699659,403759999,395920310,329594294,330716389,164916268,166430352,156453841,152746701,312069145,273378098,390359972,320715507,153722147,152596459,153594961,154103661,312834323,309183295,354293599,328284253,160567560,160631389,154672623,156527253,159932189,141813690,162163926,177787828,366937624,359251531,328958043,344121062,157437316,154316317,161047384,159645029,297942389,279922739,246271640,229902251,
185,160858523,193861293,171943691,180944828,459072507,441415786,464991562,487329690,213773091,210602667,170365948,174126698,553923811,580963935,583205399,588120135,415318755,424730556,437068985,371226153,165643228,181062374,170739517,205357521,433145299,417628261,336227805,342805101,159279523,164219843,155559472,165809058,311023601,253684219,401318088,331352168,151732291,151815411,152634647,153139953,316288613,328852328,362563312,338068203,160582346,160364479,153581566,156793760,158689961,158530867,161583739,180273950,375661160,363687663,330175217,353109013,162069389,156266393,159706997,157618578,296873636,278916987,248845564,242961598,
186,190332579,194903464,171925413,173236616,489248218,462457499,449791330,472658341,208171309,77024922,176387361,203280300,533828319,546895234,555886932,577219239,447365519,442364647,459807704,410272521,159722764,172854328,170818591,229247259,466309369,436584776,347394629,346523707,161072260,157094886,153366601,165061168,271666797,364571702,386321627,333208573,150549806,150347251,151686126,151017520,321067518,321766422,365634110,344922975,155719999,158197748,152903753,152800041,157079478,156251875,160060819,175287045,396589218,373449736,346995836,369904880,157150485,165062500,156557475,160377755,298437559,273777361,244724647,239972638,
187,199055915,192804479,169775542,172137833,467189936,411572771,397487094,411507412,202178315,86267379,173542548,164042814,448713420,455455950,466001114,490117318,466842346,454075407,477530762,432290873,138589865,147035822,145428943,185638823,470336221,459415479,362752822,361962421,141392846,140424400,135613597,145946929,296440998,263923332,400597938,328933829,134086763,132259778,133085654,132739142,323384450,322282938,363041338,348508430,136890825,139730486,136191516,134787725,155420108,155893327,158291478,170355081,365531952,343215549,315614823,346920160,155450642,154628363,154867775,157289863,262980078,237614880,211484421,206843897,
188,190531018,193852373,167568977,165225877,241450470,221705408,213287260,214190223,223802963,182572666,131827409,162903947,234007801,236747528,241782330,254752882,477398423,460592648,480072680,447459468,75090071,79489018,77322661,93703121,512375846,465508192,386576860,384819361,79246419,75970834,74170304,78881478,290445647,261729952,384542829,318049456,72697998,72024258,73169066,72288841,318012176,321264777,353939322,359803125,75604506,77383539,73488089,73686848,154421613,154652481,156850465,168450406,198540945,188782636,169546453,187258136,154633171,154174798,154347481,154226829,141616400,127271695,109152123,107264698,
189,184104435,188368803,165774223,160628897,35173380,38298293,36671844,32769580,188199580,182936006,155216688,156912488,43637706,35309709,35394860,37399658,470557480,448323896,466372270,435593437,13851922,14398031,14210309,15540447,464054907,447134536,393698263,390032648,14554437,13827499,13847321,14027054,277920361,250794523,380823065,297787261,13841918,13528330,13393319,12988422,313908888,314625714,344498701,354199740,14219308,14269741,13870104,13739080,148678761,148749809,151192969,162594664,30389576,29898842,29356662,29485058,148583877,147449852,148121763,148558968,23311460,20784910,17843884,17255355,
190,129677635,138086280,116409100,113225762,4665222,9828497,9731723,4420991,126839446,121311764,111368463,110929196,5073922,4714536,4217555,4612937,331336776,323368803,335775642,310528099,4454119,4781196,4554542,4144953,327480382,318639664,295883513,289648009,4607310,4215868,4497287,4041197,194642990,173626019,268670650,217268271,4730036,4429109,4166028,3747907,230882577,229289644,250635559,268092662,4507241,4325913,4529129,4323337,106765155,106368424,107887784,114751211,4721868,4589576,5077124,4268842,106773489,105881892,106346100,106276074,4568843,4680543,4423478,4107357,
191,54280175,57133160,48903259,48046095,4259290,9361313,9251753,4026290,54974987,49437675,47923280,46822651,4651802,4285314,3788439,4159867,138956344,133869010,133030197,128550514,4309411,4649941,4410713,3987213,132086056,129377665,125783075,123036967,4458548,4073004,4360066,3897093,80251059,80863739,74875715,90404277,4588703,4296576,4018549,3606651,97666997,97984712,105011869,111909638,4389949,4176924,4390778,4177217,46140558,45368378,45953815,48485439,4344998,4218735,4716403,3895282,45298627,44259796,45685532,37093464,4287538,4452656,4229873,3920425,
192,6547539,6656222,6158772,6365372,4238613,9036542,8538664,4014632,6672731,5996985,6265187,5885308,4643663,4267785,3769015,4140202,10350599,9582238,9322963,9625582,4193931,4635313,4398436,3970193,9706941,9820188,9617984,9565628,4442006,4057294,4344175,3887253,7685699,6680118,9030503,7906796,4571914,4280843,3997693,3593322,8697067,8553566,9242600,8974090,4357380,4162556,4371426,4169755,6638903,5804479,6037287,6604848,4324792,4198885,4698023,3881681,5880762,5917443,6271861,5984132,4271708,4435513,4215755,3912262,
193,4647472,4678738,4518066,4721279,4240993,8521162,7314836,4014702,4764487,4233602,4629689,4269059,4628489,4266474,3770105,4139692,5093215,4634453,4484060,4904759,4193526,4630786,4398652,3969789,4887429,5061173,4901214,4982424,4432955,4051337,4336401,3881277,4805270,4510173,5001086,4527772,4569679,4275789,3997250,3592980,4834734,4753489,4919411,5096825,4357638,4151776,4364607,4172289,5073898,4224961,4454182,4968317,4320752,4195650,4691352,3879340,4300089,4347779,4692700,4415810,4266572,4435060,4207290,3907879,
194,4409659,4441351,4311227,4512828,4230762,7093226,4843777,4005025,4523223,4018278,4418195,4068764,4618615,4262231,3765829,4134553,4447299,4037653,3890836,4326463,4181350,4624145,4394711,3958720,4296641,4461583,4333829,4350502,4428707,4044668,4331335,3876686,4445186,4190948,4499960,4116795,4564147,4270588,3989160,3594682,4311189,4243906,4443607,4519622,4346052,4155681,4355037,4169970,4877384,4020670,4253234,4766420,4318162,4191472,4684293,3880293,4096739,4156646,4492394,4217374,4259472,4426437,4202349,3909012,
195,4386160,4407782,4286713,4485795,4226780,4829320,2472064,4009113,4490167,3986555,4398276,4044469,4614343,4250778,3759368,4126677,4389685,3985716,3843274,4276203,4176484,4614582,4385666,3960247,4246523,4407699,4279490,4304900,4418738,4036718,4326021,3864349,4405091,4154041,4452509,4065702,4544760,4256187,3980008,3588025,4258503,4198664,4395743,4466131,4342140,4138682,4350942,4167774,4856012,3995751,4236454,4746974,4309389,4189137,4684266,3880763,4077362,4138105,4469107,4199704,4258467,4421646,4197326,3906537,
196,4378249,4405778,4278752,4478060,4213889,2702214,1172095,4004839,4484533,3977023,4391652,4040168,4597135,4239181,3748920,4118937,4386609,3978677,3836974,4270054,4188931,4610587,4378924,3949523,4239555,4399283,4273604,4292841,4410221,4032698,4317025,3856803,4401410,4152306,4447798,4062965,4533373,4241526,3963569,3589119,4252356,4192092,4384823,4458079,4325891,4132888,4341985,4159887,4841302,3997839,4231670,4745550,4305622,4179364,4680422,3862985,4073937,4130767,4459395,4193164,4254836,4414806,4190355,3905569,
197,4374755,4392842,4272868,4469025,4203640,1242201,645897,4001941,4480629,3976156,4383640,4034711,4581418,4226244,3738740,4108653,4377361,3972061,3832333,4265372,4200048,4599255,4362928,3941772,4229016,4393996,4269631,4288485,4397910,4020725,4303633,3844425,4395201,4148226,4439021,4059337,4516302,4229343,3956138,3579178,4246320,4183402,4377059,4453113,4316671,4108744,4325111,4153365,4830985,3989749,4223620,4733083,4292422,4168424,4668018,3871900,4066739,4129763,4453266,4187938,4243943,4406847,4181812,3902653,
198,4364616,4388721,4270377,4461401,4184535,651591,502669,3994469,4477845,3968146,4376702,4028596,4563011,4209410,3721372,4093644,4369699,3967597,3822648,4258060,4149734,4573232,4341476,3926166,4221627,4390013,4267505,4279838,4372841,4005394,4285158,3824238,4390034,4136423,4433567,4049508,4494999,4210261,3934364,3575344,4243211,4183627,4374787,4448493,4302033,4096494,4315840,4142427,4826717,3987417,4220042,4735404,4279198,4155914,4654561,3865754,4062715,4115734,4445776,4178731,4226159,4393641,4163930,3901524,
199,4361630,4381118,4260899,4449172,4171190,509519,466159,3984796,4469753,3972004,4372542,4028320,4541134,4196594,3704813,4076581,4363432,3959457,3815759,4252995,4130538,4560171,4325011,3909592,4216696,4385303,4255304,4274190,4356883,3988290,4260486,3808382,4380827,4134922,4430915,4040785,4477509,4188463,3922151,3563263,4236946,4175423,4367495,4431526,4275305,4078551,4295008,4132280,4809953,3978810,4211077,4725082,4259576,4140298,4642209,3851800,4056168,4105881,4441104,4169505,4212310,4379995,4142778,3887555,
200,4353027,4373143,4250782,4441869,4151376,468350,444922,3967057,4462725,3958843,4359451,4016529,4521713,4177544,3693805,4057722,4350421,3951048,3804243,4242208,4116356,4540285,4304409,3882817,4203567,4370153,4240475,4261786,4336949,3969327,4239715,3786520,4376903,4126221,4421005,4043186,4453557,4175953,3904176,3556412,4225123,4171712,4360125,4425532,4257272,4059840,4273741,4118025,4773470,3970694,4203715,4717720,4241196,4120515,4616922,3828451,4042634,4091492,4429646,4160714,4188010,4353874,4125390,3882707,
201,4343453,4363360,4241705,4428010,4134100,444692,423846,3959381,4448176,3957138,4354275,4010251,4508129,4165725,3675844,4042265,4335281,3944575,3793238,4235730,4097572,4515727,4283044,3871492,4193433,4358588,4228010,4245383,4317330,3950298,4220031,3773612,4364470,4117653,4415539,4036380,4434800,4163598,3891895,3544838,4219462,4164227,4353597,4419990,4230832,4042687,4255987,4114444,4753406,3952587,4190351,4699911,4224923,4104437,4594643,3822921,4032115,4073702,4417664,4143078,4166548,4339010,4103415,3870899,
202,4335059,4347861,4222914,4408320,4111918,423150,401946,3947798,4438592,3940668,4342180,3990902,4488149,4149166,3658926,4029632,4315335,3927261,3784034,4219217,4078005,4492908,4259329,3854349,4173766,4348107,4211307,4228576,4289087,3928912,4199042,3754426,4350866,4104978,4399524,4026131,4416248,4137990,3872297,3537391,4204301,4145496,4339995,4403401,4211098,4019755,4231428,4092815,4726559,3932404,4171986,4682186,4203323,4085683,4565434,3814615,4013270,4054076,4397713,4123907,4147245,4312449,4083298,3855922,
203,4319896,4331001,4203595,4387036,4091672,400383,378489,3939511,4421040,3927614,4327117,3978542,4458393,4128666,3645661,4016380,4298281,3915159,3765972,4203351,4055829,4468125,4234857,3828317,4160914,4330366,4196991,4211088,4267962,3906291,4172472,3735086,4334479,4084409,4388439,4010810,4386637,4126218,3847134,3525288,4186878,4129336,4320904,4386918,4191786,3987047,4215032,4079333,4705828,3923272,4147833,4658987,4184872,4066435,4547146,3806139,3992572,4035616,4374020,4106112,4129130,4293075,4066774,3842676,
204,4307149,4300654,4180216,4363918,4075187,380658,357272,3925047,4399837,3900350,4301617,3962546,4424592,4102478,3626321,3987808,4284657,3899055,3751098,4181765,4041162,4446214,4212526,3813337,4139137,4308770,4186074,4193309,4237724,3885338,4150679,3708016,4313968,4064668,4364889,3987057,4361534,4090656,3821903,3519085,4160571,4105606,4303099,4364681,4168530,3947834,4194390,4070969,4672858,3903397,4129784,4636901,4170789,4043909,4522764,3791917,3973476,4023358,4354850,4088430,4109991,4278831,4045637,3836606,
205,4286231,4281856,4162760,4340902,4039288,358053,332291,3913071,4371062,3893609,4283719,3947946,4374038,4073342,3589143,3957361,4261875,3883308,3730703,4167479,4052836,4414649,4187727,3787538,4120972,4290870,4178523,4175761,4192009,3848591,4106071,3651888,4294378,4043461,4344944,3976582,4321570,4041148,3775472,3511288,4145823,4087493,4289112,4343989,4134594,3868971,4164408,4058159,4661869,3888295,4113672,4615075,4140773,4023305,4494653,3782575,3961967,4007554,4340962,4075292,4079522,4250321,4016288,3823796,
206,4266090,4251812,4133516,4311403,3945484,328887,300199,3897391,4349982,3872028,4258880,3918914,4255741,4016076,3507852,3900436,4240262,3865107,3710981,4146687,4079384,4369192,4128974,3724600,4097659,4270235,4156170,4152721,4051566,3751423,3976132,3479542,4271003,4021788,4319643,3950199,4259218,3920648,3664049,3493719,4124680,4065339,4253785,4323209,4081026,3581434,4125311,4043411,4622728,3867187,4096047,4588741,4101710,3984500,4454955,3760199,3943193,3984830,4320531,4057485,4028815,4218536,3960909,3808799,
207,4244296,4236290,4116267,4283134,3696316,300219,267640,3877030,4328835,3853191,4238536,3906929,3925519,3874918,3298519,3766135,4213760,3843058,3690644,4128649,4029897,4269436,3983925,3565276,4076196,4251002,4143504,4137849,3672984,3474374,3618018,3037763,4244911,4000761,4299687,3935315,4107913,3615163,3388671,3478114,4097204,4045457,4238786,4306895,3911869,2951262,4062615,4025172,4600907,3845062,4077815,4564486,4033804,3891989,4378705,3734671,3927971,3958505,4304738,4033585,3906174,4156732,3833181,3792708,
208,4221123,4201061,4084774,4247876,2973348,262205,221232,3841431,4299621,3827936,4213043,3879674,3008211,3407367,2666621,3310759,4163410,3826188,3661337,4105517,3845218,3911507,3495848,3049403,4047876,4220905,4113220,4106466,2708906,2707620,2702059,2090845,4213767,3974274,4270562,3908263,3614824,2805378,2647050,3449706,4067522,4024387,4213147,4271447,3362938,1801451,3850587,3996465,4535404,3806705,4051600,4531571,3766633,3571887,4105243,3656279,3899643,3915242,4280952,4008452,3452199,3959261,3384098,3769303,
209,4195338,4163744,4055705,4193438,1911446,218663,167431,3751872,4276326,3799037,4182709,3855069,1791201,2493290,1707327,2415201,4086154,3800425,3627074,4081866,3373184,3156756,2591069,2161738,4012070,4199879,4091645,4073796,1565089,1678350,1586835,1124718,4177937,3937041,4247831,3886331,2668446,1713790,1638702,3398417,4045503,3994973,4186873,4252725,2416520,860081,3308409,3929185,4429893,3770640,4023810,4500865,3136927,2853974,3461742,3418487,3869513,3833950,4249989,3981075,2591749,3435666,2549797,3726575,
210,4164887,4080358,3992336,4019618,864370,160974,103105,3433348,4237735,3770186,4158336,3805934,740459,1276933,741492,1212498,3858656,3760880,3515606,4039380,2373360,1922175,1385229,1083795,3909800,4153019,4063230,4004135,653791,734243,669850,450345,4108635,3857590,4211123,3853241,1391650,726192,698656,3207430,3983768,3923775,4143242,4206856,1220814,345672,2209077,3713855,4138633,3687632,3984711,4435435,2004434,1687926,2243067,2743058,3805472,3620608,4197596,3926158,1413247,2369780,1401949,3573478,
211,4129986,3878269,3865975,3606781,373823,102875,55396,2715565,4190231,3706374,4105994,3697684,331961,539802,306108,497046,3353801,3692006,3264273,3978533,1299197,921096,615237,462794,3686985,4060417,4018574,3833321,306176,323050,307385,223066,3962787,3657189,4175482,3801438,604795,317364,299183,2679250,3850592,3739438,4053635,4127162,523903,210066,1125845,3157454,3533350,3490269,3912017,4330831,987764,777732,1116879,1763418,3686291,3193168,4133566,3826876,630071,1265309,632487,3165677,
212,4057416,3240436,3403753,2620601,228827,60024,32042,1744833,4030511,3464221,3963190,3326612,229138,276128,186290,250702,2242024,3483124,2548009,3776329,613229,434901,307453,242614,2996529,3736765,3880744,3267784,217151,205924,211646,169575,3493546,3050601,4034682,3598562,322144,211329,194028,1833786,3396628,3161218,3745457,3838870,275581,183173,517010,2251042,2347579,2921262,3673799,3894265,459771,359104,507645,925607,3331264,2256903,3940122,3520019,312283,587460,316139,2409982,
213,3874171,2247116,2566609,1538372,191554,33879,22835,838757,3649183,2920778,3619099,2597766,205259,200862,158203,183525,1183875,2975833,1610979,3299495,299894,259793,210367,179976,1974674,3046405,3549504,2332317,195044,177199,186054,157171,2655057,2120402,3686261,3101443,237438,186455,171681,922494,2570210,2226256,3066851,3190785,205452,175185,270187,1207861,1257504,2037533,3133984,3196849,256590,216905,271580,422358,2640473,1274067,3511541,2902479,211343,287189,213881,1397507,
214,3242295,1011087,1299401,615239,182793,23118,19898,372846,2624611,1795575,2671363,1402569,198573,184209,151814,168656,430574,1850630,660232,2166849,205653,216996,185852,164747,833451,1761673,2597052,1101353,187531,169891,179728,152048,1378047,976236,2714423,1996845,216945,179868,165395,389459,1332758,1040907,1780536,1915521,189665,170854,201069,528511,485518,931915,1979790,1813203,204791,184233,215752,235137,1433922,482202,2445178,1710039,188403,203130,189803,615963,
215,2219740,433201,568357,306494,180158,19934,18406,237055,1489369,869500,1571750,629655,193961,178960,148996,162658,233988,887981,292820,1108554,181330,204632,178085,160999,359338,824103,1487488,488167,183282,166038,175508,148513,609444,425782,1581488,1007489,209320,175991,160868,227812,594878,452644,829467,920012,184505,167545,185259,297460,283831,399068,992188,842651,191847,177183,205255,180319,636517,243724,1326601,811574,182232,184746,183348,306549,
216,1116171,240196,273915,222596,176293,18251,16965,187328,662090,365370,709431,288137,191174,175326,144991,160164,190942,364963,185658,460324,173772,199873,174570,156711,214480,368173,646691,260261,180420,162008,172366,146334,288534,232240,701571,420256,204510,171864,158027,171056,284769,239242,357138,397905,181482,164059,177851,217220,235568,218959,432907,317729,187025,173774,199732,157195,292372,187875,563832,359572,178120,178914,179423,201928,
217,490682,199911,200777,204239,172540,17171,15881,167141,335863,213760,341309,198407,187945,172556,142112,157607,182179,213026,163492,245784,170313,196788,171585,153620,186269,235775,302784,200940,176281,160138,168531,143265,209496,186571,334984,230576,200834,168780,154931,148702,206893,186973,226396,240903,176702,161103,173865,182601,225304,178635,250226,259164,183676,169962,195627,148617,200964,176385,288359,228406,174632,175377,176627,164809,
218,250207,190760,179710,196959,168775,15675,14568,159214,227075,173299,218899,177844,183533,168396,139635,153001,177173,174703,157957,192886,166081,192149,166983,151561,177330,195342,204846,182341,173421,156837,165839,140109,191774,174722,219327,181836,197671,165303,152293,139707,187116,171677,195588,198484,173895,157862,171554,168532,219607,167242,194789,229261,180454,167304,191421,145401,177941,171537,211093,190461,172005,171277,173357,150124,
219,202157,186456,175717,192754,165408,14610,13377,155881,200668,165927,192341,172592,179857,164923,137254,151070,174819,166624,154315,183433,163505,188621,164690,148157,173764,185225,188276,176147,170365,153187,162048,137168,185885,169973,197108,172916,192584,161640,148740,136297,181731,167006,189012,189248,171106,154615,167301,163700,215481,163741,181225,222111,177798,163817,188650,142535,172256,167919,198059,182100,168688,168223,169390,145258,
220,187432,181874,170858,188108,163261,13533,12270,152534,189755,161636,182773,168299,176229,162124,134286,148146,170595,162981,151646,178899,159622,185234,162073,145362,169600,180973,182312,172539,166589,150294,170837,135230,181771,166233,189635,168873,188738,159378,146060,133723,177078,162947,185401,183881,167403,151940,164411,159999,210642,160630,176017,216648,174165,160383,184415,139381,167947,164490,191932,176628,164940,164545,166188,141957,
221,182567,178490,167503,184910,159991,11858,10739,149998,186027,158259,179414,164763,172685,158612,131448,144905,168027,159109,148614,176242,156964,181414,158434,142756,167054,177255,178392,168913,163791,147423,155789,132091,179613,163786,186570,165600,185007,155936,142634,131505,173599,160024,182166,181268,163205,148301,161214,157583,207745,157114,172509,213508,171130,157632,181108,138221,165014,161847,188003,174327,162293,161666,163442,140459,
222,178976,175437,164087,180779,155878,10418,9101,147269,182029,155268,174344,160860,168068,155845,128288,141690,163776,155984,145692,171062,154432,176030,153833,138439,162111,173669,174540,166137,159583,144596,152084,128673,175046,159641,181365,162274,181893,152454,139559,129772,170577,157241,177605,176958,160200,144407,157686,154903,201616,154272,168395,208378,167055,154474,177316,134821,159740,157499,184386,170013,157912,158134,159951,136897,
223,174829,171488,160491,178144,153160,9209,7846,145328,178045,152067,171962,159019,164637,152250,125976,138115,160246,152884,141883,169203,150485,172668,151001,135489,159450,170006,172257,162028,155562,140690,149244,125534,171672,156390,178631,159619,176475,148220,136047,127172,167164,153686,174718,172720,157043,141526,154336,152064,197388,150262,165027,203717,164798,151207,174204,132957,158000,154485,180697,166794,155261,153788,156673,135100,
224,170967,167359,155418,172633,146605,6767,5316,141182,174234,148439,166942,155056,158734,147003,119879,133368,155540,149191,138425,164002,144995,166469,146219,131072,155025,166313,167733,157661,149412,135656,141940,120960,167155,151781,174039,154435,170431,142913,130896,124150,161919,150693,170558,168361,151413,135131,149072,147924,191830,146628,161647,198449,158834,146255,167613,129014,153551,150237,175452,162640,149858,149131,150326,131232,
225,168584,163545,153057,169403,143440,5380,3810,138634,170206,145906,163210,151959,153550,143978,117891,130160,151795,146439,136282,160960,142282,163168,141456,128411,151725,162220,164451,155329,146109,132442,138462,116724,163117,149220,169563,152316,166059,139520,127608,122328,159051,146788,167701,165375,147803,131444,145425,145357,187548,142877,157947,194246,155155,142894,163189,127621,150925,146933,172303,159178,146216,145176,147708,129325,
226,164038,159797,149816,165589,139522,3579,2459,135468,167086,142276,159650,147227,150229,139412,114012,126522,148142,142834,131984,157536,138571,158290,138280,125000,148232,159210,160532,150546,140868,127792,134625,113668,159351,146441,165652,149056,161287,134271,123510,119324,155396,143721,163032,160463,143879,126954,141344,142692,183505,139637,154578,190516,150786,138877,158210,123853,147211,143021,168371,156272,142181,142116,143837,126421,
227,161016,155737,146064,161610,135551,2565,1787,132565,163180,138634,156740,144817,145509,135719,110737,122578,144515,140085,129526,154758,134811,154145,134014,121222,144714,155041,157078,148040,136819,123749,130115,109841,156279,142654,163245,145953,156539,129865,119843,117025,151292,140669,159728,158027,138583,122869,137643,139364,179360,136719,151321,186047,147358,135254,154791,121300,142895,139637,164515,152637,138359,138788,139964,124698,
228,156775,152017,141737,157086,131748,1948,1533,130670,159951,135592,152155,141762,141050,132411,106861,120191,139964,137035,126177,150116,131975,150156,129697,116906,140120,152227,153014,143667,132053,120120,126429,106665,152548,139635,159593,142232,151630,126075,116396,115184,148152,136780,156509,152898,135136,119245,134876,137661,173492,133932,146931,180724,144555,132285,151016,119209,140852,136723,160654,149232,134370,134302,137429,121759,
229,153716,148152,138765,152783,127167,1557,1366,127586,155952,132476,148688,137947,136450,128318,103648,115419,136239,133759,123057,147860,126948,145891,125768,113391,138107,148843,150206,140409,127345,116149,121587,102131,148593,135971,155687,138868,146753,121490,111765,112602,144783,134140,151836,149235,130957,114020,130578,134278,169159,129866,144126,177640,140650,128175,146668,116521,137370,133079,157760,146308,130421,131132,132559,118650,
230,149641,143970,134072,149053,122435,1347,1264,124909,152611,128518,145032,134536,129898,122364,98931,110559,131478,130073,119504,143340,120711,140515,121290,109597,133967,144732,146724,136456,122454,111597,115627,97573,143550,132088,152010,135547,140884,115524,106688,109871,140520,130385,147698,145101,125733,108264,125924,130298,163514,126500,139905,171988,135299,122982,140679,113476,133709,127793,152308,142418,125940,126203,127526,116421,
231,146104,139930,131728,144743,117616,1283,1209,121684,148452,126400,141975,130495,124560,118895,94926,106277,128171,126801,115327,139787,118734,135620,116506,104832,130141,141087,143750,132318,117141,105883,110567,92957,141075,128052,148474,132211,135023,110996,102519,107187,137220,126485,144833,140871,120276,103176,121369,127657,158976,122852,136853,169211,131823,119311,134780,111464,130038,124967,149175,138530,120282,121413,123048,113954,
232,141716,135149,127386,140259,111748,1174,1118,118347,145293,122545,138722,127355,118760,113589,89831,101966,122642,122677,111377,135928,112113,129876,111710,100302,126219,138126,139432,128932,111591,100961,105184,88199,136397,124681,144346,128815,129336,105532,97027,104075,132651,122907,140185,137095,115990,97564,116684,123686,153591,119172,133491,164556,126971,113827,129850,106997,125721,120736,145891,134470,115916,116750,118146,110449,
233,139766,132024,123358,134576,105675,1116,1045,115655,141491,119256,134477,123749,112286,108460,85432,97015,118337,119954,108070,132011,107968,123503,106091,95117,121471,134247,135376,124787,105385,95536,99096,82878,132172,120986,140125,124303,122553,98751,91264,101530,128777,118898,136050,133464,110120,90823,112047,121043,147532,114618,129835,158382,121773,108923,124372,104249,122425,115826,141175,130670,110737,112701,112573,107274,
234,134039,125392,118945,129071,99808,1049,1001,111891,136644,114344,130527,118051,104368,102666,78435,91300,111982,114980,102966,127103,104258,116986,100127,90174,116337,128534,131210,119983,97917,88887,91282,75499,126341,116206,135520,120327,115190,91784,84194,97631,124254,114454,131128,127695,102938,81380,106155,117007,140223,110161,123954,152378,115601,103242,117500,100797,117435,110842,135778,125711,103801,106226,107946,103507,
235,130778,120811,113762,124071,92974,987,937,107794,133094,109832,126446,113523,96425,96442,71739,85145,106402,111281,99064,123786,98949,110327,94262,83825,111689,123701,127028,115362,88812,80775,82105,65915,122052,112037,131567,116259,108101,83178,76365,95183,118827,109735,127113,122875,96853,70475,100486,113220,133782,105705,121067,147738,111109,97907,110567,96530,112799,105630,131780,121940,98341,100806,101381,100109,
236,126145,114849,108700,117519,84984,953,890,104222,127730,105060,121207,108703,86540,89813,62444,78709,99659,106246,93674,117745,93467,104116,87191,77138,105999,119558,122720,110725,77738,72176,71106,55437,115443,107084,126609,111547,99925,72235,65953,92224,114405,105462,120795,118345,89322,56514,95134,109285,125755,100647,116214,141248,104799,92542,103753,92834,107990,99372,125366,116525,91375,96082,95209,97400,
237,121268,109560,104067,111739,72836,906,858,100584,123040,101056,116709,104894,69876,80775,48464,68496,93828,102542,89246,112627,87131,94789,77582,67146,100183,114708,118554,105278,61074,57003,54349,39736,110377,102144,122404,106978,88788,55724,50592,88510,109185,100965,116186,113034,77860,37035,88163,105920,118133,95380,111648,135585,97947,84530,93992,88476,103123,93214,120567,111712,82884,88281,86747,92701,
238,115671,101788,97679,103993,53620,815,768,95933,117657,95291,111214,98303,46745,66396,29952,52750,83940,96866,82773,106856,77782,81025,62565,51660,94213,108722,112056,99246,38940,37307,33158,22582,103694,95266,115939,101481,71644,34025,30920,84308,102342,94650,109446,106846,59968,19725,77760,100491,107192,89029,105686,126968,87005,72012,80015,83628,96364,85157,114227,105589,68298,78430,73412,88830,
239,111230,95107,92200,95549,34234,722,666,91148,111852,89476,106540,92560,26772,48898,16257,34336,71516,91926,75808,101961,65657,63228,44072,33858,86963,103991,107358,93597,21967,21573,18318,12193,96514,90263,110477,96322,50006,18682,16922,79733,95768,89625,103867,101920,40302,10972,64729,95839,94267,81452,100323,120531,71979,55588,60987,78379,91241,75606,107925,100299,50642,65224,55407,84784,
240,104596,84770,83015,82989,17728,706,644,84853,105960,83107,99528,84193,13579,27769,8574,17369,51198,84731,65555,94312,46728,39618,24103,17781,76650,96304,100622,85657,11811,11259,10260,7363,87322,80552,103600,89371,27297,10111,9349,74571,87760,81047,95617,93542,21182,7806,45230,89892,71702,71701,94139,110053,49748,34015,37380,70657,82007,59277,100274,92541,29762,45298,33506,78261,
241,98394,72541,73458,66601,10500,603,559,78560,100121,75279,93244,75498,9669,15189,6551,9805,32290,78978,51727,86657,29057,23069,13771,10170,63529,90099,94648,77274,8816,8135,7984,6354,74552,69980,97736,82541,15600,7639,7274,68940,78390,72261,87766,86152,12196,7084,27422,83683,48912,59818,86684,99013,29991,19255,20565,60655,70494,41493,92259,85183,16639,27484,19035,73235,
242,90296,51072,56905,43376,8098,612,583,68395,92813,61779,85389,60777,8349,9403,5909,6982,15989,67505,33002,74982,15863,13149,8858,7299,42449,78883,86407,62017,7753,6935,7101,5818,55696,52622,89046,71011,10649,6973,6534,59345,60880,57106,72898,73574,8558,6665,14748,73687,25769,39680,77339,79799,16620,10873,11938,45755,50829,22102,78687,72757,10205,14730,11021,63742,
243,82015,31621,39256,25698,7289,566,545,55349,84524,45900,76254,42286,7968,7600,5601,6393,9517,53918,18789,59512,9833,9684,7326,6485,24919,65396,76379,44799,7390,6539,6964,5549,36720,34458,78909,56385,9351,6769,6245,47047,43519,39355,55323,58312,7671,6425,9556,61747,15633,23585,65535,56400,11107,7962,9229,29802,31976,12520,62535,56947,8138,9187,8584,52000,
244,67449,16259,20968,14116,7140,511,500,40423,70633,26502,60520,23863,7627,7252,5432,6184,7472,33744,10278,38344,7948,8526,6810,6099,12716,45361,59275,25908,7137,6339,6660,5369,19544,18201,61635,36681,8638,6612,6137,33049,24653,21810,33179,37757,7376,6326,7658,47293,11067,12408,46422,31603,9301,7282,8206,18200,16505,8146,39559,35853,7446,7493,7563,38702,
245,49744,10107,12078,9799,6859,512,496,24933,53483,14847,43060,13319,7560,6947,5405,5779,6932,19077,7427,22114,6886,8108,6648,5902,8520,27457,40604,14667,6818,6183,6286,5234,11605,10595,42669,21043,8405,6269,5909,19856,14058,12382,18766,22144,7109,6144,6939,30692,9946,8225,29009,18029,8655,6983,7934,10869,10389,7235,23147,20639,7136,6840,7253,24262,
246,28121,8001,8039,8455,6771,483,477,14314,31391,8668,23722,8664,7125,6626,5205,5690,6691,10008,6212,11481,6411,7807,6294,5703,7275,14426,21707,9004,6626,6127,6119,4994,8413,7729,22918,11172,7993,6235,5701,11056,9266,7862,10595,11915,6837,5776,6649,17507,9260,6853,15110,11929,8397,6703,7585,7365,8081,6760,12198,11086,6939,6649,7234,13137,
247,15991,7590,7042,8013,6537,488,476,9421,18559,6889,13915,7253,7147,6490,5115,5538,6608,7446,5923,8507,6344,7593,6024,5525,6665,9671,12681,7663,6399,5703,5920,4860,7502,6858,13445,8126,7786,5961,5547,7695,7696,6961,8393,8676,6728,5706,6485,11300,9123,6380,9859,10721,8206,6349,7428,6184,7444,6495,9040,8636,6638,6332,6907,8592,
248,9982,7262,6756,7753,6445,510,500,7215,11459,6305,9476,6983,6712,6367,4950,5360,6374,6573,5856,7413,5964,7363,5997,5421,6565,7951,8855,7038,6207,5495,5661,4611,7273,6673,9250,7067,7680,5670,5386,6137,7391,6476,7879,7513,6376,5462,6304,8317,8990,6231,7860,9908,7876,6433,7021,5616,7112,6310,7832,7530,6385,5996,6564,6424,
249,8109,7010,6425,7521,6210,486,478,6431,8840,6422,7691,6750,6336,6124,4686,5204,5997,6472,5723,6967,5741,6986,5719,5240,6362,7128,7725,6774,5964,5264,5610,4514,7110,6367,8056,6602,7465,5430,5229,5461,7003,6074,7311,7105,6120,5201,5918,6937,8531,6019,7219,9745,7554,6096,6948,5508,7016,6118,7554,7288,6164,6132,6370,5716,
250,7309,6742,6123,7232,5820,500,494,5981,7586,5896,7076,6495,6056,5894,4460,4896,5826,5969,5514,6929,5567,6812,5657,4989,6171,6883,7184,6402,5753,5096,5242,4387,6932,6154,7287,6398,7046,5330,4940,5005,6771,5919,7215,6889,5946,4991,5888,6337,8346,5963,6760,9426,7453,5928,6743,5203,6817,5858,7281,7028,6128,5565,6136,5315,
251,7086,6576,5902,6977,5622,477,469,5763,7188,5846,6733,6317,6066,5772,4262,4945,5690,5914,5292,6725,5459,6548,5166,4895,6129,6855,6909,6216,5551,4945,5041,4147,6683,5942,7181,6277,6850,5147,4904,4969,6558,5773,7053,6688,5712,4865,5741,6020,8055,5657,6609,8932,7171,5623,6575,5048,6522,5746,7198,6786,5845,5509,6162,5144,
252,6796,6334,5859,6943,5548,472,459,5626,7021,5535,6701,6084,5858,5572,4171,4593,5408,5832,5114,6377,5239,6462,5292,4608,5770,6585,6801,6103,5370,4882,4878,4163,6423,5930,6975,6023,6583,4973,4602,4936,6218,5443,6703,6296,5676,4660,5434,5646,7626,5524,6451,8884,7017,5604,6362,4896,6471,5579,6889,6389,5601,5282,5944,4919,
253,6561,6297,5427,6693,5363,447,437,5434,6642,5462,6433,5894,5645,5248,3854,4430,5186,5630,5073,6277,4952,6150,5051,4521,5476,6288,6674,5699,5120,4641,4902,3911,6069,5662,6649,5925,6228,4711,4249,4644,6190,5258,6460,6131,5379,4571,5230,5751,7376,5201,6250,8558,6741,5527,6088,4746,6075,5371,6574,6163,5552,4991,5660,4774,
254,6340,6002,5464,6395,5157,428,418,5190,6537,5238,6108,5602,5312,5033,3862,4189,5059,5346,4871,5957,4746,5993,4752,4328,5222,6088,6364,5706,4899,4338,4488,3694,5808,5550,6494,5561,6073,4414,4244,4742,5879,5149,6136,5783,5062,4311,5067,5476,7348,5135,6008,8340,6644,5062,5902,4673,5902,5080,6595,6192,5254,5004,5397,4599,
255,6150,5657,5113,6109,4833,416,409,5164,6340,5144,5846,5444,5115,4959,3648,4070,4852,5266,4674,5864,4747,5667,4603,4065,5155,5904,6309,5324,4689,4356,4274,3557,5796,5230,6331,5526,5750,4264,4009,4492,5694,5135,6103,5678,4947,3941,5031,5412,6874,5069,5795,8047,6314,4984,5688,4551,5724,5053,6189,5868,4989,4797,5253,4527,
256,5872,5514,4944,5836,4564,409,405,4964,6316,4924,5743,5485,4680,4633,3342,3848,4747,5109,4422,5642,4460,5211,4306,3945,4976,5768,6094,5105,4259,4021,3927,3249,5385,5099,6017,5369,5444,3815,3686,4302,5484,4754,6015,5441,4607,3799,4706,5013,6665,4908,5676,7741,5923,4741,5208,4210,5411,4927,6138,5653,4821,4480,4770,4332,
257,5825,5434,4965,5714,4346,425,416,4638,5999,4836,5566,5135,4571,4416,3196,3763,4519,4947,4324,5483,4238,4982,4084,3726,4782,5584,5804,5107,4277,3805,3765,3123,5419,4822,5955,5152,5136,3637,3576,4094,5328,4732,5876,5233,4412,3575,4394,4987,6431,4684,5469,7459,5774,4329,4997,4178,5460,4494,5876,5662,4404,4308,4743,4254,
258,5690,5244,4635,5517,3934,419,413,4523,5668,4569,5313,4985,4155,4118,2982,3421,4337,4658,4024,5202,4010,4837,3780,3487,4661,5322,5665,4847,3803,3520,3552,2874,4972,4770,5745,4929,4792,3579,3272,4099,4958,4548,5449,5122,4099,3237,4205,4799,6063,4484,5090,7226,5662,4286,4612,3912,5243,4314,5731,5256,4097,4094,4486,4109,
259,5447,4962,4571,5304,3721,361,361,4370,5445,4386,5062,4772,3958,4018,2759,3235,4122,4555,3904,4951,3846,4460,3650,3293,4434,5020,5287,4684,3524,3291,3267,2770,4876,4548,5525,4830,4687,3279,3074,3776,4900,4368,5232,4821,3918,3089,3920,4632,5877,4139,5085,6886,5420,3927,4433,3885,4957,4110,5443,4995,4062,3836,4100,3827,
260,5154,4576,4432,5075,3610,373,371,4324,5412,4247,5019,4640,3523,3665,2630,3108,3843,4344,3829,4797,3677,4312,3471,3174,4204,4914,5100,4479,3388,3079,3064,2530,4677,4242,5213,4596,4342,3043,2924,3753,4727,4243,4947,4502,3773,2901,3656,4438,5547,4125,4946,6750,5206,3759,4216,3633,4880,3934,5331,4800,3917,3696,4111,3732,
261,5142,4514,4065,4787,3360,368,366,4070,5145,4088,4790,4316,3380,3531,2423,2805,3681,4131,3528,4617,3546,3867,3321,2950,4062,4815,5157,4318,3202,2906,2818,2282,4431,4173,4950,4510,4026,2765,2718,3614,4568,4122,4704,4397,3457,2543,3469,4324,5309,3748,4682,6307,4730,3559,4005,3541,4566,3773,5013,4706,3601,3481,3832,3614,
262,4890,4145,3801,4612,3121,381,378,4003,4912,3787,4566,4126,3153,3284,2157,2700,3347,3922,3360,4376,3277,3757,3075,2684,3862,4576,4938,4207,2847,2653,2613,2075,4187,3861,4820,4192,3738,2526,2492,3543,4183,3808,4628,4218,3323,2314,3293,4206,4898,3653,4484,6103,4765,3422,3710,3426,4389,3443,4716,4408,3427,3248,3568,3479,
263,4576,3997,3732,4263,2832,381,377,3960,4666,3702,4399,4031,2826,3113,1994,2487,3258,3750,3178,4275,3095,3465,2872,2454,3588,4480,4669,3824,2636,2364,2322,1850,4015,3684,4658,4097,3441,2323,2141,3438,4113,3585,4416,3969,2839,1953,3140,3959,4640,3408,4205,6023,4481,3208,3336,3194,4225,3287,4475,4353,3107,2963,3349,3376,
264,4269,3831,3630,4095,2589,386,380,3644,4503,3486,4068,3811,2607,2811,1713,2285,2806,3628,2975,4025,2908,3173,2590,2185,3464,4187,4406,3678,2303,2053,1980,1508,3708,3509,4474,3765,3071,1973,1809,3226,3921,3458,4203,3822,2673,1543,2873,3780,4324,3160,4079,5567,4046,2963,3222,3219,3970,3090,4242,4127,2850,2880,3029,3207,
265,4229,3649,3312,3819,2273,367,361,3574,4302,3224,4104,3486,2242,2535,1310,1996,2681,3523,2766,3777,2671,2947,2234,2021,3134,4000,4341,3405,1906,1704,1619,1208,3551,3317,4247,3644,2824,1508,1430,3012,3681,3260,3988,3564,2339,1259,2575,3666,4098,3007,3850,5164,4043,2721,2755,2998,3801,2911,3866,3858,2557,2601,2802,2985,
266,3954,3311,3126,3467,1892,368,362,3286,4176,3013,3780,3375,1773,2232,1003,1701,2362,3262,2522,3552,2357,2618,2007,1712,2949,3613,4021,3345,1464,1303,1204,894,3188,3185,3984,3321,2493,1103,1070,3016,3391,2968,3786,3421,1989,909,2398,3526,3613,2763,3633,4843,3472,2353,2501,2892,3574,2623,3826,3641,2341,2327,2550,2925,
267,3812,3002,2822,3297,1467,339,335,3239,3970,2800,3611,3088,1328,1872,716,1317,2085,2904,2389,3330,2045,2247,1670,1293,2729,3495,3698,3104,1059,939,831,656,3030,2821,3861,3203,1931,765,774,2725,3175,2929,3471,3254,1599,678,2173,3325,3298,2509,3470,4695,3186,2001,2060,2668,3247,2362,3486,3458,1920,2079,2131,2870,
268,3457,2674,2659,2921,1123,359,354,3023,3617,2616,3173,2812,993,1591,618,1030,1606,2739,2140,3099,1868,1827,1275,1074,2485,3260,3631,2777,793,746,724,524,2806,2568,3515,2914,1497,681,725,2653,2933,2739,3180,2983,1220,607,1859,3041,2756,2369,3238,4242,2810,1789,1669,2396,3120,1880,3268,3329,1579,1752,1769,2611,
269,3343,2512,2421,2629,738,330,324,2819,3404,2337,3162,2493,790,1238,559,759,1225,2651,1792,2827,1526,1442,939,798,2198,3059,3284,2684,680,600,577,552,2437,2473,3351,2783,1144,523,586,2494,2727,2453,2999,2738,899,534,1487,2895,2166,2005,3142,3870,2379,1267,1225,2237,2708,1594,2964,2933,1227,1396,1331,2455,
270,3030,2096,2114,2194,602,345,338,2491,3232,2068,2879,2375,700,824,520,616,860,2366,1539,2532,1190,974,748,623,1786,2746,3040,2365,584,530,581,492,2155,2052,3173,2457,772,505,578,2262,2323,2194,2669,2473,727,544,1099,2673,1509,1592,2731,3427,1730,889,919,2080,2379,1152,2704,2606,869,1094,970,2202,
271,2782,1719,1723,1661,616,335,331,2399,3072,1848,2736,1951,662,691,465,496,665,2142,1141,2285,844,818,600,528,1407,2576,2815,2014,592,557,495,520,1668,1740,2873,2308,679,472,532,2185,1938,1915,2341,2164,602,531,813,2533,1024,1316,2616,2987,1276,681,802,1823,1709,843,2428,2455,695,760,717,2144,
272,2555,1194,1412,1268,558,341,340,2220,2685,1405,2355,1571,613,574,451,531,548,1670,807,1919,700,673,541,521,987,2285,2525,1743,580,541,530,494,1205,1288,2566,1890,584,457,504,1946,1496,1501,1890,1882,594,503,655,2262,857,900,2173,2203,1005,672,663,1598,1268,645,1872,1958,619,630,601,1845,
273,2308,900,1116,943,534,350,346,1947,2496,1182,2171,1178,609,576,469,540,507,1411,699,1552,606,587,568,478,707,2033,2200,1362,552,507,510,464,962,998,2247,1548,583,475,532,1549,1173,1149,1417,1509,567,472,561,2175,769,717,1978,1584,879,591,657,1278,865,588,1493,1627,552,533,577,1582,
274,1894,674,762,695,567,320,317,1650,2105,797,1783,841,571,532,476,512,485,986,553,1119,575,539,534,504,600,1506,1783,1000,546,531,530,469,698,688,1794,1047,540,467,481,1248,860,805,986,1090,511,486,541,1732,641,599,1506,1066,770,564,658,974,695,510,1111,1168,544,485,539,1410,
275,1525,597,613,698,534,310,303,1266,1876,617,1486,706,609,565,463,454,523,684,484,847,586,563,529,474,620,1102,1399,761,517,522,482,482,588,627,1306,761,558,449,482,1029,657,631,753,785,513,449,530,1417,673,574,1141,938,730,552,628,760,650,513,794,861,527,497,535,1050,
276,1086,571,543,649,523,313,311,1053,1440,505,1042,624,565,567,418,476,495,631,503,677,576,569,537,471,555,805,1042,602,533,504,483,438,566,585,948,641,538,402,409,805,606,594,589,588,531,484,544,1119,673,563,858,863,721,552,607,631,611,490,690,721,547,498,570,829,
277,861,560,577,671,490,286,282,808,1057,517,826,600,552,528,413,449,476,608,514,621,499,534,502,515,539,692,799,576,512,478,467,419,589,518,751,578,505,426,461,650,596,549,574,531,526,475,518,811,640,566,677,792,707,542,628,524,594,486,591,643,551,455,519,681,
278,644,572,533,636,488,327,324,660,744,521,649,595,549,531,421,450,477,514,485,562,492,546,466,451,494,655,675,575,494,461,474,427,542,475,673,513,502,417,456,565,539,460,609,498,481,429,503,740,637,557,584,770,660,569,549,522,606,462,579,578,574,445,465,580,
279,603,558,517,599,474,291,286,553,602,515,559,527,520,534,458,458,461,484,456,549,512,535,482,449,473,580,642,633,485,444,465,418,544,512,490,529,490,376,454,492,599,501,512,446,502,447,465,577,608,522,588,707,677,467,519,527,554,486,577,571,482,467,481,553,
280,554,534,513,608,468,314,309,535,558,485,513,557,534,490,378,448,449,521,440,537,459,476,492,443,478,559,596,553,486,422,404,414,504,529,490,498,480,418,471,468,557,500,548,491,483,439,444,509,567,511,604,744,672,533,525,491,552,465,555,528,503,427,476,488,
281,583,505,501,560,418,302,295,463,557,466,524,579,525,479,410,444,472,497,456,530,442,517,424,428,479,574,572,527,446,456,456,388,526,530,543,526,474,357,455,538,537,512,555,453,455,382,412,500,625,473,588,721,650,509,524,514,571,466,556,555,469,419,449,479,
282,530,506,476,568,485,307,307,513,501,428,504,533,481,458,404,416,447,512,415,557,438,435,451,412,446,501,554,537,439,445,384,428,504,453,525,469,480,373,361,488,476,459,517,432,457,389,447,492,557,458,546,672,666,468,531,449,509,426,520,561,442,462,453,456,
283,521,493,446,558,467,299,293,462,521,467,507,531,480,441,409,399,444,450,427,506,458,436,444,407,507,555,594,519,428,436,421,410,494,475,504,449,417,363,438,474,506,467,470,417,433,402,453,482,534,447,542,680,636,454,500,488,544,439,551,472,496,423,402,426,
284,489,528,502,540,416,316,315,470,465,439,491,479,470,477,371,383,422,421,429,510,420,415,445,414,470,503,549,498,392,398,415,379,500,446,496,434,434,362,388,469,477,483,503,412,412,373,391,465,526,430,546,683,605,452,494,469,509,390,526,497,444,382,442,472,
285,485,471,463,552,421,300,295,476,477,425,510,475,472,449,333,417,418,461,447,472,439,429,405,404,467,475,531,483,406,398,379,354,499,425,473,475,424,313,470,477,470,450,514,416,428,340,396,449,522,414,501,617,645,482,496,483,504,398,504,515,413,362,435,492,
286,533,464,475,501,428,291,286,495,475,427,450,491,433,451,348,389,377,448,409,464,402,431,408,398,436,474,532,465,394,389,366,378,392,426,449,433,395,320,388,477,470,448,467,375,399,357,387,494,471,422,522,655,560,475,439,426,523,406,472,448,437,353,401,467,
287,521,454,441,507,427,265,263,452,464,421,478,466,407,408,351,357,392,489,403,476,410,425,390,342,412,501,480,468,407,391,416,371,485,389,516,415,405,312,367,474,444,453,463,411,378,369,406,442,497,380,450,639,603,456,463,469,484,368,470,475,416,359,382,480,
288,471,453,406,453,350,274,267,450,435,413,457,413,397,449,345,369,413,385,407,441,390,410,379,362,441,460,502,462,356,345,330,347,419,363,430,426,422,275,347,413,464,441,462,329,359,316,403,463,485,442,512,617,555,429,404,418,450,359,424,454,415,342,351,440,
289,460,439,366,499,379,269,267,467,433,411,458,437,396,403,307,317,341,392,344,478,401,377,353,346,468,472,479,441,333,310,378,321,416,399,526,457,352,246,338,459,446,404,429,375,357,312,408,410,438,403,464,642,550,444,434,414,434,371,447,444,361,362,373,438,
290,479,418,416,452,368,271,263,421,365,386,390,405,368,361,293,341,328,373,354,418,359,357,332,307,403,412,487,426,339,333,331,342,453,373,383,402,342,267,352,414,446,400,413,355,367,274,357,449,423,358,455,614,495,403,411,436,388,315,412,435,362,283,341,423,
291,453,421,419,408,341,269,268,430,430,399,382,448,415,323,271,315,337,444,350,419,385,351,357,326,393,441,493,452,331,320,368,300,395,391,412,392,320,238,316,447,390,361,426,322,308,279,352,433,388,371,437,572,549,419,374,397,404,352,391,398,357,310,318,393,
292,444,377,401,412,349,273,272,382,399,368,396,387,404,376,322,302,352,367,342,412,378,324,332,358,382,428,434,416,298,293,301,253,433,386,383,393,289,234,299,392,417,368,413,305,334,260,342,377,419,377,454,553,532,405,403,385,424,329,388,411,371,303,323,353,
293,421,353,375,421,298,231,225,403,384,381,430,401,356,352,269,307,327,372,339,386,346,320,344,279,379,436,472,416,308,324,295,270,369,356,408,355,316,209,293,435,368,415,403,310,302,222,338,406,350,381,441,473,531,371,375,404,413,370,382,427,354,294,333,385,
294,427,369,397,397,318,247,243,375,372,353,390,381,356,331,253,285,309,366,352,380,358,322,309,300,328,455,420,376,295,281,302,263,344,380,376,349,289,229,298,356,380,366,395,275,289,262,317,376,400,353,421,496,433,342,359,380,361,291,377,379,342,327,309,378,
295,382,389,337,364,300,280,277,381,379,343,372,379,331,312,244,299,307,346,331,392,325,308,293,320,336,433,456,379,290,243,266,268,336,342,381,348,256,215,265,389,379,337,370,309,270,265,323,360,314,333,395,516,489,317,346,361,371,304,333,392,299,292,265,376,
296,426,337,369,411,283,244,241,383,376,325,346,372,282,290,235,262,267,312,295,375,302,248,285,279,356,414,456,344,294,274,262,265,315,340,357,351,232,248,277,381,349,326,341,291,285,230,303,366,327,328,359,475,412,280,324,386,355,270,352,363,287,277,300,352,
297,367,395,345,351,286,265,262,397,349,332,316,365,315,335,264,273,271,341,285,315,275,267,263,239,361,383,408,386,267,238,285,260,307,332,368,317,237,215,264,349,322,317,342,284,280,244,292,351,294,297,347,407,375,313,302,348,337,259,337,311,277,265,281,383,
298,362,278,319,352,247,245,238,350,342,327,303,328,310,281,249,261,262,328,278,347,271,274,252,242,326,348,388,345,274,271,254,258,291,302,346,314,249,215,280,347,314,340,370,272,269,248,278,356,302,312,388,388,388,339,307,355,325,243,294,345,284,222,269,390,
299,342,309,314,352,276,267,266,362,333,287,308,359,323,260,230,268,289,334,273,303,290,256,290,264,289,392,372,364,259,283,306,245,325,318,333,317,244,179,258,317,308,315,317,282,239,263,245,314,269,261,366,387,355,285,298,345,296,246,303,289,277,223,237,344,
