165,482,498,505,950,4031,541,582,22068,1317,404,825,12376,3562,3505,1399,1953,396,390,505,425,2723,2869,3223,2045,406,1251,677,1046,2686,1896,2163,1780,466,577,851,406,3036,1625,1479,13835,537,678,517,553,2476,2448,2477,22520,611,403,915,4549033,3331,2402,2072,21683,340,408,343,790,3334,2097,4478,5255,
166,774,816,848,1434,10476,598,661,43868,1942,540,1313,24771,7841,8115,2127,3371,508,659,678,589,7144,6000,8888,4438,682,1889,1108,1573,6659,3490,4738,3545,657,1015,1322,666,7075,2536,2185,28509,855,1084,790,947,5122,6403,5684,40075,993,545,1475,6066027,7738,4799,3248,39165,518,571,490,1210,8430,4237,12230,14242,
167,1258,1298,1209,1951,25407,664,768,69650,2597,922,1759,43110,21263,21453,3781,8555,772,1076,1057,978,17746,16171,21587,12227,1047,2573,1582,2145,17712,9147,12726,9794,1003,1345,1894,1002,19311,6272,4562,40482,1299,1539,1213,1439,14371,17458,15867,54334,1471,836,1936,7671167,19851,12956,7055,57253,750,864,805,1511,21544,11399,27921,27491,
168,1609,2012,1745,2841,50121,794,1042,83212,4668,1243,2231,68746,47241,47974,10679,23411,1316,1616,1575,1338,34679,35860,39155,27313,1697,3773,2281,3215,37225,23583,29726,23348,1530,1878,2571,1539,41479,18484,13172,50489,1929,2152,1980,2046,32494,37490,34543,65536,2302,1273,2711,9714494,40920,30048,18634,71235,1063,1300,1271,2101,41816,26685,49291,41826,
169,2206,2726,2457,5079,83055,1100,1917,96139,11738,1784,3698,104588,85594,84810,26784,50636,1920,2235,2181,2173,50956,58254,55336,43567,2393,8252,3302,6686,59156,43371,50084,40287,2093,2944,3921,2208,62899,37447,29909,60481,2828,3562,2682,2946,52616,57016,54736,81108,3305,1739,4856,12100417,68411,52066,40218,91652,1556,1915,1760,3520,65717,46816,70188,53520,
170,3927,5670,5555,15418,112430,2440,4976,178996,30956,2732,10701,185774,116580,107837,59503,81515,3313,3680,4444,3374,68633,81408,76141,60609,4373,24135,7475,20211,82317,64056,69864,58951,3591,8265,10096,3568,84015,58694,50274,89013,5766,10012,4844,7124,72257,80078,73066,148459,7900,2955,14885,15532901,94078,80967,73697,222813,2262,3690,2727,10233,89261,69128,97769,68698,
171,9237,14907,14964,35289,198830,6180,14658,586957,51936,6113,25512,337716,174065,157854,82173,100610,6873,8794,11836,7080,103118,119998,136041,95255,10835,49652,18478,41508,144815,92148,107847,95143,8573,21366,24547,8460,126670,79726,69394,244696,15159,24470,12106,18035,105078,153698,104142,465771,21202,7092,32625,19134152,128917,113020,106981,722654,4607,9330,5587,24133,149755,95329,197892,120165,
172,26449,39297,37508,66353,576784,16818,47018,1736653,74896,18786,50887,675479,467596,429800,114976,184013,21741,26017,32997,20837,256376,274979,393556,250287,31946,88822,44216,76555,415720,209035,274273,258584,25392,45983,52112,24374,325045,151615,118837,771642,38078,51239,32906,42255,251704,485341,244993,1263727,49971,21222,60105,24173306,298621,243444,156749,1750757,14109,25853,16662,46854,409351,189905,580285,335249,
173,49493,68238,61809,91696,1832065,67093,176172,3760850,98237,38471,73812,1088320,1692135,1650503,337445,685928,51616,57921,63633,46880,842952,909019,1204863,857364,67174,108377,77880,100537,1318038,737978,943213,889490,50357,69938,80776,48158,1119886,554386,415147,1735949,68150,80840,63042,74575,881790,1504762,874171,2424193,79737,42196,81913,29210025,1014579,818121,419363,3218743,30076,46822,36422,67540,1272180,630668,1613655,1024572,
174,78517,103570,91229,151637,6908618,2904928,3610995,7920382,183747,64432,104631,1657267,7792896,7712858,6678673,5573689,94019,92614,88702,88262,4667687,5037995,5812384,5705203,102572,154472,106819,144608,4737001,4332087,4821476,5158189,81787,102035,109081,83101,6500442,5707704,5664900,7278501,101575,111983,104243,107232,5131834,6794849,6658929,7186206,127471,69347,123860,35340588,5515297,4760613,4111895,6938671,50353,75747,64302,103432,5834901,4540432,6981652,5569743,
175,118944,215549,187440,489180,141407817,132413434,121248618,188620523,655268,103482,254108,2597809,171759891,175061979,245373188,156545245,128873,116838,140119,114984,136703654,144054388,171168810,187000391,150995,465677,168917,443036,151390667,121752739,130699974,155067584,150096,306273,230845,128989,191230294,194933806,201195964,220548351,201491,297294,161398,183334,156481913,220564412,398419604,212918190,299609,116868,302181,41046887,137445884,120346612,131522108,169566827,73793,149987,93861,229939,144662500,130715233,173692527,167961661,
176,406587,915575,815789,1787130,261914871,216643119,218630247,282363714,1952624,397350,1054178,5818522,261938892,272987720,256806185,257045994,379065,330178,580457,291254,208158798,157711518,237458383,272665624,582931,1877441,656990,1727017,265003400,209808437,190610734,209434398,654891,1276564,948273,475503,192860360,180381962,191976671,200971114,854822,1231203,595650,734977,217046296,204404541,188860911,206558483,1185932,441884,1153359,49270163,255566477,200085930,212890360,262032247,195775,582218,247900,859383,240120405,222584104,250900326,232175041,
177,1249530,2296189,2091139,3476606,319926203,280077223,293387103,347453022,3361943,1246590,2337079,10780399,327590202,334435210,284219410,294150753,1391090,1197704,1867649,966141,209884383,227112732,228384554,299434680,1877998,3939284,1846939,3622336,230870161,179521931,183842193,229071656,1768466,2684257,2216963,1366119,162156779,157635645,168136158,163867288,2105462,2742972,1666660,1963755,210691318,168276750,165657298,173695060,2860255,1373672,2580287,58190941,312474321,267384456,265219098,314982493,737050,1696847,857666,2118864,283254518,258504392,228553162,258066205,
178,116553622,113382365,111821323,114353870,357051415,312425983,345667631,387542069,184176093,120756466,108710527,130244995,385707207,388510705,331471655,341583666,161802058,207478565,150627413,113918250,221235501,237572907,210246826,295038203,140493530,135509128,110025260,132732809,244720695,195892533,182073870,196369213,165173203,132364431,118108328,110491060,157407826,154976209,157041640,159424538,114855681,115081780,111533956,127994428,204812101,161519061,160803080,164354361,226828399,164905662,140621820,161426268,360601593,306619629,299871888,340554738,199026942,185038054,138780017,212175820,307122722,282290668,286883570,301743651,
179,164876717,158785989,156729441,154641772,379307162,328196924,378308046,428933455,235450804,175793084,140343964,166086622,438142604,443514680,384099832,373960525,187943903,260754310,211322262,155099009,210036423,229627108,221500280,296648931,197388469,194123458,150845834,183780263,224209678,201377797,183239461,195957455,213217254,189988719,171009213,151362371,159703759,155649616,158905592,156927190,158107994,162562887,156243528,182831178,204778302,161652338,162942547,163058646,279873063,215078351,190606265,54864382,394231758,325782531,302340445,352280163,261976091,169171478,215199883,257789727,324287722,327946174,273277285,268570869,
180,184971977,185371809,179992773,187724577,400680600,330875355,394281418,458885679,218831463,181494358,177049404,181346321,491294851,499216559,464189842,417704387,316432601,264741351,235491244,187259323,206218155,211185757,202889003,333020890,162352074,233849068,188258762,226843640,210037845,190136507,176789760,188162503,210521359,206140038,222663059,186696178,155519863,155665200,157751486,160914254,188193092,202364317,201264552,221867716,183927659,159616803,161162820,161051691,217342646,182857027,184902660,187489420,411016216,340668906,311584569,372262404,244358483,202219290,196413511,226142873,330906383,304753856,272543043,263272929,
181,179675501,187028563,180906410,196412001,421065728,337365737,418704682,475442647,219294912,190208775,183795130,256016827,535822414,546358557,543018685,494761691,288902699,282372694,264206836,210724657,182755957,182022789,213283544,294053056,263854840,274206545,229990473,242577664,212206487,180143782,165661105,180929199,232843472,228906455,263163692,224564057,153942510,153429299,153764425,155402740,228760283,235644771,239254633,250969481,171876609,155744153,155724081,156205376,184289685,173105005,170121739,184546559,406866438,356096923,341788324,375161004,200427500,189885147,173045207,182161483,330014398,302928496,266447858,250995433,
182,194874287,187178890,180620444,196748331,425991180,343645629,450831612,486580571,226240772,248991630,191432686,178238356,562175016,576876474,587779085,553432145,348781535,316148663,312177866,255768525,171545743,181289225,210839146,270168755,316262498,318135864,283037771,289925591,170466028,165724320,158347082,175643896,273962770,244139932,330661583,267637183,152141578,152241896,152644913,153518362,273943926,271900567,291833006,287761579,155174384,154171711,154290903,154205314,166826675,164606215,167312447,186873522,376125000,367277841,316726538,355298542,163362084,166163061,165046875,156713972,315247066,300824552,249740425,239155526,
183,204859264,193142995,136560426,186771798,417930177,354149742,468413208,489039627,231569421,225189860,162825154,184165498,564097205,588812786,601845819,577926923,346183882,356330584,353684121,294302137,165195675,174981004,200299371,250050812,356766835,366922613,312438482,324313859,162238831,162649160,155924147,171199355,304818279,273133073,326074975,298130526,151462313,152213783,152658438,153968148,297350018,295851728,328882183,314670869,155512128,156692233,153552845,154878106,161715437,158075660,163380175,188956425,350071515,361725739,314634538,328476135,150961472,160315281,160352043,161413688,301456163,295768235,260965768,228260389,
184,190177873,196070749,178498500,183919280,421094728,382943387,476542209,493610211,236148026,241665906,189157617,136337697,562200890,598975382,608018502,730926220,385578810,394759871,405887683,331674265,163903193,173633062,183578521,234479041,398390101,384930364,327425683,339076716,158800567,161934120,154907846,168501246,322739242,246278524,396758159,317756174,152451475,151844468,152414036,153456162,313952671,313489914,355781432,329300486,155506697,159915470,153725256,153111840,159451467,159484184,162178822,189031262,344642900,352257969,325181947,327870316,162148564,159038588,158743303,157166443,259043772,277892122,233368519,228053396,
185,211557011,201203019,174568176,185919451,445287408,427714073,473836453,491680988,164969207,241250369,263316691,169175164,562431228,602499433,603783934,608814090,413608530,421425805,433084112,359904301,161374039,173920699,177992090,231085297,427391684,409211527,332003785,342002908,156916420,161901618,153507409,166190199,463560323,277076497,406406254,330155777,148773304,151116720,151287317,152304278,320400060,321208086,382773262,336797009,153118446,160371800,152411525,153883410,159228201,158438466,162035492,188978394,353494408,347887124,324301296,336088805,160065763,157385330,157704945,153485782,289058527,274078180,235962550,233069281,
186,211079884,200749769,177241208,175725725,516686691,457519640,460568924,480797021,220414167,190681379,192114884,210191018,541886241,562499483,566583140,590405439,543132382,441522692,461746866,401067853,152800638,166427503,170600516,220916496,455371553,436557868,340227878,345554174,153222411,157246858,150876497,164169023,341697767,278755740,407450643,340645839,149128654,148926572,149076455,148833543,321078795,323129569,371044772,343859009,151797185,156311148,149941673,151076085,152894561,159853858,161008498,187504158,374507848,353282785,337632771,350554316,157307074,157268139,154281628,157922983,283965847,367035153,231450808,231109347,
187,204944773,197749599,176869687,177530380,367498181,337659694,328094062,336653808,251686267,191817396,162709398,171085666,372666799,377970081,385977468,409385234,467809672,452573378,477038657,427954798,110485579,115292949,117053611,147625989,466431860,448692736,353309410,357227185,110570084,111844786,108940958,118527383,288652683,271635179,398981775,333829312,107412880,107399901,107425096,107559796,318792053,322851055,363978146,349416399,110790814,113033397,108202845,108755533,155935256,157043926,160023603,170117318,284537396,266874296,240406270,266770405,153959745,155116587,154809775,155039361,200954078,186346734,159806420,159954113,
188,197535607,200424387,177487755,172407211,105086263,98184625,91454666,95652697,207228980,179119353,177228950,170059278,104030015,104937643,105040229,113334577,474373708,460131940,485239617,445060330,32735328,33535865,34208480,40381163,480230141,460214747,374985195,375353378,33010088,32817239,32489221,34820852,299785079,253029137,401187971,458272256,32191115,32036721,31929079,31837384,318799034,323401349,358492625,355535608,32735328,33709999,32344723,32363867,154166437,147090478,158685399,185600758,83432634,77844380,70209107,75579788,154962072,153397855,154468270,154377157,56291967,51732195,43991723,44360705,
189,194951488,196056011,171741131,162361125,10970248,12189846,10565823,10234245,209367287,136813966,169020187,165995687,11002165,10893986,10707295,11464796,451253012,453951017,472970065,441464970,5144772,5422636,5330664,5478867,471567975,453944432,389021205,386640037,5299922,5049742,5183753,5072976,285811254,235157398,124041969,312560121,5287411,5123391,4970249,4827832,315603557,319923443,352009726,361248647,5238715,5198677,5170937,5180437,149919255,150903609,154310710,184506931,9655234,9294906,9285894,8852413,157875806,148835527,149512249,149731819,7220413,6990720,6017834,5837798,
190,144282519,145440475,126031778,122192410,2932403,3257781,1666207,2815631,148634819,131883785,129039768,126446354,3107671,2903215,2584161,2839369,373862528,340297686,345549499,327581445,2742793,2999707,2845409,2587843,346080612,337992194,305407136,301965543,2870720,2639580,2801841,2513107,209878610,234537441,289848493,239467016,2938046,2777818,2618347,2473582,240110114,243246220,263777376,235114676,2838013,2724145,2837451,2800393,111261069,111510424,113741464,152853909,2904278,2830886,3198712,2717373,109991933,110720801,110940654,109295589,2851082,2892603,2820958,2616396,
191,68975346,75004932,64388973,62539757,2756940,1499257,512811,2661903,70009093,66477350,62829321,70704271,2945231,2736952,2419885,2659734,183740025,176919654,174896473,169979261,2694272,2948793,2789194,2525956,175641038,172848300,162931311,160602146,2811587,2584852,2747759,2453898,105323855,55429724,143195430,116791482,2880740,2718639,2563362,2424783,122599591,127460004,140053859,147089748,2782936,2663327,2784877,2751026,58205904,57939503,58981515,112360532,2754218,2688328,3066311,2582190,58270934,57913185,58149724,57954398,2749467,2808792,2754424,2555526,
192,7961603,8301742,7314168,7192875,2728046,197072,137462,2645581,8078802,6732013,7246177,20678831,2915929,2712393,2395440,2635446,17216603,15790390,15372070,15394688,2677140,2926111,2767710,2509030,15594670,15755002,15334799,15082639,2791361,2565446,2730320,2436124,10603928,9706689,13650618,11487859,2860818,2707282,2546947,2410781,12931521,12661882,13688850,14578569,2768346,2638842,2762811,2739942,7243024,6766591,7113702,72529718,2729079,2665878,3042399,2560826,6803571,6798650,7075636,6906539,2728232,2794044,2733589,2542891,
193,3027561,3088809,2936992,3039562,2721302,140435,122492,2638757,3149554,2797448,3045516,16820932,2904863,2704122,2388750,2633476,3437660,3165600,3014615,3285727,2663890,2915057,2759367,2494903,3241701,3407938,3318744,3302595,2774861,2550958,2711676,2415368,3181601,2930171,3274132,3033379,2848538,2690468,2534376,2405803,3224009,3155318,3336416,3336207,2753455,2618224,2756773,2728482,3212695,2724528,3057709,67926469,2724093,2657111,3033883,2557642,2774515,2810974,3048309,2900335,2720753,2780631,2720264,2534972,
194,2805915,2850682,2735289,2840403,2684954,121985,109566,2633133,2923956,2588502,2853879,16536849,2861044,2678854,2362126,2602816,2814465,2606246,2460254,2744847,2652254,2895938,2733465,2467541,2687302,2857955,2776020,2762220,2719675,2523339,2661747,2337636,2841287,2625582,2809992,2630448,2817060,2646886,2497567,2401629,2743734,2689202,2840772,2799491,2729212,2513714,2741056,2729103,3025223,2536973,2873454,65062354,2709755,2641282,3015178,2547353,2583419,2629143,2855021,2714594,2701464,2765835,2704679,2533451,
195,2792111,2827939,2712146,2820390,2576734,109633,96103,2623725,2905416,2571488,2836358,16352178,2712600,2612001,2271130,2534911,2776771,2569893,2423990,2711954,2626703,2853721,2649480,2371414,2647346,2823057,2730833,2723631,2535025,2409935,2500079,2090600,2819803,2603341,2780719,2602076,2741791,2505646,2394798,2398068,2707523,2655566,2804370,2763117,2662003,2207176,2709441,2721337,3003719,2517092,2856269,62244056,2672496,2597948,2983011,2532791,2564189,2606755,2839680,2693591,2644164,2734873,2641949,2524134,
196,2778732,2816095,2704879,2809960,2265571,97343,80973,2604966,2895909,2565730,2829309,16144472,2320240,2398352,2022762,2313638,2769735,2564989,2411815,2702532,2529868,2727024,2406936,2110405,2641950,2816314,2715052,2719011,2093519,2100537,2092888,1603751,2807996,2590143,2770810,2594357,2519805,2150236,2113506,2389436,2699843,2645504,2798210,2754126,2437568,1622922,2616483,2702928,2981342,2507168,2844107,58712396,2541334,2450138,2899409,2483022,2559298,2591495,2828647,2689755,2460412,2635613,2447801,2517000,
197,2772448,2806025,2693883,2787254,1578718,79622,58216,2527522,2884889,2557545,2821107,15890925,1505148,1814690,1423713,1727991,2755252,2557611,2407642,2700043,2218682,2328623,1809548,1519236,2627536,2807543,2713613,2709253,1295210,1445151,1329395,887780,2796851,2578749,2763180,2585162,1921993,1426295,1489872,2352633,2688906,2634233,2788771,2745235,1853062,831354,2298265,2656093,2937016,2494168,2835441,55206598,2130827,2005706,2587189,2279484,2542203,2565400,2823820,2672958,1948108,2301043,1943972,2480614,
198,2761361,2778890,2664698,2719259,714574,55345,31335,2238538,2865108,2537867,2802174,15471568,602226,910383,634026,834238,2704276,2545774,2372717,2687369,1575606,1507999,934118,727547,2594241,2791261,2702450,2683950,503405,646105,536861,304766,2779673,2545177,2751260,2570194,984934,586158,669347,2205313,2668083,2604518,2776226,2732603,962082,258064,1549321,2479522,2812022,2452416,2811743,50411237,1316372,1184256,1821580,1722649,2522064,2481844,2807542,2652204,1099950,1551112,1099603,2342574,
199,2747937,2707050,2592161,2538816,227554,30751,12868,1606789,2837981,2512077,2777266,14834163,173716,299603,186362,259707,2545040,2525943,2271639,2665064,786065,683862,332484,239402,2495983,2745050,2686462,2607565,152940,205072,161206,91749,2734342,2438372,2730215,2551609,330386,170690,203087,1776960,2614607,2499346,2746158,2703801,337728,81833,716472,1981360,2555512,2358673,2763703,45659891,558487,475477,909345,962279,2465768,2308546,2773919,2594691,427573,743241,432001,1956549,
200,2713361,2505661,2384908,2092250,78128,12728,5114,789705,2747172,2422445,2702491,13586415,68761,87774,59229,74722,2120275,2453765,1960826,2598714,263659,217820,101343,63042,2177046,2580708,2635487,2340646,65322,70191,64167,47128,2585950,2118644,2660786,2482726,98948,63276,66155,1034474,2426802,2170698,2643166,2595429,101231,51324,219709,1176678,2019523,2128047,2643028,40186558,168672,140348,302850,359566,2333298,1936038,2695390,2460136,130237,240607,133869,1251461,
201,2614260,2048345,1913921,1385590,53850,5429,3364,269470,2502412,2181896,2495801,11361788,55734,53483,42007,47700,1386374,2239528,1371282,2392496,88111,83951,55722,47326,1539558,2151804,2472994,1758184,52797,49147,50176,41436,2214226,1516596,2452566,2244184,61131,49651,47077,402459,1964475,1535665,2336192,2264215,56791,47530,76063,485268,1266550,1666733,2348550,34376497,69817,61684,102732,114573,2035763,1330748,2516888,2157412,62709,82501,64792,567356,
202,2240204,1147977,1036532,546802,50748,3338,2855,80471,1801495,1508224,1882872,7111944,53543,48986,40108,44218,511067,1567536,567778,1733353,51723,59145,49116,42889,632578,1210813,1892169,817035,49842,45830,47851,39332,1373202,670392,1790126,1561607,55961,47679,44517,105719,1069391,654513,1513966,1427138,50923,45748,52036,137549,467710,865933,1606074,27526004,54131,49133,62651,53126,1317403,553727,1984595,1424899,52024,51906,53818,168167,
203,1577238,478147,415579,185251,49366,2942,2652,51302,984199,778700,1103677,3648051,51902,47715,38850,42733,157475,792719,183298,931729,46751,56082,46971,41279,200417,491412,1095956,279864,48529,44068,45743,37957,632466,230483,997826,806611,54331,46289,43103,50689,434539,217533,717674,654952,49491,44150,49173,62760,162501,341111,820685,23124605,52079,47464,57481,44935,627718,190679,1225609,707676,49441,47959,51713,64571,
204,699690,135841,115849,71719,48143,2585,2292,47485,318507,236740,388873,1553128,50432,46847,37816,41739,60928,222915,59194,282560,45567,54191,45433,40462,64032,127426,363407,79584,47014,43119,44557,36681,181467,72015,326807,240817,52742,44352,42249,43044,118512,67657,197200,176989,47806,43280,47900,51257,73590,100651,254491,20469522,50807,46109,56165,43247,182403,67975,458956,217705,48201,46398,49882,46092,
205,244101,66725,58598,56513,46541,2298,1964,46273,109245,83292,131886,1028179,49334,45454,36449,40632,49984,76369,44195,92477,43208,52572,44095,38701,47946,61413,113498,52837,45549,41550,43397,35530,75132,49372,111755,82350,51093,43472,40453,41428,60112,48016,75929,69454,45939,42099,46232,48365,61042,53599,94540,19329789,48896,44648,54562,42192,71580,50244,157588,84978,46744,45220,48796,42372,
206,78831,54678,48857,53028,44763,1925,1583,45057,60518,49587,61715,894807,47319,43912,34838,38894,48602,48800,41562,53377,42083,50369,42257,37679,45761,51773,56506,48400,43958,39831,41757,34396,54323,45000,60941,49839,49249,41686,39101,40580,50128,45023,54329,50806,44779,40101,44323,47050,57983,44766,58024,18344853,48315,43046,51977,41028,48282,46334,67147,54170,45303,43280,47113,40698,
207,54808,52366,46203,51744,42927,1523,1186,44145,54468,45051,52211,853656,45796,42106,33504,37484,46724,46149,40393,49905,41014,48714,41203,36712,44855,50201,51646,47019,42429,38384,39708,32912,51177,43858,55076,46801,47547,39959,37772,39630,48225,43551,51904,48766,43144,38180,43470,46456,55859,42974,53372,17502628,46162,41670,50229,39634,45495,44775,54938,50719,44027,42005,45535,39354,
208,50382,50394,44528,49389,41534,1182,845,42846,52455,43676,50271,815837,43134,40462,32107,35724,45042,44904,39122,48048,38911,47148,39030,34515,42665,48057,49214,45818,40428,37026,37821,31326,49596,42498,52931,45190,45565,38288,35842,38698,46481,41707,50085,47673,41247,36218,41420,45254,54387,41263,51583,16453681,44429,40042,48295,38202,43920,43088,51808,48511,42108,40910,43124,38535,
209,48736,49037,43655,48092,39600,827,647,41300,50736,42012,48228,781738,41632,38538,30452,34171,43576,43534,37505,46512,37380,44943,37400,33011,41885,47448,47897,44082,38576,34642,36158,29104,48099,40618,52040,43864,42994,35888,33876,37673,44811,40823,49084,45941,39454,34923,39607,43606,52169,40061,49522,15525573,42918,38562,46222,37331,42373,41748,50522,46760,40503,39063,41827,37295,
210,46839,47047,41568,46619,37841,602,537,39681,49489,41164,46872,739689,38937,36299,28368,32138,41906,41985,36100,45023,35721,42930,35560,31188,39661,45646,46553,42332,35946,32999,33753,27689,45917,38713,49916,42153,40836,33871,32039,35884,43567,39055,47234,44035,37651,32150,37652,42121,49525,38440,47660,14411145,41121,36900,43985,35888,40841,39793,48690,45427,38439,37031,40040,36028,
211,45825,45857,40275,44210,34945,568,547,38624,47509,39551,45256,704123,36235,34613,26934,30180,39928,40524,35040,43463,34016,40454,33178,29225,38640,43979,45067,40945,33758,30618,31572,24963,44570,37659,48584,41067,38282,31522,30003,35201,42138,38009,45576,42763,35234,29593,35644,41057,47597,36932,46374,13398026,39344,34799,42175,34550,39603,38512,47387,44220,36348,34960,37980,35034,
212,43786,43354,38161,42132,32634,546,531,37273,46121,38103,43592,662728,33777,32767,24699,28447,37902,38810,33183,41823,31830,38457,31511,27208,36775,42282,44000,39265,31218,28650,28706,22533,43350,36378,46970,39444,36319,28945,27695,33828,40727,36137,44152,40886,33004,26730,33878,39603,45555,35478,44682,12261636,37149,32729,39685,33349,38120,36123,45363,42101,34233,32917,35922,33819,
213,42414,42193,36729,40661,30005,496,488,35834,44334,37228,42411,624833,30986,30389,21918,25804,36404,37357,31749,40780,30269,35788,28532,24867,35252,41052,42495,37694,27532,25940,25305,18932,41624,34480,45672,38348,32839,25393,25022,32611,38846,34597,42487,39131,30772,22626,31642,38042,43400,33895,42984,11232931,34742,30331,36794,32022,36454,34850,44018,40675,31965,30558,33683,32783,
214,40852,39660,34511,37789,25843,485,473,34133,42342,34490,40219,573695,25088,26480,17027,21743,33349,35596,29820,38356,27428,32586,24320,20926,32938,38450,40179,35858,21530,21085,19240,12916,38976,32496,43096,35950,28939,19355,19700,30895,36680,32204,40067,36944,26079,15230,29130,36061,39987,31775,40894,9976910,31492,27277,33324,29681,34243,32432,41693,38387,28028,27358,30097,30734,
215,39273,37672,32903,35836,20399,537,524,32406,40827,33166,38529,530616,17747,22039,11329,16037,30880,34036,27914,36536,24391,28290,19189,15512,30817,37104,38309,33686,14622,15040,12379,7257,36997,30483,41911,34291,22787,12492,13452,29737,34730,30879,38348,35145,20490,8776,25663,34556,37263,30104,38930,8967704,27834,23168,29112,27867,32663,30039,39777,36805,23719,23832,25866,28924,
216,37207,35507,30749,33104,12773,492,477,30392,38235,31283,36824,479897,9621,15195,5449,9433,28134,32454,25638,34573,19354,22223,12318,8872,28399,34981,36627,31622,7356,8302,5976,3231,34611,28791,39569,32459,14845,5844,7119,27731,32644,28607,35987,33180,13105,3756,20426,31948,33728,27599,37110,7943162,21551,16945,22334,25468,30784,27646,37749,35082,17495,18578,19530,27047,
217,35252,32628,28246,30012,6146,487,475,28180,36632,28983,34829,429199,4153,8067,2220,4088,24186,30080,23107,32374,13088,14470,6088,4105,25420,32620,34716,29318,3039,3840,2631,1490,32048,25809,37514,30457,7481,2321,3008,25765,30337,26045,33858,31048,6671,1673,13504,30043,28266,25109,34825,6991285,13445,9858,14445,22018,28518,24279,35396,32523,10203,11715,11880,25085,
218,32537,28397,24120,24247,2462,427,412,24034,33842,25967,31493,358427,1842,3160,1191,1680,16978,27268,17918,29357,6470,6948,2504,1714,19841,29212,31879,25322,1519,1638,1366,1011,28019,21304,34852,27576,2744,1280,1393,22825,26102,21487,30551,28060,2580,1189,6681,26768,19331,20721,31761,5918493,6347,4238,6677,16840,24478,18044,31909,29315,4460,5529,5412,21841,
219,30119,23821,19211,17208,1436,344,328,19498,31192,22423,29024,289086,1375,1589,1002,1115,9889,24577,12404,25984,2772,3034,1353,1103,13686,25600,29556,20700,1228,1182,1126,951,23228,15499,31707,24205,1562,1039,1086,19121,21242,16052,26699,24059,1418,1054,2850,22666,11121,15175,28562,5087671,2852,1916,2978,10878,19362,11116,28937,25482,2132,2437,2326,17511,
220,26138,15592,11561,8998,1236,388,376,13936,27182,16294,24422,194363,1345,1237,965,954,3821,19232,5872,20152,1481,1632,1183,1048,6553,19205,24805,13076,1144,1092,1132,874,15679,8163,26553,18642,1242,1012,1014,13573,13643,9047,19689,17777,1222,1034,1527,17007,4685,8053,22869,4262149,1789,1239,1705,5966,11828,4936,22908,19686,1405,1321,1524,12208,
221,20863,8343,5739,4094,1195,343,336,7575,21575,9377,18718,114285,1287,1179,848,904,1703,12659,2601,13461,1129,1285,1058,967,2607,12110,18815,6848,1117,1019,1015,827,8762,3732,19013,11957,1215,1000,1064,7682,7282,4021,12122,10947,1193,995,1168,10148,2191,3535,15892,3668293,1463,1117,1488,2608,5705,2153,15607,12352,1184,1031,1252,6717,
222,13043,3176,2233,1884,1151,348,341,3292,13634,3926,10573,57427,1168,1084,901,949,1154,5841,1259,6414,1036,1249,1082,1004,1407,5179,10705,2704,962,969,986,815,3600,1511,10078,5413,1192,962,1004,3275,2908,1732,5097,4709,1103,959,1082,4975,1538,1534,8030,3217976,1403,1032,1335,1378,2144,1180,7494,5536,1135,958,1182,3016,
223,6673,1635,1313,1335,1076,385,378,1702,7023,1797,5215,38232,1176,1119,876,950,1112,2481,1041,2640,991,1215,1024,821,1112,2342,5234,1436,1049,940,921,832,1781,1106,4417,2290,1140,921,950,1571,1554,1118,2250,2024,1052,908,1042,2255,1335,1142,3552,2953749,1332,1069,1237,1114,1319,1107,3214,2476,1070,995,1130,1524,
224,2059,1236,1078,1260,998,334,326,1171,2094,1109,1721,30632,989,978,742,855,1055,1191,932,1207,924,1078,926,810,971,1232,1806,1170,921,897,862,733,1246,1069,1743,1153,1090,812,827,1040,1147,946,1278,1149,992,872,929,1206,1349,979,1539,2640421,1290,1048,1170,996,1107,946,1368,1283,1097,900,1098,1023,
225,1351,1244,1017,1204,933,339,323,1108,1395,1088,1307,28475,984,991,768,790,982,1078,911,1171,924,1015,991,792,955,1158,1298,1153,895,864,835,698,1127,962,1341,1068,1031,759,850,1099,1174,870,1188,1025,880,782,963,1143,1289,1029,1277,2437673,1229,1006,1115,904,1066,923,1223,1201,994,859,997,932,
226,1151,1202,1001,1178,902,322,311,1109,1139,1006,1078,26313,958,917,672,754,990,1026,858,1138,871,997,835,750,889,1128,1182,1017,779,832,811,690,1138,955,1336,1042,926,694,722,995,1023,898,1120,972,844,740,846,1101,1169,908,1164,2217001,1178,939,1078,923,1022,955,1172,1123,916,834,980,912,
227,1083,1184,940,1114,876,315,308,1068,1148,973,1055,24239,908,857,659,692,886,1013,804,1112,815,936,797,699,867,1051,1117,1009,840,755,732,592,1106,884,1331,1030,849,675,756,959,1013,872,1120,906,862,707,874,942,1116,998,1139,2031388,1127,876,1004,872,971,877,1096,1125,915,757,903,868,
228,1074,1006,931,1071,787,332,325,944,1088,888,1085,22161,854,858,688,673,854,948,788,1032,806,895,767,653,855,994,1131,972,789,734,718,568,962,867,1252,942,801,611,690,879,986,773,1094,873,744,631,795,985,1076,861,1037,1825003,1017,806,972,888,907,867,1115,1002,846,726,860,921,
229,1013,1062,865,1009,779,313,302,967,1056,886,1025,20308,852,790,523,621,803,927,756,995,764,850,704,660,832,1018,1046,882,739,656,616,527,1015,797,1210,924,743,568,618,915,955,818,1010,828,730,601,782,946,1007,845,1029,1652793,1035,822,894,812,916,792,1001,959,818,653,795,843,
230,1006,967,818,968,641,312,303,902,1037,851,980,18236,737,704,505,607,760,871,698,958,701,778,650,594,776,983,1036,883,632,589,622,486,936,768,1187,856,675,478,634,833,879,733,916,808,625,525,733,913,956,823,1025,1451888,935,768,856,793,902,763,946,934,706,648,723,780,
231,940,888,751,856,630,303,293,894,968,796,902,16400,712,642,465,525,709,821,667,857,625,745,615,524,745,887,996,863,562,547,556,445,904,737,1184,855,693,413,527,839,783,782,918,791,626,492,643,816,902,732,999,1291202,957,704,756,805,792,727,950,873,667,587,734,765,
232,918,794,697,839,627,290,284,834,902,759,838,14627,576,593,345,464,636,770,615,854,650,646,516,479,699,872,920,823,486,494,416,360,835,690,1105,818,568,365,461,766,835,703,885,701,586,380,629,813,828,695,947,1136694,839,638,702,775,723,635,885,883,618,507,689,755,
233,913,862,748,797,513,268,260,825,869,705,819,12866,476,521,340,403,555,758,615,786,534,643,465,387,684,916,849,745,385,407,359,338,778,611,1003,693,490,295,392,750,771,666,793,688,493,316,553,834,740,667,852,999538,770,582,632,697,785,598,849,850,535,491,617,673,
234,792,811,663,717,413,267,260,764,852,588,830,10908,383,454,286,316,538,646,567,739,518,533,390,346,644,754,856,672,317,323,301,302,710,570,986,693,393,239,322,663,690,634,737,618,395,266,508,783,655,592,850,851227,685,499,524,711,679,508,728,701,471,431,529,666,
235,821,691,632,677,324,283,280,725,785,591,713,9267,347,374,264,286,440,663,504,687,422,429,316,300,511,771,825,635,261,305,262,273,674,538,907,654,338,235,325,659,623,551,734,594,325,277,422,743,539,532,754,739770,549,390,453,641,648,479,764,709,419,378,420,660,
236,683,598,559,591,282,251,245,704,726,570,700,7501,319,331,250,273,382,588,427,598,331,354,293,283,501,716,730,575,242,296,302,258,571,488,845,604,266,229,264,631,622,484,699,528,314,254,364,668,403,472,706,626275,444,330,371,567,548,389,682,656,324,288,298,569,
237,676,578,462,506,273,242,236,601,667,511,624,5749,306,287,258,289,310,539,360,582,326,291,286,245,383,619,675,524,285,263,298,258,532,406,785,553,249,173,260,583,479,421,612,504,251,276,292,606,377,436,652,542796,347,321,335,507,457,323,583,621,305,256,303,535,
238,638,483,437,401,300,262,251,530,645,442,549,3990,331,292,254,273,317,518,328,498,297,270,254,256,303,499,637,448,262,244,273,271,433,322,666,454,251,236,293,527,433,351,531,442,297,249,282,599,293,367,566,462665,329,307,311,453,424,282,498,541,272,243,250,498,
239,508,380,317,337,285,259,254,469,560,330,492,2585,306,301,274,249,293,410,259,401,282,256,262,257,273,443,559,399,274,263,282,235,375,266,561,395,231,231,252,472,333,307,391,331,246,258,262,513,286,316,509,403569,331,293,294,372,317,283,419,403,262,246,258,403,
240,450,333,318,344,283,249,243,416,487,257,437,1656,294,247,231,241,279,326,278,340,287,264,288,251,304,380,454,284,255,265,256,263,326,268,431,305,246,207,275,381,331,268,307,275,261,262,263,418,300,295,437,355902,310,271,258,317,254,271,333,330,250,256,252,381,
241,387,299,284,280,255,239,236,346,394,269,362,1264,302,263,251,233,251,290,245,295,300,279,260,267,306,352,379,314,290,284,252,268,297,262,313,301,226,221,256,330,304,270,264,214,216,254,260,346,277,280,370,321235,315,282,286,285,244,257,285,293,288,217,245,330,
242,318,266,268,320,274,214,210,304,330,270,327,1113,279,272,233,262,261,270,244,285,248,245,254,232,247,335,350,278,268,234,257,224,250,270,328,263,221,221,252,307,278,279,283,237,245,225,274,324,265,263,316,287538,319,285,302,282,242,238,275,290,283,244,258,326,
243,283,273,315,316,212,210,205,307,286,252,277,1002,276,254,249,260,264,245,236,267,240,229,272,232,277,295,294,282,248,236,248,242,272,278,245,266,219,199,258,307,285,230,285,213,241,234,269,277,258,276,282,260333,311,290,296,284,252,231,271,288,251,262,233,295,
244,271,281,281,318,261,240,234,261,221,276,261,911,288,274,223,248,240,270,262,274,272,252,272,263,253,273,326,328,239,254,257,228,276,226,279,236,230,171,254,307,269,253,234,210,235,229,235,253,268,243,312,230845,303,280,308,283,256,239,256,238,237,213,241,265,
245,278,284,266,313,250,239,231,279,253,246,263,900,284,243,254,269,287,264,261,262,234,216,256,239,270,268,330,273,215,233,246,242,271,277,296,251,227,191,278,277,267,259,270,184,233,195,246,253,268,242,288,206303,292,296,286,290,249,226,274,228,261,191,233,271,
246,304,263,269,265,239,205,197,284,242,217,249,778,271,255,215,223,236,250,235,263,256,213,244,242,243,281,315,276,238,211,236,235,269,259,282,236,214,181,241,271,243,262,234,197,234,225,257,262,268,245,271,181300,316,276,271,269,242,224,245,230,236,203,236,284,
247,245,272,225,290,241,205,202,289,255,235,284,734,258,250,212,248,234,260,234,242,249,194,208,210,248,264,292,300,226,211,245,226,238,230,249,243,209,180,228,302,270,255,237,205,218,218,226,270,262,255,285,161387,293,255,274,313,236,209,274,259,225,214,198,314,
248,282,292,245,287,219,210,206,303,220,263,231,665,255,277,211,221,242,257,225,259,255,209,226,249,250,273,289,251,199,231,218,199,267,247,249,260,202,168,224,234,273,233,247,179,215,226,216,255,230,238,284,141353,259,250,263,273,243,212,225,241,207,210,228,256,
249,259,239,270,262,210,213,207,248,223,244,251,583,209,228,204,246,210,232,258,266,253,224,208,237,236,267,280,274,206,200,186,239,249,223,274,251,189,160,234,295,240,245,271,191,223,197,248,291,252,223,264,124661,255,253,247,278,233,223,219,250,216,223,200,256,
250,247,265,260,263,205,209,207,250,234,249,261,523,247,225,184,200,211,225,201,252,233,214,213,221,215,278,253,242,201,210,225,195,262,235,278,244,184,133,228,273,237,206,266,195,209,199,219,260,221,275,276,105848,248,247,238,237,212,204,218,236,239,203,203,254,
251,244,250,210,301,224,180,173,291,219,231,222,516,232,215,179,227,232,238,195,239,231,197,223,220,230,276,248,253,224,242,225,218,261,220,258,239,195,137,232,257,219,225,249,188,207,181,224,232,217,246,261,92749,259,257,253,270,238,192,232,233,199,206,207,243,
252,231,263,258,250,193,196,193,242,244,201,232,457,209,190,181,204,193,221,196,247,207,170,199,195,214,262,263,258,199,228,192,208,240,220,239,197,173,151,223,238,237,219,248,196,231,196,204,246,188,242,279,78339,274,220,247,244,203,184,255,242,232,195,202,264,
253,238,237,212,250,206,143,142,243,227,195,274,404,241,222,210,215,202,221,210,213,234,189,192,223,232,256,310,241,179,184,211,204,216,209,255,251,172,164,215,269,249,237,241,159,204,190,203,225,244,219,281,67592,222,239,217,244,209,188,225,232,195,185,213,230,
254,214,212,247,255,199,174,171,217,200,216,241,361,207,195,175,178,184,225,199,226,200,173,206,212,220,245,252,219,192,195,203,178,208,209,223,211,169,123,213,242,222,201,229,161,201,191,212,211,225,194,232,57616,204,245,206,217,176,195,199,214,230,168,176,255,
255,233,238,250,251,198,170,168,223,229,208,234,300,190,214,207,191,216,213,211,240,222,205,193,204,215,229,255,212,195,194,212,204,212,185,210,192,184,132,211,214,224,231,213,165,204,180,204,247,200,198,240,49406,233,235,227,249,219,206,202,234,210,183,165,269,
256,213,212,229,230,195,165,161,236,197,215,210,280,214,210,189,178,196,208,214,230,201,176,204,197,192,218,285,263,201,200,199,164,218,194,206,214,156,138,218,246,203,212,219,147,212,173,194,221,208,184,239,44811,218,211,247,218,189,178,235,200,189,175,174,256,
257,252,212,207,256,191,168,166,245,215,227,221,282,203,193,170,174,222,193,194,239,188,171,200,176,215,233,262,226,173,183,193,161,215,204,213,195,174,144,197,242,223,192,228,165,171,163,174,181,183,214,207,38960,228,196,229,210,175,182,231,186,208,169,184,218,
258,211,247,231,249,184,168,165,227,172,187,183,242,208,174,195,171,185,193,190,218,178,191,185,190,187,233,250,230,174,184,195,163,209,181,209,222,175,155,191,235,194,200,196,116,199,183,173,184,184,186,252,33854,208,211,200,224,171,191,189,228,190,160,189,208,
259,227,213,220,213,153,162,159,206,201,238,235,259,207,185,148,172,161,227,208,209,198,165,197,180,224,226,225,231,202,195,180,168,179,187,201,218,162,133,204,231,225,203,198,152,179,158,171,212,217,183,225,30265,243,198,215,237,212,147,181,198,192,167,170,218,
260,213,205,227,218,168,137,130,222,185,201,189,244,196,185,152,202,166,186,180,207,190,194,195,176,220,217,234,230,195,187,199,191,204,187,206,228,142,135,179,204,201,201,227,164,177,164,171,193,184,197,209,26601,221,195,231,247,201,185,192,202,188,157,179,244,
261,216,234,202,222,209,147,145,187,187,182,161,240,213,190,158,162,184,194,193,196,187,176,177,170,223,239,243,220,175,177,193,164,190,184,205,199,160,124,193,194,210,201,210,162,176,193,190,196,146,187,196,23675,198,231,224,197,183,164,178,187,179,162,165,221,
262,183,222,184,213,180,166,165,210,200,217,194,221,202,177,185,172,177,195,210,178,202,178,176,165,203,209,235,205,171,164,166,166,196,209,190,190,174,154,174,215,212,181,227,153,172,147,188,203,173,174,199,20341,201,201,218,202,172,205,181,181,185,138,161,213,
263,192,225,242,224,158,145,145,203,179,190,178,222,204,189,164,151,173,170,198,181,192,149,190,189,219,198,246,221,189,184,147,178,201,183,198,171,155,114,172,218,194,174,191,134,168,137,181,196,155,193,206,18406,192,205,204,204,182,149,176,214,194,168,158,232,
264,239,210,195,224,153,137,134,187,182,156,222,231,194,187,147,160,170,187,180,209,154,158,185,173,171,203,258,199,175,173,164,175,223,161,193,184,154,135,163,213,182,198,216,146,184,159,151,159,152,177,205,15790,216,184,206,186,183,166,155,202,172,140,137,215,
265,194,196,228,221,163,164,156,191,174,183,162,203,195,157,143,179,149,187,188,191,187,170,184,154,217,228,225,207,135,187,169,166,185,193,184,188,149,121,176,232,178,194,220,126,151,165,171,184,163,172,200,14215,209,201,191,214,153,171,159,178,178,136,152,208,
266,212,170,203,189,158,130,130,166,177,172,177,185,220,152,145,176,171,196,171,201,172,170,150,158,179,209,202,204,150,174,174,168,174,171,173,186,155,118,158,208,185,200,187,129,198,157,167,192,160,179,204,12002,206,178,185,190,152,177,174,174,204,127,143,223,
267,187,185,185,241,178,147,143,208,176,152,171,212,178,179,160,177,181,177,169,190,180,145,169,160,180,170,233,210,143,172,164,167,190,193,171,169,147,107,177,213,171,181,192,127,147,164,152,200,182,171,222,10708,185,178,177,206,154,157,164,177,173,138,159,194,
268,220,187,186,218,164,123,120,200,177,181,152,189,168,163,155,154,184,155,151,201,153,148,165,163,167,219,232,207,132,175,145,151,185,153,177,176,141,125,166,196,167,164,179,139,167,148,159,174,171,191,196,9222,161,178,154,218,143,155,167,185,185,147,162,229,
269,186,171,194,213,158,132,126,194,173,173,209,196,187,172,153,177,185,150,166,187,168,135,172,152,186,222,230,211,161,165,170,157,216,180,165,157,158,101,157,206,187,167,179,120,145,145,169,186,158,178,199,8092,180,163,185,153,161,139,188,174,182,162,146,196,
270,199,186,189,193,160,147,144,173,140,142,183,170,178,163,121,160,157,158,176,201,166,136,149,152,180,194,185,210,137,148,146,165,191,137,162,169,124,126,167,187,170,183,175,128,148,140,158,188,163,161,194,6605,185,198,187,196,147,155,138,185,152,142,130,217,
271,177,171,195,203,164,133,131,203,135,177,167,185,172,138,134,155,159,162,135,161,164,140,161,156,155,190,209,203,165,180,137,170,180,153,166,187,135,113,165,197,185,166,185,129,164,167,148,170,148,155,175,5779,177,176,177,188,155,166,132,189,166,145,144,198,
272,181,167,182,188,138,102,100,173,150,160,169,179,168,139,140,134,160,147,176,163,173,126,175,146,148,174,219,189,168,128,155,138,198,160,149,152,125,112,163,186,161,153,169,118,153,156,158,186,144,152,165,4773,175,188,186,194,141,133,138,168,144,146,132,170,
273,212,183,184,202,158,122,121,184,146,142,174,177,176,140,147,158,171,159,180,173,182,133,142,156,174,183,210,213,133,131,195,128,199,153,153,185,165,107,159,185,192,151,174,115,149,149,150,165,128,170,200,4168,181,159,200,172,129,139,152,145,158,138,139,219,
274,182,209,168,176,133,110,108,197,155,163,151,163,139,131,119,142,151,150,150,175,157,145,157,167,152,172,213,179,172,141,154,142,145,141,161,148,124,123,140,212,166,169,182,101,168,116,149,170,125,157,186,3591,167,161,186,189,163,147,148,155,158,117,120,182,
275,154,157,181,193,154,109,109,144,161,150,151,186,172,161,122,127,145,171,150,140,148,145,162,138,165,205,229,165,139,130,163,148,173,146,165,157,137,111,154,191,169,143,148,121,165,140,147,160,144,145,175,3202,154,169,172,170,140,124,139,146,149,141,122,194,
276,152,148,166,176,132,107,107,177,170,151,136,186,176,146,122,156,157,151,136,153,168,130,136,150,158,188,202,173,168,130,143,155,183,156,148,175,152,109,142,157,159,167,154,119,138,134,159,163,141,164,171,2719,193,169,150,176,139,116,141,167,158,140,127,179,
277,163,219,173,176,170,117,114,190,160,129,151,176,143,145,126,132,155,158,175,169,173,135,141,175,165,170,199,187,124,158,153,139,180,136,144,153,120,94,137,180,167,163,160,107,136,138,121,163,140,149,126,2555,143,160,168,186,141,123,127,167,151,122,123,202,
278,161,175,170,194,132,94,93,159,128,150,160,167,150,159,130,138,139,152,145,156,155,134,146,141,148,171,200,141,131,144,138,163,156,158,174,149,113,106,136,177,149,161,164,107,147,110,156,164,132,143,162,2165,182,172,179,148,134,126,153,168,166,123,128,180,
279,132,177,160,183,125,109,107,176,145,131,141,151,168,130,147,139,171,169,129,140,150,127,146,127,173,172,203,183,127,139,133,145,170,153,140,154,114,93,127,173,170,133,150,117,130,121,147,140,118,131,166,1926,153,141,160,163,130,126,130,155,136,128,128,191,
280,158,157,152,193,121,106,105,170,122,178,141,134,161,165,117,154,149,163,117,153,145,121,132,128,167,179,203,155,142,128,142,143,163,136,151,158,107,84,137,167,150,163,141,119,139,137,114,153,103,147,166,1676,155,155,148,168,120,112,147,154,142,122,125,166,
281,166,156,150,157,135,84,82,161,119,124,155,159,151,145,118,113,161,126,130,151,152,129,148,137,154,165,195,173,127,135,130,127,149,137,143,145,126,100,140,148,146,155,132,79,128,127,174,142,152,141,162,1498,146,145,156,176,139,124,140,138,147,115,143,167,
282,180,174,146,171,146,108,106,156,151,119,157,162,131,147,130,131,120,151,135,157,145,123,110,144,164,166,184,149,129,108,133,114,157,127,149,135,119,102,150,174,141,154,137,96,127,121,121,141,118,142,164,1338,132,141,147,163,114,115,125,132,127,125,119,173,
283,163,161,144,161,162,115,113,167,108,139,151,146,136,138,121,128,143,141,132,142,149,108,143,116,143,198,192,165,138,125,126,137,140,133,126,158,129,89,143,184,154,125,127,104,131,123,148,163,152,140,163,1171,151,150,146,169,131,116,113,147,125,95,121,159,
284,156,173,146,178,152,99,95,136,138,131,136,154,149,126,125,105,160,138,150,152,135,124,131,140,158,162,181,163,123,130,149,125,153,125,145,146,136,92,137,165,153,138,161,84,147,117,143,162,99,142,153,944,151,144,154,167,109,107,144,161,132,110,114,162,
285,158,135,147,171,118,105,103,161,138,128,134,158,136,122,116,136,119,148,116,146,142,132,119,132,141,145,151,164,128,120,138,134,141,131,163,138,99,83,145,174,142,125,131,92,131,123,139,152,119,141,153,887,140,135,148,157,125,127,112,127,129,120,130,184,
286,160,154,157,173,131,90,87,143,124,155,131,171,145,145,118,128,138,151,132,152,142,110,131,115,145,150,170,168,127,127,140,127,142,136,115,127,106,71,120,152,148,127,134,110,140,123,117,142,136,126,156,757,141,143,145,145,108,132,123,121,129,107,123,175,
287,142,145,144,164,120,78,78,148,133,131,123,134,114,115,102,121,144,140,127,128,117,118,139,132,142,151,168,148,133,135,138,131,157,137,131,144,80,92,122,169,139,131,136,101,129,121,124,117,126,130,167,745,147,125,145,135,111,123,121,151,135,118,117,165,
288,147,134,144,150,106,76,74,144,119,140,117,135,133,121,109,108,136,143,112,163,150,108,127,113,152,143,155,137,119,114,113,125,127,134,125,117,89,85,136,149,108,141,134,88,118,113,112,155,119,131,125,619,130,132,155,184,110,142,123,134,137,92,106,158,
289,147,143,122,165,125,81,77,167,117,129,132,139,128,104,111,116,113,132,116,117,102,114,131,137,129,177,166,151,114,130,135,137,149,115,133,159,117,84,120,153,131,114,140,100,126,117,118,136,127,103,164,462,124,127,147,138,109,112,133,148,113,111,112,148,
290,150,141,147,160,126,76,76,143,118,136,122,119,132,127,106,122,102,123,118,142,125,127,107,120,138,147,188,135,136,147,145,112,152,116,106,125,101,94,162,161,141,131,138,118,136,124,136,142,131,132,129,498,160,122,147,132,94,102,107,145,150,111,98,146,
291,132,116,136,157,133,75,74,132,104,129,126,120,129,114,115,97,139,119,115,128,113,106,142,153,134,123,184,138,125,105,123,103,125,96,111,115,95,82,100,166,143,120,112,77,158,104,143,136,110,126,124,389,120,134,119,128,123,101,145,103,128,107,103,151,
292,128,147,118,141,102,83,79,159,108,109,139,133,140,118,93,110,111,128,106,139,111,118,135,119,132,152,153,152,134,110,121,121,145,128,109,115,104,86,115,151,136,140,134,99,131,94,122,138,96,125,132,381,133,138,155,138,82,119,108,135,129,80,94,147,
293,149,120,131,149,110,76,77,140,114,123,149,127,133,130,106,88,114,122,102,134,114,111,123,124,143,147,166,146,122,111,118,96,133,94,129,128,115,78,117,132,139,115,133,80,106,112,107,132,106,112,149,358,145,117,150,116,114,132,133,122,131,91,105,156,
294,146,117,143,148,113,83,82,152,119,125,112,132,148,112,101,87,118,144,118,145,115,94,109,106,130,145,139,148,95,124,112,104,148,112,122,122,85,82,105,175,110,125,123,76,91,105,100,146,114,133,118,340,132,114,122,127,106,121,119,115,111,83,111,137,
295,130,131,124,128,138,101,97,142,109,121,135,119,121,119,94,110,101,120,99,140,122,116,123,100,122,134,156,147,110,96,96,98,136,121,116,113,99,73,131,141,114,142,117,96,108,112,107,106,117,122,133,286,128,108,121,162,98,85,122,109,132,97,96,143,
296,135,134,139,135,120,75,75,151,93,124,127,103,118,114,89,91,113,127,122,116,116,101,112,118,135,148,143,128,120,127,136,106,136,104,111,115,95,76,105,142,119,119,127,92,123,88,104,132,120,126,137,252,161,137,137,149,99,100,109,129,111,100,107,147,
297,110,129,140,133,109,73,72,126,101,98,105,112,96,108,103,102,105,102,117,132,127,106,130,116,119,142,147,139,118,98,131,94,128,114,127,122,97,67,111,112,128,118,124,89,112,110,99,113,115,120,112,221,104,114,130,125,88,94,99,131,101,109,90,153,
298,132,143,130,125,108,76,74,134,108,100,121,113,129,99,95,102,139,130,122,128,104,90,107,113,118,140,161,148,109,126,124,96,128,117,113,117,107,70,102,157,139,113,113,66,112,103,98,133,102,118,118,243,108,124,119,131,104,98,116,127,118,96,85,136,
299,131,138,149,115,98,82,81,126,98,109,115,132,114,101,87,108,118,118,111,116,101,89,123,106,137,138,148,137,112,114,103,110,139,106,108,108,90,88,111,136,126,107,123,88,103,100,96,123,109,108,121,218,120,112,150,134,91,100,109,105,113,95,94,139,
