165,73397,62804,85630,130944,269967,13020,22942,303638,176186,44930,122299,61045,294620,274149,200967,228602,40366,56239,72048,52938,227688,253284,239421,201555,74429,190767,103543,162580,242807,201915,224474,187942,49810,107212,127627,59986,272926,203219,177786,216067,87153,123908,73874,110535,229167,225288,234587,294534,99980,46223,130899,58534,260214,235231,247070,292311,42523,47820,40484,116709,244225,225072,252128,204904,
166,124574,118666,136457,181797,312371,26037,42262,476585,207716,88976,164549,109313,336427,313095,219192,254901,86713,108306,124980,104667,266007,293847,285018,233618,135042,245183,163127,218245,284909,233849,260995,219679,98733,152891,176380,109612,316396,237252,208130,300344,142442,173150,130742,168042,266907,264530,272937,462002,164788,92201,170086,116519,297572,267645,282215,510820,85192,95266,84177,158097,285163,261036,299638,249015,
167,164128,166462,173023,217227,403794,45351,71385,1018642,236844,127338,194853,147996,415356,392526,245467,300654,142876,166446,179836,159384,338239,352630,378627,288037,201907,262820,218090,244252,357770,277936,316745,268862,144535,186946,213347,154143,392403,278194,242787,567168,189665,210504,185440,221499,320860,335360,333904,943561,211444,133188,197201,172767,368448,319286,320284,1145052,125626,138318,132629,184758,360982,312863,402923,368098,
168,198422,209255,203836,253097,753566,80788,141720,2309223,271964,160376,224641,180203,696540,679556,301234,427350,214314,222891,217008,224317,581344,520802,731442,467734,255612,281488,253253,264534,609647,388425,496580,427896,186455,215803,242942,198512,642896,364881,304202,1348988,229789,231838,242304,259860,492683,599068,530137,2049969,250284,167471,224872,219551,602692,467996,394220,2378037,157533,172674,176061,211201,629880,462996,783429,770318,
169,226737,240705,233168,289429,1779511,163661,311391,4202528,315143,187736,257702,208654,1647156,1654199,493131,906010,259013,244369,230553,257693,1332067,1108431,1699599,1096121,272796,317210,271362,297876,1431586,815187,1133749,1003577,219880,245332,272128,225485,1460017,707614,525196,2498923,254964,257544,270486,278811,1109747,1455004,1196448,3343095,290341,195056,257478,256324,1370175,1016582,625632,3797057,182602,202068,208647,242373,1454494,977435,1784432,1707499,
170,264956,286421,277048,353110,3815348,401004,673743,5647980,424954,220226,309342,247196,3916952,3998448,1298022,2426813,283756,267118,261122,279194,2768700,2551330,3227611,2438735,301226,411520,307439,382711,3066987,2035084,2606147,2329838,261147,295223,322261,255298,3076700,1837181,1380868,3292368,295603,311515,299412,320867,2572489,3067127,2687751,4060191,347440,231870,312246,301363,3076405,2430051,1499797,4736040,212771,240885,246190,289208,3090145,2325892,3389258,3036299,
171,306462,338921,332714,480576,5827057,780840,1149518,5007921,720038,255082,390267,288342,6429881,6276739,3019647,4802345,324328,304012,312267,313834,3943896,4015175,4200695,3565052,354820,667468,368539,601925,4354502,3464491,3990158,3566315,304277,381351,405119,294371,4224120,3256293,2701123,3486868,353831,426110,348415,389977,3945808,4138590,3998025,4106348,427561,270959,418606,349760,5018947,4195908,3131232,4424672,244444,284895,283678,366518,4639745,3914320,4539288,3880068,
172,408669,490947,535964,1048350,5976377,1211705,1891595,4455413,1743575,328027,716567,398244,6697639,6237873,5073149,6034223,438349,414721,514579,404326,4401415,4745705,4476959,4013699,546900,1683158,592129,1486755,4664262,4243323,4540721,4072008,400259,761986,729585,398153,4541260,4085843,3660828,3541992,559430,930606,491563,660639,4470213,4262449,4435897,4127737,729456,367838,866807,444605,5804805,5478147,5009910,4192628,309712,417840,353075,687949,5117560,4944557,4724347,4078903,
173,724941,1007535,1183995,2323401,5386478,2199146,4041352,4623065,3159890,553701,1602440,772764,5892399,5469439,5733490,5443326,821933,794234,1190271,694771,4493532,4920620,4663021,4285597,1210299,3633532,1299427,3187283,4734174,4370682,4610505,4194703,698468,1749764,1633427,739470,4872543,4563066,4293968,3915526,1209182,2121436,963291,1469991,4566193,4607082,4759999,4486945,1632505,694380,1933110,719524,5303294,5356001,6298939,4384211,498641,877531,540399,1560114,4905328,5077545,4745862,4158565,
174,1945987,2648385,2892254,4234607,46365995,42651314,49274360,57178143,4359969,1569957,3347748,2078372,55436336,56162960,57336298,47447879,2391674,2311550,3271285,1939202,40789416,43446997,51217486,57014367,3421555,6353168,3324630,5799811,40641723,35763481,39465503,45794095,1944681,3639618,3577093,2040375,61564249,61367471,63711952,70480333,3031634,4333229,2602124,3576169,46216831,62769114,82318113,65292505,3620189,1901454,3678118,1899315,42323705,37969453,42350940,51272347,1334259,2281969,1383738,3220486,44796267,37743493,44131302,51356179,
175,3514269,4325932,4312676,4971209,175415936,161783434,170380356,218717970,4760282,2984795,4490936,3510306,206168706,212422886,280052587,192391850,4902305,4588849,5295890,4051494,165940939,183950827,197643527,223931769,5860360,6506568,5486196,6184377,167594557,149017255,158864076,186927698,3590239,4843695,5135832,3813297,223383522,226838243,233292998,251391663,4881970,5610764,4760914,5678495,191177620,262006532,259210380,248551012,4836978,3319321,4422487,3585080,168529070,144235442,156556663,210355835,2590249,3581128,2759358,4112026,173012161,155507101,184503640,198144198,
176,4734524,5238523,4910094,5356906,269806125,225268440,238719375,286102479,5188850,4154151,4967395,4485348,270818861,280244346,291223656,262718333,6643426,6015128,5587773,6102806,205750862,234014769,246074100,272524503,6564132,5856893,6184625,5664454,231019917,198018290,189963638,202426973,4913516,5313843,5656128,5207217,181454183,173558870,185649983,189879972,5699928,5636685,6219707,6346967,210496480,199188934,205216175,197056868,5434516,4301245,4549273,4972604,250532241,216600029,219157095,269825997,3788554,4431216,4225264,4508931,246588406,232143711,228466649,238714714,
177,5633476,6371668,5895593,6927600,313920120,283074312,296138617,350520249,6663322,5253538,5950382,5474414,366697695,338177003,291478424,308263455,6783982,6088356,5712976,6388945,214204895,227213686,231562752,295681726,6540330,6264523,6210052,6001537,231592400,306446462,184251814,194793610,6321478,6385056,6357575,5889179,163296966,158870636,163788458,166129543,6274296,6152741,6707041,6549936,222974157,171687995,167725390,174195623,7151047,5263350,5627622,5818971,312399370,272287315,303398144,309255125,4996398,5948949,5412265,7866165,280359334,260520253,276249653,284112217,
178,94706567,93597909,89464167,95473594,353864448,314541726,344989237,392610587,147336262,99860204,86026197,96211688,390656722,392013657,322417592,349322872,136692616,169131682,125074079,95705742,213328886,236122521,231926073,296800018,119127962,118270507,91629516,116420036,330166555,208308487,186797367,194019586,132192309,110670838,98626457,72029631,157680587,155519765,156247844,149273326,92864311,95155675,90040962,108788035,205346160,159770746,161974556,167120880,178626893,130666745,113385662,86623258,357289705,303339586,297247353,343737917,156773138,162769312,112542833,75245240,305883818,283151279,281979904,313954758,
179,163961857,163507531,162733773,172054231,375231233,328112973,372682374,431993067,225270963,173165111,144266949,124823150,434697782,444002589,391628677,380553540,268295457,252420599,213630117,156191303,208706995,238160306,324632666,308989307,200817161,233220635,155888052,198894806,240125774,205213612,180548719,195826405,201752440,186040531,179448134,151228252,161562852,156375140,158642500,163035281,157871122,164193783,161180671,190736305,185887825,171651862,189383365,167935513,256163522,206274621,187848235,144174927,387922215,320645997,306804033,367543565,247963201,272201745,195634772,401257050,318475102,283430919,268296706,246794894,
180,172004351,183558311,174801259,192221313,393225723,335528776,391300848,453676448,213835790,193163084,172584178,194112975,481175200,492393226,460857236,421431159,276589897,263238766,244634122,189061471,199686481,181076160,224974991,297948871,233445533,237785564,197274635,218675799,202015856,191525160,179850326,188275142,215605205,211257160,235472238,195549746,157573492,156498287,161055438,161375351,200540817,209657727,218118044,228211466,190863613,161468335,161323722,163950280,201589750,185131350,172011580,171794443,431485517,331304218,311252124,367601724,193624748,203591358,188538811,162385348,325046372,277857725,261282120,242655022,
181,174695228,166415375,179086221,174253206,415271664,346403693,420850419,471718748,214833569,171176328,277351941,170400139,519784766,534194200,522679104,490512530,289950062,285602241,272476935,220070054,188385513,208272325,219746728,291583889,272602943,271965641,242264870,248529775,197038301,182026617,171325499,180730372,238446945,233766843,281621757,231740786,154450843,154171451,154685117,156676180,238174327,243099406,250290727,291937219,176304489,157833064,156050344,158261713,181037102,170018025,169902768,181108152,402649063,345380636,314970278,371213135,182729635,177082855,172739268,177365676,327405663,300638937,273200940,271171697,
182,191526798,185778567,174531943,188483747,422780600,360049138,450017946,482719701,218865745,257447331,191634464,179149757,539006882,561665395,558478072,527724563,320366070,323868404,318341279,287782803,177286580,191557516,229124354,251730101,325961429,338126762,289902599,306573550,176290819,171574334,160499391,176591909,270464987,254183748,335555265,276596859,153617779,152713291,154057345,154065450,275778432,278262344,301538632,293913986,163413095,156696610,154832218,155660208,166146010,160552070,166171805,183910975,386031212,358903936,62215651,361324105,171079805,164447505,164342244,167309275,317725845,291232998,244752070,345166208,
183,194079356,187891752,175502467,193149648,424963829,376722421,468805974,485333438,221322625,216525303,194872846,176789267,551200155,576234779,578321287,561989383,350167322,362671212,360152449,303678838,172655941,185198166,188762031,258614194,358036280,370865170,316500868,325572656,166947866,167009387,157831363,171282109,333340336,269188907,367810926,302913001,153171714,152689520,153705811,154847264,300615371,298983466,330316514,317644688,159549923,158160296,154673701,156356736,161869206,160666022,155287258,191764751,369095395,359666415,323634704,349903202,150184894,161559427,160793694,163517645,305828661,285861713,244815616,245228577,
184,217599247,191216418,172637312,182124174,435496909,403475810,342906003,492510694,205636409,240851231,149885182,170964112,554546585,587354286,583142573,580198093,391432287,400776748,400619164,340618271,169352254,168209892,185354824,246411716,399753715,397524672,329136024,340069231,165535805,165985588,156307961,168302500,309653759,268981668,373036352,319967429,152058700,152992046,152978768,154016719,316641784,315458581,354250180,331302831,157964335,160284881,154409020,155551556,160072384,158806988,162097146,186950069,366703899,359477739,325956583,344125111,160447470,152332273,259663564,148288219,299311423,281498306,245746714,261773084,
185,204728496,194245845,174268581,177441795,457897188,440294520,469870274,485733586,224763553,322174144,183135684,174197448,588872489,584252095,584343593,589975724,425876766,423550582,435540125,371216252,164383193,180116564,176150460,240621265,435581259,416713211,335759842,332628597,166838872,163832025,154787129,165803516,319443018,258569126,383044265,330899906,152457400,151916999,152029427,152838499,307325108,320039169,386458984,337933012,160624092,159910823,153405533,154570010,158226099,158303495,161396430,182215563,375536489,351486512,344237022,206179062,151283608,156801549,157584067,158375141,296682675,277534132,246268548,242463903,
186,194350179,198406637,170880769,173420655,485440932,462737090,461500633,473417981,208742798,203913125,181870633,157282306,536222769,548511482,557354003,574011938,452541819,442871035,460644014,416068903,159506307,172588419,264493235,213117212,458133541,439018048,345971256,350808360,158415906,160718780,153382849,164794335,296571077,264973880,394145145,333353802,149873521,150578470,151322948,151253125,319231418,321918248,362675226,343863940,154813983,158260406,151341282,152911475,154970608,157550935,159988301,174531989,395056203,369302241,341600180,366214276,158487841,146086936,155982684,156679683,295152919,274508180,241353566,239290082,
187,182849601,194213878,169507335,170997595,469468016,411765440,398196963,406664773,204087712,189067693,146895345,168042654,449190964,454552625,465822725,490345335,464964436,453851673,476947116,432206799,138013406,146140355,144495934,184173554,473632609,456130413,362101861,362471633,146340120,139526662,135107839,145628784,306490812,398795061,417414453,325082266,131824383,131903066,132573293,132532795,317689497,305105498,359962575,347885540,138934702,140125842,134081502,134634009,155632695,155640797,158349069,171551318,364088680,341756256,315568249,338885885,154843236,154704100,154909740,155616577,261369223,237196229,207822638,205588781,
188,191186400,193401019,168664770,166829005,229851811,220129222,213075858,215624571,199205139,200473207,169289271,162383733,231831155,235011413,239720118,252514590,471766974,462961659,485000543,447183313,74545369,76819980,76568735,92473376,479436679,532898795,384997947,382030924,76241941,74984948,73199392,78108806,291077270,237654441,407706889,323609495,72594060,70871155,71434359,70649796,301183421,320922965,355373652,357528590,70595866,76250042,72751644,72882250,154529876,155126873,156813955,169294662,195543223,186861203,168094396,184443989,154424537,155751271,154093569,154550623,139901119,125839711,106669318,97161640,
189,185531412,188052650,162573676,160892123,34173450,35534786,34705466,29715348,187219651,171825645,179577661,157439956,32737380,32690053,32797131,34676329,461907618,447217785,463012933,433639186,12971216,13463766,13287157,14333910,446006482,449859740,391316154,394461921,13359775,12855901,12933064,13065031,277958562,217683863,379102933,293692393,12960370,12697233,12414339,12186559,311601703,312502661,342685389,362328347,13118023,13276332,12964699,12652987,148316396,148096413,150753569,162102539,29249964,27740540,27863503,27345596,148209822,147281751,147596696,148073192,21392900,18926555,16631468,15993948,
190,127489646,131833185,112704346,111900428,4457206,9384316,9278715,4204741,128061058,108747798,111764525,108867116,4803140,4464030,3985405,4363026,313224571,315375023,321211698,304109593,4263158,4584382,4362488,3962920,319108277,297744745,287745096,282555764,4398655,4033211,4314069,3860221,185615570,166837109,287878692,208065261,4520290,4247833,3986785,3603193,223366696,225463762,243788671,261282549,4317659,4143869,4339695,4144755,104170406,104123982,105548641,111331186,4600113,4353636,4855461,4064496,102531680,103660154,104046087,101900950,4352156,4463095,4232164,3935737,
191,53064622,55547506,48007847,45889460,4120470,9006732,8849837,3900169,52800368,48985582,46764444,45702066,4479903,4145687,3666740,4020170,136376070,130704748,129909702,125758165,4150991,4481240,4256331,3845693,128932422,128189901,120820285,119856545,4292480,3924586,4202901,3746229,77977609,69769948,108378740,88998940,4413077,4140086,3874434,3496252,95487661,95449807,128443682,110036678,4209813,4035085,4233125,4038873,44926908,44366484,44851157,47258508,4185447,4073889,4559454,3790849,43291795,44006461,44630421,44369922,4139647,4283688,4090593,3791649,
192,6739761,6879305,6387575,6495480,4090727,8470774,7540567,3882136,6789421,6130430,6399947,6054128,4455892,4122649,3641117,4000745,11182687,10242950,10128121,10275846,4139013,4459004,4237554,3829764,10419142,10542851,10338012,10256438,4272752,3912576,4186268,3733690,8039305,7370746,9620775,7735911,4393144,4124705,3858862,3483611,9242769,9085906,9678411,10173299,4194114,4012303,4221102,4025422,6721943,5936885,6179525,6749218,4161534,4051779,4536236,3771608,6145854,6050665,6385499,6121967,4119265,4275764,4069450,3779412,
193,4407914,4438278,4295737,4481133,4089131,7492199,5599886,3879438,4527235,4013917,4404952,4070389,4454233,4115580,3636542,3993119,4722511,4299422,4146438,4551041,4135822,4458851,4231115,3825969,4525840,4693377,4546479,4573518,4269354,3906052,4175355,3729594,4521525,4239915,4670316,4263499,4391103,4119654,3856162,3484153,4492600,4432478,4643925,4730941,4193235,4012468,4212474,4023984,4811006,4008578,4235778,4747034,4155963,4044261,4532195,3762466,4080718,4137988,4451347,4198559,4116738,4270583,4067347,3771910,
194,4260516,4289639,4160660,4351550,4082247,5350765,2930671,3878591,4376654,3877115,4274158,3948153,4443163,4105273,3627036,3992919,4313108,3916273,3772833,4184476,4126136,4444963,4224631,3816187,4157297,4319057,4177498,4213529,4263606,3901407,4174761,3725062,4291907,4053815,4350962,3985048,4379967,4113031,3848117,3479899,4174751,4111480,4301972,4352832,4178406,3998115,4207833,4023549,4672569,3884712,4113492,4616163,4149477,4040343,4524052,3763950,3957126,4011325,4315377,4074085,4112527,4259332,4056907,3775345,
195,4233042,4249584,4131413,4320328,4080176,2971449,1273797,3876799,4338590,3838572,4245249,3910027,4431333,4101664,3622543,3978892,4235997,3842191,3701503,4117905,4118262,4439266,4217998,3813823,4084372,4249674,4117559,4139223,4254930,3888342,4160677,3713287,4242340,4009410,4288422,3918462,4368379,4097092,3835688,3481828,4103182,4049365,4226382,4283558,4176309,3993068,4195085,4013829,4646824,3852744,4087725,4592905,4149878,4033741,4523677,3760665,3926262,3985451,4301323,4048351,4106740,4255458,4054182,3770498,
196,4220196,4243472,4120713,4310511,4065569,1433383,659804,3872481,4331928,3828750,4238615,3906294,4417064,4083158,3613682,3971855,4233001,3839429,3695437,4110924,4113895,4435419,4204580,3809977,4070411,4241985,4114490,4132935,4241488,3886822,4151573,3702796,4234395,4003668,4281448,3910088,4356424,4080871,3815167,3474628,4099523,4040628,4223929,4280294,4165555,3977216,4184704,4016286,4631697,3848188,4076034,4584300,4141271,4029838,4515604,3754854,3921817,3980854,4297468,4039679,4096968,4249750,4045448,3770721,
197,4215481,4243146,4121482,4296873,4045437,698514,472826,3866419,4325566,3837150,4225728,3907365,4399402,4070298,3595186,3953790,4227168,3833386,3689820,4105807,4101894,4421530,4196603,3795214,4064366,4239781,4114564,4129268,4219909,3867905,4138502,3693264,4228206,4001700,4280013,3910024,4339383,4060217,3804322,3467215,4097052,4036740,4216247,4268561,4152312,3959122,4174557,4005808,4628771,3843685,4070374,4575057,4127953,4015784,4505353,3750665,3915402,3971547,4292768,4035429,4083594,4239283,4029898,3768485,
198,4211199,4235194,4113492,4296851,4028584,473939,421025,3859260,4318310,3831656,4217353,3900195,4381061,4057115,3584646,3938251,4210859,3829178,3680902,4099202,4079437,4406922,4173331,3779515,4060364,4234332,4105792,4122899,4196909,3852166,4117000,3674490,4222938,3990856,4273144,3907774,4319786,4045091,3788427,3459013,4085197,4027494,4214243,4259641,4131591,3945608,4152168,3993995,4615419,3832518,4066095,4571883,4107848,4001846,4486631,3737073,3908638,3962541,4286090,4030666,4065030,4217975,4009459,3768487,
199,4204852,4220896,4103048,4282023,4016225,423812,399963,3847666,4312019,3836811,4214569,3887571,4364504,4041057,3572958,3925320,4205590,3819818,3673240,4093931,4064482,4387431,4152635,3761141,4052626,4226671,4098343,4111568,4180411,3833076,4096889,3656827,4216267,3987387,4269217,3899792,4295512,4033028,3775891,3445847,4079773,4020224,4211113,4259046,4111334,3926087,4136315,3984723,4601805,3829587,4060611,4566143,4090540,3984885,4474622,3730776,3900348,3947403,4274205,4018108,4049252,4205277,3994777,3753499,
200,4194297,4215236,4092319,4269063,3997054,400420,380861,3834005,4304725,3824449,4209085,3885666,4350540,4026968,3560688,3917015,4186146,3812286,3666113,4088966,4048064,4363435,4136079,3742628,4041047,4212413,4090172,4097840,4160002,3814495,4083797,3640967,4214173,3974751,4260320,3894053,4276849,4021301,3761300,3436269,4073270,4013347,4200519,4249129,4088868,3903741,4118058,3974846,4587129,3815340,4043192,4557300,4076672,3966618,4452224,3720472,3889764,3935259,4264231,4004899,4026164,4183187,3974104,3745372,
201,4185469,4204023,4076642,4252897,3984582,380996,361315,3831706,4292592,3798807,4200873,3881922,4329880,4012836,3548114,3904447,4177809,3804169,3645586,4076138,4029644,4341060,4114404,3723853,4029065,4201429,4078168,4082066,4139140,3797711,4064401,3620647,4199648,3962307,4249960,3879863,4259869,4000809,3742855,3433249,4056270,3997987,4190692,4236853,4078685,3882459,4103109,3961448,4569188,3805716,4026543,4540499,4055636,3948235,4429874,3707066,3876279,3920476,4253148,3988430,4007060,4165934,3957470,3735030,
202,4172892,4184421,4059303,4227448,3965712,359779,339284,3816902,4277321,3819959,4181673,3855528,4305211,3986975,3527812,3877917,4155590,3785970,3633646,4057411,4011099,4317337,4093081,3705625,4012282,4187013,4051001,4064514,4114927,3780285,4038448,3603009,4187529,3943498,4235198,3875445,4227755,3978845,3720601,3424197,4039518,3982366,4175119,4220734,4049608,3846813,4082554,3946223,4544601,3786035,4009158,4516150,4040111,3931786,4400182,3695465,3852956,3898799,4231815,3970301,3986518,4143548,3937201,3720192,
203,4160745,4161427,4044948,4206359,3940327,337469,315228,3798270,4253294,3809410,4166403,3839298,4269243,3966092,3499483,3861317,4142502,3774107,3621632,4049192,3989045,4291402,4066444,3684563,3990668,4167178,4036310,4048580,4083318,3746640,4006711,3568897,4164193,3929190,4216822,3860262,4202207,3944189,3687886,3413820,4020876,3966603,4156607,4204140,4019504,3805790,4062759,3938421,4524129,3764499,3993194,4498740,4014433,3910573,4378844,3683473,3836789,3892289,4214031,3955898,3970423,4117732,3913618,3711239,
204,4138970,4146090,4024800,4186968,3898351,318601,294265,3792481,4234563,3792492,4141999,3824323,4214198,3931344,3459697,3821930,4121984,3758054,3605902,4028077,3967588,4268836,4035225,3654365,3974114,4150533,4019067,4032426,4023779,3706722,3954631,3493752,4143265,3912344,4191152,3841563,4162207,3889575,3638377,3406302,4002571,3947973,4134200,4185057,3989552,3698016,4033215,3924215,4499059,3752407,3973178,4476347,3993913,3884912,4350143,3672380,3822472,3875379,4188605,3939289,3941049,4101743,3882076,3700196,
205,4119000,4123315,4004511,4168169,3785976,292058,265284,3771350,4209187,3775894,4123207,3820193,4066265,3868125,3368999,3755452,4103719,3743594,3587812,4015383,3935730,4210724,3972912,3577117,3955426,4130818,4016310,4010002,3850005,3587978,3788892,3280672,4132024,3892995,4175140,3828219,4088662,3747101,3509104,3393449,3987534,3933517,4114150,4165465,3917849,3354942,3993902,3908408,4472911,3737186,3954574,4457114,3953274,3842180,4308613,3658418,3806008,3852842,4174613,3923339,3888394,4071484,3821357,3688316,
206,4096570,4099985,3978109,4136584,3421767,261681,229627,3756404,4188704,3751236,4100132,3793053,3583391,3656878,3058748,3546565,4069158,3721095,3564462,3987537,3861275,4059810,3745517,3327912,3928262,4110769,3984579,3993529,3306005,3187569,3277777,2675404,4098381,3864251,4151975,3797507,3860009,3307568,3115943,3375721,3959561,3911252,4091209,4139250,3670916,2533431,3898095,3887115,4426116,3710239,3939680,4433059,3840398,3705344,4199926,3619784,3794562,3822303,4154570,3898664,3688448,3979846,3625491,3667965,
207,4081832,4068304,3953799,4102003,2653550,228804,188209,3709398,4164017,3724222,4079127,3771861,2636277,3114304,2381886,3023619,4029196,3706865,3539935,3969273,3634131,3655604,3180073,2754514,3903705,4091546,3965314,3967039,2341490,2396819,2356235,1762479,4074900,3848506,4133261,3785648,3302559,2475745,2361495,3347717,3939898,3887204,4072368,4118366,3061203,1489245,3636422,3854670,4362423,3680853,3914737,4400855,3522319,3315335,3877000,3514266,3766488,3777513,4133070,3878551,3176276,3725930,3120474,3646780,
208,4051174,4023402,3915073,4021745,1434774,180320,128161,3555063,4140163,3685280,4043282,3734862,1287149,1957485,1272248,1885912,3916878,3672933,3485077,3940284,2943347,2648953,2050207,1667715,3856590,4061338,3936247,3923922,1119343,1245833,1146366,775397,4037686,3799399,4107855,3762106,2107866,1253002,1220169,3257787,3902240,3848236,4046271,4093306,1894453,584626,2854188,3749784,4211760,3634207,3884089,4360661,2648173,2354568,2984314,3111181,3725179,3664226,4101141,3845839,2085995,2971324,2059172,3577425,
209,4028340,3929068,3853114,3822544,624673,126779,74613,3128798,4107877,3649851,4016279,3689096,527637,934185,529553,874635,3672562,3639871,3370090,3904156,1928647,1514923,1025131,790064,3748526,4015371,3928211,3851611,468939,534992,481058,318507,3966743,3707483,4076383,3727084,1023477,515580,504188,2987355,3845269,3768562,4007202,4050317,905671,257301,1767112,3458778,3890808,3542711,3844339,4302497,1497484,1293041,1807101,2343168,3663889,3442826,4057043,3789681,1070220,1905093,1064656,3433334,
210,3990829,3598345,3616601,3185502,258378,71812,35848,2164227,4024874,3538809,3941360,3502206,239780,346052,208803,314812,2916429,3534287,2945874,3804110,873119,614152,396903,299588,3358235,3852960,3855732,3550959,224520,227461,222501,168410,3724780,3364753,4004463,3630379,395231,225036,212097,2236196,3612605,3447910,3850566,3909731,343727,171315,744390,2655447,3018775,3223470,3723317,4124467,643130,501445,749425,1258051,3478386,2807279,3956138,3626289,413876,843308,417973,2743021,
211,3893444,2917611,3086695,2220299,180419,38065,21740,1138116,3825356,3250639,3770337,3077458,188075,197948,147071,179566,1886099,3275815,2209368,3559582,369833,287340,212989,175580,2613287,3453048,3693498,2914749,178896,166484,172814,142263,3201630,2684341,3831871,3379010,232319,170623,158703,1267278,3087684,2784100,3482267,3558212,200790,157990,318263,1590312,1933559,2605128,3436404,3709379,289472,234952,321422,555500,3077083,1915324,3737165,3275201,218053,353511,221338,1776427,
212,3576242,1702236,1979522,1051924,166761,23411,17643,529127,3132569,2458654,3205646,2099287,178975,169363,136588,153192,794293,2519615,1135521,2829007,214531,206472,172715,150838,1401192,2461145,3141379,1735872,170909,154006,163312,137157,2113651,1544445,3250183,2634934,198056,162060,149306,595306,2000471,1623256,2516844,2624897,172900,153752,202532,791607,829437,1521954,2639143,2654600,199879,175433,212899,279115,2129286,867693,3090774,2396649,175793,209531,178069,938866,
213,2872050,778364,978930,453633,162280,18000,16150,264018,2183093,1453946,2262014,1107985,174401,162241,133611,147314,327210,1496303,482853,1778957,169886,186921,161960,144308,599366,1360411,2185559,816954,165731,149503,158580,133205,1084726,711026,2275352,1622018,188846,157807,145209,271959,1018549,754221,1413041,1513778,165507,149973,169551,364195,365692,696103,1594487,1479691,175787,160702,187453,179800,1125431,358412,2066112,1361585,164781,170968,167516,412429,
214,1584075,286562,348295,224117,158456,16331,15103,179894,954021,540965,1035223,395687,171817,158562,131179,144557,183765,547417,198619,693708,156996,180402,157131,139877,234412,496638,970054,305725,161465,146334,154557,130825,387297,268876,1023507,627963,183399,154315,142323,169457,369046,279259,510558,561825,161533,148089,161642,216644,223760,258942,618574,548105,169367,155989,180481,146227,395449,184357,865878,504145,161220,160411,162050,212211,
215,711001,191318,200113,187369,155660,14914,13841,153766,416753,243656,445289,209221,167807,154820,127586,140720,165942,242237,151243,296632,153117,177333,153398,137719,172435,249447,403249,193171,158020,143634,151931,127453,214729,177915,434053,274628,179693,151835,139776,137829,209030,179214,245621,265772,159364,144685,157454,171537,203851,171081,287623,285535,167112,152736,176355,134989,209345,160702,369024,247367,157569,156438,158535,157172,
216,307349,174285,166615,177408,153311,13626,12592,144159,235727,167064,234174,166038,164339,151370,125493,137864,161067,166350,142091,187800,149411,172506,150639,136086,159336,184352,212259,166648,155649,140921,149343,125382,175908,158588,229461,176788,175326,148698,136454,128007,171196,157341,183115,188302,155764,142307,153291,153344,196842,151989,189668,223176,162924,150249,173057,131114,164869,155103,213000,180916,154347,152960,155120,137536,
217,198537,168264,158409,173816,150538,12544,11469,140569,187506,150879,180439,157177,161168,148657,122539,135551,157694,151886,138782,167398,146386,169673,146963,132959,155516,168423,173644,158977,151170,137685,145332,122955,168466,153292,182880,158111,172128,145569,133719,123891,163393,150701,171512,171067,152551,138921,150539,146886,192876,147452,167200,211058,160169,148098,169936,129735,154533,151492,182184,165595,151529,149649,152611,130737,
218,170138,164550,153860,169657,146444,11295,10196,137658,172699,146041,165878,151507,158119,145472,119903,132526,153476,146529,135531,160580,143746,166231,144669,129664,152817,163237,163872,155247,148344,134007,142038,120151,164707,150219,170771,151880,169104,142017,131265,121252,158789,146497,167086,164972,149435,135960,147222,144534,188282,143440,158573,204206,156560,143923,165935,126292,150257,148364,172108,160162,148034,147036,149302,128230,
219,164464,162063,150946,166431,143063,10167,9154,135027,166973,142324,160683,149939,154818,142039,117691,129145,151183,143825,133477,158441,140113,160981,141039,127209,149287,159762,160981,152044,145411,131268,138957,117245,161784,147129,167649,149635,165851,138815,127086,119032,156205,143335,163468,161694,146877,132146,144399,141381,184923,141641,155586,200786,153403,141580,162152,124423,147933,145380,169614,157377,144868,143611,147195,125142,
220,160569,157178,146957,162207,140265,9098,7976,133042,164119,139418,157316,145927,151212,139651,115118,126672,147828,140329,130235,155098,137864,158581,138175,124885,145775,156107,156243,148261,142628,129421,135436,115274,157635,143828,163113,145673,162401,136446,125705,117489,152518,140867,159669,157703,142774,129733,141998,139554,180895,138038,151384,196502,151105,138459,160163,123202,143804,142024,166275,153078,141748,141650,143404,123903,
221,157582,155085,144236,160588,137292,7940,6794,130876,161097,137404,154166,143511,147694,137045,112629,123594,145125,137722,127622,151781,134818,155679,135657,122074,142471,153653,154277,145995,139653,126169,133342,111855,154454,140266,159972,142490,157866,132811,122210,114710,150237,138552,157019,154669,140325,127029,138605,137244,177861,135381,149408,192906,148591,135643,156294,120235,140780,139007,162001,150512,139275,138213,140847,121543,
222,154245,151220,140711,155611,133766,6475,5249,127744,157397,133751,150930,140008,143244,133655,108873,120064,140824,134748,124550,147978,131124,151482,132113,118807,139278,150097,150928,142377,135421,123109,129168,109442,151021,137562,157517,140094,153965,128902,118944,113125,146417,135213,153748,151682,137264,122918,135463,133885,173872,131376,144818,189152,144477,131938,152477,118210,138088,136079,159269,147210,136032,134903,137732,118788,
223,151263,147454,137825,152539,130423,5085,3789,125205,153699,131254,147571,137583,139911,129895,106783,117471,137597,132142,121654,144536,127706,147555,128633,115978,135834,146258,147339,138972,131765,119491,125907,105929,147754,134965,153297,137058,149261,125839,115262,110908,143615,131596,150928,147288,133180,120008,131665,132043,169857,129078,142162,184688,140855,129198,148857,115911,135711,133141,155698,144023,132095,131563,134305,117793,
224,146797,143253,133723,147705,124907,3148,2099,122195,149882,128052,143577,133104,133750,124581,101890,112484,132638,127890,118385,140814,123435,141454,123095,110815,132050,142827,143839,135446,126075,114072,119638,101337,143707,130894,149051,132533,143330,119819,109965,107421,138980,128096,146239,143704,127384,113082,126827,127215,164449,124975,138158,179952,136225,124351,141806,111986,131532,128977,151640,139165,127443,126624,128705,113481,
225,143940,140384,130273,144714,121563,2096,1450,118965,146851,124775,140471,130695,129281,120911,98499,109405,129524,124722,115932,137991,120419,137833,119042,107719,129297,139784,140709,131667,121882,110639,116359,97667,140239,126955,146512,130896,139377,116211,106105,105591,136503,125293,143088,140168,123922,109928,123462,125237,159963,122490,135529,176863,133429,121247,138615,109153,128866,125272,147900,137137,122561,122433,125289,111274,
226,140420,136260,127004,140164,116838,1446,1186,115829,142850,120933,136613,126815,124932,117311,94750,106245,125652,122652,112491,134242,116077,133483,115180,103656,126037,135762,137413,128548,117371,105698,111287,93156,137003,124408,142504,127314,133997,110927,102607,103524,132339,122317,139361,136948,119195,105103,119325,122216,156130,118942,131917,172194,128707,117116,133702,106978,124735,122031,144271,133408,119359,119463,121908,108324,
227,137715,132789,123761,136695,112489,1262,1140,114087,139996,118729,134567,124015,120150,112735,91127,102350,122035,120275,109578,132015,112537,129187,110692,99879,122215,132661,133956,126212,112555,102390,107004,89672,133061,121408,139429,124405,128525,106817,98719,100473,129816,119843,136295,132904,115145,100828,116029,119588,152199,115991,128804,168506,125300,113256,128931,104168,122847,118302,141365,130627,115967,115497,117530,105708,
228,133985,128833,119660,132932,108781,1193,1132,111848,136891,115957,130617,120922,115762,109050,87936,98546,117759,116418,106091,127547,108995,124943,107396,96301,118283,129650,131122,121233,108314,98502,102447,86144,129244,118091,135734,121052,124655,102560,94416,98340,125725,115246,132300,129428,110888,96000,112218,116850,146434,112066,126077,164982,121650,109727,125457,101864,118437,114722,137658,126695,111842,111688,114339,103960,
229,130855,125465,116929,128465,104066,1103,1052,109192,133377,112151,126875,117672,109440,104756,83391,94125,113573,113764,103112,124774,105098,120005,102355,92788,115612,126016,127425,118078,103998,93193,97650,81518,125078,114755,132739,117892,119326,96902,89808,96247,122512,112972,129139,125389,107120,91530,107677,114440,141261,109952,122141,160022,117147,105410,120180,98777,116316,110791,133639,124424,107185,107532,109224,101327,
230,126775,120129,113067,123774,98468,997,948,105915,129413,108925,123100,113122,103634,99870,79117,89335,108128,109894,99002,120718,100376,114417,98017,87604,111482,121557,124210,115127,97506,89094,92365,76534,120871,110429,128318,114294,112651,91645,84806,93212,118080,108519,124590,121443,101750,84942,102760,110559,134845,105280,118575,154830,112023,100573,114920,96104,111769,106255,129160,119215,102236,102704,104574,98289,
231,123993,116210,108746,119014,93381,1014,951,102919,125975,105832,119597,109367,97983,95201,74020,84194,105075,106112,96267,116700,96398,109440,92444,83299,106564,117848,120960,111167,91066,83159,86233,71070,117398,106840,125016,111457,107466,85638,79701,90728,113852,105029,121589,116586,96122,78145,98127,107515,129492,100934,115058,149878,107335,95752,108722,92353,108025,102347,125630,116120,97292,98015,99893,95376,
232,119975,112054,104928,114692,86659,929,885,99230,122427,102159,115819,105961,90543,89511,67340,79153,98903,102669,91650,112978,91304,103014,87086,77944,103059,115124,117206,106291,84103,76553,78049,63597,112537,102818,121134,106738,100273,78464,72370,87660,109966,101404,117064,112731,89918,68838,92981,103554,123839,97857,111556,145602,102704,91004,103609,88873,104223,97122,121150,111651,91418,93094,95174,92386,
233,115622,107607,101028,109106,80575,896,830,96055,118439,97802,112655,102214,81733,83870,59717,72948,94950,99139,87351,109018,86391,95946,81047,71900,98285,111214,112689,101689,74479,68072,67874,53356,108141,98972,116786,103855,92920,69600,63780,85520,105530,97847,112734,108706,83437,56465,88216,100744,117712,93333,107543,139521,98060,84811,96249,85140,100412,92713,116676,108234,85567,88021,88249,89260,
234,111002,101367,95970,103145,68775,822,768,91604,112697,92842,107264,97096,66891,75581,47114,64122,87280,94390,82584,104571,79900,87682,72049,62575,92899,105409,108425,97175,59392,54826,52602,38938,101931,94018,112192,98609,83160,54399,48928,81468,100267,92281,107840,103761,72413,38120,81310,96906,110040,87817,102725,133417,90802,77910,88284,81324,95202,87134,111685,103126,77347,81572,80602,85162,
235,106791,96330,90487,97530,53955,803,752,88004,108898,88981,102761,92193,48103,64606,31457,51922,80450,90130,78061,99498,72745,77465,60317,50470,87884,101295,103177,91796,40677,38863,35035,23860,96560,88939,107500,94747,69011,35813,33573,77695,95652,87783,102596,99025,58813,21473,73253,92801,101936,83106,98090,128227,81904,68150,76382,77070,90847,80866,106457,98897,66503,73067,70491,81815,
236,101640,89403,84999,89129,36881,766,714,83490,103495,83625,97887,85842,29547,49584,18000,36372,69723,85172,71292,93887,62846,63105,44411,35226,80537,95105,98672,86301,24513,24007,19935,13317,89610,82831,101699,88752,51351,20634,19273,73901,88675,81996,96007,92584,41845,11734,62840,88197,90686,76470,92706,120471,70123,54943,61634,72725,84242,72333,100471,92250,51282,62729,56062,77599,
237,96318,81630,78917,80341,20781,622,580,79236,98857,78518,92771,80383,15285,31576,9364,20402,56416,79611,63672,88230,49035,44738,27552,20309,73808,90531,93879,80614,12877,12604,10691,7393,83240,76605,97021,83791,31524,10878,10295,69639,83166,76143,90571,87854,24472,7509,47899,83199,75594,69470,87512,112825,52938,37628,42907,66289,78337,61018,94480,87594,33824,47106,37865,73295,
238,90798,70458,69732,65537,10781,641,584,73029,92645,70510,87419,71641,8804,16499,5812,9923,35704,74185,51235,80963,31026,25164,14101,9962,61266,83448,87903,72103,7916,7385,6958,5373,71928,66996,90126,76246,16131,6911,6505,64404,73567,67833,81559,79829,12322,6002,29463,77739,51406,57705,81137,102262,32116,20731,23390,57805,67582,43382,86603,79691,18083,28809,20650,68231,
239,85733,56218,58603,48219,7395,584,547,65555,86593,62067,80603,61569,7100,9254,5240,6372,19806,66096,36942,72671,17358,13828,8437,6621,45918,75687,81107,61826,6685,5949,6151,4913,58670,53860,84065,68669,10096,6029,5579,57957,62071,56439,72030,71382,7755,5788,16064,70598,30832,43355,74273,89098,18006,11104,12510,46245,54430,26948,77721,71042,10034,15942,11420,60784,
240,75725,34527,39277,27269,6280,580,558,52733,77666,45825,71264,43508,6680,6739,4776,5487,9598,53079,20208,58272,9025,8703,6417,5493,25452,62404,71715,44152,6089,5569,5743,4639,39056,34771,73948,54631,7811,5439,5324,45509,43229,39271,55852,56471,6664,5431,8776,58784,15152,24825,62678,64994,10291,7122,8155,29584,33866,13116,61802,56250,7091,8459,7567,48872,
241,65647,19305,23592,15307,5997,500,494,37836,68267,29902,60084,27307,6513,6093,4532,4988,6638,37531,10938,41651,6653,7316,5785,5167,13722,46895,59353,28541,5973,5343,5520,4509,22921,20148,60706,39657,7225,5490,5198,32157,26973,23839,37159,39943,6011,5072,6587,44243,10255,13483,48056,41650,7983,6204,7155,17295,18653,7939,44454,39401,6170,6408,6572,36133,
242,47913,9624,11357,8949,5794,524,504,22611,51785,14898,42061,13519,6192,5938,4447,4883,5863,19903,6437,22928,5714,6773,5531,4895,7530,27245,40279,14405,5674,5154,5382,4389,11375,10121,41506,21359,6913,5194,4943,18286,13891,11538,19060,21969,5776,5133,5723,27566,8360,7386,28859,21441,7375,5678,6762,9421,9560,5983,23953,20900,5970,5652,6236,21739,
243,30725,7209,7326,7299,5721,523,515,12940,33543,8488,25775,8112,6163,5703,4184,4701,5683,10694,5391,12198,5472,6414,5306,4693,6185,15038,23631,8759,5633,4975,5159,4202,7852,6834,24451,11563,6655,5141,4756,10229,8365,7200,10720,11966,5560,4797,5706,16428,8057,6016,16030,13033,7034,5615,6488,6291,7050,5783,13042,11504,5779,5496,6017,12036,
244,15608,6490,5935,6863,5580,506,498,8472,17735,6071,13538,6157,5907,5507,4206,4609,5293,6577,5134,7527,5252,6410,5200,4692,5792,8613,11952,6434,5394,4882,5087,4054,6527,5804,12301,7017,6399,5051,4705,6828,6581,5753,7286,7430,5552,4761,5499,10143,7648,5305,8962,10363,6989,5419,6290,5258,6378,5525,7944,7332,5494,5327,5666,7614,
245,9305,6269,5626,6530,5272,450,445,6252,10335,5466,8331,5892,5528,5331,4207,4548,5189,5704,4941,6277,5077,6079,4922,4505,5472,6649,7869,5811,5116,4560,4852,3818,6012,5515,8190,6031,6373,4792,4585,5291,6080,5270,6561,6379,5441,4544,5112,7230,7475,5120,6813,9663,6710,5205,6164,4769,6067,5410,6808,6393,5397,5126,5707,5635,
246,6810,5918,5240,6380,4980,481,477,5421,7148,5297,6399,5578,5331,5067,3938,4343,5015,5300,4646,5933,4858,5963,4817,4346,5344,6082,6584,5614,4990,4578,4630,3746,5962,5196,6596,5758,6058,4736,4242,4831,5782,4969,6108,5911,4971,4412,4951,5825,7089,5040,5928,9458,6537,5044,5909,4444,5713,5061,6428,6041,5246,4940,5460,4836,
247,6197,5731,5295,6133,5002,461,458,5124,6443,5202,5965,5414,5209,4893,3821,4233,4999,5134,4608,5789,4629,5596,4734,4183,5143,5888,6120,5386,4764,4262,4420,3668,5787,5287,6270,5350,5934,4418,4122,4388,5569,4925,5988,5652,4989,4237,4900,5367,6987,4973,5838,9042,6355,4981,5735,4288,5613,4887,6241,5928,5027,4721,5215,4395,
248,5853,5599,5068,6001,4630,476,463,4996,6073,4887,5637,5347,4969,4665,3649,3946,4741,5042,4305,5635,4552,5514,4525,4160,5042,5754,5837,5174,4619,4125,4243,3618,5677,5066,5920,5201,5678,4336,3919,4146,5389,4865,5766,5359,4845,4002,4685,5148,6641,4821,5395,8918,6118,4677,5473,4230,5419,4860,5832,5541,4784,4630,4990,4419,
249,5744,5468,4958,5864,4631,436,425,4776,5767,4681,5441,4982,4891,4485,3478,3774,4582,4811,4283,5412,4347,5383,4292,3714,4830,5473,5639,4895,4312,4042,4206,3429,5331,4801,5676,5019,5424,4077,3846,4236,5335,4603,5755,5199,4668,3871,4552,4865,6651,4670,5294,8674,5845,4629,5253,4169,5370,4599,5753,5346,4656,4472,4898,4153,
250,5485,5160,4704,5495,4319,424,415,4652,5585,4532,5167,4934,4715,4469,3222,3867,4390,4662,4239,5184,4069,5085,4113,3760,4735,5176,5471,4901,4246,3767,3922,3245,5198,4662,5661,4950,5267,3899,3655,3930,5108,4490,5436,5142,4233,3746,4370,4781,6144,4472,5166,8318,5876,4398,4952,4000,5025,4328,5677,5254,4560,4263,4617,3965,
251,5340,4860,4626,5230,4238,426,418,4431,5627,4373,5101,4741,4443,4213,3114,3480,4179,4528,3898,5082,4031,4832,3997,3590,4409,5066,5157,4820,3985,3658,3872,3037,4992,4571,5535,4710,5059,3731,3515,3933,4881,4269,5370,4824,4262,3600,4280,4580,5974,4254,5117,8251,5580,4323,4892,3902,4952,4290,5399,5140,4346,4181,4478,3869,
252,5187,4782,4398,5041,4112,423,409,4248,5194,4247,4917,4529,4262,4044,3061,3341,4087,4391,3813,4868,3705,4817,3802,3446,4341,4827,5088,4357,3915,3512,3609,2943,4733,4398,5208,4560,4762,3595,3258,3802,4742,4150,5056,4587,4036,3401,4094,4372,5709,4013,4901,7831,5395,4112,4628,3613,4719,4219,5311,4910,4301,3959,4434,3669,
253,4805,4633,4195,5055,3875,389,385,4153,5095,4139,4776,4406,4099,3932,2902,3169,3919,4234,3816,4672,3663,4588,3612,3276,4266,4712,4981,4331,3584,3394,3449,2778,4649,4258,5092,4432,4582,3304,3112,3631,4499,4003,4926,4704,3825,3130,3828,4340,5574,3904,4744,7638,5178,3913,4451,3555,4632,3908,4992,4800,4069,3929,4164,3668,
254,4642,4299,4014,4708,3746,413,411,4039,4936,4015,4537,4301,3815,3672,2656,3142,3709,4033,3420,4471,3533,4194,3535,3151,3951,4534,4833,4184,3484,3113,3301,2634,4422,4120,4891,4260,4151,3205,2991,3448,4357,3889,4709,4362,3629,3037,3742,4201,5356,3734,4469,7485,5007,3793,4238,3603,4421,3854,4874,4581,3915,3556,4069,3619,
255,4648,4210,3788,4618,3518,407,404,3860,4665,3822,4373,4111,3550,3431,2582,2991,3483,3828,3398,4267,3528,4016,3289,3045,3923,4287,4476,4106,3250,3074,3016,2462,4234,3874,4617,4124,4011,2961,2839,3467,4180,3785,4384,4240,3545,2770,3642,4107,5024,3601,4460,7158,4960,3558,4024,3519,4427,3593,4638,4386,3747,3318,3810,3506,
256,4616,4115,3737,4494,3103,398,389,3600,4724,3648,4252,3934,3325,3241,2247,2646,3341,3868,3228,4087,3224,3715,2991,2605,3708,4283,4547,3938,2964,2723,2648,2107,4094,3607,4587,3970,3719,2647,2508,3189,4116,3548,4324,3982,3118,2491,3143,4036,4812,3500,4304,6933,4476,3298,3719,3232,4105,3481,4462,4356,3429,3187,3494,3231,
257,4368,3988,3542,4226,2924,397,390,3620,4427,3554,4113,3747,3108,3105,2238,2468,3110,3618,3109,4086,3187,3513,2854,2531,3496,4164,4365,3847,2791,2423,2517,1982,3845,3573,4429,3830,3442,2319,2346,3229,3950,3335,4223,3782,2996,2307,3051,3636,4590,3309,4053,6669,4380,3182,3448,3052,4113,3359,4289,4110,3132,2962,3372,3136,
258,4148,3751,3452,3999,2715,382,374,3450,4319,3250,3929,3554,2748,2764,1874,2356,2943,3542,2907,3867,2793,3254,2636,2333,3247,3776,4300,3543,2569,2328,2218,1907,3784,3411,4177,3607,3150,2236,2203,3001,3643,3248,3995,3556,2809,2070,2848,3597,4286,3068,3863,6363,4043,2979,3246,2991,3796,3196,4209,3846,2874,2842,3083,3101,
259,4063,3431,3187,3624,2539,386,382,3187,4187,3241,3836,3315,2599,2638,1780,2144,2818,3329,2751,3687,2516,3134,2421,2264,3140,3877,4128,3370,2281,2095,2054,1612,3547,3217,3967,3555,2812,1896,1937,2897,3610,3227,3740,3503,2502,1718,2645,3395,3968,3051,3789,6138,3888,2837,2931,2826,3594,2841,3873,3887,2664,2588,3026,2906,
260,3820,3348,2965,3575,2301,362,358,3196,3882,3045,3643,3231,2293,2450,1522,1935,2650,3165,2577,3429,2472,2925,2140,1990,2873,3548,3886,3208,2087,1805,1797,1392,3316,3072,3759,3282,2695,1698,1642,2826,3388,2954,3588,3273,2391,1409,2530,3267,3647,2799,3542,5950,3751,2597,2725,2817,3388,2690,3653,3421,2585,2424,2550,2748,
261,3682,3104,2811,3314,2161,359,353,3044,3649,2901,3454,2961,1937,2175,1158,1701,2294,2973,2431,3227,2196,2497,2041,1782,2820,3397,3706,3013,1701,1580,1404,1129,3101,2876,3643,3127,2306,1338,1381,2610,2991,2873,3441,3117,2028,1166,2260,3094,3511,2616,3264,5520,3484,2340,2589,2549,3277,2363,3504,3335,2337,2255,2482,2747,
262,3400,2894,2682,3079,1630,370,362,2819,3504,2694,3209,2817,1592,1896,915,1473,2071,2656,2181,3175,2091,2294,1790,1494,2581,3055,3437,2795,1218,1229,1028,822,2841,2706,3435,2958,2066,981,958,2496,2842,2653,3149,2837,1670,769,2033,3021,3104,2457,3219,5205,3078,2092,2177,2425,2917,2263,3258,3141,2010,2031,2207,2563,
263,3258,2611,2555,2862,1403,358,352,2714,3400,2411,3103,2738,1165,1680,671,1131,1831,2608,2081,2917,1865,2036,1425,1173,2412,3084,3260,2700,979,924,744,629,2653,2643,3263,2741,1643,696,707,2488,2752,2420,2969,2706,1419,615,1914,2945,2902,2219,2996,4925,2879,1793,1934,2314,2817,2010,3059,3039,1714,1763,1901,2426,
264,3154,2420,2269,2526,965,356,351,2618,3219,2350,2987,2499,876,1352,549,882,1455,2421,1884,2707,1644,1593,1110,922,2123,2867,3119,2486,662,674,632,511,2480,2210,3009,2568,1317,570,588,2202,2513,2286,2754,2547,1033,497,1592,2696,2445,2068,2790,4589,2412,1450,1545,2104,2545,1735,2837,2801,1323,1495,1454,2193,
265,2735,2194,2165,2334,732,360,358,2465,2955,2181,2642,2311,628,979,479,662,1188,2285,1614,2510,1242,1236,830,674,1905,2762,2886,2207,563,520,549,478,2230,2080,2889,2306,885,462,540,2082,2343,2170,2668,2376,755,454,1337,2464,1911,1832,2692,4278,2038,1099,1150,2034,2389,1428,2646,2537,987,1184,1101,2108,
266,2608,1911,1896,1963,617,333,331,2234,2742,1872,2549,1907,660,706,443,515,863,2079,1327,2300,976,845,627,497,1515,2440,2655,2055,528,472,516,426,1916,1841,2698,2288,657,417,479,1979,2071,1805,2383,2173,588,505,905,2317,1376,1494,2485,3917,1473,836,789,1731,1994,1116,2364,2363,760,864,780,1956,
267,2423,1600,1541,1532,531,342,338,2060,2608,1721,2316,1719,550,624,452,506,604,1884,1018,2081,717,668,474,444,1261,2302,2468,1772,531,484,484,489,1606,1563,2374,1952,580,419,482,1835,1751,1665,2073,1852,503,459,693,2180,962,1236,2193,3356,1000,642,630,1538,1620,777,2027,2017,613,636,635,1863,
268,2245,1157,1206,1107,519,348,340,1889,2337,1319,2114,1424,547,597,428,458,563,1641,791,1723,572,585,579,439,888,2050,2209,1482,508,444,493,481,1195,1197,2225,1657,541,392,487,1622,1458,1314,1670,1535,544,424,551,1924,751,808,1949,2660,824,542,576,1373,1126,605,1742,1804,487,512,529,1635,
269,1958,832,987,830,551,343,336,1716,2165,1005,1889,1093,575,544,466,470,487,1241,585,1421,562,528,504,451,632,1694,1958,1217,478,459,486,419,853,938,1817,1328,538,395,468,1417,1139,1005,1410,1269,503,446,513,1859,602,677,1615,1978,744,553,555,1104,795,523,1404,1507,567,485,513,1419,
270,1648,625,715,670,493,308,304,1448,1859,704,1577,769,524,526,448,468,465,963,471,1099,472,514,455,454,529,1318,1609,858,471,459,492,429,686,644,1513,941,523,386,442,1148,723,728,950,899,446,410,471,1589,623,528,1288,1425,688,529,532,920,621,491,907,1073,473,438,505,1211,
271,1410,585,564,600,471,336,330,1093,1584,565,1307,585,528,504,418,401,491,687,418,714,480,533,474,433,520,1006,1297,673,487,450,472,429,575,550,1208,678,474,376,448,991,609,581,662,690,488,387,470,1219,580,467,1088,1034,734,509,542,661,516,487,670,771,486,413,505,934,
272,952,544,509,557,475,290,287,861,1259,517,875,579,509,518,400,431,510,583,451,608,485,517,487,402,524,738,914,575,470,440,440,405,545,508,854,598,503,340,448,686,545,484,555,474,485,395,462,897,621,507,756,888,639,496,531,532,561,432,597,644,497,420,459,705,
273,753,517,486,545,462,299,294,640,960,461,689,530,531,493,406,376,480,534,465,527,486,471,436,453,502,632,714,549,465,449,460,424,542,457,700,503,457,399,435,568,524,485,550,460,469,422,479,748,579,473,637,839,657,502,560,487,548,437,504,565,484,403,474,553,
274,546,509,483,556,470,308,305,564,672,446,585,508,508,459,389,423,443,497,424,521,421,450,453,443,480,562,646,495,449,389,406,395,506,445,532,482,464,345,448,515,487,448,522,455,433,409,418,556,549,461,552,858,610,449,497,483,548,410,473,478,429,406,436,466,
275,481,479,453,520,419,304,302,523,553,423,530,498,471,504,405,408,423,466,417,495,420,439,402,422,453,528,566,510,419,406,441,373,483,443,501,519,466,342,403,476,470,432,522,369,422,416,419,506,515,456,522,782,579,490,494,443,509,470,485,471,440,403,400,503,
276,526,455,441,519,429,291,286,455,499,463,458,530,447,447,371,387,408,430,383,486,445,470,455,404,477,535,554,472,441,369,417,375,474,439,466,464,437,321,416,441,435,450,481,422,452,416,345,487,513,399,548,820,563,483,512,461,486,427,447,476,483,374,447,485,
277,508,453,457,530,402,280,276,432,454,424,454,516,470,454,367,419,436,412,416,475,449,438,431,383,488,493,506,498,443,385,405,374,473,419,483,423,449,323,374,422,469,447,472,396,390,361,419,487,496,433,521,764,602,510,487,449,501,396,496,452,390,372,419,455,
278,460,471,446,512,385,273,272,440,459,402,471,465,462,424,345,451,415,408,409,459,433,434,407,384,463,501,494,488,404,367,380,361,443,419,475,436,417,311,386,450,461,451,454,400,408,335,384,459,511,427,538,765,599,447,463,431,492,385,471,418,441,334,428,452,
279,507,435,435,472,376,263,257,436,445,415,456,468,461,397,336,390,396,409,358,425,420,388,390,392,439,484,521,465,389,354,360,340,459,413,426,441,377,313,393,424,469,432,478,353,402,377,410,430,495,414,450,706,584,445,446,455,487,411,441,438,404,347,385,434,
280,405,455,443,507,396,273,270,450,429,396,446,488,434,382,351,359,380,408,403,437,392,429,380,348,441,438,527,457,361,377,419,354,389,412,480,461,421,308,395,416,479,433,442,363,357,334,384,413,443,452,483,717,520,426,420,441,443,395,451,451,406,365,366,414,
281,473,413,426,467,379,287,285,440,434,367,459,454,423,398,275,350,382,419,410,432,378,392,392,357,422,486,542,437,355,348,349,315,419,412,451,417,347,321,391,417,421,394,440,355,390,333,397,430,495,407,488,743,567,417,417,411,445,365,436,443,423,360,389,433,
282,446,431,416,462,369,262,261,434,438,385,445,428,422,378,355,350,348,388,383,402,385,400,393,374,417,457,454,419,375,373,390,320,434,387,444,394,346,302,354,435,385,437,416,366,371,336,364,409,479,405,479,695,507,405,444,437,430,363,408,426,394,328,380,410,
283,471,427,392,435,379,290,284,440,366,334,426,426,397,400,339,323,371,384,372,396,364,363,347,299,397,412,436,449,349,343,337,292,401,341,424,414,335,249,317,377,415,391,404,355,337,335,362,388,419,394,471,652,487,375,372,394,433,348,441,399,374,329,369,387,
284,423,399,405,479,322,245,242,397,406,362,418,396,374,381,273,324,344,382,374,400,347,378,328,328,387,471,420,403,349,331,349,315,391,383,389,391,350,238,311,408,429,389,399,340,359,309,357,411,420,362,446,703,547,362,376,436,415,311,426,385,342,334,362,358,
285,410,440,350,431,337,251,246,414,374,350,368,405,351,340,299,323,361,380,329,399,382,342,375,325,399,425,448,378,314,337,348,311,395,384,425,349,331,226,334,383,382,404,380,315,311,277,344,375,417,359,446,673,477,396,368,410,381,360,424,409,368,330,344,404,
286,408,375,368,439,309,261,262,384,382,344,390,422,401,392,262,309,300,387,338,378,331,321,305,351,311,421,420,394,296,303,289,269,377,349,384,354,331,227,326,398,378,368,358,307,310,250,331,388,396,385,431,632,511,373,352,343,407,277,369,392,347,299,336,384,
287,395,379,385,412,307,249,248,423,393,325,397,390,369,352,310,294,315,360,287,375,349,352,303,301,373,425,446,401,309,278,293,280,368,329,390,345,320,220,290,381,386,346,379,265,328,238,334,381,372,351,386,564,478,378,357,389,385,316,379,367,311,322,316,399,
288,383,390,380,380,280,236,232,345,342,345,339,389,326,296,287,340,279,307,351,376,312,325,309,275,314,398,464,379,292,277,294,233,370,330,377,351,279,259,291,373,360,336,355,286,309,237,309,352,355,343,399,548,438,350,341,392,399,317,329,380,348,272,314,354,
289,375,361,338,379,266,264,263,393,348,310,343,366,305,331,281,299,301,342,328,356,320,264,311,299,332,408,398,374,262,293,283,270,325,334,349,379,274,247,271,397,358,339,317,273,253,254,302,351,327,312,383,541,428,335,356,363,362,279,370,354,305,315,282,357,
290,331,344,355,378,296,262,257,395,319,302,341,346,291,288,227,306,296,334,285,395,281,260,309,292,300,365,402,356,257,274,237,269,342,320,359,315,266,220,252,355,360,334,334,269,273,252,287,373,327,330,420,481,402,320,336,346,367,264,328,359,285,283,267,346,
291,355,327,345,354,274,218,217,328,329,342,327,333,295,294,221,258,277,308,254,339,297,259,278,243,326,374,358,340,275,278,265,249,363,275,364,311,251,186,282,342,319,307,317,247,247,213,276,362,274,325,374,490,385,315,315,354,346,263,308,367,245,248,248,390,
292,365,304,359,358,249,230,228,358,350,300,344,336,314,271,233,267,253,283,280,314,277,291,263,246,281,373,361,313,264,273,275,246,318,272,311,317,239,216,263,381,287,304,310,259,252,258,253,340,270,295,357,518,363,326,300,346,310,274,325,322,269,247,286,336,
293,330,339,330,354,254,252,248,325,352,275,322,327,295,251,254,265,251,285,264,309,254,256,279,278,303,330,347,352,274,241,285,230,306,290,348,305,266,199,251,334,319,307,307,209,252,255,266,325,279,268,343,461,351,308,273,306,292,258,307,321,255,200,227,335,
294,332,305,296,330,290,213,210,307,349,306,307,296,284,261,247,242,255,272,278,289,262,265,277,238,283,336,342,344,250,250,268,236,294,293,298,306,220,191,276,325,294,321,289,242,230,227,292,313,278,253,303,420,338,291,308,315,256,268,283,296,267,244,210,301,
295,326,291,298,319,269,236,233,315,315,280,302,305,301,260,230,249,257,288,242,288,254,212,268,211,246,347,340,326,268,245,285,240,324,262,279,271,206,195,258,322,253,274,296,237,249,231,263,299,273,263,308,410,319,289,303,337,254,227,259,288,254,222,227,314,
296,317,286,282,300,231,192,190,293,329,281,278,298,287,221,216,292,268,266,231,290,248,214,247,253,235,317,361,305,234,236,263,243,287,267,309,288,209,175,250,323,266,287,298,224,250,247,254,275,265,267,299,369,316,268,283,282,271,233,261,289,251,244,216,319,
297,301,278,253,274,245,217,213,298,272,219,263,276,276,245,224,247,244,261,222,242,242,214,265,245,277,266,323,292,245,258,264,238,276,229,294,314,219,216,243,299,270,238,281,196,225,255,257,296,238,269,300,317,278,293,294,303,233,274,250,274,268,230,244,335,
298,287,288,297,285,226,220,216,282,315,232,274,258,293,252,250,253,258,238,250,262,283,244,253,247,264,286,318,310,255,231,257,220,274,266,297,250,251,220,240,305,270,236,257,203,257,214,224,256,277,266,284,326,344,284,254,283,240,260,230,257,258,219,257,297,
299,279,261,251,285,226,219,214,311,277,229,278,263,288,268,243,229,223,254,252,274,299,234,276,259,273,278,299,271,234,245,268,205,254,246,245,244,202,176,254,296,250,251,234,205,239,194,246,286,253,239,264,295,305,285,304,267,242,264,225,251,241,201,241,317,
