165,50880,43717,61882,102218,248519,9384,16813,266532,153442,30807,96661,41913,272896,252584,177624,212029,27865,38469,50732,36093,204576,227053,213911,179745,51811,156986,78069,134370,218230,182167,200848,168208,33966,81785,100455,41462,244041,181411,156939,192630,62865,97561,51420,82458,206632,201786,210988,257117,71817,31193,106965,43279,238511,214506,218799,250445,28390,32628,27759,91098,222066,203248,227550,185327,
166,97190,91941,110485,154752,282457,19307,32503,386929,185856,66472,140474,85669,305421,284215,203369,232747,62379,81412,98020,76984,238107,264563,253510,210124,102748,219032,132304,188567,255466,211477,234706,197519,73566,128918,149442,83852,283315,212174,185595,250559,114110,146930,102012,135872,238549,236812,244774,373522,133505,67398,148452,90810,269461,243194,257547,402009,61781,71846,60036,135596,255575,233625,267889,218575,
167,139425,139055,149401,193146,351049,36097,57052,779269,212540,105844,171831,125639,366569,343545,223409,268812,111028,132423,149690,127256,291526,313156,322255,251818,162924,246202,186097,226150,312628,247530,280237,236572,118508,165043,187950,126990,343005,248179,216728,437636,160661,189230,153405,188296,285207,293716,293417,726248,183701,108996,176207,146435,321358,283110,290226,881220,101073,115003,105399,164770,315147,276914,343138,299894,
168,175643,184353,181093,226548,596212,62986,108633,1857818,244734,140577,202201,159949,560510,540815,265173,357419,176039,194422,197747,188934,462423,432479,568403,376002,229570,260701,232181,243104,488651,327610,405053,346176,161257,194280,220209,172123,514385,313342,265881,1045017,206100,214312,211670,237167,404648,477157,427612,1657790,222874,146690,202979,198559,483274,388240,348177,1979971,136086,152195,150293,191313,503398,379360,614745,586288,
169,203628,217918,210480,260950,1418003,124381,241219,3651326,282472,169020,232314,188766,1291466,1281397,398794,698991,235574,228413,214403,236573,1036587,871185,1346674,849630,255808,288137,251871,270674,1127511,635967,882080,778417,196983,220468,246111,205829,1143863,552748,419552,2161034,234068,235255,248516,257820,863501,1150577,926619,2985998,260317,174469,230526,235810,1066203,795066,513611,3407078,162204,180228,185384,216998,1154561,755457,1443878,1363142,
170,238124,257421,249343,315744,3254818,313350,554555,5506786,362455,200578,276053,223076,3259630,3321914,998909,1928405,262137,245252,237811,257768,2359382,2126059,2825699,2063517,276704,357507,279361,334203,2627813,1667300,2190268,1951197,235199,263790,290563,231618,2639919,1475110,1095493,3127225,268371,279165,275098,289718,2153166,2664528,2255715,3918329,312389,207608,277584,277573,2566358,2003044,1186416,4624844,191358,216463,220036,258561,2638573,1884967,2986834,2674134,
171,275559,303674,298177,410013,5432195,660100,1001517,5162229,572876,232163,339378,260802,5940591,5870787,2493202,4184222,293396,273124,276640,283271,3651622,3647481,3969030,3294738,316715,535535,326922,488179,4074561,3112978,3660029,3274342,272816,328132,352536,265607,3966112,2896898,2352234,3410384,315249,361067,313131,343083,3620044,3930349,3689442,4046533,377967,242350,355857,320840,4528131,3722656,2645161,4480208,219606,254584,255418,319476,4288852,3473518,4308257,3675870,
172,351167,413366,437802,820941,6023473,1076486,1678707,4493927,1378467,289165,569109,341312,6752154,6281011,4611685,5891601,378467,354738,416384,354061,4286221,4569088,4376535,3888399,451775,1303141,482578,1150289,4589646,4077184,4426158,3961846,349034,594966,578668,342892,4432294,3888520,3428549,3478774,461015,717658,417544,529511,4357284,4193574,4331963,4054357,591133,315427,672724,395751,5708624,5234802,4498682,4165406,270660,351097,311994,541372,5052382,4713840,4681657,4020874,
173,573812,796013,919092,1908047,5506029,1979459,3585651,4604175,2740034,447336,1267497,607811,6046732,5624107,5843302,5606027,652882,623961,920674,555703,4467486,4875803,4621946,4262159,934275,2988836,1014435,2637235,4690132,4354916,4590467,4176152,561868,1391274,1282282,583227,4812630,4516083,4235971,3894404,945923,1704376,826182,1145127,4541973,4561765,4571267,4435329,1293854,546555,1554683,590945,5426830,5459353,6187775,4343893,399646,685627,444742,1230612,4938495,5088530,4708869,4158172,
174,1560522,2235275,2449728,3858524,55189283,40779174,47001032,62968667,4125828,1255054,2930834,1709514,53120287,53794277,75465179,45534092,1910631,1843727,2702763,1533577,39285298,41656522,49191056,54519406,2787364,5894446,2771512,5374301,39036829,37433737,37924498,44211155,1579618,3195761,3076358,1650555,59049281,58794508,61177569,67803727,2544063,3799661,2134396,2998164,43923379,59989852,64867394,62449927,3157330,1544942,3292039,1519631,41736649,36720166,40872182,49294247,1046612,1906963,1093731,2840536,42998822,38913894,39025743,48631385,
175,3096689,3957668,3998979,4837317,163861553,161663930,171485003,200281756,4639807,2620443,4228901,3166737,205796496,212208780,274615351,191857550,4252920,4000888,4877255,3450398,165198405,166022275,200926856,222230639,5315601,6535503,4988011,6172037,154307059,147595131,157785744,186966126,3194163,4584379,4777380,3346561,225861368,226450077,232931399,251518931,4468262,5377920,4224825,5178941,189069481,261389915,243110889,248293013,4573266,2966193,4272443,3126019,167553579,143170958,155615028,201209066,2217845,3287813,2362350,3924830,172349784,156282009,213681359,230936031,
176,4496926,5096606,4811570,5254528,280978794,225023915,230005297,286450806,5067863,3908595,4861163,4314989,270477150,278845089,259143385,263711048,6482942,5892403,5594397,5800360,236737345,232795704,230750759,274244146,6536980,5934323,6143483,5659141,211759147,201769955,190380152,194953176,4668980,5215712,5560190,4962982,182466999,176533251,195713037,194248913,5574928,5615838,6002293,6274077,159599396,199169475,197899625,207048276,5292625,4134598,4472817,4719663,252922902,211010340,219460321,271865282,3547395,4267356,3946640,4366613,241373048,227165556,353012811,192065820,
177,5337705,6073021,5728571,6688297,320490410,282805073,296955788,349949175,6448658,5042694,5779522,5319620,333700989,337790407,291076504,303835203,6781495,6109664,5688861,6346800,214370739,240657377,236768311,287964609,6566856,6189279,6227778,5925925,167273742,208373284,211407307,223338720,5985217,6240700,6246241,5772523,160314823,158820030,161274448,166285979,6196959,6091947,6632758,6507585,214037906,170233081,170721536,175455043,6852337,5092932,5410089,5651754,313963042,268092135,270446169,312503013,4729631,5636428,5188949,5531656,282785454,251722258,259073923,255692592,
178,97356384,95426824,94537821,99420288,351400662,314352910,341343526,402944075,150228966,113804608,88157441,98284756,386589858,390028921,339729177,347092386,135326798,171157347,128268811,92809271,211178676,207528314,226657998,299403354,121575440,120633619,93626755,119019158,275493413,208120194,183203629,192911628,135908273,113663500,100130814,91127565,157508102,155661567,160866705,159123336,95297609,97203317,93563889,117622079,209917120,163224355,165315706,165942610,167401523,134939948,116533578,88515239,358350140,304896199,288797653,351713732,152075697,167877404,116074004,160606837,339884164,286263303,309047815,255987889,
179,164624234,163932428,160922951,165735554,376873277,328571733,369685815,431676592,224528614,176885034,140405373,167582842,438643697,445368121,381223742,365002499,239175030,253513278,211669238,157818563,209461601,256872359,218918298,297748101,199298882,201023097,156267261,165589363,227577032,201596071,181346420,224607843,206651929,179860329,173286647,151468293,152224993,156563473,159629194,164412499,157567531,164014916,160739024,187762342,234512160,163899565,164613479,166581120,267449459,207622664,188042854,144573839,391372355,321962269,301433955,358424486,253600520,223816141,205297749,262510267,319780729,274527541,279718405,268910443,
180,182773144,181986779,179338873,188189648,392667539,334256742,391738593,457306158,247436448,194231832,181930706,174960057,483887141,493013666,461236260,422259084,411350537,263360253,225419267,167930070,199724458,187023470,211414480,299122943,235537010,237076126,197264416,218367166,315211816,189363843,179287335,188781351,208841428,210223865,232417519,195998125,153575568,156219813,162243346,151326027,200306964,209777298,211525489,228565627,177740214,161848211,160350009,164071471,202023066,184288562,181739348,174007312,403905997,328317064,317314644,367531146,218032850,194517543,188474081,217863953,322247896,303872339,278068041,333914516,
181,196105079,183367922,177732698,188829657,412898357,346102378,421734669,473953904,214371204,297285832,187002374,180274226,521619215,535497928,524319001,493877433,270832586,286011040,277489914,219557434,189297124,210395500,235744099,288679113,267665393,281711416,241598365,243496207,193746903,181448779,126829847,182675781,239572577,234764506,283322439,237079020,156304107,151326040,155734446,153406457,227892848,243629386,253203651,259639815,171576888,157942939,157322108,157939617,177651783,168966455,171454458,181264077,399989292,347959477,318939356,373613019,180959985,171064739,173172459,178893778,329125311,297567092,270152326,247569831,
182,195685427,189314258,174600915,188895347,423396467,359646234,449867985,484845270,220813830,215651563,186503402,165193713,545068316,563242172,561880863,538046504,319746813,323657080,314967087,226909014,177428632,199572275,205418845,274093479,326146958,334899346,290134199,309115577,168690805,171008855,160795501,174659820,279764319,258694313,336817572,270309055,153741544,152704398,153901692,154401937,277608688,277033987,299611100,292145974,188305641,156164401,155107658,154818218,165887458,163648633,166135651,191601781,384880860,359117009,319350998,358388259,163115612,172603285,164378166,165083352,316250810,293095137,255480803,265165023,
183,206160104,189701945,176527454,200181821,460136695,375883408,466336343,488792670,220569577,224495683,182839321,175856548,552828236,577669629,579076778,560651655,355138113,363219115,360130091,304833427,170485749,184951978,189254986,258889984,367104215,356271618,320930914,327299642,170229849,166866074,157550721,170481083,296917177,258625773,369901080,303257414,153190106,152719620,153830860,154602303,297925331,298740601,331957409,317671816,160002635,158646119,154650793,155981653,128528287,160924180,163471525,192423200,365568652,358039875,320913970,346095930,163808974,162038711,161489381,162583340,304625911,279346790,246223327,170737445,
184,206201889,193349769,173398965,181456445,430052294,405112632,474647341,491325990,205821441,230076494,176776331,175328853,556957271,588988502,588540800,575087320,390379181,398766982,402434817,340113234,166771981,179773393,183678317,244254155,403744621,399915628,328905508,336143620,160220147,164708145,156438693,167824725,313092727,308726105,381044353,320297082,142657948,152322767,152717953,153937927,313956296,313387872,354953793,330930231,157580715,160009944,153980934,155615345,159734243,159296026,161797942,220336955,370668650,365897516,326816312,340970300,155020645,159243923,156066412,154474847,297315072,278446150,241806881,238269469,
185,229567917,192444525,171991950,175350640,462056875,439653716,469840149,489440126,219885584,353335319,188195975,174045175,555819300,584666516,585671664,592375946,405083126,423967274,435482551,373445587,164220137,181433987,180725996,230551562,434295248,400644249,335301625,343342145,159270288,163755427,154072088,174500963,332353016,278788457,407814011,331348675,152217592,151812565,152656467,152876289,319689595,322098673,365840819,334762582,156329379,159983315,153815027,154654398,158712840,158622188,162136570,179816077,363895127,364345239,332529861,350953608,161361816,150402916,157594769,153970422,295924430,277858997,246659431,241663216,
186,207270711,194798827,171986179,172196587,485332883,462820070,459110701,472530202,209439072,180216160,144962903,138434763,533939636,550352414,559331713,579364881,446199207,442790705,463504022,407819070,158848756,169736441,171069329,225629604,458659207,437685939,345638001,349869432,152912971,159917988,153075920,164909900,305423582,266297397,347201290,332552328,150381600,150782433,151058447,150911928,319481336,322195556,366165346,345090089,155389642,158242214,152064604,151905808,156482534,157377256,159989671,175435471,394801425,372139252,339983408,368342450,158278546,155973434,156081319,157682628,295474541,273972053,242485626,237701043,
187,186904994,133437184,170024243,178423232,457115301,413460876,399509576,407303092,203270452,236732905,165520168,165319523,450379451,456280737,467126956,490909529,472881517,454575257,477622217,432046484,138095145,146007247,145002036,185578095,472431709,453500408,361542685,359538398,140899317,139870257,135156456,145794013,295892698,250155944,383521303,284439683,123925296,132058286,132450764,132807135,317392222,321710079,360585163,348826671,137312790,140221575,133239094,134582600,155599695,156106048,158549973,171849506,363942805,343396632,307038397,339207756,157485525,155864602,154903092,156172064,260645006,242295986,209543201,203068104,
188,190332797,194157452,169206626,166938738,234869515,215828227,203658476,210682866,189958664,186647105,177644513,162703723,228121866,227722405,235252646,248145843,477490633,460309074,494953558,447489219,72558596,75192713,75226001,90366437,480028745,560465406,385298486,378587246,74471439,73360359,71575561,76741067,295317244,244280029,389171716,320536741,70437131,69984380,69855564,69955098,317818590,321847194,361020630,358206833,72927112,74894354,71365542,71475895,154559867,156529636,157086239,168861282,193206669,183137589,167213411,180962275,154616206,153644305,153809017,154479643,136040281,121030226,104136619,102992798,
189,185232886,188421521,162002966,160315818,31118410,33529586,32359409,28634235,187510875,166048023,162007513,156556251,30472389,30494673,30552390,32318992,458433418,446970772,465362790,434720322,12218978,12688363,12447534,13543964,463585958,452455204,391409173,386711778,12628558,12038758,12183517,12295804,270246200,239381652,375336028,284199909,12355493,11943949,11735756,11392556,309680829,313230313,342406332,356103710,12354651,12372495,12120062,12008414,148296187,148316431,150944853,161789661,26713192,26016458,24924920,23986767,147005474,147700945,147769638,145139332,19956502,17873067,15442103,14910132,
190,127054641,131675599,112871478,113133175,4386039,9222606,9113901,4154441,128248737,118507390,109518554,108444351,4728198,4406997,3941202,4305646,326029212,315941259,318322072,303446164,4192815,4495870,4287482,3893431,318261607,309687469,286329652,283120010,4324221,3957190,4234658,3796532,191105949,201227493,264233404,216196335,4436333,4170520,3916586,3552921,222617513,223813847,238243042,258377396,4259689,4076705,4259388,4083115,103972608,103857860,105262083,111089113,4405758,4298387,4750105,4040601,103617658,103544845,103862168,103865500,4288115,4390890,4160825,3872031,
191,51427193,53922559,46717386,45523176,4036002,8818985,8617502,3821268,51352968,47098545,45429389,44169024,4389762,4062647,3587286,3934687,132518631,126585998,125014312,121514309,4072617,4386723,4172344,3768554,125382041,123719930,117771896,115931736,4209958,3844725,4117752,3678481,76161866,67636627,104477181,85791580,4324746,4062190,3800711,3438513,91776626,92109317,101389558,105913418,4129965,3951526,4151798,3965103,43497048,42871302,43475219,45887186,4097631,3985283,4469381,3729537,42563764,42788949,43146860,42926213,4054215,4200717,4004936,3723288,
192,6382116,6485849,5976281,6160685,4021724,8090757,6853536,3815858,6486417,5804980,6134092,5725751,4374457,4048085,3574146,3921848,10350436,9533670,9247887,9542247,4061568,4376754,4155741,3753840,9602038,9828097,9604721,9480309,4194609,3831155,4107426,3661654,7502447,7103599,8873742,7828789,4309658,4049832,3785804,3425933,8531638,8296810,8971711,9453467,4115627,3938668,4137708,3958158,6404265,5628967,5861017,6419945,4088039,3974867,4451897,3729548,5695082,5744726,6075966,5807590,4038533,4186602,3991467,3709109,
193,4330099,4356435,4219771,4392108,4015561,6782190,4594184,3813280,4446652,3939540,4320927,3997184,4360002,4035549,3565211,3919414,4651126,4233185,4078665,4482171,4052293,4366865,4152172,3752319,4453239,4615715,4471115,4496503,4187635,3831268,4102054,3657737,4439055,4186233,4593453,4208857,4301235,4037571,3777588,3427114,4426074,4333580,4567334,4593178,4108051,3934198,4132927,3953954,4718146,3932431,4160413,4664113,4078212,3969545,4447796,3737305,4005112,4061277,4376856,4116600,4040656,4184986,3991234,3709642,
194,4152089,4181236,4061465,4236930,4002741,4366455,2121815,3807931,4263767,3783076,4166771,3845224,4354269,4030767,3559482,3912608,4173639,3791836,3647571,4062386,4045277,4359996,4139328,3743779,4015339,4186260,4043609,4076369,4179158,3820301,4091215,3654379,4171312,3939966,4222233,3861302,4294487,4033003,3770723,3422751,4043124,3985926,4162613,4212308,4100550,3920412,4122834,3951915,4570311,3787566,4012054,4506994,4072185,3964165,4442961,3719659,3856713,3917731,4232526,3975604,4031288,4174258,3982266,3711900,
195,4157179,4175304,4060700,4232327,3990098,2208065,915253,3808336,4259464,3794683,4165798,3848476,4341736,4017618,3550399,3903100,4166552,3788977,3641289,4052744,4044785,4352887,4134610,3737811,4013317,4177502,4042220,4069542,4172123,3815738,4089727,3642403,4173332,3940902,4218325,3857836,4282170,4012671,3757015,3422095,4034661,3976421,4164361,4207619,4087143,3905301,4115058,3956743,4558405,3782814,4010031,4508751,4068908,3959727,4433296,3732736,3852346,3912983,4231333,3976341,4026873,4174054,3981373,3708937,
196,4139006,4160372,4051429,4222484,3978422,1031393,532725,3802250,4243736,3771603,4158517,3838632,4325493,4006721,3539943,3891546,4149954,3771568,3622522,4033218,3938537,4346072,4130588,3731448,3992978,4165375,4033851,4053988,4158526,3802985,4075180,3635687,4160750,3924539,4201686,3843066,4263568,4001644,3744245,3413273,4018827,3959495,4146203,4190432,4079550,3897031,4102948,3943558,4545031,3775164,3998127,4498386,4062430,3948928,4428249,3708208,3845417,3905957,4215086,3966354,4015943,4167150,3970957,3712048,
197,4133561,4153374,4041238,4218776,3959084,553739,424274,3797059,4244306,3771791,4150135,3835917,4313045,3993242,3529484,3874596,4142921,3770766,3620644,4031927,3928667,4333942,4105100,3717889,3985027,4160434,4034167,4046994,4138869,3791222,4055025,3615596,4155599,3924763,4195289,3833383,4248891,3985563,3727626,3407078,4010712,3956618,4143672,4187393,4064435,3883646,4087161,3938089,4541866,3770198,3994511,4490599,4047852,3936942,4418130,3712760,3848009,3898618,4215550,3958907,4002515,4152346,3953692,3704277,
198,4126712,4148038,4033112,4203710,3950127,423516,389665,3781932,4234824,3759753,4142664,3826679,4300039,3977281,3512273,3860996,4135375,3759224,3608443,4023719,3908734,4309395,4087427,3696529,3976914,4154723,4029358,4040920,4118668,3773219,4037912,3598228,4150367,3912684,4190313,3827177,4224032,3971774,3715236,3400776,4005193,3951248,4136918,4181407,4039222,3859752,4066785,3923468,4525466,3756912,3985490,4480048,4027897,3915773,4400889,3696075,3834646,3887816,4207093,3952971,3979665,4133219,3937562,3699312,
199,4121884,4138497,4031671,4193032,3936066,389468,369250,3774337,4232125,3755865,4135495,3821661,4274924,3962484,3499150,3849261,4120797,3751438,3604600,4009111,3929864,4288707,4069921,3682046,3969861,4139242,4023413,4031190,4098654,3753295,4017407,3584327,4141356,3907654,4182843,3824835,4207060,3955713,3702791,3387416,4000656,3940574,4134692,4169486,4027969,3845264,4052970,3911616,4506628,3747472,3975775,4473520,4009530,3904364,4374774,3677208,3825362,3873765,4196548,3934147,3964048,4111943,3916979,3686907,
200,4113185,4133194,4014451,4180467,3917525,370111,351376,3764198,4216118,3755036,4126798,3814018,4257187,3946885,3486281,3834520,4110728,3742395,3593962,4004694,3967596,4271787,4051062,3666708,3955893,4135449,4011078,4016301,4078526,3740740,3995504,3566253,4134576,3898218,4175216,3823910,4190704,3930235,3689604,3380167,3994351,3932986,4121237,4163665,4006850,3830168,4035606,3902659,4483292,3731329,3963544,4458979,3991902,3887698,4355658,3675767,3811674,3862370,4180319,3926980,3947606,4097712,3901583,3673333,
201,4106647,4120199,4003001,4163441,3902257,351508,331882,3751453,4208850,3749940,4115660,3802491,4241683,3933722,3477520,3819072,4100662,3733725,3578686,3996304,3951343,4250181,4032024,3648871,3946639,4120757,4005083,4000657,4063481,3720171,3977524,3548786,4123093,3886525,4164711,3818079,4168357,3923045,3668709,3375164,3976798,3925126,4109342,4150197,3989519,3801928,4018926,3892080,4471534,3724019,3947565,4449930,3976997,3874459,4338512,3659457,3792834,3840961,4167012,3909623,3933316,4080515,3883576,3666599,
202,4096843,4100279,3982986,4142406,3884570,330400,309437,3746095,4191946,3736400,4098427,3790574,4209353,3911963,3454012,3798018,4080090,3717229,3566180,3981630,3913472,4229430,4010947,3629845,3931809,4101804,3990619,3983179,4031374,3699706,3948267,3522266,4107595,3869983,4148259,3799423,4140401,3893881,3643637,3365384,3964377,3904278,4096005,4136266,3976919,3764858,3999284,3881881,4445135,3708070,3926268,4421892,3959885,3854131,4311405,3647250,3774303,3829342,4148868,3892890,3914855,4055782,3861606,3653687,
203,4077968,4083705,3968550,4126481,3847597,309101,285795,3734220,4168421,3711836,4079932,3772510,4162304,3881271,3423996,3768637,4066666,3701486,3552772,3970011,3824969,4199677,3981523,3596581,3913820,4088372,3976746,3971016,3982854,3662014,3903588,3465587,4085355,3851848,4130516,3786344,4103976,3843218,3600593,3360711,3946466,3894859,4083519,4116984,3934863,3673132,3973209,3868072,4424011,3692362,3913541,4407157,3937207,3827973,4287829,3632305,3762149,3814031,4132666,3881219,3884088,4038978,3834237,3639252,
204,4059097,4057791,3944291,4100477,3774653,288446,262937,3719156,4144361,3690139,4057588,3750825,4068146,3833616,3356631,3725045,4044700,3690744,3532261,3955020,3794855,4164726,3933247,3555541,3892002,4074881,3956387,3952850,3870267,3583015,3799192,3319645,4068156,3831386,4108576,3765278,4051026,3739084,3511563,3351492,3921222,3873079,4063707,4097930,3895973,3448536,3942869,3851806,4402575,3676592,3893200,4387088,3839290,3800491,4257175,3618031,3749379,3800178,4114869,3863769,3845833,4013923,3791415,3633032,
205,4045498,4042292,3928621,4081871,3553988,262312,233505,3700499,4131083,3672135,4042944,3732263,3759444,3708863,3163540,3596068,4023101,3673665,3517345,3935372,3750176,4072541,3794940,3394829,3872446,4051450,3938806,3932560,3514992,3337630,3464245,2900069,4041940,3813827,4091612,3753665,3907539,3453906,3256738,3335933,3904474,3854923,4040934,4076786,3742307,2864263,3877952,3837173,4364630,3655266,3886190,4367216,3836212,3713561,4185441,3597387,3735519,3774372,4098736,3846588,3729364,3957131,3668036,3616259,
206,4025553,4005917,3896627,4039569,2893915,228287,192009,3665997,4106964,3666615,4015512,3712171,2936038,3278691,2600661,3177342,3978532,3649807,3491192,3914912,3589881,3762881,3344037,2918018,3845116,4032790,3918803,3909404,2639819,2647413,2635509,2029622,4014218,3781169,4069066,3728899,3461984,2728596,2606925,3313766,3881686,3830684,4016442,4049822,3260391,1797690,3683286,3811431,4304985,3625928,3857605,4340339,3594530,3419388,3953767,3522476,3708445,3734645,4082139,3822872,3324932,3769388,3270551,3593136,
207,3996121,3973737,3874191,3992897,1865719,190850,143930,3577576,4081637,3639461,3994692,3685079,1747718,2394060,1673009,2312433,3912713,3630561,3456879,3891450,3148500,3051435,2466358,2062699,3810526,4010183,3897389,3886608,1526800,1653354,1548757,1081765,3985644,3757111,4044158,3708903,2558294,1674753,1630418,3254859,3856041,3807196,3991376,4029106,2339227,846460,3166034,3748656,4205810,3593022,3837385,4312066,2986778,2731676,3351404,3272083,3682349,3667908,4054988,3798069,2504214,3265008,2469909,3553531,
208,3969268,3904872,3816016,3835920,792605,135439,83183,3231217,4047100,3604810,3960910,3642673,671989,1164401,684247,1093366,3715473,3594356,3356527,3853042,2149893,1808154,1255236,976997,3724935,3966073,3866989,3814283,590700,679084,605079,396186,3926196,3680150,4016008,3677027,1267007,659747,653217,3043307,3807258,3738928,3951421,3989412,1129315,305831,2049126,3520818,3946753,3512458,3796323,4250799,1832175,1551260,2132257,2553535,3627547,3476567,4011080,3746800,1309684,2179512,1303727,3393002,
209,3938794,3717452,3690007,3446055,320102,83074,42090,2467610,3994665,3540457,3918084,3543435,279847,457954,260626,418606,3257042,3530508,3114552,3799016,1123637,830885,520621,389547,3703486,3872149,3827903,3651394,257733,276295,258881,183789,3790286,3485004,3973485,3618314,511924,267544,258141,2493899,3676980,3555051,3872634,3913166,452934,174852,995092,2923130,3381830,3333671,3727696,4154275,852765,675716,1024083,1567843,3522460,3079459,3944209,3650983,552978,1109369,557586,2947142,
210,3866722,3113456,3223122,2470952,180687,41918,21934,1354734,3832331,3306475,3776965,3182126,184143,207357,146615,186574,2174454,3330413,2409421,3595648,437189,329815,228251,182525,2811552,3535436,3689685,3077559,174908,164364,169427,137327,3340836,2858150,3830237,3423802,242209,168802,156714,1497933,3223603,2946787,3564090,3625783,211208,150858,375240,1780513,2217735,2772379,3490171,3810447,332444,264356,387041,678388,3173303,2162157,3767148,3352592,236921,425217,241259,2011599,
211,3674957,2134818,2371159,1401085,158048,23180,16628,586666,3417896,2761044,3403921,2464952,169439,162282,130243,147101,1119078,2816713,1475344,3110067,213201,203302,166492,143713,1725638,2810520,3343725,2128353,161010,146120,153702,129395,2513347,1915403,3454614,2915200,189230,153440,140964,674610,2382573,1997536,2884603,2965508,165474,146132,202338,889339,1143059,1895064,2936375,3065207,195378,169970,212460,296171,2486092,1189809,3339271,2723477,169230,210639,171719,1048370,
212,3052016,972166,1185778,550437,153009,17202,14939,286717,2424624,1702367,2490318,1337918,165198,153204,126039,139180,398931,1754297,598877,2047020,161373,179278,153168,136824,742829,1592202,2422946,993794,156974,141843,149438,125994,1322288,863640,2506876,1870726,178540,148903,137761,307368,1227924,908271,1676997,1763113,157926,142602,163767,416963,432122,861725,1840617,1770838,168473,152702,179776,184581,1360243,442932,2333873,1603224,157133,164562,159169,485903,
213,2026199,387126,484697,255839,150782,15010,13845,180613,1305522,783161,1398509,569304,162266,149584,122941,136333,198416,799888,244995,999783,146235,171686,148257,132927,294763,697695,1331062,403535,153748,138318,146585,123986,552304,351473,1389506,900649,173577,146441,134524,174791,513365,366494,740101,797203,153068,140309,152478,226608,235459,343276,876312,790981,159945,148722,171320,143148,568670,206961,1225185,718472,153215,151740,154490,231393,
214,856683,193105,207858,179486,147179,13756,12739,146918,481259,276831,523373,224167,158875,146196,121446,133824,158108,274959,148023,344004,140730,167787,144803,130319,168936,267353,475733,195799,150425,136197,143406,121054,226719,177965,509605,314961,169361,143084,131756,134223,217863,179514,271487,292010,150581,136348,148921,165924,194557,171755,320814,310949,156583,145008,166740,131651,222481,153865,435358,271468,148632,148190,150672,153888,
215,357846,165832,160383,168051,144717,12538,11548,136939,246250,167178,251383,161957,156630,142738,118558,130364,152278,166725,135335,190689,137662,163202,141769,127996,151466,180889,224330,160009,147593,132030,141067,118464,171293,152388,244711,178945,165648,140545,129345,120872,166137,150649,180770,185792,146823,133970,145131,146768,186826,146657,190871,220958,154255,142171,164639,126856,160725,146867,223807,179337,145421,144305,147578,131683,
216,199829,159329,149212,164280,141742,11633,10625,132546,181717,144063,174846,148339,152128,139963,116312,127269,149318,144191,131802,159613,134717,159939,138844,125404,147908,160665,167137,150924,144285,129511,137501,115290,160231,144737,176669,149642,161994,137715,126332,116510,155293,142307,163898,161708,144124,130671,142807,140755,182523,139813,159372,201347,150469,138594,160374,124636,146526,143888,174486,157058,143297,141660,144997,124953,
217,165461,155752,146692,161296,138666,10495,9533,130038,165486,138752,157403,144616,148805,137604,113719,124861,146023,139582,129021,153582,131526,156938,136207,122740,143604,155016,156163,147843,140522,126934,134254,113357,155178,141104,162753,144008,159010,134334,123445,114605,151387,139284,158535,154924,140412,127919,139898,136896,179129,135824,150881,196574,147832,136688,157122,123060,143104,140737,165656,152591,139977,139215,142126,121227,
218,155786,153309,142129,156812,134984,9474,8344,128214,158602,135716,151656,141747,145811,134194,111061,122391,142714,135876,125667,149125,128936,153524,133247,120100,140944,150819,151238,143829,137285,124083,131003,110608,151859,138818,157338,140832,155171,131244,120357,112878,146861,135530,155230,152461,138113,125454,136749,134240,174145,132886,147156,192689,145761,133395,154014,120754,138963,137191,160575,148322,137107,135939,138930,119062,
219,152020,149507,139885,154384,132677,8316,7280,124502,154965,132384,148580,139485,142360,131301,108027,119443,140007,133784,123238,146020,126192,149477,129911,116725,138893,148750,149647,140735,134341,121011,128285,107830,148478,135632,153918,137892,152216,127880,117251,110441,144162,132917,151573,148996,134906,121523,133587,131975,170308,130192,143871,187464,141914,130482,150730,117437,136442,134119,157397,146039,134839,132602,135934,116928,
220,148516,146378,136140,150536,128843,7175,6059,123643,151885,129770,145339,136035,139278,128902,106046,116964,135895,130615,120069,143225,123814,146466,127361,114886,135330,144946,145873,137606,131322,118250,125074,105686,145565,132621,150721,135763,148404,124872,115481,109046,141143,129731,148540,146050,132656,118768,130620,130583,167759,127421,139912,184476,139250,128371,147738,115740,133893,130434,152847,142051,131178,129656,133810,115168,
221,146419,143553,133531,147527,126514,5935,4821,121437,149321,127270,142008,133065,135649,125576,103368,114365,132990,127546,118119,140213,120947,142564,124346,111737,131968,141858,143489,134712,127893,115911,122078,102574,142690,129741,146986,132160,144594,122456,112307,107147,138250,127684,145535,142597,129156,116110,127972,127079,163746,124836,137969,181004,136602,125399,144429,112907,131151,129062,150399,139773,128525,127732,130383,113586,
222,143217,140027,130078,143832,123368,4610,3411,119516,145737,124810,139674,130566,131756,122532,99942,110987,130233,124657,115212,137408,117800,139025,121154,108572,128146,138446,139320,130895,124576,112402,118317,100036,139015,126880,144443,129928,140808,118279,108521,104382,135505,124890,142211,139002,125173,112388,124394,124790,159556,122195,134396,176605,133253,122164,140658,111029,127055,125409,146491,135597,124937,123832,127174,110316,
223,140055,136706,127683,140808,120052,3508,2374,116984,142645,121488,136200,127174,128062,119740,97720,108314,126222,122156,112562,134388,115369,135563,117424,105997,125642,135147,137418,129150,121366,109352,114699,96055,136428,124850,141652,127180,136752,114842,106138,102917,133474,122155,139860,137687,121964,108506,121100,122242,155472,119099,132787,173736,129682,118546,136282,108364,125682,122337,143718,132993,121604,120837,124197,108501,
224,135564,132014,123077,136385,113668,1944,1336,113269,137890,118506,133143,123641,121347,113790,92897,103259,122393,118655,108963,130233,110175,129669,112573,100759,121947,132046,132942,124181,114753,103757,108549,91559,131960,120222,137520,123490,130384,109199,100351,99608,127880,117960,135260,132331,116830,102136,115835,118164,149988,115206,127405,168210,124514,114037,131187,104564,121152,118214,139925,129702,115316,115530,118143,105018,
225,132720,128804,120590,132843,110299,1412,1140,110765,135303,115007,128947,120459,116377,110746,89141,99208,118883,115957,106189,127495,106834,125572,108305,97894,118588,128695,129733,120956,110372,99989,104825,87607,129354,117992,134171,120995,126277,104277,96365,97317,125624,114794,131623,128251,112491,98318,112301,116650,146133,112349,124864,164651,121290,110376,126840,102239,118230,115635,136550,126225,112585,112270,114920,102702,
226,129699,125502,117086,128367,105926,1154,1060,108283,131433,112397,126023,116970,112518,106595,85217,95124,115056,113213,103363,123824,103136,121434,103890,93853,114987,125450,126469,118146,105944,95577,100202,83925,125342,114150,130634,117515,121211,100326,92403,94699,121813,112048,128797,124275,108090,94108,108663,113157,141527,108890,121610,161402,117674,106222,121377,98537,115520,111392,132186,122622,108524,108869,110736,100141,
227,126719,121365,114023,125472,101840,1093,1027,105065,128616,109660,123193,114256,107755,102012,81447,91086,112015,109459,100428,120985,99284,116133,100079,90205,111653,122303,124222,115354,101196,91574,95287,79936,122128,111691,127718,113905,115895,95594,88862,92907,118869,109171,125536,121062,103900,89764,104606,110495,137389,105491,119192,157547,113313,102007,117435,96355,112509,108804,129989,120153,104403,104614,106489,98274,
228,123221,117767,109839,121110,97234,970,915,103022,125807,106191,119095,110934,102643,98541,77606,87866,106325,107459,96661,116840,95511,112278,96086,86634,108064,119135,120608,111851,96623,87554,91274,76023,118013,107590,124831,110883,111151,90881,84253,90710,115519,104905,121558,117497,100003,84622,101426,107823,132500,101906,115509,153618,109497,98546,113259,93743,108696,103946,126080,116234,99530,100648,102533,95689,
229,119715,113642,106536,116404,92849,949,902,99652,121430,102645,115908,107351,97518,93524,73453,83635,102743,103553,93162,113995,91759,107111,91294,82439,103697,115756,116744,107882,90917,82363,85729,71681,114275,104304,121408,108106,104996,85375,79443,87613,111261,102352,118202,114595,95158,78828,96448,104818,127459,99475,112085,148331,105415,94504,107558,91497,105689,100341,122284,112939,95578,95776,97991,92424,
230,116031,109510,102240,111325,86990,888,852,96053,117964,98392,112753,102764,90391,87961,67726,78353,97047,99682,89062,109569,87291,101126,85527,76939,99667,111542,113904,104075,84107,76777,78855,64975,109170,99792,117343,103459,99505,79019,73261,85134,107111,98081,112984,109727,89172,71232,91526,101259,121323,94628,107834,142961,100634,89001,102107,87485,101254,95351,117831,109009,90605,91403,93072,89137,
231,112705,105386,98079,107592,80943,865,837,93536,114709,95546,108776,99653,82824,82971,61459,72860,92317,96557,85697,106229,82506,95944,80106,71532,95620,107898,109585,99573,77238,70256,71461,57422,105090,95766,113164,100166,93179,71603,66534,82327,102682,94781,109520,105964,83259,61573,86536,98202,115345,90903,105074,138744,96165,83999,95509,84375,97712,91176,113556,105693,85450,86181,87832,86937,
232,108916,100812,93805,102406,72374,872,822,89694,110227,91334,105037,95631,73407,76934,52921,66980,87046,93098,81236,101632,77212,88987,73367,65197,91064,103419,106313,95327,65987,61484,60212,46255,100440,91286,109400,96921,85210,61334,56755,79193,98129,91091,105652,101598,75763,47515,81636,94120,109739,86435,100466,133224,89912,78675,89015,80766,93900,86769,108957,101119,79008,80446,81706,83299,
233,105450,95956,89750,97340,61478,726,682,85715,106032,87335,100870,90670,58912,69309,39912,57285,81577,88789,77212,97743,71299,80813,64758,55807,86752,99154,102461,91079,51225,48177,45202,31962,96036,87417,105327,92980,75211,46039,42799,76170,93796,86955,101149,97396,65377,30850,74606,90722,102690,82529,96300,127588,83362,71589,81230,76834,89234,81766,104692,96471,70202,74702,74113,79926,
234,100110,89388,84386,90438,45234,701,659,81740,101443,82514,96747,85394,38586,55424,24089,42930,73801,84787,71875,92657,64253,68636,51277,41837,81240,94677,97188,86020,31929,30134,26787,17531,90212,82061,100601,88099,58716,27685,26019,72587,88216,81261,95092,91627,49403,16113,66005,86217,93583,76581,92027,120775,73282,59861,67823,71996,84072,74553,98548,91930,57863,65131,61803,75920,
235,95600,83634,78930,83549,27657,631,594,77255,97012,77773,91874,80358,21180,39263,12320,26727,64322,79187,66006,87802,52945,52331,34438,26008,74844,89620,93140,80517,17246,17136,14214,9344,83771,76990,95831,83746,39643,14202,13329,68704,83432,77010,90244,86998,32145,8720,53951,81777,82850,71155,87088,115237,59067,44405,50908,67599,78610,66490,94133,87016,41407,52691,46069,72512,
236,89919,74917,72351,72757,15364,606,562,73153,92260,71654,86392,74265,11630,23975,6917,14392,47905,73950,56474,81445,39313,35469,20723,14352,66423,83468,87073,73883,9723,9417,8067,5780,76049,69509,89396,78095,23390,8057,7614,64685,76340,69634,83466,81050,18490,6223,39178,77815,64820,62390,81857,106300,42630,29382,33418,61912,71500,53724,88026,80367,25994,38389,29887,67784,
237,84897,64704,63499,57966,8653,623,586,67161,86726,65064,80838,66628,7355,12427,4972,7656,30488,68854,45318,75193,23953,19659,10839,7896,54798,77584,82123,66222,6673,6295,6167,4745,66770,60325,84333,71080,12299,6041,5590,59820,66812,61505,76113,73745,9759,5321,23315,71238,44034,52309,75806,96669,25240,15630,18113,52418,62331,37736,80064,73789,14068,22624,15898,62389,
238,77856,46708,49065,38664,6321,489,472,57798,79456,54138,73505,52762,6297,7101,4543,5538,14576,58993,28368,64884,12065,10610,6784,5418,36142,68185,74410,53228,5796,5314,5344,4434,50354,44227,76502,61894,8209,5445,4893,51082,52837,48096,63851,63503,6472,4929,11949,63418,23100,35147,67118,79672,13136,8396,9540,38763,44900,20331,69522,63544,8152,11476,8903,54249,
239,70472,29156,33030,22207,5550,541,531,46021,71909,39890,65056,37483,5970,5823,4371,4753,7924,46850,15985,51611,7211,7458,5659,4904,20543,55896,65390,37735,5629,4985,5156,4193,32760,28603,66731,48925,6822,5146,4707,39841,36941,32766,48797,49826,5728,4999,7256,51833,12507,20199,56265,58273,8520,6201,6984,24710,28057,10658,55503,49385,6125,6875,6496,42906,
240,56497,13701,16916,11166,5414,518,506,29455,59273,22133,50601,19716,5771,5502,4157,4508,5626,28829,7883,32245,5446,6219,5164,4691,9574,36622,49527,20693,5342,4800,4936,4069,16460,14107,50608,30461,6445,4951,4596,24672,19869,16515,28236,30932,5435,4658,5577,35762,8324,9568,38514,32233,6958,5441,6094,12812,13554,6368,33837,30161,5567,5363,5726,28049,
241,41119,8211,9058,7477,5306,482,470,17128,44017,11609,35091,10642,5565,5139,3942,4369,5346,15854,5537,18158,4942,6000,5089,4474,6468,21527,33303,11238,5113,4724,4756,3954,9473,7737,34227,17105,6327,4836,4502,13843,11056,9162,15086,17208,5376,4624,5230,21588,7599,6335,23293,17750,6552,5387,5979,7294,7849,5500,18872,16618,5451,5075,5489,16301,
242,22348,6262,5870,6406,5030,508,503,9375,24723,6568,18410,6448,5303,5110,3958,4298,4982,7767,4730,8954,4764,5738,4771,4341,5294,10635,17065,6827,5026,4415,4600,3771,6501,5645,17332,8595,6023,4607,4304,7592,6805,5794,8094,8828,5052,4408,5001,11862,7246,5222,11336,10855,6357,4920,5820,5273,6085,5138,9600,8650,5189,4834,5400,8722,
243,11980,5772,5325,6038,4855,474,467,6485,13623,5405,10471,5613,5326,4858,3697,4107,4958,5709,4585,6317,4566,5643,4590,4118,5114,6916,9516,5741,4863,4372,4383,3674,5774,5215,9752,6029,5790,4490,4160,5279,5735,5096,6241,6263,5033,4146,4832,7513,6923,4861,7115,9736,6022,4984,5489,4643,5735,4923,6891,6420,5001,4603,5143,5630,
244,7188,5539,5089,5912,4750,479,469,5252,8016,4816,6586,5315,5025,4633,3512,4002,4663,4977,4410,5622,4604,5439,4483,4020,4940,5815,6391,5290,4711,4123,4484,3543,5481,4887,6761,5271,5638,4179,4008,4574,5397,4677,5926,5585,4862,3930,4665,5803,6711,4682,5884,9000,6010,4730,5397,4314,5412,4834,5979,5812,4918,4613,5066,4612,
245,5995,5288,4797,5732,4669,450,443,4853,6197,4703,5599,4888,4845,4529,3501,3944,4609,4861,4233,5340,4384,5337,4296,3873,4852,5477,5721,5052,4422,3923,4071,3494,5394,4708,5884,5170,5542,4096,3847,4185,5237,4707,5613,5240,4743,3944,4613,5005,6405,4544,5457,8805,5849,4512,5257,4224,5229,4561,5803,5562,4729,4398,4869,4190,
246,5552,5146,4577,5459,4472,474,466,4519,5688,4575,5215,4945,4751,4228,3239,3646,4287,4678,4115,5231,4258,4965,4184,3728,4757,5261,5427,4823,4223,3946,3915,3203,5108,4721,5657,4915,5211,3875,3673,3945,5077,4400,5449,5151,4456,3860,4328,4801,6203,4434,5124,8676,5652,4393,5037,4073,5077,4373,5606,5360,4570,4247,4737,3970,
247,5292,5003,4422,5319,4288,413,403,4294,5369,4366,5077,4900,4500,4392,3242,3634,4472,4464,3911,5018,3980,4814,4010,3744,4396,5033,5296,4661,4115,3772,3756,3118,4970,4469,5329,4739,5041,3806,3562,3781,4790,4158,5192,4731,4226,3731,4175,4524,5944,4229,4871,8230,5644,4288,4859,3897,5030,4255,5286,5004,4335,4123,4610,3952,
248,5090,4952,4350,5102,4123,433,424,4125,5224,4179,4899,4525,4207,4111,3080,3444,4182,4311,3664,4989,3965,4748,3822,3527,4252,4948,5186,4437,3993,3635,3819,3016,4806,4318,5126,4585,4776,3517,3380,3748,4779,4195,5026,4799,4140,3453,4007,4400,5605,4111,4836,8082,5361,4171,4802,3624,4810,4000,5250,4979,4121,3878,4406,3756,
249,4983,4601,4234,4906,3902,399,394,4088,5102,4091,4745,4475,4274,3843,2957,3242,3919,4267,3785,4753,3782,4487,3732,3414,3532,4689,4959,4185,3818,3420,3458,2843,4432,4261,5101,4475,4576,3505,3260,3640,4565,4030,4856,4507,3814,3287,3968,4157,5571,4011,4681,7804,5227,4011,4533,3609,4766,3949,5074,4653,4046,3825,4114,3655,
250,4854,4466,4118,4777,3739,413,409,3972,4748,4029,4529,4361,3796,3766,2785,3149,3683,3964,3453,4423,3639,4308,3424,3129,3947,4505,4827,4249,3656,3265,3230,2730,4498,4106,4930,4278,4552,3230,3149,3438,4433,3829,4689,4207,3746,3031,3639,4216,5477,3775,4388,7538,4978,3811,4218,3528,4518,3910,4904,4500,4001,3682,4140,3485,
251,4758,4337,3905,4708,3580,425,420,3917,4771,3803,4414,4182,3869,3672,2668,3096,3578,3920,3391,4360,3518,4184,3350,2917,3867,4458,4544,3996,3447,3096,3206,2535,4397,3876,4578,4235,4148,3056,2941,3355,4244,3696,4541,4104,3592,2936,3492,3937,5049,3741,4236,7367,4763,3646,4180,3498,4379,3516,4760,4370,3683,3474,3846,3388,
252,4430,3997,3722,4413,3390,364,356,3749,4663,3656,4348,3962,3566,3485,2506,2908,3346,3731,3268,4177,3327,4105,3192,2913,3760,4207,4431,3832,3252,2937,2863,2430,4102,3706,4546,3933,3952,2806,2827,3347,4050,3530,4331,4003,3413,2755,3410,3907,4903,3547,4211,7010,4562,3461,4031,3370,4081,3460,4557,4294,3607,3409,3694,3333,
253,4328,3918,3596,4259,3263,376,373,3669,4371,3441,4053,3696,3377,3293,2412,2774,3264,3583,3108,4005,3293,3773,3036,2758,3534,4249,4160,3650,3060,2831,2856,2212,3970,3547,4362,3709,3786,2795,2650,3267,3852,3564,4239,3860,3158,2574,3342,3819,4622,3339,4055,6922,4490,3283,3841,3208,3992,3331,4158,4025,3364,3217,3493,3241,
254,4134,3681,3509,3937,3155,406,401,3551,4089,3353,3924,3659,3127,3152,2213,2602,3143,3487,2896,3871,3018,3452,2882,2633,3309,3993,4115,3492,2870,2662,2693,2151,3728,3399,4101,3622,3495,2456,2384,3125,3706,3315,4038,3622,3016,2379,3111,3575,4343,3139,3819,6646,4206,3148,3465,3064,3884,3169,4076,3988,3230,3152,3343,3139,
255,3958,3589,3407,3867,2893,421,414,3389,4116,3351,3726,3373,2945,3035,2051,2398,2920,3304,2795,3728,2989,3409,2662,2473,3253,3772,3954,3413,2682,2395,2440,1964,3520,3236,4001,3564,3407,2294,2229,3080,3580,3186,3862,3505,2947,2241,2823,3501,4061,2992,3742,6340,3948,2896,3402,2971,3756,3061,4135,3793,3068,2814,3267,3023,
256,3908,3456,3192,3628,2577,338,332,3184,4043,3049,3675,3378,2526,2650,1811,2193,2843,3329,2710,3499,2609,3003,2369,2186,3052,3659,3876,3316,2315,2122,2134,1689,3377,3059,3772,3347,2890,2115,1999,2822,3444,3058,3797,3339,2542,1881,2622,3305,4054,2910,3641,6113,3785,2742,2918,2840,3579,2813,3770,3698,2593,2555,2807,2765,
257,3679,3327,3039,3390,2321,383,378,3042,3757,2990,3599,3178,2329,2444,1669,1998,2555,2998,2596,3419,2435,2872,2277,2013,3074,3503,3700,3102,2191,1875,1941,1490,3249,2940,3776,3277,2711,1935,1660,2701,3348,2965,3479,3213,2393,1536,2570,3127,3765,2803,3516,5795,3574,2553,2841,2590,3381,2607,3558,3469,2544,2450,2779,2698,
258,3425,3109,2864,3341,2107,362,354,3005,3698,2836,3325,2949,2059,2265,1398,1797,2349,2942,2401,3128,2378,2648,2065,1751,2672,3240,3667,3010,1905,1750,1629,1241,3040,2753,3551,3091,2484,1532,1447,2500,3058,2803,3357,3071,2121,1317,2304,3094,3388,2567,3194,5660,3286,2361,2529,2506,3240,2420,3451,3249,2340,2241,2434,2580,
259,3285,2950,2720,3130,1857,376,364,2830,3473,2775,3138,2886,1770,2046,1060,1531,2208,2860,2239,3075,2175,2315,1884,1642,2547,3150,3355,2754,1514,1494,1374,1029,2950,2661,3409,2922,2204,1254,1297,2540,2879,2598,3175,2862,1873,1046,2150,2893,3241,2424,3055,5499,3027,2105,2270,2333,3064,2327,3225,3166,2125,2021,2266,2464,
260,3194,2744,2386,2773,1577,347,344,2554,3294,2535,2962,2712,1486,1873,879,1363,1979,2609,2027,2845,2043,2075,1593,1417,2329,3014,3191,2552,1208,1185,977,799,2788,2551,3201,2727,1916,937,987,2421,2750,2455,2912,2723,1620,753,1869,2708,2974,2287,2897,5204,2937,1904,2072,2234,2836,2047,3040,2992,1910,1816,2067,2397,
261,3022,2449,2319,2683,1293,368,360,2509,3212,2352,2881,2492,1150,1542,605,1093,1704,2513,1873,2758,1801,1852,1332,1091,2263,2840,2962,2525,926,865,746,607,2518,2269,3060,2615,1587,657,708,2288,2643,2323,2827,2453,1350,549,1791,2679,2625,2063,2842,4782,2654,1686,1721,2177,2603,1804,2831,2801,1616,1653,1769,2153,
262,2858,2212,2224,2384,896,362,354,2468,2882,2118,2663,2337,809,1246,549,763,1405,2353,1695,2452,1451,1474,1043,871,1971,2557,2904,2237,706,669,569,476,2239,2105,2765,2368,1166,455,577,2074,2340,2127,2612,2319,977,486,1457,2481,2234,1914,2645,4435,2259,1358,1423,2026,2483,1649,2648,2613,1278,1372,1380,2025,
263,2696,2067,1976,2121,714,352,348,2349,2708,1917,2546,2033,631,885,455,589,1075,2059,1554,2409,1257,1161,770,585,1760,2540,2663,2165,564,547,521,439,2025,1889,2777,2276,861,437,478,2001,2148,1985,2409,2190,703,457,1161,2319,1743,1692,2469,4173,1859,1021,1071,1828,2169,1311,2428,2431,981,1139,1057,2031,
264,2436,1855,1746,1841,530,340,331,2135,2639,1802,2363,1956,600,672,442,506,818,1962,1251,2012,918,827,605,544,1441,2255,2478,1985,484,556,482,427,1769,1742,2479,2076,634,399,449,1895,1912,1765,2162,2071,566,460,931,2188,1239,1365,2237,3906,1379,741,759,1736,1874,1063,2194,2216,744,851,796,1839,
265,2337,1530,1425,1524,504,299,295,1917,2393,1568,2132,1681,508,577,491,461,585,1751,1003,1855,683,650,520,482,1160,2082,2269,1682,526,449,468,417,1585,1468,2280,1807,535,386,469,1680,1697,1554,1974,1799,492,423,653,2059,1085,1118,2120,3398,1001,625,631,1523,1474,750,1971,1955,548,628,594,1745,
266,2065,1135,1173,1012,473,317,316,1770,2289,1258,1982,1367,547,552,420,426,473,1540,690,1672,556,492,511,414,838,1852,2077,1361,451,433,480,448,1170,1104,2030,1554,535,406,429,1486,1355,1244,1598,1510,473,424,534,1849,666,749,1878,2812,789,528,570,1229,1007,563,1609,1701,489,495,531,1495,
267,1852,840,867,785,465,298,295,1570,2020,959,1773,1011,571,505,416,434,487,1207,565,1346,510,507,474,405,632,1605,1818,1115,470,429,447,405,877,783,1763,1272,484,386,443,1294,1048,917,1264,1177,507,403,495,1581,604,625,1610,2038,643,579,542,1027,802,501,1370,1369,459,439,453,1309,
268,1494,604,667,680,471,315,308,1394,1845,707,1442,742,522,517,360,454,501,897,460,917,506,472,413,437,569,1317,1503,810,435,455,408,400,624,612,1501,942,472,374,435,1102,765,693,919,857,432,433,489,1390,589,525,1296,1426,634,505,512,809,629,465,930,1000,498,411,508,1135,
269,1279,534,517,617,471,304,301,1094,1539,519,1175,600,531,483,442,395,451,676,460,709,424,457,446,436,469,996,1230,633,452,423,437,435,579,478,1116,704,462,361,407,875,611,530,693,654,453,392,450,1077,558,470,979,998,617,502,493,673,498,420,685,733,486,425,463,884,
270,932,480,470,551,446,291,286,850,1162,476,899,506,520,469,418,389,409,518,425,533,457,455,430,442,505,723,897,536,451,458,409,390,482,467,866,507,444,373,421,656,528,462,510,510,416,390,449,925,547,464,665,815,598,485,512,523,517,468,511,570,465,366,440,637,
271,668,498,502,546,426,337,329,656,849,439,660,469,501,451,417,384,436,485,426,460,419,453,412,388,457,604,698,535,409,428,412,399,462,427,632,453,430,353,421,544,503,446,466,413,394,374,397,633,548,443,599,810,597,473,518,478,500,456,481,500,411,376,416,537,
272,548,448,450,536,453,328,326,498,633,426,541,472,500,419,409,440,397,456,412,475,421,438,423,401,423,526,523,497,465,463,431,377,498,462,507,422,422,351,384,480,473,419,484,369,433,369,434,526,473,453,544,785,639,454,467,472,469,420,478,502,457,374,386,462,
273,493,467,475,489,413,319,315,517,526,442,509,494,457,406,358,409,414,430,398,458,451,445,421,403,463,503,514,457,399,380,413,385,481,419,490,450,434,295,406,418,483,403,465,390,425,369,424,513,471,445,467,759,554,442,481,473,465,415,493,453,446,381,410,451,
274,461,451,481,529,417,301,294,402,476,400,406,470,484,396,373,383,435,441,404,492,391,398,447,382,396,487,499,498,394,350,367,339,463,389,439,390,446,316,395,437,454,445,466,367,409,356,404,438,497,424,489,778,576,453,483,416,443,379,463,427,428,368,425,429,
275,462,446,448,448,357,294,289,428,421,425,478,464,461,402,370,372,377,395,371,434,367,420,393,377,394,459,469,451,387,352,334,367,468,418,451,442,382,324,362,452,450,400,432,372,359,328,367,405,516,435,457,768,542,425,448,409,450,380,425,429,421,351,371,453,
276,461,433,433,472,375,262,258,449,396,382,428,435,464,403,354,389,378,422,384,432,391,404,403,355,418,468,482,457,374,351,403,348,407,437,439,446,375,313,359,405,453,403,432,340,399,338,401,415,456,407,478,729,546,440,450,429,473,378,395,440,380,371,403,439,
277,469,453,394,467,375,300,298,424,448,419,418,428,459,378,351,370,366,395,374,445,375,387,412,378,390,449,454,422,336,356,374,297,413,420,471,425,397,284,356,434,458,412,446,337,377,358,368,443,501,406,468,712,516,393,463,396,433,380,389,429,400,375,388,418,
278,460,437,435,476,384,300,300,407,409,369,410,434,441,367,329,374,364,363,367,398,391,382,366,328,414,464,453,403,363,356,344,343,429,386,400,420,369,258,317,448,436,434,430,358,387,314,365,424,428,414,439,711,528,419,442,378,385,367,464,432,379,347,351,406,
279,418,410,417,436,345,288,281,384,390,353,425,451,424,373,361,329,339,429,347,418,409,360,411,337,384,451,473,448,333,337,346,318,394,387,420,447,378,288,331,399,439,408,429,326,353,290,343,396,441,393,389,697,519,393,370,422,382,360,421,391,366,317,366,420,
280,431,389,401,446,312,254,252,432,392,373,395,412,405,402,301,344,351,344,340,405,388,370,335,355,369,456,435,470,351,330,316,337,396,336,432,364,351,245,336,404,418,356,364,328,363,288,401,355,392,378,436,679,551,412,422,400,388,377,386,390,348,319,341,386,
281,416,428,358,396,333,277,272,439,358,359,366,395,398,335,324,328,351,381,333,397,391,370,367,311,396,416,434,384,332,340,320,306,420,362,399,427,336,273,336,401,400,318,377,318,325,313,348,377,363,377,454,679,496,384,396,391,399,341,395,381,348,345,333,412,
282,388,335,351,412,307,280,276,399,424,376,386,409,420,365,298,311,320,381,329,375,362,345,353,308,348,420,442,432,365,335,332,300,394,360,353,309,328,258,327,360,376,363,374,300,322,280,323,354,396,414,402,643,480,379,394,403,385,327,357,372,347,338,332,385,
283,402,396,355,418,314,249,247,359,358,333,390,360,379,382,273,287,330,343,320,380,354,316,307,294,356,442,463,412,318,331,296,307,374,348,372,355,314,221,300,411,367,342,403,288,331,309,318,387,406,371,428,595,468,381,370,365,383,318,351,390,339,286,318,381,
284,398,385,357,443,295,268,261,375,393,364,393,392,353,323,288,305,301,317,305,352,334,321,329,282,363,391,404,398,311,306,314,300,367,326,398,372,302,280,301,395,356,333,376,273,316,284,296,311,343,314,384,595,459,336,335,393,333,302,348,374,319,295,313,384,
285,379,351,354,402,326,292,287,355,360,344,381,395,362,339,270,298,298,345,308,358,317,300,330,311,359,381,412,369,307,278,308,261,359,312,331,315,307,225,263,341,334,343,389,302,306,271,347,366,351,320,392,600,445,331,356,361,344,269,331,363,337,319,300,367,
286,344,351,318,373,325,259,255,384,350,281,353,368,336,312,290,318,281,317,280,356,318,304,298,265,327,354,427,390,307,284,269,282,354,366,368,345,282,192,277,353,356,332,353,305,292,243,289,362,357,323,397,572,457,333,347,374,348,295,388,371,337,258,298,359,
287,317,333,339,332,289,232,227,364,304,330,365,339,302,315,239,287,317,304,279,313,315,284,306,265,327,414,414,365,275,292,257,245,327,340,323,326,235,213,262,406,323,312,356,274,253,247,310,365,310,325,358,538,396,355,341,334,318,276,359,319,316,284,295,349,
288,372,362,321,339,254,253,249,352,330,317,340,322,294,294,241,252,243,304,312,327,320,248,287,257,314,401,376,312,252,239,254,275,271,282,347,313,285,204,253,359,334,295,330,267,268,233,269,318,301,317,359,581,377,309,303,322,328,302,367,321,296,242,277,336,
289,336,322,283,328,248,238,237,333,344,324,349,316,279,288,242,246,271,302,259,341,279,229,251,263,331,345,386,343,290,245,289,277,305,308,352,312,251,203,265,380,311,281,305,249,226,228,241,319,305,277,323,507,350,307,313,311,277,249,304,310,278,265,236,347,
290,338,334,302,303,239,240,236,321,316,280,310,346,310,285,272,239,265,295,266,306,301,239,248,259,299,335,349,343,262,235,265,256,333,296,336,292,244,198,254,297,314,315,312,249,244,244,229,313,301,284,339,482,336,281,334,329,312,274,300,280,312,246,243,355,
291,331,302,300,308,254,209,203,339,291,297,310,337,278,247,225,261,269,275,312,320,271,229,253,240,274,330,381,339,250,243,274,253,275,282,295,312,219,186,217,334,315,311,298,227,245,232,224,343,255,252,317,449,346,252,264,323,279,268,276,291,252,230,257,322,
292,329,285,284,301,250,221,221,323,287,293,305,299,275,282,260,234,264,265,255,256,279,222,244,241,291,345,357,315,261,250,249,209,291,290,305,279,215,183,254,310,288,274,285,225,248,234,267,303,245,271,339,438,307,282,304,285,249,244,282,287,254,228,229,318,
293,312,285,293,292,216,229,228,308,307,267,303,314,297,249,251,246,260,257,214,259,255,258,273,251,270,319,307,285,248,231,282,253,264,247,317,286,222,201,251,316,257,293,301,220,231,214,240,286,246,239,310,343,314,287,302,282,265,245,258,251,268,231,211,267,
294,318,300,273,279,254,220,219,287,308,255,274,270,272,235,228,227,258,266,206,271,249,225,266,254,285,290,314,315,239,245,261,249,248,249,275,257,216,177,273,295,261,284,269,217,241,237,225,286,257,251,325,357,269,272,283,272,239,216,231,283,234,240,252,324,
295,278,273,255,260,225,224,222,288,276,233,287,250,287,276,236,253,265,267,234,286,248,227,260,233,289,296,319,295,218,234,233,238,231,243,256,255,213,196,269,311,250,261,226,209,216,232,230,263,221,240,277,322,299,272,277,288,253,247,229,266,237,226,235,290,
296,317,283,250,295,243,217,216,315,240,223,271,280,268,243,215,254,277,231,248,238,278,255,257,231,235,320,309,295,243,255,275,232,272,237,259,248,210,169,274,302,271,241,253,212,244,212,227,286,258,237,268,335,297,279,258,294,231,226,246,248,267,192,222,294,
297,273,252,230,298,240,229,228,292,243,242,252,279,276,203,217,230,264,243,263,239,232,205,254,240,255,262,300,296,225,225,237,250,262,273,258,247,205,194,255,271,264,228,268,192,227,218,244,239,260,242,277,326,276,264,253,282,202,231,237,237,235,208,215,277,
298,255,259,282,266,218,221,219,250,238,240,239,251,295,270,226,226,231,248,213,255,261,229,243,250,265,259,291,286,257,234,246,231,276,237,197,232,206,170,249,275,259,260,251,230,244,230,218,258,238,246,247,358,297,269,279,319,226,262,229,232,250,214,237,294,
299,237,272,269,290,242,214,209,277,236,238,260,258,250,232,227,221,247,239,262,256,255,220,232,228,269,288,273,286,227,252,252,206,254,239,228,254,197,169,228,291,279,263,239,194,250,235,239,284,227,282,294,296,293,270,239,279,207,224,240,230,249,206,215,243,
