165,287,265,267,354,928,358,382,2187,299,242,275,1478,883,886,389,488,246,257,242,260,697,694,744,552,256,335,294,331,656,503,571,486,250,262,278,251,818,391,448,1323,272,258,280,221,650,665,698,2049,275,255,305,1219740,931,661,551,2251,226,225,252,278,767,556,906,908,
166,262,331,318,338,1459,413,451,6341,478,273,342,2673,1406,1316,535,790,296,284,281,311,959,1026,1014,744,309,425,353,447,1036,791,937,711,306,315,303,292,1097,659,595,3312,270,314,279,263,947,1062,987,6176,303,290,352,1809839,1270,935,790,6391,233,253,241,298,1153,808,1464,1440,
167,338,352,338,566,2810,492,526,16212,694,285,442,5001,2461,2287,788,1133,312,307,377,330,1708,1771,2027,1271,314,640,470,567,1849,1181,1370,1090,330,354,427,300,1736,904,898,9536,342,346,303,322,1449,1704,1514,15568,343,304,541,2514964,2086,1491,1266,15846,250,285,265,458,2233,1177,3214,3202,
168,432,502,486,779,8259,472,533,34128,1004,299,586,10014,6464,6223,1279,2263,314,397,345,385,4503,4451,5969,3160,408,937,598,826,5090,2622,3500,2596,385,526,645,336,4908,1695,1399,20129,529,588,466,430,3664,5224,3934,28461,503,350,832,3497835,5209,3491,2109,29716,289,333,315,616,6505,2769,9485,9211,
169,585,759,742,1191,21052,550,674,55328,1519,432,905,20587,17820,17930,2928,6788,449,521,566,529,12301,13059,15595,9251,554,1343,853,1199,14647,7875,10166,7865,593,804,1029,551,15083,5087,3796,29909,760,778,684,634,11465,15291,12091,40634,831,489,1072,4799408,14863,10137,5460,45311,378,467,456,872,17089,8314,22323,18915,
170,968,1289,1083,2041,46135,787,1090,68794,3252,782,1484,41385,45323,44919,9610,20868,780,876,915,846,25178,30120,30068,21632,983,2392,1370,2063,32079,20760,25022,19805,919,1229,1625,877,32827,16180,12648,39372,1195,1336,1052,1136,26289,32534,27885,53012,1320,771,1672,6803115,33786,24638,16181,65422,591,830,677,1307,35725,20619,41633,31483,
171,1353,2081,1828,4887,76244,1118,2330,126878,9492,1081,2819,71019,76927,71447,26799,45625,1223,1465,1416,1274,39252,49096,45797,35261,1505,6174,2076,5027,52179,37745,42212,34591,1444,2292,2644,1338,50593,31784,26552,57970,1721,2412,1720,1940,42985,51918,43647,98448,2347,1096,3607,9005800,58078,46632,36121,162304,885,1180,1069,2494,57955,37684,65566,42970,
172,2970,6070,5295,15967,147123,2744,7556,419414,26045,2162,9605,148166,124952,111149,49499,66596,2372,2685,3621,2199,62786,78440,86328,60501,3222,19333,5872,16282,99923,61171,70463,62512,3358,7970,8268,2727,80373,48993,41767,158543,5067,8061,3927,5423,67161,113689,65472,312495,7750,2326,12453,12419015,86247,75286,62918,535358,1373,2942,1854,8037,104175,58560,143777,73645,
173,8445,17354,14869,34761,531369,10265,34352,1552525,44098,6090,23056,309100,420362,377285,85709,142942,6606,7845,10543,6005,188767,230593,314520,204249,9578,43546,15539,36162,370258,178840,229771,223131,9657,20055,21490,7767,266235,118065,91042,624229,14363,21091,10712,14747,203855,460172,193099,1048441,21279,6908,29040,16280408,238809,199188,116049,1561451,3370,8892,4432,20231,354851,141038,518764,246614,
174,25232,42709,36119,65693,2434700,432589,602385,4128923,68240,19342,46449,673214,2386250,2318766,1066693,1139266,23786,27158,32442,19950,1138476,1318616,1608050,1364492,31787,74546,40230,67961,1711143,1095688,1314240,1334124,28049,43386,46979,24270,1678864,1136107,1047289,2265203,37807,47956,31412,38648,1289712,2150868,1455447,2822583,49708,21956,53806,22122408,1387669,1169897,790811,3526792,11823,25447,15509,41097,1717701,965232,2135464,1389189,
175,48448,85546,70725,166572,106398675,94992248,100324544,117781742,174494,40458,86352,1170921,124481079,126912633,179173167,110716569,53889,54860,56775,45712,102593570,104233508,123434421,135419315,61854,121511,71254,118830,99042168,86636275,94648212,111873545,60577,102657,81654,50207,139474943,142127595,146708663,161684762,74290,89166,65028,71231,112176215,158425026,189553116,155288035,96781,43229,89041,27909006,100232423,87405907,95181412,112146736,25702,47819,33951,68627,105208002,94830909,109701587,121958914,
176,129423,374078,310205,841490,294047796,214824394,216709943,273711558,927932,136259,415124,2643981,259714415,270823662,256580408,254630958,110384,99070,150806,92530,215555734,231145376,237495262,271451442,156183,572086,191851,571752,213713811,175875730,181881584,205470371,271631,577273,340198,152317,188797948,180382229,190119560,200751860,316005,449934,186742,215528,215520584,205938066,215380880,207442281,425184,135358,370375,35811230,245417782,210558907,211065130,262381102,52103,154675,72802,242673,237930733,218569510,244478131,207536990,
177,463142,1154016,994580,2069731,320191953,279994157,292847117,346804344,2088998,514730,1206572,5674844,328177683,334780332,282530249,295116186,384353,319813,580977,274884,212727906,267966043,234011285,294984587,579192,1786107,651354,1693971,233865927,200740405,183293621,191726259,877163,1508904,1051693,548931,163532270,157870700,163250448,166008921,1010910,1341550,640880,735590,150839856,167085496,165727833,172689659,1369575,512061,1193894,44025612,312811781,270170886,256517336,312613894,182044,600236,233997,842434,282910388,263013480,258919228,245027789,
178,94840199,92145594,90733292,93546588,357008262,314248361,348839293,418070163,151912060,100229908,87331870,106210330,388906922,389572682,331156567,341773646,120349911,172002582,123458460,93095356,212858994,265978227,220766897,336700217,116434975,101149427,90086690,111447510,243131004,202249042,181458915,189977459,137674150,109377575,96956829,90502852,155293538,154449281,155157844,157323594,94196714,94299970,91069874,104876699,202476258,160022381,160881783,162712663,190576603,141513195,115807918,1335585,364311626,311032509,294195935,345258647,161946150,170882403,114410505,174180547,308462922,286743914,279586853,424976659,
179,154790915,160136217,156948673,158974171,381374139,328770188,381846866,430750074,236564737,176643008,140371580,178038479,441382528,444599934,383354401,373510439,238807335,264007447,208730523,160374739,235722458,233228585,223507490,301563557,197432701,193866418,151260422,207291745,223293962,189415571,183446285,190837835,215843196,190495837,171470616,152114652,156073644,155498142,157186608,159336620,154656471,162574278,157241189,187141749,196851959,161256593,161452471,162520490,284474154,215303837,190603161,185947359,388308531,329628159,299424264,360245670,254043354,263269875,185419962,276501062,325216870,297597059,267294165,251339206,
180,180766664,184321836,179793489,178676802,400781746,329354229,395110344,456325559,220522433,195180629,165923484,178281278,493800502,498987869,464464503,408724827,266458120,266667347,241100696,195370569,208763427,219128555,216270804,271398052,226838070,241798458,191450393,219840975,199308219,141098120,176675279,188619378,217156382,216017205,225594907,189154895,158747530,155474536,157329757,160972854,194262568,203991934,204075671,222892364,182598341,159330184,159642955,160486899,217643646,191783214,185252636,185477133,412624895,341630656,309473867,368641002,219069460,202075140,189903860,174814858,331801934,304180163,271722092,256303036,
181,189914911,185482789,179951390,192739446,422615215,335738457,418968409,476049493,216266586,216432576,187846549,177373895,539039031,548642843,547452324,494900613,298973053,284107793,268808886,215820336,185525667,197837426,211511573,291517831,263793952,270884056,231909955,251372206,191957991,176532570,172769556,182949933,230828408,226703472,276853972,228922046,155581326,153092253,154133040,154491292,231950175,238458862,245138079,252301479,169678335,155190559,155256276,155468607,181523209,171222916,173399240,186940867,407778623,358112415,315548748,376908606,186599030,163902968,173299244,181058105,331243210,311202736,269778005,230388882,
182,191210960,188749669,174198475,172379135,427978236,340117174,451373777,488412482,224719765,211098560,204542279,176952676,533515038,580842786,594022817,557394887,314499261,318162078,313218312,252415213,172198081,168916938,211018400,273510445,318402146,332009298,284485701,298895174,169403620,163494163,157477920,174443427,275833185,250818165,337597806,272039910,152160184,151862640,160432251,161443208,273733631,273094989,295539326,289200101,165835147,153906928,152937200,153207502,166294836,164088528,166181491,188264471,376011204,369274586,315803634,352922319,172306972,166065365,164010699,163008522,316071249,297230455,221483098,238380539,
183,220478533,182061619,177738854,189350180,415034212,349025766,468882331,488695413,230331957,175618246,185951797,178762898,566902585,591834983,607104181,582520438,346062011,354794534,355051683,294418773,163942493,172807491,189128015,246779880,360786845,355108777,313425406,327114270,160495292,161921211,155174265,171803274,308363654,284400688,373593242,301944699,151971982,151972803,152376835,153604457,300169168,297856050,332116762,315355594,156118568,156489068,153063305,154245822,161213384,160739675,163395476,322999304,348507697,361960522,314532447,332807080,155178975,161178808,159090095,156141068,301848491,285197573,220337293,221710900,
184,212808953,196347260,175928466,191734952,414339348,377068634,478143945,495167908,228560318,209995693,205364214,176126680,563889124,599942289,612879347,601873191,315376467,396725260,399671841,331829242,162399180,171939928,183558531,236595731,398144527,398881223,327411297,339792841,158937057,160082692,154372076,168226689,329528860,283673132,507779461,320870210,151650243,151679072,151975469,153300035,316047835,314628418,357419797,333890670,154406873,159993874,152692662,154725324,159050872,159245960,160683584,189167636,340067499,351665139,318844517,335203049,141991338,158193316,158052845,196010045,292187806,311310755,231027696,222602446,
185,211639772,203261641,175056388,169749314,444660590,422938097,473667830,493419465,216238398,179579453,200926439,173320216,564883208,606662115,607819892,614706956,376523862,422687913,435185455,362222433,160646516,174924510,176966977,224355526,427542743,410128150,331058424,341369838,153871784,160816123,153087162,166414862,320469938,277241349,284628212,333510126,151201429,151091629,151391620,152323536,321132344,321387553,368409682,337319324,153932832,160847431,152101622,153735388,158310048,154210480,161519702,187283152,349251397,349167880,322674927,336782685,160657323,160306712,157213668,157768329,288388095,273472271,234517412,232680871,
186,207563063,199371283,177359113,179339189,515156734,456015391,460792075,476496537,217919690,207046941,180553552,176313765,542663528,882826557,568029744,593533767,432724148,441775920,463790859,399806298,153962642,162045535,168299944,208780176,456484373,429916667,338342337,344697034,152095984,155946936,150089981,164021872,318501645,270920294,408435655,335908237,148829102,148488178,148608657,149053559,321833751,323581896,379733382,344012011,150650478,156754983,149579503,150821021,157011926,158301928,158656894,187211763,369771763,353845025,329290380,347605889,153717275,171275941,156225817,156089658,281780884,265875384,228707818,229780519,
187,202281118,202093393,174356451,175918680,322999071,312539135,303681163,310628915,211724167,178502499,170901919,172986479,347443454,351958443,359503534,380907342,469083292,453660677,480491060,430567644,101546850,105970800,108048027,134767593,472872886,448550010,350599002,353882787,101437143,102702839,100221554,109478340,296711512,263385332,414450449,342145925,99270115,99234611,99325132,99301496,318795376,322827499,363649066,344744770,100827052,104442787,99897270,100752385,155044030,156294670,159041743,320104716,259242076,244284379,217217562,238735961,155178015,153838127,154763417,157931773,182914524,170526684,145013870,146912486,
188,197052898,202660020,167425850,176146119,72199824,69995712,67030472,69010876,190225607,191233380,173014711,168771137,75053294,75820290,76913122,81748486,474743581,460468739,486863506,445988861,23588815,24215061,24857109,29065765,484329960,461248901,371452082,371680514,23829025,23673281,23516808,25086995,294938934,252963327,521755483,322337678,23441554,23278783,23188642,23140670,318304906,321375338,352882210,356009007,23656513,24692962,23484982,23709262,153979460,154868939,157964654,184218134,59319808,55257131,48974258,53359235,151977281,153055787,153648180,153261601,39773082,37140082,31222906,31341172,
189,193312996,196101569,169677247,169097446,5315940,4772252,3415881,4928862,194727450,186264564,165970183,154019832,5322793,5169560,4980666,5324102,476294369,453076254,471543195,440410947,3128384,3407743,3285650,3195198,463138439,452082576,385443106,382061224,3288688,3089683,3216001,3015893,283869013,223130780,395689293,309343564,3329675,3189322,3061454,2974064,313745460,316191224,347748129,354591668,3252711,3202947,3250832,3251190,149387807,150254357,148903462,167647132,4785850,4605098,5050950,4392177,148146268,150826145,149011781,149318910,3888678,3783426,3512458,3345838,
190,136167273,140758505,120777791,116797031,2406607,894660,269567,2342089,133337488,124868518,120555576,120475250,2560956,2377691,2093019,2303510,342439824,328648106,332235344,317240215,2289401,2564379,2417913,2189591,333015126,324144802,292769541,285075718,2441894,2248323,2384427,2120793,198770964,187347974,310883260,211042208,2504160,2365343,2233263,2151616,230367814,231952146,247352445,250420570,2417887,2317623,2423290,2416123,106761336,107375917,108958305,147063251,2392055,2332400,2667356,2268391,106700781,105543951,106569529,105477921,2399851,2430588,2418921,2236943,
191,65948006,69386191,59038373,46245383,2399508,270228,112435,2341479,66467458,60245878,56911691,64107772,2550719,2371394,2090981,2297049,171132196,162240462,160741982,156303039,2281907,2552898,2409539,2181393,161419747,159422068,149101966,147066320,2427434,2240062,2368992,2100597,96701343,86576821,135524197,108279694,2497240,2357524,2227510,2150092,115756024,115650570,124437570,132169659,2408964,2301706,2416529,2415846,53384518,53055726,54041445,104409154,2383213,2326386,2663876,2262335,53232815,53557784,53320128,53071242,2391703,2423870,2409039,2231364,
192,5479991,5610199,5000256,5007539,2316752,85213,72623,2327375,5469233,4412944,5017479,17304172,2442900,2317563,2029226,2243674,10837749,9987130,9679852,9773934,2255965,2518970,2341082,2103399,9832300,9971401,9786913,9654952,2288101,2156382,2248280,1901117,6924242,6186005,8879446,7429904,2430947,2248538,2147992,2137009,8282220,8061387,8698874,9309228,2354791,2057463,2386775,2403356,5060858,4652437,4975510,64928784,2350135,2286512,2635461,2244921,4702940,4720177,4950048,4815295,2347043,2393048,2360770,2222904,
193,2530667,2582808,2449963,2535113,2084957,73087,60402,2311403,2644877,2336775,2555166,14911375,2146607,2153082,1843848,2074219,2697369,2500149,2354830,2601560,2199063,2433280,2153262,1898032,2532261,2707714,2637859,2617837,1939069,1931503,1931736,1497242,2610163,2382956,2591450,2452199,2256722,1975880,1950645,2130901,1874465,2510941,2670156,2636693,2185120,1576846,2316202,2393375,2681002,2267410,2578496,60647074,2251562,2119850,2573786,2201587,2310510,2349838,2561358,2439596,2213116,2316837,2215709,2214777,
194,2429126,2482956,2357234,2446809,1474189,58121,41794,2242240,2546578,2243153,2466906,14632814,1422240,1639124,1327617,1552481,2416788,2254458,2108434,2361334,1953726,2104399,1620881,1362998,2290238,2470553,2399922,2375942,1215570,1358706,1246401,823708,2467284,2250096,2386349,2273894,1739492,1332659,1416595,2105124,2354960,2301186,2446779,2399687,1689441,823272,2046658,2356672,2580335,2179732,2495367,56943746,1891007,1796029,2327250,2013501,2224086,2248665,2472366,2358241,1775987,2025463,1774202,2189041,
195,2424368,2490071,2346356,2411129,730773,41333,23314,1994541,2535526,2235603,2458514,14403033,628235,883274,652630,803137,2400979,2249701,2091225,2362227,1417879,1451423,887225,695602,2278511,2460907,2396228,2365479,520274,671599,551898,309376,2454737,2232487,2377914,2264787,957135,607069,712238,1984611,2342861,2286792,2442955,2389246,948589,282775,1445949,2204002,2513604,2157308,2483659,53244764,1220989,1122818,1734483,1544687,2209075,2207366,2463994,2343700,1074818,1415869,1077010,2073566,
196,2413413,2426365,2296186,2278131,260431,24757,10412,1488637,2510939,2215986,2440077,13924850,198916,329298,220699,282473,2302489,2235469,2025628,2345307,781187,745150,351695,253042,2205567,2427369,2383835,2314349,167809,239324,181150,93631,2428279,2153672,2362595,2254335,361785,195661,249618,1661585,2310091,2207527,2421786,2375127,380054,83840,749738,1822473,2319876,2089870,2451777,47994698,575099,504960,982208,921543,2172785,2081306,2441153,2302365,476006,744209,477271,1770252,
197,2389211,2301990,2153814,1964058,73541,10218,3485,762882,2452721,2158855,2391792,13070206,58830,84724,55341,69965,2033491,2197385,1815698,2307208,274347,244935,98654,69409,1987623,2317960,2355476,2132030,54561,67181,55498,35760,2340889,1924183,2319502,2208795,94958,55759,65180,1023228,2187732,1961993,2365739,2300609,104193,37853,238541,1128338,1937830,1931869,2368593,42412908,172811,147273,355073,356983,2084972,1829353,2393117,2209898,139992,248640,143153,1170516,
198,2296008,1886687,1691601,1253093,38021,3578,2050,226622,2205165,1937065,2190296,10891834,38587,37422,28641,32656,1319520,2003922,1231143,2119309,70684,68067,39506,32667,1355353,1876870,2193993,1551227,36007,34270,34140,27480,2007774,1312984,2111071,1991209,42279,33347,32849,367398,1742878,1312178,2085041,1986939,40501,31942,60263,428261,1166730,1494640,2089885,34695512,51691,45926,91161,92537,1814365,1233754,2240733,1921896,46856,65492,49442,490103,
199,2045270,1234514,1041161,593568,34175,2135,1771,64970,1698153,1476987,1759096,7645941,36111,33148,26236,29313,614625,1543545,611739,1673507,35945,41507,32814,28408,664270,1179153,1793665,834174,33174,30465,31363,25740,1422380,668799,1642397,1528609,37342,31540,29635,99453,1080166,644309,1509568,1387036,33987,30783,35651,124688,521473,899362,1552735,27721688,36575,33410,44840,39059,1318917,624978,1889857,1405986,35295,36335,36643,152703,
200,1465081,527860,409794,183324,32988,1685,1497,35619,918323,786244,1032920,3899876,34569,31889,25014,28035,175746,811309,186075,929940,30656,37584,31093,27328,197060,465135,1056060,275068,31991,29162,30095,24614,677136,214489,908144,798827,35960,30281,28505,37210,432352,196863,730357,638364,32684,29312,32803,46467,158998,348235,797823,21524354,34884,31524,38933,31149,645565,202328,1211237,704981,33584,31341,34877,48878,
201,767790,169796,125190,63073,31844,1427,1227,32446,349456,291725,433467,1696152,33503,30728,24285,26977,55811,287839,55484,353838,29183,36077,29780,26263,57350,135776,430738,78283,30859,28278,28831,23442,232014,65282,353093,293208,34625,29071,27752,29614,131622,59866,246424,205581,31825,28312,31507,35146,61230,109341,292661,18121685,33135,30648,36865,29482,223160,65793,554810,254572,31964,30257,33399,31476,
202,216376,52730,42564,38297,30346,1198,1011,31542,85855,70384,108838,837722,31760,29527,23586,25777,34086,63399,29681,79198,27833,34207,28573,24777,31915,42973,96621,35951,29712,26924,27519,22385,61456,32962,87485,68371,33012,27817,26191,28422,43359,32145,60278,52009,30160,27172,30181,33111,40696,38714,74830,16444472,32033,29002,35819,28449,57786,34839,144894,68163,31053,29214,32284,28642,
203,69770,38413,32769,35358,29247,993,773,30261,43857,35970,46454,693989,30357,28115,22191,24621,32261,35237,27613,38468,26552,32977,27117,23738,29954,34996,42249,32516,28169,25505,26132,21364,38868,29389,43702,36435,31349,26402,25190,27892,33673,29700,38067,34837,28725,25806,28847,32055,38313,29883,41426,15525952,30547,27736,34234,27538,34015,30533,55263,39066,29651,27602,30925,27323,
204,37661,35439,30419,33546,28022,848,663,29635,36860,30152,35043,643641,29437,27025,21167,23787,30774,30830,25935,33464,25626,31599,25923,22774,28985,33596,34902,31302,26671,24234,24964,20248,34552,28366,37187,31207,29811,24772,23805,26958,31966,28515,34601,32539,27543,24295,27879,31242,36622,28295,35610,14574094,29631,26549,32842,26486,29824,29627,37467,33778,27934,26669,29833,26630,
205,33984,33948,29468,32605,26533,644,528,28735,35296,29175,33012,612700,27306,25681,20024,22582,29728,30044,25209,31823,24537,30200,24414,21595,27770,32585,33352,30408,25174,23120,23593,18412,33382,27626,35501,30233,28436,23258,22512,26121,30663,27070,33716,31116,26040,22381,26619,30365,34754,26851,34449,13706322,28483,25250,31291,25384,28910,28010,35128,32653,27253,25175,28444,25510,
206,32366,32912,28004,30951,24613,552,526,27738,33827,28008,32059,577723,25129,24065,18110,20564,28059,28528,24226,30487,22940,28409,22830,19825,26316,31020,32332,28536,22943,21333,21495,16757,31962,26294,34236,28931,26113,21399,20736,24944,29449,26328,32490,29823,24455,20627,25048,28911,33283,25749,32789,12624493,27262,23690,29443,24602,27487,26850,33284,31372,25520,23928,26586,24504,
207,30866,31637,26964,29815,22548,497,481,26335,32706,26405,30636,545132,23396,22503,16509,18928,27117,27657,23038,29340,21567,26681,20991,18322,25065,29989,30875,27590,20797,19443,19091,14570,30574,25123,33220,27896,24300,19237,18561,24188,28231,25034,30567,28568,22707,17945,23573,27938,31867,24511,31750,11664050,25243,22219,27594,23267,26567,25844,32143,30109,23640,22181,25073,23239,
208,29533,29545,25526,28070,19858,476,463,25199,31502,25275,29341,507425,20018,19776,13706,16476,25220,26466,21643,28329,19653,24115,18393,15692,23725,28333,29820,26521,17122,16783,15667,10604,29107,23488,31919,26850,21585,15653,16052,23337,26824,23436,29578,26908,19726,13582,21380,26661,29734,23217,30268,10448848,23001,20006,24884,21985,25167,23825,30475,28296,21128,19945,22752,22262,
209,28471,28223,23972,26670,16199,452,434,23981,30049,24239,27920,467568,15315,16704,9761,12869,23385,25381,20633,26767,17327,21530,14548,12255,22280,27264,28481,24786,12598,12904,10994,6592,27464,21990,30876,25390,17926,11111,11921,21844,25455,22134,28259,25772,16302,8625,19233,25119,27606,22151,29038,9389783,20358,17204,22205,20391,23993,22455,29285,27221,18424,17432,19887,21018,
210,26796,26340,22172,24159,11081,412,398,22110,28506,22821,26491,421810,8989,12057,5111,7681,21411,23651,18748,25520,14194,17469,9794,7347,20495,25396,26903,22912,6580,7755,5812,3071,25469,20466,28976,24033,12245,5425,6981,20733,23517,20335,26712,24334,11072,3748,15375,23638,25069,20331,27234,8144834,16043,12984,17953,18756,22454,20688,27660,25497,14034,13772,15376,19677,
211,25479,24631,20376,22274,5602,432,407,20470,26941,21253,25002,379129,4150,6854,2159,3378,19024,22078,16865,23599,10098,12189,4982,3452,18472,23707,25487,21623,2967,3681,2374,1218,23914,18716,27497,22207,6432,2224,3189,19270,22108,18646,24990,22447,5897,1569,10706,21964,21829,18690,25547,7096262,10841,8181,12126,16299,20802,18431,25844,23853,8827,8951,10169,18174,
212,23240,22397,17797,18847,2585,427,413,18102,24713,19252,23114,324174,1780,3193,987,1438,14784,20441,14059,21806,5730,6946,2244,1522,15392,21687,23410,18672,1332,1617,1186,723,21631,15678,25801,20231,2685,975,1383,17087,19306,15641,22771,20175,2619,854,6364,19691,16518,15719,23247,5931855,5693,4012,7035,13251,18540,14987,23837,21941,4448,4775,5488,15881,
213,21998,19304,15210,14687,1113,350,338,15031,23082,17119,20985,270503,910,1266,607,822,10149,18497,10436,19509,2564,3141,1024,818,11461,19209,21404,15929,825,950,789,593,18872,12188,23457,17992,1200,676,773,14789,16235,12572,20322,18138,1209,716,2840,16958,10768,12224,21189,5001028,2386,1742,3049,8919,15499,10784,21577,19588,1850,1982,2338,13120,
214,19178,14213,9728,8247,865,399,388,10060,20213,13020,17847,192636,839,838,568,653,4538,15431,5553,16251,1160,1342,726,611,5867,14848,18587,10771,709,739,694,620,13786,6786,20171,14313,837,589,673,10453,11180,7093,15832,13825,760,665,1106,12729,4668,7275,17806,3975286,1133,878,1254,4481,10346,5182,17925,15615,985,895,1065,8716,
215,16095,8804,5203,4071,735,381,376,5432,16789,8544,14476,121041,799,741,582,636,1779,11252,2458,11598,778,859,694,657,2548,10004,15221,6133,673,677,688,563,8698,3230,15251,10204,740,566,659,6025,6605,3461,10780,9427,705,633,763,7670,2008,3691,13121,3267469,887,767,973,1917,5565,2192,13533,10935,759,656,797,4764,
216,11452,3809,2124,1813,692,325,317,2424,11647,4201,9516,61570,810,727,562,619,941,6220,1058,6570,689,783,701,571,1063,4882,10001,2684,666,685,651,506,4050,1266,9440,5477,686,572,648,2622,2992,1492,5533,4687,668,594,665,3754,1091,1489,7821,2729306,859,705,811,959,2309,946,8118,5668,760,620,763,2124,
217,6248,1711,1006,1004,726,329,325,1157,6430,1780,4814,32651,750,709,533,561,726,2647,723,2777,640,754,638,556,742,2106,5047,1201,632,629,603,543,1732,795,4303,2316,688,543,608,1179,1293,785,2231,2031,659,617,634,1698,858,837,3606,2387922,764,694,784,715,1097,688,3694,2522,668,647,690,995,
218,2411,879,760,857,647,339,333,837,2437,824,1866,21523,683,677,571,553,706,1069,559,1083,635,751,560,555,715,961,1844,768,578,584,609,499,926,653,1670,954,658,498,538,747,807,653,1012,828,682,565,603,932,780,669,1384,2119479,776,629,773,665,702,657,1359,1034,664,559,691,761,
219,1105,821,650,779,646,311,297,739,1139,689,969,18841,648,617,479,511,673,783,623,766,640,710,576,510,611,737,991,682,612,586,577,446,832,634,1005,714,626,495,546,684,767,599,801,730,567,583,603,736,800,621,932,1938805,785,619,727,658,638,631,870,814,650,547,663,603,
220,719,782,657,733,625,255,240,711,827,653,757,17050,642,587,519,475,607,708,578,755,565,639,559,509,591,731,818,663,569,503,485,410,727,556,896,669,601,461,505,705,718,588,763,600,594,494,572,740,713,581,779,1740022,756,600,713,623,631,577,743,738,599,549,606,655,
221,698,679,638,749,598,243,234,670,707,604,684,15375,576,559,441,447,585,681,581,719,525,624,504,459,556,701,775,666,514,490,501,426,671,566,783,671,572,433,535,644,652,544,703,608,532,472,540,649,658,589,795,1568639,708,611,614,615,646,599,766,730,568,503,608,575,
222,718,686,610,716,538,252,248,647,648,619,648,14051,587,527,422,414,552,573,543,636,557,534,484,403,549,675,703,623,504,455,445,375,701,540,849,626,493,344,483,597,563,537,679,559,512,410,513,640,659,536,695,1374067,662,563,599,578,606,539,675,660,571,488,573,605,
223,682,625,574,683,497,281,273,609,642,565,653,12569,522,517,387,431,577,587,487,591,479,571,485,422,551,671,731,584,430,436,426,382,661,506,778,594,444,315,385,623,593,552,665,534,484,391,508,632,626,593,682,1219251,639,535,579,562,554,546,651,636,521,446,516,561,
224,584,603,537,601,447,258,248,597,656,583,620,10554,416,478,338,333,483,591,471,594,427,490,372,362,533,632,677,581,373,348,327,293,592,488,759,589,388,256,352,523,582,518,619,475,394,301,482,554,583,501,665,1002139,563,451,510,549,491,472,605,555,453,367,428,573,
225,628,588,513,612,359,261,254,574,633,522,578,9299,386,404,242,281,440,552,410,578,395,448,353,288,487,595,657,548,356,306,300,300,574,423,705,553,364,217,283,511,528,457,585,461,350,223,397,567,498,456,594,862487,539,431,457,488,506,444,582,569,386,338,422,501,
226,579,536,486,556,298,251,245,578,587,488,557,7883,327,298,253,265,410,509,396,545,348,339,284,265,424,512,594,550,264,310,276,269,517,408,682,538,270,198,293,489,497,408,527,446,282,234,356,516,470,465,545,719768,476,362,394,453,423,402,545,557,370,293,355,474,
227,578,534,453,480,290,248,238,522,551,463,529,6502,289,286,231,242,398,432,343,506,324,338,264,241,407,485,553,494,283,242,264,260,472,378,655,463,260,200,268,510,498,396,528,426,299,221,305,492,392,380,551,605438,402,314,363,424,426,344,513,516,330,252,292,490,
228,524,433,370,429,257,230,221,481,521,422,474,5250,282,252,223,252,324,428,297,425,276,271,203,247,354,483,563,409,241,243,225,228,465,343,597,450,232,194,265,510,449,360,444,387,236,242,252,508,340,371,532,495519,340,272,303,381,369,344,479,504,239,238,273,481,
229,464,419,367,371,234,213,208,452,478,374,441,3864,267,259,232,217,274,426,251,444,290,206,272,212,323,413,500,415,252,236,255,246,389,302,542,410,224,179,261,439,406,324,436,331,233,231,256,444,287,292,494,411559,288,255,280,375,346,272,424,439,221,205,237,380,
230,449,355,287,354,253,216,206,394,426,339,382,2503,296,244,210,224,222,391,253,386,261,231,231,230,275,396,441,322,223,216,257,205,319,278,514,344,238,184,246,377,292,282,358,279,234,226,255,391,260,283,466,331230,308,276,280,349,258,238,375,434,223,219,217,362,
231,407,309,265,304,247,195,191,368,394,278,349,1651,254,235,207,216,268,330,228,348,244,250,235,251,247,348,441,330,221,253,226,212,302,261,391,307,227,177,233,363,286,268,323,217,251,209,235,326,265,261,391,280439,276,265,244,313,234,236,302,300,236,204,209,346,
232,344,249,250,276,211,193,179,312,363,242,282,1029,265,215,220,241,263,284,214,259,231,230,260,220,268,283,345,305,241,247,208,229,245,226,330,319,191,173,205,289,267,251,284,224,249,208,217,309,242,257,308,239893,284,260,245,281,225,268,284,292,225,205,182,294,
233,265,296,249,280,226,216,211,275,277,249,265,793,270,226,173,235,225,265,226,281,276,222,240,204,264,285,341,269,239,253,219,219,272,229,274,228,212,177,249,297,239,228,279,193,225,231,217,266,253,210,299,212065,278,240,261,289,200,219,247,272,247,196,211,291,
234,265,268,227,252,241,166,165,247,276,233,259,608,266,247,191,199,222,249,254,265,217,223,216,225,243,251,300,252,233,211,242,193,241,226,251,235,225,180,219,255,253,203,226,185,229,173,231,287,243,236,307,184710,267,252,273,267,221,206,246,263,250,208,211,256,
235,238,243,222,264,204,172,166,251,251,218,227,653,255,195,199,213,235,257,223,263,254,183,241,210,248,267,248,281,212,215,239,206,238,221,210,253,179,140,197,263,236,243,242,177,223,191,213,227,232,245,284,163524,263,240,253,293,191,227,239,254,237,193,200,256,
236,238,273,222,260,217,164,154,247,220,213,217,550,226,217,185,203,239,253,234,244,257,207,204,213,219,258,290,267,222,220,221,171,238,230,244,221,193,158,221,258,259,235,247,181,214,205,213,218,208,231,257,142050,240,248,278,271,205,223,215,200,230,175,195,251,
237,270,252,257,261,194,166,168,268,205,220,219,513,231,213,173,201,239,245,231,222,235,197,223,201,247,269,270,233,173,195,204,177,222,220,196,218,168,166,218,243,213,236,243,202,185,202,214,251,231,223,269,123846,265,248,273,243,218,213,229,220,227,193,223,239,
238,282,241,243,230,183,176,169,233,264,223,211,489,244,208,197,192,207,217,193,217,193,191,214,175,211,236,277,266,177,182,220,192,243,199,232,234,185,119,190,240,224,196,221,160,223,200,215,201,173,260,287,105072,278,221,220,234,193,197,196,245,223,182,177,258,
239,252,247,229,254,204,166,161,254,222,227,213,450,191,219,172,203,204,198,206,204,220,203,174,216,223,245,289,275,190,198,201,192,238,199,210,225,183,148,207,274,230,208,250,176,189,180,204,220,202,200,241,90663,233,199,244,258,178,192,189,233,207,172,175,235,
240,250,271,208,216,182,178,176,240,194,195,201,375,194,188,183,167,191,233,189,220,214,192,198,200,212,251,235,241,176,188,182,173,209,182,211,213,185,154,181,258,230,225,218,174,184,155,179,243,193,239,245,74843,235,210,233,246,172,188,181,214,204,192,204,230,
241,239,256,209,240,186,164,156,236,205,212,215,347,213,199,156,191,208,184,208,225,180,174,187,173,203,247,266,247,205,172,214,187,205,187,199,189,155,132,191,221,217,177,211,171,179,165,174,191,199,226,238,64270,223,222,205,207,206,183,201,188,195,164,163,237,
242,228,239,242,225,167,144,138,251,197,214,191,360,211,197,199,170,176,201,185,205,191,157,185,194,173,215,273,231,181,158,179,168,208,192,230,202,178,136,184,235,216,203,236,155,202,148,158,243,179,196,216,51663,231,183,212,215,175,194,188,203,178,151,162,236,
243,207,220,189,201,183,169,168,206,185,200,207,303,204,195,181,164,170,222,181,234,188,166,188,184,210,229,239,212,192,194,194,181,206,164,183,179,171,134,169,228,196,179,216,163,171,163,183,201,203,182,245,43078,192,187,211,230,161,174,196,213,172,147,155,204,
244,201,234,207,236,157,142,143,231,211,195,188,252,192,142,164,179,172,184,180,184,192,147,180,145,181,221,246,228,173,161,191,176,213,179,194,196,167,118,156,240,188,194,193,154,184,153,188,185,182,175,218,34902,189,214,230,213,163,167,164,212,196,144,166,233,
245,184,217,212,237,169,137,133,209,192,168,216,237,193,208,173,179,208,185,146,202,172,161,182,173,184,206,257,226,159,174,178,162,223,183,187,220,135,116,182,229,212,164,195,147,176,161,178,163,185,194,259,29550,233,199,231,206,165,167,177,199,180,157,157,211,
246,184,217,219,198,174,133,128,198,183,185,207,221,187,174,123,151,183,190,154,188,168,166,186,164,156,196,230,212,175,172,173,168,206,163,182,173,150,140,175,218,206,153,175,144,186,177,180,184,206,193,213,23812,188,187,207,189,159,170,144,223,196,139,148,224,
247,212,212,202,215,189,130,131,208,184,166,191,225,187,190,146,169,180,196,163,183,178,161,185,134,174,197,208,222,180,170,155,162,179,166,193,204,158,125,167,216,210,165,203,121,174,153,162,175,169,148,199,20976,208,194,211,208,153,166,179,187,183,172,166,217,
248,192,230,202,230,166,114,111,185,182,175,166,190,188,172,153,151,159,171,181,209,151,167,175,191,207,219,199,200,168,149,178,160,223,153,181,187,146,122,162,188,182,175,184,146,164,162,163,202,185,170,227,17680,201,182,193,218,158,164,154,193,168,132,158,197,
249,190,197,190,212,153,122,117,180,187,172,167,190,165,164,147,171,190,181,151,192,183,162,165,148,184,195,247,215,141,148,174,171,176,180,198,169,156,98,184,190,167,173,176,120,171,148,157,190,174,167,178,15588,192,171,181,203,161,146,162,175,166,139,166,190,
250,212,185,168,193,150,136,132,194,140,179,173,174,182,162,140,129,175,148,158,183,171,137,169,184,211,213,185,182,161,166,184,125,194,144,189,183,154,124,148,192,172,176,182,133,153,157,159,160,164,166,203,13454,190,177,177,190,153,153,154,191,171,127,146,195,
251,149,202,174,218,156,139,138,175,158,146,182,216,169,138,120,150,167,196,148,177,176,156,147,137,186,231,219,210,149,157,161,149,177,169,159,153,133,93,160,175,224,165,193,125,160,145,154,194,156,157,181,11730,183,183,184,213,144,180,196,182,148,145,155,197,
252,177,165,160,180,151,118,113,182,156,179,186,168,181,151,130,175,154,171,162,187,165,161,153,123,183,203,221,180,143,146,148,145,171,146,157,160,139,115,178,220,189,175,181,115,178,172,155,178,140,156,195,10049,180,189,181,185,144,155,156,183,168,147,135,227,
253,180,173,183,193,150,113,109,174,152,159,161,200,188,166,157,148,168,159,150,162,181,161,153,145,164,202,189,197,154,156,171,128,180,145,154,165,122,109,152,170,155,155,146,120,143,144,148,174,128,173,171,8481,179,167,196,201,155,124,161,173,162,125,146,183,
254,198,181,173,188,151,115,112,165,151,136,165,163,150,148,136,136,151,174,159,169,167,149,151,142,164,182,196,190,139,162,145,117,182,157,164,168,136,105,135,179,173,163,190,107,145,119,146,168,135,165,150,7055,152,183,158,162,142,142,148,166,170,131,138,187,
255,166,191,182,158,142,94,93,169,166,143,186,170,163,136,124,96,129,180,127,169,129,141,145,127,165,208,220,200,142,144,158,112,163,135,166,152,137,93,156,193,162,140,172,124,147,139,127,152,150,157,154,6003,203,172,158,190,151,142,126,180,154,138,120,202,
256,171,161,164,205,158,106,105,156,139,166,146,154,151,154,118,125,142,149,144,151,153,132,148,139,184,181,199,184,129,140,144,158,171,157,144,165,131,95,127,152,145,163,130,109,142,145,124,180,147,180,170,5318,155,164,151,178,137,136,150,163,155,115,132,187,
257,166,168,143,181,143,112,110,153,144,126,168,168,137,146,147,111,158,160,134,171,157,123,160,150,163,158,206,188,130,137,142,115,169,130,140,156,104,100,148,176,143,162,168,124,142,110,138,175,141,139,173,4387,152,165,167,165,157,142,175,153,154,106,119,177,
258,173,170,159,205,158,105,102,173,157,144,163,175,162,119,120,121,150,163,145,180,145,130,145,136,154,180,168,190,151,153,170,117,158,160,172,137,112,104,125,161,136,146,128,100,152,127,111,153,148,152,152,3494,162,151,183,157,125,104,136,163,162,101,113,166,
259,150,161,170,166,148,100,99,156,162,135,132,145,149,142,112,124,153,154,120,167,149,129,136,114,176,182,186,178,117,138,145,132,126,126,164,135,111,91,133,169,155,135,146,103,121,126,118,165,160,150,177,3087,158,156,172,169,115,121,135,156,129,111,122,187,
260,147,192,163,166,125,104,101,167,135,138,159,168,146,139,121,110,162,160,170,171,140,126,114,144,146,145,166,177,151,116,149,113,156,153,142,148,122,91,148,181,133,133,161,118,121,104,133,136,170,143,185,2464,140,123,171,180,132,126,144,133,162,117,136,180,
261,146,134,154,192,121,110,103,158,134,154,125,158,140,150,109,134,150,133,124,151,163,99,115,121,141,165,201,167,130,153,134,128,150,144,132,142,118,110,142,194,141,126,144,96,124,125,123,172,162,146,140,2061,142,136,145,160,125,111,137,148,161,114,125,147,
262,154,160,158,172,111,75,78,161,146,152,151,138,139,141,100,110,126,142,139,156,142,104,129,145,155,148,163,140,154,145,123,134,123,110,135,133,106,85,135,149,132,142,140,94,134,107,121,132,123,154,141,1718,141,162,179,137,116,122,147,140,137,123,117,176,
263,149,160,155,197,112,74,74,168,121,121,150,173,143,139,111,118,153,146,117,152,136,121,114,124,149,164,188,162,98,120,119,115,165,127,145,133,117,94,130,177,154,134,143,113,143,118,116,164,129,135,156,1566,157,161,146,141,104,114,156,138,125,108,114,167,
264,140,171,138,178,119,87,85,137,127,117,136,150,150,113,88,105,149,134,132,131,125,119,132,142,132,164,167,170,131,130,149,116,141,146,140,141,98,72,122,154,130,145,156,94,132,107,123,137,115,135,173,1248,152,141,148,150,117,115,155,151,132,119,136,167,
265,149,133,149,170,126,93,92,125,120,132,127,131,131,133,104,102,124,132,136,168,120,121,134,116,152,147,159,174,125,135,136,109,144,134,126,135,98,88,140,149,121,135,125,94,113,130,125,137,141,116,141,1169,144,122,147,167,124,93,133,151,131,106,117,162,
266,187,134,131,150,117,79,75,168,114,111,122,131,124,130,89,102,132,146,130,139,125,107,136,118,139,147,157,145,136,98,136,107,147,141,119,120,99,88,136,138,148,126,119,80,120,98,108,134,122,130,144,1018,130,114,131,168,118,122,109,135,140,108,121,173,
267,126,149,145,152,124,78,76,149,127,111,125,141,131,111,96,115,135,120,135,152,113,105,141,92,142,167,175,162,120,128,124,112,133,129,152,133,106,80,132,147,136,119,125,95,130,111,112,123,122,123,144,823,108,118,142,143,98,118,122,122,116,102,111,164,
268,153,133,127,166,105,92,87,143,111,125,145,131,118,116,98,110,117,116,107,132,129,109,125,119,140,165,175,158,117,102,127,106,149,118,114,127,108,69,135,136,127,117,144,101,114,96,121,143,135,125,148,758,127,136,124,149,120,99,125,124,127,115,126,151,
269,132,150,158,152,115,69,69,145,103,115,121,114,113,102,97,105,135,134,105,122,109,117,122,108,142,149,176,139,109,122,121,106,156,114,142,130,116,69,132,149,133,130,115,78,120,106,107,124,123,120,143,643,153,141,132,142,103,102,137,121,121,92,95,160,
270,147,157,123,136,133,64,64,144,148,122,146,124,136,104,82,109,148,135,122,108,118,100,124,120,139,178,154,144,112,108,124,107,129,121,121,144,97,63,121,151,116,100,143,93,126,97,101,145,119,100,158,561,130,125,144,125,117,110,112,144,100,105,101,145,
271,117,126,129,139,108,91,90,130,127,116,96,137,126,118,97,97,113,113,102,126,124,96,127,115,129,157,143,136,101,105,126,105,128,112,102,142,92,74,124,154,125,126,125,82,106,96,112,128,126,104,154,461,122,125,122,143,106,109,138,142,115,99,113,149,
272,122,141,135,184,106,82,81,111,115,110,102,145,116,106,93,104,109,141,111,132,105,109,78,99,110,144,144,152,111,109,117,109,120,116,137,137,105,78,111,130,130,88,116,69,111,83,81,131,108,116,117,378,131,134,137,128,103,91,105,126,113,105,115,150,
273,114,143,120,145,120,59,58,174,125,126,121,132,113,114,81,92,112,121,102,108,133,106,125,78,112,150,143,147,96,131,127,96,115,136,116,113,87,71,126,134,122,145,113,80,103,100,102,125,103,133,154,404,136,125,137,133,86,103,110,110,123,84,113,153,
274,150,131,150,157,114,72,71,131,112,105,98,120,138,101,108,106,136,101,97,111,129,103,108,107,132,124,136,137,109,98,107,106,123,131,104,115,69,82,93,141,117,112,104,83,104,102,114,134,106,98,126,304,118,131,123,130,102,100,112,114,113,82,107,135,
275,142,134,117,144,87,68,68,116,120,100,116,139,104,115,87,104,116,102,102,106,96,86,107,91,125,157,148,114,113,118,107,104,124,94,110,110,93,83,113,129,125,118,125,66,131,86,101,107,98,113,103,291,130,102,126,147,95,112,110,126,102,80,103,122,
276,129,108,104,129,101,78,77,113,110,116,120,128,103,107,75,84,98,108,92,116,95,100,91,112,119,135,147,136,117,99,120,87,109,98,110,97,82,63,104,130,107,119,120,54,108,96,117,115,103,101,117,247,110,123,124,129,105,86,106,102,118,84,100,129,
277,114,105,105,136,97,62,62,127,98,109,103,129,115,103,74,90,97,91,103,110,123,94,101,110,127,149,162,132,91,81,115,92,113,100,98,118,76,74,92,164,116,93,119,72,100,98,96,107,94,81,112,237,111,105,118,152,102,90,90,114,100,74,101,119,
278,129,118,123,131,98,58,57,158,103,104,93,112,102,86,73,80,104,111,90,126,99,84,109,104,104,124,139,138,94,114,98,93,123,108,98,134,76,59,111,124,127,100,108,79,102,83,113,106,96,91,126,223,126,104,118,115,89,89,101,129,93,67,105,130,
279,107,129,129,147,104,60,60,113,96,100,105,123,96,87,65,81,83,100,95,120,99,95,110,80,115,142,146,124,91,98,106,98,133,97,101,91,79,63,85,140,122,118,89,73,73,89,111,118,108,119,107,171,116,84,117,122,85,92,103,117,102,88,77,134,
280,116,109,121,135,96,68,69,112,88,104,96,119,111,101,85,97,95,111,97,133,107,95,98,115,101,137,135,135,89,96,100,107,104,111,105,106,96,51,95,120,95,102,106,53,97,74,105,130,88,99,129,181,126,94,117,124,71,81,96,105,113,79,89,149,
281,106,127,123,147,99,60,61,113,87,104,108,126,111,91,77,80,89,116,82,111,91,78,106,88,120,141,146,138,107,95,89,83,111,95,97,96,67,63,112,118,117,101,123,79,114,98,93,102,84,109,105,173,91,105,105,113,100,83,104,109,114,77,78,128,
282,114,109,99,137,89,49,47,125,96,93,91,100,98,83,61,82,90,80,105,123,100,81,103,96,103,131,120,132,101,82,103,80,131,95,103,111,81,57,105,128,113,104,106,58,80,86,91,122,89,86,110,166,100,98,116,100,94,87,83,115,94,82,91,128,
283,108,113,108,108,94,64,64,102,101,94,95,120,90,88,71,85,99,107,94,95,99,74,94,88,97,130,135,113,89,85,84,76,114,95,83,93,58,64,99,126,103,82,103,62,94,95,92,95,87,100,103,131,103,90,117,126,82,70,105,110,108,57,85,117,
284,114,108,108,113,111,57,57,109,97,98,85,86,87,82,71,74,100,109,98,108,77,74,89,99,91,120,136,131,91,106,120,84,109,91,99,130,79,50,102,113,109,102,117,61,96,82,85,122,86,96,91,113,107,104,115,105,99,67,93,121,88,75,86,129,
285,105,121,113,121,90,46,44,121,94,101,116,102,117,74,91,81,98,106,89,115,82,93,88,97,90,121,135,92,83,87,89,99,102,77,94,80,73,58,96,142,95,85,104,76,91,85,87,106,89,72,102,119,99,85,105,113,95,93,100,97,107,73,65,110,
286,107,107,113,108,101,56,56,95,101,83,94,107,100,88,67,82,84,101,80,91,87,84,104,90,71,119,136,114,101,88,109,76,92,90,80,104,77,70,89,112,98,89,89,70,111,79,93,101,82,101,117,116,100,79,93,97,77,77,74,79,108,75,86,124,
287,105,102,95,116,90,50,49,118,88,94,86,96,78,77,74,68,92,114,87,101,96,69,94,87,113,105,132,114,97,79,98,82,131,92,79,93,58,42,86,120,99,100,93,56,77,76,89,110,87,69,98,118,105,112,112,98,90,70,95,87,94,79,76,134,
288,107,111,89,118,82,45,45,92,99,59,97,95,78,75,77,86,101,97,78,103,91,77,83,72,87,124,125,118,97,71,89,80,94,73,98,95,65,46,108,103,94,84,99,53,89,75,83,91,86,76,99,111,86,76,103,112,70,72,97,86,89,71,75,106,
289,104,110,89,127,94,43,43,117,83,91,88,107,78,77,56,102,89,85,98,99,109,72,98,85,107,116,129,131,84,79,73,82,111,70,79,70,63,54,96,112,91,80,113,60,74,73,74,99,82,83,93,102,102,88,105,112,74,87,77,93,90,72,76,118,
290,107,116,102,106,81,49,48,119,72,59,63,109,85,83,64,70,107,92,76,92,89,83,87,84,108,102,138,103,85,83,75,72,102,79,86,90,77,53,88,112,90,101,90,56,71,68,83,100,76,77,103,103,89,90,96,117,75,67,90,88,87,70,84,124,
291,96,109,105,113,86,41,40,96,72,57,89,86,80,83,62,69,67,86,85,82,76,79,82,73,95,108,134,110,86,79,79,73,102,80,99,81,61,63,85,113,99,77,90,70,94,74,100,83,90,71,99,93,85,90,120,85,80,77,83,84,93,66,67,123,
292,89,106,81,106,82,44,43,98,75,85,76,89,86,68,69,78,89,91,75,102,83,79,71,75,93,91,125,90,74,68,94,75,98,89,93,92,75,51,78,116,87,71,81,62,99,78,102,94,78,68,90,92,89,82,87,98,65,75,70,98,84,73,81,122,
293,94,84,98,113,67,56,54,108,91,75,86,74,83,75,69,60,63,80,64,80,89,80,84,77,82,102,114,117,88,74,88,83,93,81,72,90,57,51,78,103,76,72,95,48,69,72,74,97,84,104,83,106,103,82,100,101,79,82,76,108,73,66,68,115,
294,85,106,80,97,83,41,41,96,77,98,82,78,85,78,69,65,88,78,83,105,84,64,60,83,92,118,100,109,86,82,69,72,113,67,87,101,53,43,65,105,82,87,79,47,63,54,81,79,75,76,101,96,92,95,86,101,79,89,66,93,80,71,73,103,
295,91,103,81,100,72,35,32,90,85,78,83,86,74,68,68,61,79,83,68,85,74,70,93,69,81,95,132,93,79,70,71,79,95,65,82,72,44,45,60,105,79,89,94,43,71,70,82,102,73,75,84,108,99,88,80,104,71,81,68,96,81,66,65,98,
296,96,103,100,111,65,35,34,111,72,81,88,85,68,73,68,56,81,76,74,77,53,78,61,79,87,102,113,111,81,76,75,91,98,85,73,94,69,37,73,90,75,74,87,43,83,66,84,90,71,66,91,94,91,78,80,98,61,66,72,75,83,47,80,89,
297,88,86,87,99,76,48,46,99,87,67,73,98,95,67,49,56,71,89,77,85,76,63,80,70,79,116,113,97,81,77,82,65,101,73,67,96,64,47,73,110,77,94,69,46,82,55,60,86,71,78,91,93,87,80,82,109,65,71,77,80,77,67,85,110,
298,105,85,79,96,78,52,50,87,78,82,86,83,81,73,59,57,70,79,89,90,61,62,76,72,73,90,120,93,91,70,84,64,86,70,76,77,65,53,77,103,85,66,82,51,69,71,69,78,64,76,95,83,85,86,85,101,75,76,73,84,77,54,80,111,
299,85,99,69,108,78,39,39,116,73,56,80,84,85,56,64,64,72,63,68,99,63,67,81,71,87,90,90,108,79,76,79,61,87,79,80,65,56,34,72,99,87,79,82,46,84,55,57,82,68,82,77,89,67,82,90,99,62,62,72,75,93,61,65,107,
