165,34136,29826,41883,75441,228915,6778,12190,237651,129514,20630,71274,28378,252182,235193,151055,194338,19743,25747,34117,24162,178900,202791,192021,160825,34242,124738,54255,107044,197241,161845,179881,151119,23151,58954,73572,27381,219367,159681,137241,173183,42860,72326,34965,58495,184299,181143,188563,227947,48187,20744,81063,31012,218375,192402,187631,224095,19107,22079,19491,66595,201421,182785,205915,166923,
166,71498,67278,84617,128904,255419,14069,24593,320112,163807,45907,116562,62515,278254,257391,187367,212890,43302,58450,72382,53390,206609,236876,225270,188318,74891,186080,101800,157794,230161,189457,210296,176607,51330,104085,122091,60303,255020,189793,165723,214057,87125,118605,75665,107490,214676,212500,219273,307871,101952,47418,124889,65253,242583,220737,233499,329930,42229,50410,40540,112529,230966,210721,239858,194101,
167,113191,112027,125089,168814,307324,26777,43670,596937,189957,82107,149981,102024,326083,304398,205668,241903,83303,102143,117731,96332,247903,279440,277876,222933,126068,227199,150895,202835,275823,222716,249529,209326,92435,141001,162008,100730,301730,220734,194728,340270,132358,161778,122527,155143,253326,256375,258668,559909,153224,85192,155242,116289,282177,253913,263619,684552,77463,89804,78036,144294,276803,245603,297925,251379,
168,151698,157834,161172,202826,478647,49132,82912,1457342,219163,117965,178950,139530,459520,439031,235701,303114,140262,161413,172078,151776,360870,365624,444760,307353,194217,241491,206232,225308,398160,281410,335543,286209,136411,174596,197279,144402,420315,271423,234132,791346,178402,195467,177561,207612,336133,383963,352709,1302339,196827,124295,181245,169457,396628,328664,307847,1617633,115125,129567,124119,170207,407489,318250,490019,448009,
169,183104,195194,189020,234954,1109000,94490,184385,3092513,253541,148002,207903,168599,997064,980521,328887,537895,206369,207949,199779,210979,774025,678364,1037802,648331,237024,261634,232952,244505,874718,497336,677700,597564,173902,200756,223955,184603,876146,432904,338386,1806028,213668,214584,227130,237235,661524,894163,705537,2587172,231551,155226,208026,212949,819079,617046,426653,3011831,142499,160030,161831,195488,897856,584260,1140203,1065394,
170,214963,232956,223422,283104,2739288,240311,446885,5205656,316883,179122,246849,201126,2671447,2706968,770827,1506070,244526,227892,216744,239474,1912214,1739375,2415351,1702281,253331,313980,254213,295459,2214520,1340460,1795912,1611974,211958,237336,260430,212119,2270310,1160347,850388,2913200,242227,250458,253387,263691,1758731,2267037,1851742,3734164,278594,186119,247970,252936,2100538,1622394,935711,4430969,170441,193527,197165,231905,2213796,1514499,2577256,2312551,
171,248030,272331,264172,354520,4975232,542373,853703,5310581,465491,207656,296779,234308,5338017,5355275,2026304,3545631,267732,249554,247575,260114,3246981,3265688,3690561,2993796,285951,439599,293683,405245,3756269,2749685,3303473,2963235,247057,288292,310205,241125,3663644,2519371,2008983,3325342,282138,310518,284697,305334,3262004,3675412,3336027,3990728,334125,217615,307847,291387,4013433,3253536,2200474,4562423,195628,228272,229056,280500,3892552,3034153,4017053,3429680,
172,307032,357778,365314,646663,6022233,928932,1455749,4566962,1076069,253416,457232,299144,6704456,6359550,4080793,5603253,332541,309251,346248,310794,4036407,4356695,4261735,3741571,382138,1000170,405114,887838,4489312,3873250,4255281,3821101,307419,473571,469477,299263,4310197,3655049,3172939,3414108,385930,561871,361272,437513,4189177,4170239,4185189,3985454,486197,275161,531126,354590,5522157,4914754,3996157,4207553,237206,301923,278501,434887,4941181,4481456,4614025,3931604,
173,458261,632216,706659,1524507,5544476,1695316,3086639,4470384,2309856,363388,980535,485238,6100862,5685539,5678107,5682043,524546,493154,702554,450354,4267046,4763754,4476239,4099057,717671,2393830,786683,2115695,4584245,4262000,4486237,4066972,457556,1085648,989700,465698,4623690,4314498,4017643,3709829,736367,1330993,600740,878892,4437246,4390142,4388022,4264467,1005545,434355,1216893,489887,5467286,5467605,5887892,4256199,325975,536825,370192,955630,4910319,5015604,4644768,4044596,
174,1222650,1820745,2018659,3431881,44108106,40017530,46143864,56145480,3845358,976542,2493602,1385795,53109818,53746057,109725084,45553891,1505924,1441529,2172495,1192995,39791344,41903171,49493158,54578047,2217516,5293965,2249448,4716404,36530761,35849592,37942869,44075904,1267941,2743487,2592310,1310270,59053816,58726756,61175678,67758186,2096695,3260036,1714460,2461076,43949103,60068591,51032337,62621764,2670620,1221367,2874964,1208139,41514511,36785844,40851258,48911864,801933,1558089,847726,2424654,43201923,38588811,51292634,49436753,
175,2685337,3565797,3703835,4664588,165654173,160967467,168964484,227761003,4514529,2269078,3934570,2828839,205900374,211131116,282682601,191001474,3630048,3418593,4386017,2902049,165338527,173048919,200862180,222458713,4722291,6479724,4443078,6139600,177806790,137515798,157332212,186280464,2818174,4293567,4376173,2904514,223087754,226640069,222845983,251773423,4006420,5061667,3692821,4637878,191159113,261615203,247260974,248387758,4276509,2600831,4079780,2709188,173368811,143148740,155218279,197183384,1866156,2964163,1976903,3687457,171897147,154016896,232339757,197262601,
176,4234901,4936241,4689147,5154402,269550236,224757893,226146320,288047610,4954523,3672623,4870162,4137020,270056387,280709080,260148421,263805399,6232255,5675923,5547495,5404532,208635826,257769190,366617541,269405266,6417528,6000274,6026669,5715619,199715320,200543794,190327947,217490214,4409850,5107309,5434484,4678948,186123467,176451340,185964653,193900981,5407473,5584398,5740037,6146657,213066692,199699052,203765390,201812717,5075767,3941896,4400919,4453807,253125213,214065850,215649075,269325492,3291041,4095786,3641691,4257368,243877220,226042921,255176928,227433100,
177,5290531,5956944,5556948,6446347,324194909,282444534,295000783,332086863,6211292,4917467,5600510,5163047,330734274,337321830,291324346,303438279,6755405,6100553,5677468,6303397,205578758,252278580,225432717,295349345,6576515,6146253,6231451,5857629,288105026,195864498,184483530,300087066,5565616,6085379,6143156,5630996,162314052,158673683,160581468,170481828,6103446,6022136,6548763,6471016,200770108,171162934,160449920,175069058,6549116,4904524,5200586,5501475,313897876,269058657,267412867,313687988,4527454,5366287,4940467,5284710,276047305,257473021,273601789,271352142,
178,91573551,97874526,96238672,124690611,355036074,314538380,347973664,394709067,156188727,105739796,92208921,100489073,389792002,391917287,338572925,349399296,131261107,174388110,131795378,98230380,221025421,241551594,258098614,307447472,125770466,118490237,95937458,126131364,239999903,205203860,184428068,197256806,140242866,123413504,102713103,93687415,291928788,155414023,158522852,158981811,97928399,99728291,97137531,113538505,201229101,163010138,163118906,168804626,190507026,139804292,120248898,90871442,360518618,304202402,251947224,343264922,169108495,172161539,119048637,186926638,304221921,283394758,278280281,289783258,
179,159939504,164614423,160645084,166053358,375735078,328182611,374461378,430272072,236366804,172146567,143612635,168536535,439288399,443769608,391189386,380751136,249223484,255002651,209028519,159035957,227807021,157619964,214431889,295514627,202093603,196867786,156207078,182916397,229232348,199367754,182914213,190814163,207034389,176410780,174131726,151745278,159674960,156461154,159856968,161773902,157908374,161992300,144443026,191849102,197024415,163787761,164371703,166175760,268516604,207154083,189193080,144363759,390224516,321510193,305508136,354689932,247974692,258609240,210035876,112800436,317315742,292297716,284093147,262933730,
180,209608742,189576142,179289326,196389899,393624700,334813125,391149457,455797644,217452695,139943691,177633267,170003130,484378088,493213297,460483644,409494955,277209528,264178034,246184229,191243962,207408878,220484386,228299500,126358775,233660537,230842828,188688213,205233664,240894402,198393295,177444567,184856709,211410847,213456666,234076898,195703422,157089109,155708892,159269674,167175292,200462086,210111416,211914514,252497841,213760638,161661177,160787471,162721367,204959628,184418475,180859530,172493426,402041758,333298290,304399265,361775465,211386182,212002054,222784058,189101885,326453061,299082945,275703372,307628047,
181,188592191,184301803,177220313,198919173,412565559,345822874,418911984,472111847,213727132,206348768,179302866,178627059,522092234,535591923,524594411,491776141,285160386,285817225,271960626,218334249,188272912,206178120,212631274,286272364,271142806,279561847,241067675,260546267,178158034,181433578,168731925,181443099,238088725,226817238,282514779,234356061,154826752,154064090,155745751,158436206,238354945,243241024,250768769,256510970,175542748,157847029,158202561,157980405,178582982,168980591,172686610,182569253,403766361,348390245,318636781,440083551,185677800,307357604,172677266,179135528,327553440,297201409,280784567,271166480,
182,179208778,185412900,175329337,194731219,419483371,357667817,449409390,482902773,226892226,362996100,188857560,177229462,546937469,564185585,562436800,539268462,320104536,323898129,319644982,264122578,179160578,144035757,199269071,275565775,325528114,332485510,289486862,300074653,180546378,171241138,160749639,172869814,276365503,241730892,336782346,276163889,153235777,152530462,154032137,155599150,277705776,275545707,300139808,294037461,165135906,156047037,154948457,153604736,165572657,162821388,166121666,190639914,374081280,358939813,319421332,361195717,182712768,154331812,164486997,168592901,317665363,294796229,256686818,245988967,
183,199869089,188643112,176632997,183017087,425414662,374713838,467749935,490698404,222113202,252886926,195237939,177184614,555147237,578071928,582798534,557935594,356132303,363384970,359339598,290739961,170452585,185550837,174820468,257574192,366879816,368512050,314184978,325625449,167526112,166566332,157807829,170703713,303996826,272434491,367352357,304667105,157793673,152736853,149284340,154917266,301307260,299050630,332805638,318250553,158893847,157584607,154600299,156013133,161628829,161140699,163625459,192332497,363137066,360762326,330338482,345470679,155383654,169372032,160644184,188057050,303512992,284966644,248171230,247705088,
184,243332125,193891909,172766348,182920943,435260979,403880555,475515058,491139119,176512351,171056019,188827178,176460716,557568128,590164551,591747788,582263438,387657016,399469118,401338629,339198694,166681167,181201257,193251455,243120773,405068625,385419659,328025403,339321133,159802061,165392148,156571174,168467953,314898601,271438195,384869786,321238582,153238633,152467453,153253669,154074597,314768808,339137057,353938222,331708438,158254663,159667679,154337258,155816281,159996535,151141192,161300391,185507762,363785193,358567193,276851340,352968405,159624953,158230739,158837165,159906718,296444532,280327521,243697693,236841836,
185,176817596,194405743,161387953,162003154,459564143,439196448,473246251,488635992,213906115,358429254,179196146,172366804,557355689,587069803,586750468,589102004,425185091,423857336,437046289,373179431,164606874,178099952,178488083,238546891,431434631,414594181,332737226,340818343,163225226,160332540,154725687,165975840,313112141,245541830,389491636,331481245,151420214,151697975,151579022,152647939,319925377,320618163,364943377,337559920,165305323,159645354,153202876,154628718,154832895,158708329,161580438,179788381,374038729,363794618,330695559,343397438,159273055,154401003,158029926,158698939,295815710,277828406,235343089,241439192,
186,216652296,191399707,171731692,172600961,485948288,463027742,466158983,473445571,208008813,236165424,176737295,166524368,535975980,550319857,558828672,580281898,456693789,432444786,461933512,406672342,159056370,172477801,172447905,224250164,458818097,436491209,345387732,349672571,157367013,160995798,153042625,165083870,290797774,281322249,399326381,334706316,151280852,150326337,150898478,151538584,315610027,322718277,368487818,346119883,155102729,157372246,152274377,152865948,159068243,152779263,166355029,175402931,393971365,372728765,329634312,367587465,156785083,156234017,156530792,155980446,294249108,275263022,242248872,235055830,
187,188247589,194109117,169799736,104103727,442560064,410473825,395580270,399979385,203417173,200920570,175420179,165034170,447663543,453201972,464146209,490551012,464572284,454413626,479997315,431984462,136960904,144888355,143218221,180389108,428198678,455750402,359680787,358283657,138648030,138758478,134097981,144799433,294946204,262687224,405550074,329506471,156934065,131142147,131598657,129674684,317360153,321618456,360904900,349139988,135979364,138116767,133158653,133719228,155663689,155819620,158502378,171709395,367223378,292691670,311100692,339717867,152726199,153697211,154964462,156326199,262025244,234900947,211800988,203191474,
188,191229564,196671104,168654414,166665556,202905008,208074549,200582699,203331344,197846054,194344113,164591813,163353775,219099888,222078651,226219804,238736038,473798137,460841802,484856564,446309061,69785638,72208878,72310013,86657504,479444174,601705283,384525263,380990531,73444966,70542882,68850760,73592869,279769058,259329253,409309969,345543627,67707572,67299728,67347081,67374048,317310516,321437600,353692622,357622308,70377799,71853282,68619952,68771255,154563094,155109519,157075101,168395306,186452982,175419778,171024927,173620575,153206011,153425152,154180254,154958306,130138378,113037221,99766571,98347318,
189,182429029,188914033,162761774,161044707,27352651,29466512,28786701,25119493,184492106,161851423,288061593,157140816,26555209,26525292,26423287,27987491,460233398,446442441,463571412,435366061,10922898,11367803,11193170,12040964,462882903,405235208,390673201,397209856,11286608,10793480,10901678,10943388,274777624,224193638,360391983,299631320,10950025,10697551,10480142,10153501,311085726,312962334,339693612,353551059,11046778,11256682,10918213,10767502,148018192,148547776,150756367,161674027,23545363,22471717,21698259,22232072,147594452,146124416,146968433,147532637,17509108,15791678,13672100,13389864,
190,125020511,127946850,111583305,110006456,4312478,9015962,8870831,4066383,132673380,116217384,115693009,106781639,4625549,4303792,3842657,4207220,320189685,309590391,314218624,298921519,4095690,4412539,4195975,3809382,313612394,300774710,282179625,280080448,4234042,3878330,4144305,3717280,184881811,169452831,261908914,211672361,4337956,4079631,3833682,3476847,217653546,220372561,238949415,254545620,4160006,3988309,4174115,4007540,102131210,102119930,103430261,109213284,4306742,4192795,4653334,3975180,101991239,101466402,101906523,101969442,4190235,4295453,4086369,3798592,
191,51513272,54103258,46349979,45212512,3960408,8596312,8326636,3758651,51526210,46863309,42209859,44393513,4302304,3981231,3510661,3865468,131995349,126780894,125329456,121806559,3989646,4306520,4092354,3691436,125537828,124184807,117960944,116000563,4126920,3771263,4039918,3606636,76363276,66614529,105277573,85202023,4233632,3974676,3725630,3377072,91810524,92054631,108048898,107194740,4055310,3878988,4072257,3901458,43467111,42902263,43510362,45722665,4012349,3909895,4378844,3679625,42844245,42672434,43223082,42943249,3977356,4122656,3930180,3656857,
192,6297538,6432845,5975087,6079882,3942248,7581738,6000967,3752469,6412232,5748407,5979586,5669550,4286911,3963594,3501770,3851436,10253446,9486981,9204861,9477419,3976947,4287671,4079510,3685850,9543219,9401486,9469933,9426320,4114988,3764221,4024073,3595062,7487837,5312857,8820269,7754589,4218893,3963866,3713870,3374198,8531827,8337858,8929171,9465585,4043049,3862207,4053199,3893378,6311522,5541183,5786945,6340330,3999406,3895320,4363120,3670821,5629599,5666902,5988132,5737136,3962535,4108219,3921707,3648965,
193,4190165,4213103,4094069,4261316,3937853,5957569,3612781,3745392,4304115,3832573,4192264,3886904,4278159,3959210,3497492,3846539,4412156,4015437,3866100,4256983,3977035,4282691,4071586,3675389,4227248,4399780,4268794,4284300,4104990,3754639,4017235,3587634,4260843,4018327,4393834,4008600,4214204,3961037,3705663,3364173,4223950,4146838,4363481,4413154,4033582,3857958,4047409,3894233,4573887,3790757,4028843,4529410,3990936,3897125,4359442,3690557,3879154,3936861,4247701,3996939,3960417,4099317,3919265,3643734,
194,4080704,4097396,3986646,4166674,3928380,3433483,1506075,3743691,4190766,3719641,4090607,3790816,4265290,3949037,3493832,3836544,4108440,3734732,3585437,3984215,3970375,4280788,4064234,3676578,3945843,4119399,3996182,4010556,4099222,3748271,4011521,3579268,4103611,3872189,4144007,3795343,4201877,3946567,3694451,3364805,3972043,3917190,4099842,4137576,4022932,3845726,4043300,3887071,4472708,3717688,3935758,4433244,3989954,3889739,4354228,3680142,3784039,3847747,4147002,3910225,3955818,4097607,3918085,3645640,
195,4062944,4079214,3975484,4146537,3927181,1570764,667576,3742152,4175180,3726088,4078140,3781769,4251014,3935975,3475506,3827614,4080451,3702720,3562181,3952696,3955472,4265241,4051012,3667492,3915894,4098469,3970196,3980427,4084330,3736479,3997784,3568328,4085842,3852175,4122771,3770600,4186953,3928696,3684478,3362965,3950589,3896007,4078891,4110715,4013929,3833291,4029367,3884132,4460995,3706001,3926143,4420910,3979540,3882523,4349945,3680858,3775207,3832282,4139590,3896976,3948382,4090361,3902704,3638961,
196,4055292,4073083,3967069,4140125,3911584,749742,443764,3732163,4169099,3701502,4074848,3774421,4238384,3924457,3467697,3809012,4072999,3700046,3556810,3953029,3863543,4255894,4047063,3656260,3910190,4090880,3962392,3972236,4069750,3728078,3982349,3556971,4082191,3842701,4119941,3767955,4170107,3916500,3669181,3358011,3946543,3882249,4073985,4100051,3999136,3816757,4018149,3876679,4444911,3701597,3920463,4409849,3968680,3868113,4339721,3665653,3768028,3827664,4136995,3886833,3937318,4085298,3891495,3637315,
197,4052791,4072735,3967014,4133037,3895074,460277,384311,3728671,4162443,3690687,4070501,3771149,4223030,3910267,3455522,3799016,4066616,3695189,3549800,3949595,3846040,4250751,4032187,3639485,3910192,4083664,3960307,3971832,4054591,3714298,3970248,3546396,4078393,3841751,4115540,3763943,4154251,3899912,3654196,3347528,3938242,3882261,4066306,4098971,3990409,3804553,4004468,3868490,4433380,3692766,3911196,4408520,3954696,3858763,4326360,3662065,3762850,3824727,4128284,3886473,3924513,4072558,3879411,3641745,
198,4050501,4064849,3956677,4120379,3877707,383203,358309,3717971,4158572,3690607,4062706,3765399,4207318,3897747,3448891,3782967,4057182,3689535,3539657,3942373,3826521,4221877,4009503,3624780,3898680,4076585,3951034,3964566,4038954,3698637,3950166,3530125,4071129,3839105,4115325,3757014,4134275,3885571,3642325,3337501,3930750,3880098,4058927,4093520,3968345,3785678,3984035,3859263,4432114,3688470,3904465,4399009,3937413,3838432,4310308,3650154,3757556,3808834,4124281,3873270,3902828,4050205,3855132,3627600,
199,4041456,4061370,3946612,4111577,3866377,358262,339527,3707607,4148425,3690500,4054484,3753466,4195419,3883347,3433953,3777771,4046341,3681538,3529904,3934076,3805106,4202488,3989117,3603161,3887103,4065960,3946888,3949780,4014941,3678889,3928298,3514135,4063616,3827654,4105350,3753583,4119938,3873601,3635416,3330693,3924460,3868783,4049725,4086712,3947172,3764784,3970038,3842992,4402877,3671403,3893753,4393773,3918408,3824169,4289216,3625117,3747680,3795828,4112767,3861044,3885818,4030205,3843395,3618956,
200,4035748,4046302,3932813,4092966,3849368,340145,321510,3696650,4141187,3677241,4044108,3744716,4173178,3867171,3420365,3759790,4032394,3669059,3517145,3926237,3791016,4183492,3965473,3588467,3872450,4050830,3932093,3935767,4000189,3663313,3914020,3496937,4057190,3819407,4095316,3744968,4098672,3862519,3615931,3321535,3913638,3856939,4042655,4071167,3925996,3750209,3954130,3832270,4390020,3661431,3885717,4378364,3906619,3810166,4272853,3626800,3729425,3779674,4099368,3845071,3868419,4015019,3825945,3603780,
201,4027471,4035966,3920913,4079221,3829201,321887,302459,3685486,4128207,3671785,4029273,3727712,4147536,3845497,3401627,3742109,4020595,3661994,3503434,3914053,3777691,4159266,3953450,3574860,3861149,4040330,3923989,3922401,3972075,3647663,3888491,3472586,4044099,3803641,4082509,3740295,4071463,3834962,3595010,3321087,3899238,3845139,4032307,4060365,3909691,3713790,3934539,3821070,4380219,3645059,3867021,4359285,3888731,3790189,4248274,3602229,3715295,3766149,4079427,3830114,3850493,3991168,3802086,3593588,
202,4010595,4011337,3901111,4058908,3798592,300232,278779,3676480,4105286,3656219,4010940,3712955,4108152,3826883,3371971,3716417,3997170,3643938,3489484,3900167,3759050,4133483,3923291,3548448,3849075,4026563,3904316,3905625,3936349,3608275,3852254,3429265,4027272,3783960,4062075,3718491,4040891,3797361,3552719,3309579,3880396,3823756,4013187,4047203,3883164,3651780,3911184,3811130,4349284,3634986,3851942,4336416,3868129,3771290,4223749,3593118,3698944,3749581,4065324,3812334,3827374,3970834,3779516,3584019,
203,3997865,3992986,3880247,4040823,3739597,278197,254545,3663187,4088148,3638795,3990517,3691900,4023621,3780032,3324572,3671290,3987313,3632995,3480527,3884780,3732162,4092648,3881726,3503673,3831539,4008168,3896615,3892726,3846235,3553955,3771272,3316733,4008586,3768685,4047317,3704081,3995179,3714876,3483741,3302178,3864404,3807111,3999618,4026314,3847703,3468425,3877938,3796223,4326447,3618313,3836842,4315238,3842180,3742941,4182327,3592950,3687073,3741429,4047496,3803351,3791615,3947558,3744424,3574126,
204,3973865,3971396,3858453,4015486,3584457,256977,230791,3645550,4062003,3614150,3969731,3678291,3822102,3695353,3189390,3585025,3961243,3614789,3461606,3865511,3784645,4038486,3790033,3396800,3808868,3985421,3875150,3869519,3598146,3376931,3537281,3012278,3985071,3748156,4022183,3683245,3892183,3516154,3305482,3286249,3843916,3799202,3982472,4005878,3734062,3031349,3838746,3784532,4302831,3598184,3818221,4301349,3789642,3684230,4139444,3554733,3671052,3719748,4026258,3786372,3714457,3906570,3660760,3562940,
205,3959496,3955734,3844076,3985229,3131786,229457,196976,3620010,4049976,3588942,3954857,3657911,3245869,3419092,2810660,3320801,3929518,3603488,3443537,3850524,3677856,3846288,3488948,3078775,3786436,3969432,3863781,3849477,2958340,2904366,2939686,2333253,3965479,3728172,4010983,3671918,3606259,3002749,2852373,3265373,3825121,3777037,3956675,3991680,3425656,2174016,3713943,3759650,4266215,3576718,3800777,4275180,3637908,3503476,3997094,3511177,3656131,3688849,4012762,3769728,3459576,3786509,3404403,3546979,
206,3938402,3919879,3815430,3946069,2164694,193224,151085,3553275,4019800,3576124,3930135,3640384,2086757,2657881,1950042,2573197,3876230,3580067,3411823,3829965,3329321,3259190,2722265,2305644,3753313,3947044,3841437,3823626,1829650,1943050,1851733,1321087,3934906,3699740,3989012,3649621,2822354,1978964,1924046,3228984,3799651,3746178,3934225,3963886,2611464,1084590,3308519,3713882,4186357,3547277,3773894,4247546,3151933,2933045,3529915,3310656,3629065,3631734,3997593,3744467,2753704,3399089,2712058,3513092,
207,3913368,3873332,3783729,3858962,1122599,149626,99623,3348057,3996539,3560923,3904391,3609686,984020,1565834,990229,1499917,3761840,3553860,3351722,3807602,2573026,2264982,1656682,1325954,3708253,3924291,3815976,3786040,852703,975187,889533,574065,3897809,3654906,3964956,3632239,1690783,961877,955830,3104251,3765821,3711404,3909111,3937009,1535409,431852,2472872,3576438,4020270,3500539,3749784,4210741,2244947,1969762,2600061,2826557,3589591,3519551,3964042,3708054,1719808,2583043,1706341,3417537,
208,3881206,3731241,3679128,3537325,401207,91710,47957,2679003,3950066,3513656,3861031,3529660,337532,587836,330049,541428,3379792,3503298,3157174,3751985,1390948,1049404,661741,496506,3531108,3843383,3782938,3657236,304570,345016,310870,209986,3790708,3494281,3919736,3585917,651393,326946,323073,2654149,3666272,3563683,3843449,3872009,584261,184940,1241278,3081754,3523823,3346984,3691835,4132008,1066785,859962,1293702,1814854,3499961,3180430,3904504,3632556,708749,1359570,711119,3056198,
209,3836683,3363344,3398115,2861538,195187,49161,23967,1670427,3854461,3374957,3776520,3322315,187301,239103,156213,216059,2620481,3383146,2693960,3642369,594842,423400,271337,209921,3093172,3647068,3706796,3306328,177559,175255,174181,136416,3518522,3096235,3840171,3469034,275138,173468,163158,1806085,3391966,3183307,3675663,3707498,243080,145954,498528,2173179,2671337,2998191,3551584,3930205,429653,336879,521217,889162,3298055,2530856,3796141,3449073,288532,567996,293591,2304776,
210,3680629,2402384,2581393,1646310,151569,24673,16075,717610,3501163,2900831,3469206,2660297,162334,156421,123974,142524,1367179,2951384,1696961,3228717,240962,210273,164906,140171,2035229,2985671,3412844,2358919,153252,140176,146190,122585,2739179,2133714,3519700,3033948,183740,146406,134514,833324,2596417,2212897,3061273,3127039,162437,138550,214361,1076671,1371408,2116148,3063624,3275309,202618,173697,227460,344619,2671257,1424581,3436507,2887819,168390,232276,171362,1247898,
211,3284200,1344756,1561527,772815,145205,16516,14049,305540,2785974,2084733,2825370,1728131,156970,145177,119318,131477,581154,2148765,841738,2444131,160456,171524,145078,128953,1036202,1993011,2772473,1332985,148189,133808,141445,119135,1731365,1163988,2849182,2249005,168759,140901,129901,340047,1597163,1222531,2101763,2176231,149093,135065,157585,459385,596487,1175378,2226678,2245261,160826,146218,172471,182907,1753208,639939,2722445,1997917,149059,159448,151099,547491,
212,2275580,485407,598270,288793,142487,13934,12772,183201,1531490,971114,1633648,713735,153333,141311,116710,127873,217671,996137,290088,1223534,142743,161959,141446,125678,351905,850065,1570719,490255,144256,131502,138650,117520,696714,420519,1620229,1101791,163265,137516,127231,182139,632065,442213,921576,978795,145366,132565,144715,239644,249657,421741,1062890,988923,150729,139660,162585,139546,712142,230866,1477379,888041,144079,144736,145504,257141,
213,1200075,221552,250357,181439,139515,12800,11835,143242,672699,385253,740937,288057,149952,138502,114323,125735,155386,384419,155474,493127,136369,157981,137209,122927,179280,343699,688623,223827,142244,128075,135268,114920,285559,198653,719987,444418,160360,135503,124532,131919,265564,202217,364086,396482,142295,129519,140628,166032,189388,194501,437970,408996,147657,136816,158057,123906,284234,154369,628915,357697,140359,140090,143074,156319,
214,421711,159699,155635,160093,136537,11660,10677,129880,261560,170841,274615,159998,147066,135265,112042,123050,144412,169451,127383,199157,132645,154837,134572,119960,143383,179164,246046,154020,139545,125596,132300,111503,168050,144020,265432,185011,156059,131631,121428,115466,161725,143795,180784,185875,138607,126043,137491,140634,175513,139886,196903,220037,145480,133594,155563,119237,157322,138887,240558,179127,138027,137054,139221,126286,
215,211200,150995,142579,155111,134046,10850,9957,125300,178843,137986,175076,141756,144235,132388,109516,121234,141006,138495,123440,154876,131116,151230,131239,118608,138810,154311,164616,143186,136004,122931,128866,109302,152498,137032,174898,145411,153495,129575,118821,110862,147121,134636,156107,155063,135740,124139,134402,133270,172057,132504,153827,194119,142059,130663,152456,116873,140333,135845,171533,151322,135517,133874,136937,118130,
216,159502,146766,137926,151706,130687,9838,8872,122884,156471,130802,151059,137435,140723,129608,107582,117703,137865,132222,121175,144979,127940,148575,127926,115418,135890,146759,148158,139280,132354,120223,126909,107199,146920,133116,155238,136814,149762,126443,116364,108672,142683,130966,149966,146603,132530,120943,131291,129459,169386,128876,143013,187213,139367,128260,149028,114426,134638,132576,156174,143556,132694,130716,133815,114397,
217,147858,144541,134631,148332,128130,8846,7858,121344,150544,127662,144014,134467,137550,126835,104367,114978,135274,129353,119160,141631,121571,144141,126062,112829,132265,143456,143425,135848,130096,117153,123831,104659,144213,130218,149049,133223,146708,124030,114509,106441,139327,128447,147984,144094,130623,119151,129038,127356,165242,125503,139723,184648,136376,126325,145897,112531,131737,129872,152104,140859,130185,127950,132077,112645,
218,143630,140874,131210,145416,124756,7480,6545,119077,147073,124905,140587,130415,133787,124072,101865,112497,131507,125928,115982,138887,119369,141305,122646,110254,129363,139565,140242,132774,126858,113993,119875,101982,140972,127468,145895,130360,143329,119922,111119,104428,136839,125818,143598,140002,127528,115074,126161,125227,161414,122559,135821,179841,133900,122570,141649,109867,129012,127107,147613,136919,126617,125097,129037,109692,
219,140247,138761,128767,142358,121580,6536,5510,116567,143399,122369,136808,129078,131375,121881,99830,110063,129287,123374,113727,135975,116728,137654,120155,107451,127318,137218,137343,130124,123854,111748,118411,99433,138522,124922,142853,127945,139269,117335,108679,102039,133826,123071,141108,137838,124116,112338,122935,122585,158376,120383,132655,176406,131450,120057,138981,107600,126042,124665,144716,134321,123389,121780,125627,108038,
220,137340,134777,125494,138771,119396,5415,4345,114866,141022,120130,134688,125206,127925,118332,97339,107970,126631,120591,111512,132473,114088,135388,116980,105295,123883,134081,134474,127041,120344,109081,115161,96773,135726,122085,139319,124981,136215,115042,105373,100781,130643,120272,138151,135115,121689,109261,120367,120698,154247,117693,130162,172926,128473,117705,135912,105739,123524,120728,142187,131402,120965,119495,122842,106469,
221,134962,132314,122454,136281,116488,4266,3139,112877,137547,117272,131502,123319,124396,115967,94701,104297,123192,118762,108479,130254,110954,131128,113660,102942,121936,131289,132767,124333,117617,106103,111575,93746,132099,119530,136517,123024,133187,111602,102448,99298,128095,118072,135128,131945,117894,106219,117065,118554,151412,115468,127874,168823,125272,114754,132776,104204,120949,117931,139478,129413,118875,116305,119854,104598,
222,131165,129194,120229,132323,112971,3107,2124,111087,134988,114873,128580,119576,120388,112166,91930,101989,119687,116282,106287,125466,107978,127688,110647,99056,118814,127622,129135,120446,113690,102270,107953,90889,129605,116808,134062,119194,129205,108873,99394,97215,124742,114928,131841,128869,114724,102524,113726,115350,146137,111523,123907,166026,122340,112141,129014,101703,118478,114684,135400,126045,114345,113989,117271,102807,
223,129333,125881,117687,129446,109076,2203,1485,108507,131481,112041,125965,117031,116594,109225,89211,98647,116824,112979,103307,123707,105013,124542,107423,97121,115681,125482,127035,118012,110547,99356,104561,88198,126599,114033,131012,117709,125511,104686,96366,94905,122493,112246,128952,126469,111528,98834,110885,113376,143617,109486,122141,162677,119387,108993,125353,99704,115708,112440,132919,123250,111557,110194,113862,100464,
224,125672,122051,113179,124892,103752,1267,1045,104370,127603,108394,122346,113101,110218,103402,83604,93332,111685,108639,99639,119714,100195,118100,101756,90850,111455,121345,122777,114685,103745,93417,97958,82767,121676,109998,127017,113250,117510,98143,90482,92443,117880,108522,124351,121580,105218,92455,106065,109416,137432,105336,117599,157508,113902,103938,119053,95900,111373,108878,127556,119055,106063,105132,107831,97090,
225,122236,119327,110245,121844,99271,1046,954,101807,124289,106112,118526,111017,106005,99889,80061,89915,108611,106207,96515,117104,96412,114064,97520,87539,108501,118696,120639,111427,99088,90179,94345,78715,118375,107379,123021,110596,113737,93615,86854,90167,114913,105689,120914,118075,101704,88659,102102,106816,133973,102494,114945,153295,110211,100570,115146,94194,108586,105798,125763,116702,102995,101547,104414,93978,
226,119786,114365,107292,117940,95423,1028,978,99204,121757,102595,115658,107147,99849,95172,76580,86231,104528,103547,93832,112761,93097,109893,93598,84168,105545,115063,117291,107785,94924,85727,89138,74066,115059,104608,119981,107647,108598,89531,82122,87095,111709,102345,118484,114612,96845,83239,98473,104377,129617,99283,111116,149801,106675,95428,110315,91237,105602,102094,122190,113384,97811,98473,100184,92136,
227,116443,111571,103964,114281,91085,969,924,96604,118210,100531,112615,104706,95350,91998,72579,81757,100668,100963,91112,111372,89874,104573,89365,80088,101236,112022,114099,104597,89817,81781,84246,70035,111652,101140,117003,104721,103373,84098,77903,85076,108462,99529,115106,110645,92083,78181,94246,101427,124200,96259,108603,145747,102232,92081,105455,88177,102316,98221,118074,110139,93838,94093,96816,89325,
228,113101,107269,99614,109590,85956,912,870,94188,114865,96448,109234,100121,90307,87305,67815,78375,96034,97297,87126,107136,88036,100099,85350,76633,97758,108212,110751,100652,84639,77074,80212,65545,107484,97461,113787,101147,98224,78807,73745,82727,104437,95789,111246,106371,87822,73133,90466,98839,119202,92271,105117,141182,98377,87909,100523,85464,99221,93828,114676,106308,89664,89886,91832,87285,
229,109103,103386,95721,105369,81238,887,848,90750,112063,93096,105264,96917,84705,82835,63110,72899,91938,94149,84127,103815,83557,95133,80170,71871,93926,105725,107243,97576,78419,71181,73169,60046,103494,93798,110415,98381,92829,73091,68361,80461,100328,93244,107233,103261,82526,66000,86301,96187,113849,89247,101861,136940,94440,83787,95278,82636,95630,90397,111277,102865,84786,85852,86876,84476,
230,105631,98607,91975,100689,74092,761,724,87557,107813,89585,101915,92756,76330,76420,56272,67546,86072,90360,79532,99178,79100,88637,74869,65990,89611,101048,102891,93162,69945,64303,64530,50756,98992,89692,106117,94294,85091,65241,60517,77331,96678,88088,103158,98753,76267,54521,80930,91634,108033,85056,97456,131559,88953,78530,88958,78852,90818,85528,106763,98206,79213,80103,81739,81050,
231,102086,93578,87800,95325,65668,814,765,83972,104595,86272,98166,88336,66007,70364,46647,60628,81027,86752,75991,95332,72727,81517,66948,59125,85437,96365,99478,89427,58464,54165,52486,39604,94055,85292,102296,90303,77684,53858,50273,74335,92483,84674,98351,94784,68172,39969,75368,88769,102031,80750,94240,126619,83162,72231,81954,75171,86967,80617,102895,94688,72252,74862,75350,77983,
232,97935,89049,83741,89969,53642,692,644,80486,99992,81964,94082,84268,49818,60991,33020,49977,75672,83634,72237,91383,67001,73787,58142,48940,80281,92626,95644,85150,42737,41002,37062,25386,89685,80937,97593,86545,66018,38154,35322,70878,87532,80902,94219,90936,57102,24147,68463,84944,94981,76459,89826,121262,75905,64461,72644,71980,82500,75154,98188,90437,63745,67776,67042,74518,
233,93916,84208,78616,84478,37545,606,571,76843,95605,77827,89943,80305,31281,48426,19214,35985,68675,79018,66722,86833,58736,61491,43614,35206,75458,88429,91461,80142,25581,25481,21343,13665,84711,76461,94124,82544,50413,21755,20595,68428,83054,76127,89560,86443,41776,12430,59322,81107,87234,71713,85671,115707,65523,52866,59726,67122,78958,69604,92707,86151,50567,58096,54825,71012,
234,89070,76973,72614,75645,20603,620,576,71772,90786,72315,85060,74622,15049,30715,9133,19187,56179,73632,59448,81403,45376,43386,26456,19417,68192,83156,86254,73985,12789,12911,10274,6885,77607,70228,88918,77288,30530,10321,10061,63563,76504,70049,83491,80312,23877,6810,45217,76265,73466,64909,80769,109000,49370,36301,41499,61585,72346,59708,86805,80875,33437,44283,36991,66826,
235,84302,69489,66409,65942,10750,534,491,66759,85900,67268,80680,68338,8501,16548,5363,9758,41671,69238,51388,75816,30660,26116,14095,10017,60205,77697,81758,68725,7381,7061,6343,4723,69897,63519,84114,72192,16340,6367,5818,59770,70536,64306,77709,74891,12556,5121,29740,71518,56531,57299,75767,100801,31597,20903,24276,54012,65772,47077,81920,74933,18761,28489,21549,62088,
236,78342,56448,55433,48727,6596,537,505,61475,80240,58917,74649,58440,6383,9176,4213,5838,22730,62092,37021,68007,17942,14580,8042,5968,45642,70287,75732,58769,5629,5251,5234,4251,57854,51912,77653,64976,9283,5056,4657,53689,59422,54114,68642,66786,7488,4749,16941,65402,33414,44065,69521,89230,18015,11244,13282,44960,53674,29328,73799,66515,10364,16472,11821,56642,
237,72047,40711,42459,31811,5407,553,537,51210,73755,48223,67650,47113,5610,6018,4088,4650,11588,53855,23638,58910,9387,8411,5510,4697,29863,61592,68515,46869,5100,4626,4736,3854,43372,37657,70165,55412,6823,4716,4576,45555,46301,41185,57335,57213,5625,4640,9057,57161,18099,29106,61595,73456,10167,6701,7944,31503,38303,16278,62434,57228,6627,8686,7249,47868,
238,62241,21607,24863,16175,5161,530,522,37753,64330,31648,56789,28898,5344,5146,3878,4242,6402,38475,11373,42767,5891,6153,4746,4338,14392,45783,57727,29503,4927,4557,4531,3869,25529,20574,58458,40173,5991,4542,4360,32486,28411,24218,38972,40464,5211,4425,5966,43770,9794,14514,47410,47258,7021,5307,6206,18243,20504,7790,45362,40185,5310,5595,5589,35514,
239,50469,11364,13212,9367,4846,496,485,24043,52718,18454,43780,16245,5220,4974,3842,4236,5191,23741,6514,26808,4948,5801,4723,4052,7845,30139,43100,16355,4783,4242,4503,3641,13621,11118,44030,25208,5879,4468,4038,20039,15992,13227,22954,25155,4870,4225,4864,29694,7282,7672,32819,27154,6210,4896,5491,9826,10771,5467,28501,24826,5026,4820,5177,22689,
240,30599,6417,6779,6346,4786,502,490,12224,33526,8316,25735,7894,5024,4636,3480,3971,4867,10723,4678,12451,4434,5353,4381,4018,5158,14913,24385,7904,4565,4077,4356,3513,7142,5979,24313,11768,5655,4165,3989,9951,8033,6485,10491,11789,4581,4090,4732,15734,6793,5014,16201,13514,5949,4713,5252,5700,6315,4871,13281,11648,4720,4515,4998,11589,
241,17049,5495,5142,5766,4496,513,502,7262,19221,5414,14168,5799,4830,4618,3433,3730,4577,6215,4336,7131,4382,5293,4396,3807,4876,8177,12875,5638,4414,4134,4081,3417,5680,4850,13231,6844,5315,4201,3860,6000,5701,4976,6705,6925,4506,3908,4574,8899,6367,4745,9033,9760,5786,4473,5231,4370,5333,4601,7666,6985,4705,4407,4911,6587,
242,8551,5142,4737,5477,4381,426,416,5059,9496,4693,7437,4874,4639,4406,3299,3728,4386,4593,4084,5364,4173,5099,4116,3782,4518,5785,6993,5001,4273,3911,3920,3213,5143,4656,7112,5138,5211,3976,3605,4319,5071,4407,5420,5388,4360,3696,4442,5969,6118,4351,5983,8728,5585,4408,4999,4111,5075,4388,5870,5398,4473,4230,4667,4677,
243,5941,4889,4418,5280,4209,481,471,4569,6498,4468,5644,4615,4520,4084,3134,3561,4263,4568,4010,4863,4100,4859,4125,3536,4366,5124,5639,4604,4189,3746,3870,3153,5024,4327,5591,4792,5141,3790,3716,3871,4911,4194,5149,4926,4210,3699,4239,4814,5944,4256,5080,8343,5387,4233,4843,3868,4799,4403,5492,5104,4509,4037,4690,3929,
244,5120,4926,4391,4919,4115,421,417,4317,5509,4150,4914,4695,4309,4077,3100,3482,4048,4285,3897,4859,3821,4757,3964,3446,4291,4848,5061,4478,3885,3581,3689,3004,4644,4241,5282,4480,4843,3623,3540,3726,4695,4017,4953,4614,4162,3425,4093,4373,5844,4010,4767,8061,5186,4143,4680,3611,4772,4181,5205,4867,4234,3850,4422,3820,
245,4825,4712,4193,5048,3960,475,462,4119,5115,4132,4776,4372,4208,3994,2897,3308,4007,4280,3656,4776,3794,4659,3676,3351,4197,4589,4961,4332,3805,3454,3599,2899,4738,4121,5012,4375,4635,3543,3316,3574,4661,3932,4958,4428,3995,3339,3930,4340,5444,3920,4410,8037,5049,3943,4528,3558,4545,3944,4998,4678,4110,3715,4253,3613,
246,4549,4460,3985,4702,3815,408,405,3999,4802,3891,4532,4237,3940,3771,2907,3141,3736,4121,3575,4463,3671,4365,3555,3312,4000,4592,4680,4127,3655,3236,3422,2730,4350,3890,4730,4281,4356,3369,3109,3379,4303,3977,4583,4308,3904,3254,3569,4118,5387,3822,4497,7672,4947,3871,4336,3431,4411,3818,4683,4532,3876,3501,4076,3427,
247,4684,4280,3968,4653,3639,432,423,3780,4768,3876,4397,4136,3815,3655,2624,3152,3686,3928,3392,4270,3370,4195,3435,3026,3898,4497,4660,3942,3530,3205,3149,2587,4311,3824,4686,4040,4279,3237,2979,3371,4294,3662,4493,4196,3601,3135,3575,3911,5145,3602,4347,7439,4727,3703,4172,3347,4205,3734,4667,4313,3645,3469,3977,3422,
248,4408,4211,3797,4391,3545,439,430,3728,4590,3660,4274,3967,3722,3517,2677,2983,3534,3769,3321,4224,3359,3910,3239,2811,3663,4239,4485,3874,3408,3038,3174,2485,4037,3697,4487,4013,4021,3073,2853,3209,4016,3479,4413,4068,3465,2876,3424,3931,4965,3576,4318,7326,4658,3486,3969,3234,4141,3549,4414,4213,3670,3410,3706,3259,
249,4386,4054,3717,4172,3327,417,407,3582,4435,3531,4077,3891,3429,3370,2442,2686,3394,3734,3081,3991,3244,3839,3169,2850,3582,3987,4343,3651,3131,2886,3018,2475,3955,3603,4373,3808,4045,2858,2747,3045,3919,3436,4198,3891,3293,2753,3265,3762,4752,3408,4066,7035,4425,3483,3786,3132,3969,3549,4454,4143,3331,3214,3665,3170,
250,4281,3828,3507,4080,3145,424,417,3439,4252,3351,3999,3585,3288,3117,2327,2607,3108,3452,3030,3750,3217,3644,2982,2700,3276,3966,4140,3542,3004,2748,2760,2223,3827,3439,4120,3729,3685,2715,2599,3173,3777,3248,3988,3701,3169,2693,3211,3581,4567,3297,3896,6853,4266,3185,3613,3131,3787,3315,4255,4024,3379,3179,3540,3167,
251,3954,3639,3282,3967,3081,400,394,3354,4084,3326,3602,3533,3207,3036,2213,2509,3020,3391,2867,3726,2908,3409,2873,2546,3225,3790,4006,3452,2918,2707,2626,2077,3517,3263,3889,3543,3481,2564,2410,3039,3625,3107,3929,3550,3047,2404,3108,3446,4313,3085,3787,6654,4080,3024,3510,2962,3705,3252,4081,3810,3125,2834,3306,2963,
252,3748,3479,3202,3696,2917,387,386,3301,4045,3040,3580,3431,2922,2939,2077,2344,2846,3262,2778,3598,2775,3294,2665,2406,3159,3564,3704,3403,2678,2416,2451,2017,3449,3014,3929,3470,3347,2337,2341,2782,3390,3056,3651,3411,2857,2245,2860,3368,4130,2903,3580,6263,4121,2942,3377,2818,3534,2862,3715,3478,2982,2815,3152,2922,
253,3696,3304,3060,3497,2730,359,354,3160,3687,2991,3569,3329,2738,2720,1895,2326,2720,3069,2662,3406,2699,3031,2541,2222,2961,3598,3606,3275,2443,2266,2226,1843,3359,2993,3603,3282,3010,2178,2093,2699,3296,2995,3551,3196,2698,2110,2696,3288,3974,2832,3464,6193,3842,2800,3034,2823,3393,2752,3708,3386,2846,2679,3112,2804,
254,3463,3148,2939,3422,2536,403,395,3015,3587,2816,3326,3175,2541,2609,1766,2173,2531,2897,2381,3366,2489,3024,2380,2142,2920,3373,3525,3026,2323,2198,2128,1734,3125,2901,3657,3059,2813,2020,1945,2633,3156,2696,3453,3250,2525,1867,2581,3156,3631,2606,3320,5761,3668,2510,3043,2651,3242,2625,3571,3436,2687,2469,2826,2708,
255,3496,3004,2803,3195,2346,404,401,2949,3556,2689,3208,2979,2340,2370,1592,2037,2434,2895,2356,3088,2353,2726,2177,1954,2681,3216,3445,2855,2139,1918,1866,1535,3039,2779,3487,3001,2663,1797,1847,2477,3017,2607,3245,2890,2364,1713,2395,3004,3475,2499,3134,5790,3468,2441,2822,2623,3126,2494,3310,3133,2439,2325,2633,2675,
256,3384,2827,2659,3079,1969,354,351,2677,3406,2625,3143,2837,1981,2143,1271,1679,2229,2708,2180,2995,2210,2408,1890,1719,2647,3073,3289,2743,1798,1641,1528,1156,2866,2712,3304,2827,2363,1491,1371,2348,2857,2538,3132,2790,2012,1244,2141,2849,3289,2402,3078,5549,3142,2251,2548,2280,2957,2353,3253,3022,2125,2027,2300,2482,
257,3130,2639,2415,2866,1819,392,384,2677,3161,2557,3015,2617,1728,1963,1013,1523,2009,2495,2113,2911,1901,2120,1763,1498,2369,2931,3116,2565,1487,1343,1318,982,2696,2445,3126,2639,1975,1161,1184,2267,2729,2557,2979,2690,1776,987,1958,2635,2954,2313,2973,5265,3006,1923,2081,2168,2758,2215,2995,2898,2024,1911,2070,2287,
258,2998,2535,2331,2678,1467,321,315,2483,3134,2349,2651,2461,1377,1713,832,1312,1832,2461,1979,2753,1727,1957,1441,1282,2242,2764,2967,2456,1096,1057,929,725,2455,2266,2912,2504,1789,877,926,2220,2532,2208,2859,2468,1547,703,1729,2587,2700,2115,2731,4945,2645,1771,1981,2139,2672,1953,2726,2694,1745,1758,1908,2152,
259,2886,2404,2261,2454,1239,358,351,2385,2768,2174,2711,2326,1020,1382,611,1026,1676,2233,1879,2511,1562,1606,1209,1022,2062,2665,2787,2362,872,785,671,536,2272,2188,2704,2425,1450,615,661,2052,2401,2085,2640,2397,1249,551,1562,2361,2472,1979,2597,4679,2431,1506,1604,1937,2389,1750,2588,2507,1490,1521,1659,2025,
260,2653,2132,2013,2107,938,384,382,2215,2810,2040,2528,2147,776,1127,531,745,1413,2130,1639,2323,1342,1408,978,800,1891,2478,2699,2258,668,634,569,481,2130,1868,2657,2242,1092,477,584,1949,2190,2024,2422,2247,975,481,1342,2289,2042,1816,2441,4470,2047,1264,1316,1906,2249,1519,2503,2346,1138,1276,1331,1903,
261,2455,1949,1825,2003,670,333,329,2123,2541,1841,2287,1861,600,862,450,522,1095,1981,1377,2115,1112,1084,702,620,1572,2247,2485,1999,496,495,496,442,1970,1794,2498,1988,785,398,487,1827,1941,1828,2187,2063,655,452,1167,2107,1673,1596,2290,4013,1669,976,988,1810,2072,1310,2275,2192,911,1097,1067,1804,
262,2269,1687,1562,1615,532,356,348,1898,2454,1693,2119,1797,534,656,401,444,815,1843,1216,2007,862,800,589,482,1410,2048,2341,1794,489,436,470,402,1779,1539,2193,1935,562,379,441,1707,1759,1554,2068,1792,497,420,846,2028,1212,1303,2052,3718,1249,741,698,1525,1641,920,2051,2036,680,719,696,1765,
263,2111,1359,1386,1342,485,342,337,1728,2212,1453,2005,1537,503,523,391,443,613,1664,891,1762,644,656,459,420,1119,1863,2099,1528,450,446,446,409,1387,1250,1978,1685,480,375,453,1660,1536,1396,1829,1588,488,410,619,1813,818,1010,1922,3366,877,603,565,1399,1368,669,1849,1823,516,561,583,1609,
264,1929,1067,1130,983,465,304,299,1633,2007,1248,1859,1331,435,488,422,407,511,1376,709,1534,526,535,428,434,835,1665,1938,1316,437,445,435,387,1106,1004,1919,1417,478,386,451,1434,1273,1138,1490,1336,427,433,489,1620,656,738,1685,2705,708,548,512,1164,1017,521,1535,1515,493,437,418,1381,
265,1778,783,857,789,502,344,340,1475,1859,943,1606,974,500,470,381,389,466,1191,527,1204,459,477,446,419,670,1453,1779,1068,455,429,423,392,861,814,1585,1186,449,363,402,1261,910,881,1225,1190,428,394,469,1526,567,567,1453,2133,612,492,513,951,701,413,1324,1311,431,410,474,1235,
266,1494,594,593,598,432,306,300,1225,1658,685,1402,742,505,420,390,401,393,785,466,862,473,434,425,412,517,1136,1364,714,442,427,419,395,557,545,1336,854,431,377,427,1027,626,649,821,811,416,390,431,1294,473,485,1148,1401,607,414,499,746,510,418,881,953,401,425,415,990,
267,1197,485,474,529,447,335,330,986,1436,525,1165,552,433,413,377,421,434,644,421,702,423,432,461,382,452,898,1098,597,396,408,424,376,508,453,1079,653,411,355,447,792,544,525,621,595,403,382,403,1044,484,419,939,997,597,479,483,521,464,414,608,696,441,381,409,790,
268,835,470,443,541,425,295,294,739,1123,455,805,461,477,447,400,430,414,442,386,565,410,431,424,406,421,662,846,531,405,386,387,405,494,399,715,490,427,340,396,634,491,456,514,477,429,385,408,831,487,456,702,871,590,475,517,499,536,411,549,503,441,423,424,611,
269,627,484,426,501,404,294,290,568,806,448,618,448,496,406,358,373,426,485,380,458,394,421,433,383,437,566,636,468,416,385,433,363,439,409,589,420,425,328,399,528,507,446,469,420,388,368,396,600,497,430,560,779,575,472,444,476,488,406,470,458,439,376,411,486,
270,495,485,429,505,410,320,316,483,583,438,484,473,483,422,374,373,370,423,395,457,420,377,384,367,441,492,531,468,406,385,415,375,493,375,489,408,368,298,350,467,452,389,466,382,394,375,375,528,494,425,484,791,583,452,478,425,465,369,452,458,391,364,413,421,
271,478,466,402,505,398,297,286,485,475,427,467,442,430,375,349,372,393,467,373,410,446,402,430,370,427,480,502,469,399,422,394,368,460,438,460,401,389,307,372,464,453,426,446,360,396,364,410,452,452,432,467,771,540,435,412,446,427,384,409,414,461,384,387,441,
272,481,400,431,466,402,294,289,451,425,378,404,453,413,404,360,330,373,395,370,464,425,384,385,377,408,476,486,478,374,385,385,334,430,411,430,467,384,311,359,436,467,402,423,355,369,355,382,416,447,432,479,764,528,443,403,389,410,381,427,474,368,349,378,403,
273,451,397,466,472,379,295,291,413,399,380,438,468,457,392,339,316,353,405,368,409,395,389,384,351,430,449,499,415,340,360,361,347,417,383,432,413,361,334,374,384,416,381,425,385,334,335,390,436,409,388,453,787,530,457,398,414,412,357,419,407,377,334,386,423,
274,466,397,435,435,382,270,264,426,388,387,414,398,425,379,330,336,394,384,358,387,379,385,354,349,365,441,512,443,361,383,392,321,461,377,412,414,355,294,367,445,415,374,425,327,342,302,365,438,431,391,481,752,509,417,418,386,455,366,435,386,412,391,369,436,
275,418,432,404,440,338,262,259,380,436,377,407,391,429,367,332,321,365,400,352,405,422,379,347,354,334,463,455,405,353,326,366,320,400,370,408,403,345,286,317,384,388,386,411,334,365,298,380,391,490,405,453,719,509,383,460,375,442,333,406,382,396,315,330,445,
276,411,401,398,409,368,285,283,410,395,408,426,449,417,366,285,338,343,379,359,422,412,382,372,305,367,401,434,397,402,315,327,314,398,410,392,386,310,263,336,408,347,372,410,337,346,301,361,392,455,425,425,674,475,396,376,336,414,359,389,417,347,337,339,392,
277,414,376,384,464,369,222,221,374,343,373,357,370,393,393,310,331,323,379,353,376,353,318,353,332,409,440,443,415,300,299,331,324,390,352,380,358,332,272,331,427,419,315,414,316,321,312,349,405,428,362,435,648,482,381,424,381,412,348,360,378,382,331,320,424,
278,393,386,361,448,328,248,245,424,352,328,379,416,399,338,317,305,314,359,352,379,357,347,340,343,411,414,437,401,348,313,312,293,384,335,389,346,289,236,330,417,360,341,375,280,334,285,314,379,381,342,420,653,474,386,384,406,400,360,338,404,352,334,326,397,
279,381,391,388,383,302,267,268,361,370,328,381,386,386,313,278,327,319,344,333,358,355,319,365,339,362,385,459,379,318,299,317,303,383,368,358,391,313,250,293,386,376,358,394,297,361,308,336,364,422,336,410,658,461,376,385,363,387,310,379,330,337,316,348,390,
280,361,366,367,383,304,256,251,374,378,369,370,386,359,395,312,319,300,346,326,348,319,318,344,298,340,399,447,370,315,297,314,299,374,297,362,356,302,265,307,379,357,353,371,285,350,269,320,364,359,335,405,616,436,368,350,409,352,297,334,352,351,282,292,392,
281,392,349,350,393,279,237,235,360,383,381,340,352,340,324,241,291,337,327,342,406,322,305,353,280,335,374,448,380,311,300,288,274,384,307,345,386,261,265,303,353,373,352,404,287,301,249,285,337,378,323,375,634,400,354,360,349,348,306,380,352,302,256,316,378,
282,356,318,376,386,295,245,245,387,323,333,350,342,346,323,268,266,302,334,319,341,332,326,322,328,343,366,458,337,253,307,313,255,343,322,356,338,290,249,278,353,320,368,358,280,273,268,301,332,354,310,391,595,438,335,351,388,353,290,345,372,341,271,288,339,
283,344,357,336,356,264,235,231,339,353,319,370,369,347,319,284,295,297,350,300,321,332,280,287,283,328,395,376,362,295,299,298,239,371,318,318,308,268,222,309,372,343,328,335,279,298,256,317,347,292,340,406,530,422,318,333,368,331,287,287,334,281,293,257,362,
284,338,327,324,330,270,251,247,366,330,306,320,346,324,300,261,280,289,336,298,339,285,248,314,294,324,360,393,342,283,265,293,284,313,309,344,327,272,200,287,330,295,288,351,261,296,267,285,346,363,315,355,491,404,317,335,331,358,268,300,337,300,274,306,365,
285,368,340,346,361,273,256,254,342,349,295,308,336,301,274,219,254,277,292,273,327,307,274,248,258,311,359,403,336,253,272,225,231,327,276,369,303,250,191,246,359,299,317,353,263,282,245,264,315,315,312,357,521,350,300,293,312,338,272,318,356,278,263,275,332,
286,362,340,292,355,253,235,231,328,308,306,342,300,267,251,247,261,267,304,285,323,297,268,262,266,306,361,346,361,256,228,270,267,319,297,291,331,208,186,237,317,303,273,314,213,248,254,256,325,292,283,313,507,375,317,305,330,298,304,307,323,268,254,258,331,
287,321,287,305,333,249,225,224,335,317,257,294,331,280,287,256,240,249,302,258,288,268,230,273,235,265,356,321,300,262,265,278,228,297,266,290,321,230,205,251,321,330,329,296,244,249,230,267,350,281,275,343,504,350,284,297,363,287,259,296,337,268,218,258,377,
288,325,307,251,306,261,218,216,324,298,276,291,290,246,258,218,265,234,314,289,298,268,251,264,235,264,297,338,312,248,240,249,238,307,310,320,313,196,204,253,334,293,289,301,227,261,258,261,329,260,275,323,447,297,261,267,317,306,251,260,318,297,212,215,329,
289,330,291,267,321,244,220,213,334,284,247,295,271,256,247,213,224,248,284,268,280,278,240,250,258,285,330,348,325,236,228,258,239,300,260,289,258,231,185,238,300,323,252,277,223,250,256,251,292,273,260,330,433,306,264,250,322,265,255,316,287,277,241,250,322,
290,274,281,287,282,275,207,200,273,298,258,294,280,272,234,220,245,244,286,235,329,244,241,275,247,265,296,345,281,238,241,264,256,242,252,271,277,229,169,252,312,292,250,298,213,248,211,250,316,266,247,324,398,295,275,251,314,233,210,273,291,242,235,260,281,
291,289,270,263,315,251,226,221,277,256,224,280,279,284,231,209,222,251,256,249,277,240,268,250,255,249,292,302,258,242,256,224,242,292,238,278,272,216,190,241,332,251,249,255,199,236,215,231,301,245,251,313,350,307,275,261,271,230,200,263,255,252,214,251,346,
292,267,304,274,288,253,242,238,299,249,252,249,285,272,238,258,249,243,275,237,263,229,225,248,254,244,266,323,289,243,245,244,255,248,242,257,256,223,197,249,318,261,261,264,208,240,232,250,250,240,259,265,356,298,275,280,266,234,239,260,235,208,205,230,296,
293,267,208,239,281,239,227,220,291,275,263,293,262,305,237,253,212,225,270,278,250,254,218,252,250,227,311,280,271,235,245,239,239,283,229,266,221,224,183,217,300,259,269,233,189,248,220,232,272,221,243,278,325,248,248,247,290,254,220,232,236,270,198,224,290,
294,273,257,263,292,216,225,223,302,256,255,250,271,285,247,215,229,216,246,239,246,235,218,247,220,247,288,305,281,227,225,227,245,248,194,262,214,196,204,240,303,249,267,243,178,221,247,237,262,252,240,285,302,316,240,254,277,231,217,245,262,244,221,215,279,
295,256,274,217,289,251,186,187,247,222,228,226,255,245,250,234,222,247,273,246,282,218,240,250,230,277,268,270,257,215,230,253,253,274,250,225,268,196,166,253,277,238,257,244,203,220,240,219,260,255,225,285,323,284,251,263,269,228,224,240,245,228,209,192,300,
296,284,255,259,273,242,221,214,244,220,250,244,262,278,233,237,227,226,237,252,278,261,227,248,243,252,297,298,286,228,207,227,236,251,243,247,270,193,191,233,276,246,243,257,187,232,204,227,248,218,240,268,326,290,260,251,297,206,204,229,254,251,216,216,257,
297,261,241,268,289,231,205,200,235,217,228,226,277,242,234,226,244,254,241,237,235,291,213,232,231,261,258,275,241,225,243,233,234,261,227,223,219,185,181,229,294,256,242,273,185,237,224,217,266,231,254,277,288,283,270,285,250,196,236,244,236,231,204,223,265,
298,256,244,265,275,203,198,192,217,227,253,231,254,255,243,194,250,237,242,240,267,223,233,216,230,269,282,276,248,238,248,239,211,233,200,211,231,160,158,220,289,248,250,223,175,234,229,213,271,238,224,269,301,280,265,294,258,222,214,226,253,231,203,218,268,
299,267,246,242,269,213,203,201,263,225,241,237,247,246,240,206,236,228,229,224,240,236,226,238,221,261,269,278,270,255,215,249,224,233,259,211,225,192,187,208,253,245,222,236,181,223,233,246,220,234,240,273,294,273,282,262,275,221,218,212,243,226,204,218,275,
