165,525400,523614,529261,631563,1668012,339168,517275,4066303,710311,440344,590355,471560,1640376,1696241,733834,1161649,512140,493834,492826,528934,1673028,1333303,1974072,1265114,568138,684504,572270,645296,1470973,962387,1286518,1082616,496087,548793,608564,482664,1764420,942997,746902,2824889,553159,559052,552396,622342,1304905,1360904,1515287,3793618,645351,458378,579208,556791,1645331,1188609,946258,3871443,446848,467027,500829,546997,1522202,1320136,1762193,2129305,
166,587749,591899,597605,724255,3175078,581350,895132,5529256,914528,492199,677117,529733,3183990,3270093,1215037,2224459,568305,548332,551459,587015,2970524,2422168,3448223,2401019,636510,861201,640363,795915,2779075,1773284,2441890,2109713,556637,627394,693336,537760,3108272,1695031,1245631,3701217,620693,659245,613966,703702,2465795,2619553,2709795,4630128,731221,512031,679670,624260,3041025,2250306,1504252,4837324,499495,526273,559636,620937,2854462,2429831,3159141,3383515,
167,661801,659748,690514,866962,4847530,977497,1376633,6124463,1265398,548283,818847,590591,5168699,5203654,2313565,3880865,633176,610692,628794,648773,4206960,3904868,4646762,3686417,723060,1183921,734933,1069975,4283175,3084182,3906079,3434965,618489,751495,829392,600029,4490220,2986477,2281608,4001809,706464,829816,689368,824448,3913937,4032588,4082532,4856320,838301,572413,851972,693459,4624498,3730869,2707116,5171289,553734,585926,616593,742263,4317488,3909910,4450813,4231491,
168,799900,775029,884260,1221264,6386313,1488165,1873863,5404506,2018886,640819,1126277,695562,7143433,6947553,4000605,5741709,731733,728379,791920,752373,4945424,5135228,5230177,4527295,905862,1951073,938718,1703817,5294114,4355840,4998628,4438133,713462,1048787,1135225,709033,5286358,4276663,3578524,4068619,888331,1228032,825953,1086209,4974386,4930906,5020347,4848356,1065804,673700,1221702,796531,5999509,5099830,4452595,4840929,643877,692519,701422,1018353,5453148,5168791,5251214,4613966,
169,1084782,1045391,1331422,2032417,6524054,1967633,2389532,4968904,3261454,827938,1784711,932748,7426459,6791440,5727896,6614551,935329,1000055,1205021,968999,5154495,5669351,5363435,4808226,1340908,3353134,1422584,2944265,5542388,4993960,5391196,4820149,906493,1733755,1822350,952675,5479564,4938930,4430587,4091221,1316011,2092545,1133060,1673228,5317725,5113371,5283731,4866780,1604026,901617,1974517,997842,6398404,6024506,6037288,4653189,833236,943324,865752,1621524,5769618,5790595,5339103,4634669,
170,1934821,1982253,2560578,3752040,5678775,2535358,3322072,4952108,4716324,1442866,3270368,1730436,6325896,5751907,6034638,5750831,1690456,1860412,2470634,1714025,5115122,5703813,5381955,4852980,2666128,5508134,2809451,4892395,5457750,5016601,5341561,4790054,1580758,3287706,3415182,1751569,5528617,5114857,4761360,4143566,2553707,3822540,2126876,3229229,5280475,5093268,5260676,4919506,3067543,1644433,3503981,1647669,5735015,5761501,6917830,4705125,1410824,1789835,1389317,3016263,5425599,5665313,5211706,4596767,
171,3250261,3452105,4013590,5105884,5480359,3544337,5478808,5151067,5314801,2557798,4581613,3002528,6000540,5528310,5217286,5308842,3179248,3336757,4205942,3095263,5150133,5723731,5466836,4944592,4563362,7138014,4553944,6468173,5524478,4987038,5364779,4824811,2831846,4664276,4889597,3085731,5654606,5201158,4881537,4243563,4132569,5292028,3709756,5010318,5311687,5214719,5314050,5044120,4661542,2832412,4668456,2871422,5507936,5337263,6430042,4825208,2425513,3064453,2394991,4228349,5371290,5537019,5280686,4655031,
172,4767323,5081408,5196489,5711170,5782875,5985637,10028757,5518470,5483913,4042844,5403836,4397882,6308627,5862521,5025855,5466147,5613533,5464035,6137016,5258881,5276302,5857684,5610469,5097761,6868629,6923089,6527076,6692006,5747711,5130943,5529749,4992914,4539518,5595384,6103774,4791677,5915715,5404932,5102935,4441548,5804592,6321206,5754263,6891814,5449345,5523899,5498315,5274911,5790657,4152478,5195513,4608413,5686544,5400002,6151549,5043696,3775971,4368526,3918050,4911150,5539409,5659158,5492181,4761010,
173,5502657,5725946,5422177,5639415,6809593,12097209,17827023,6600050,5526783,4831436,5520679,5006220,7528632,7135867,5869007,6430214,7285785,6645554,6259653,6899924,5763829,6441209,6242501,5771545,7251513,6048914,6974130,5879377,6573037,5742373,6165811,5659456,5523691,5536721,6157189,5877282,6915697,6313289,6087745,5367035,6306714,5886104,6983532,7263598,6104314,6633405,6311685,6242096,5994264,4835893,5154527,5610046,6331150,5956522,6573632,5737570,4520184,4897237,4903125,5004869,6135881,6125564,6238710,5221071,
174,5532289,5630367,5307419,5657441,55590824,59232144,65005372,63572713,5637543,5022728,5493230,5068939,64214853,64703592,83707059,55134742,6783585,6009801,5402297,6727896,46834980,49595022,57996039,64728123,6307682,5741044,6044375,5529398,59438934,42486095,46076894,52373172,5700775,5417279,5758588,5722130,70483775,69599066,72578856,78527995,5771457,5463401,6491748,6353886,52743923,72575021,77573792,74435767,6110672,4938186,5143524,5832774,50231541,43236081,47171946,57597835,4843978,5117835,5352354,5085675,49820771,45244505,59289795,55981667,
175,5524477,5735852,5443888,6018880,187561215,163788202,170276645,78916861,5914358,5091880,5682947,5115329,204080901,212422312,265276080,195012008,6179316,5505207,5252665,6060469,170193209,176901886,210714018,222354715,6005370,5984443,5796663,5725462,175609212,158263129,164086006,184837785,5807757,5664715,5875615,5507442,251336072,207866637,220991519,234837860,5771846,5613381,6115431,6179667,192813326,244716282,258839089,235544103,6460403,5025376,5324947,5808347,173667968,146192297,156862071,197225554,4969135,5390078,5491158,5316996,174921737,157691996,212520133,193774844,
176,6040015,6586371,6205246,7198724,273165933,229670361,234038716,285106269,6850874,5603026,6392345,5705918,271927767,282189564,258825665,261869438,6357892,5681901,5710617,6017437,213939054,233464215,231912575,272477017,6403722,6684991,6111223,6300285,223263541,202923712,190684468,200097676,6443955,6459084,6430918,5698899,180664933,174038886,208956712,189662575,6189421,6138403,6296243,6512930,205764534,195735807,185501388,180098308,7711907,5709612,6138520,6237671,255286180,217069531,224017094,273487902,5524621,6378172,6066145,6210565,247627775,225815754,254344370,257997567,
177,8217656,9241421,8907524,10513111,322801033,285785864,296754459,332245898,10006595,7845819,8885863,8153384,333176487,336084239,293906624,306206937,8341147,7253983,7603849,7074830,209482904,215642816,174622607,276480157,7951363,8546171,7515124,8216568,227740503,299523884,194655714,196408216,8990473,9175374,8691356,7242327,165769431,160302295,162435787,167873840,7969071,8115560,7950432,8279917,210135860,172769548,170462779,176084251,11244337,8245615,8382986,8519246,308340716,266381541,260083543,306672893,8116156,9562234,8478054,9250278,283275341,262543029,256276231,298084225,
178,51879255,55362775,55298085,59454317,352727796,316315814,351465323,405922969,77110102,63650340,50992151,53696707,389211101,393476367,342542565,353693133,73506832,78120853,61846823,51439641,212248504,238760298,223528089,296697064,63278411,67168289,53483741,68338221,229069467,203573562,183151222,194828769,67521692,61798655,58213278,48100073,158066392,156538170,159317880,161449429,50525832,54693298,52993428,62421514,215871897,167330485,163479999,168718888,86278011,61989501,60140714,49758781,353717423,300208388,297893316,342294397,77694520,83043785,59456979,83757079,307434847,299774007,282176022,254768403,
179,158451432,162703541,159668388,166663311,371613118,329922394,355476570,436164332,210841836,170462789,146589008,162452985,437454553,442165730,394449430,386705766,198830756,231180786,207495847,154562863,205430657,174965747,215361636,295155904,193960907,197979522,155424911,191107041,234165897,217920868,184909468,190083581,191430618,181457533,162240308,146461051,157840538,157591854,161731822,163708857,152208296,162858678,162995480,187346153,200516969,165867125,165360001,167690134,233679318,187665566,178436501,146467341,384480123,315470636,341182613,359001204,212355084,231737150,189084970,234030898,318935208,284261242,276707579,263662882,
180,180870320,180366806,176078232,186449917,389265135,340233347,384149967,454159806,211868414,187946040,208438832,160926580,474664300,485178249,455697382,425405948,271833467,257745787,244256092,189259886,195676185,257017276,217242836,294702898,231460395,223511997,195519704,223185129,219500440,195045312,179328792,192219519,205138084,209373606,231531957,193526462,158620756,157789949,155845705,162289508,198228361,208833848,224181533,228265588,192193095,162974125,164275514,165565071,195066410,178532570,181017769,172305191,362129951,326596273,297310706,366891402,194914376,197380759,182000900,192674533,324628304,296679909,371084006,293671664,
181,174153160,182445432,178352997,187426111,407644001,353777591,456421872,467038160,212341730,192437472,186149618,170975631,504928470,489599558,507549535,481621493,293015037,283273172,273721333,222913823,193294491,205083729,188817506,236420948,273086787,285050340,239984184,262380576,177078732,184709396,204723749,189138796,240118143,228950116,279098505,232669747,158380068,155031491,156412882,157382935,236424943,241641497,251015264,258499480,190230408,160485542,159029980,160064481,176976084,167284359,171190790,115840840,500530928,341109602,320126076,374196835,166676166,175551352,169690505,175357223,327536388,293659595,285094830,257990185,
182,202406460,184375157,174145658,230473072,414623886,370856415,446873049,479352164,156812296,176400930,197194927,176297402,530166053,547381055,539952956,526173687,321104274,322702401,316940756,253183358,181568086,195936596,203418090,281700570,326648519,339540926,290542505,329501005,154323236,176317995,164086508,177040930,271368305,272996052,331902870,273815863,154418441,153309759,154820987,154844832,275821224,278181646,267234112,293548250,174656481,159115055,155713293,157253719,162054455,162890008,166336637,86954418,388646134,353307710,324699222,362794036,217004043,163151896,163452407,191321351,315772607,290091327,266691483,249684340,
183,181005432,186936602,175298660,193683562,430195452,389650065,467094139,489895193,220135383,181020564,193481933,177781160,538715768,561560746,558150360,546259547,352167425,361147642,358817778,304471111,175105956,191615064,196112775,261959328,375822369,374886362,315744028,327286038,179115874,173789295,161149150,171736213,296747836,210230088,362921457,291671109,154348208,154188935,154272412,155315693,298240473,297654744,331682715,315706248,164371092,160162701,156294250,157211104,161229214,161178263,162778022,189441920,378954393,359516131,324974260,352488509,163752397,159472253,160526435,162274557,307243687,286900123,254628283,247513369,
184,196428116,191494017,173790182,181267889,440151266,417486028,453776254,486574762,216766221,197781086,180191885,160440626,546124314,572309920,571882529,566186246,389036186,397283055,400306859,341646648,171987945,188475848,178335993,251797955,404066671,395024107,330165896,337432715,170560435,169177345,159011584,168187085,306560256,272489144,381898794,316273087,145972790,153080677,153597275,157483031,311299202,311419896,353713139,330927548,164064723,161260934,156214337,156857975,160129632,159287299,162513302,187908590,378999579,361800329,331920393,354482414,159091539,158003744,156688398,158490956,301304836,279668304,251203896,241736675,
185,196737390,192407725,173785047,186138728,461998961,443003671,468794745,482098857,211434216,201157954,183576593,171332179,545409127,568302957,569640444,575024512,423823379,421377983,432278031,378399856,166524321,184271334,184617335,245497417,448860919,417116316,340323093,342444237,165247791,165848117,157192267,166440848,286772882,368719312,401618617,326872187,149625952,148021185,152875340,153711313,317520558,316788733,341593350,338711249,159352951,160591143,154961393,151436906,157640311,158079618,161413229,179956093,389656652,366608935,344865404,364311335,145855024,156591824,157016777,253321837,302291580,278131512,255324658,241111575,
186,188278572,172157609,171145760,132041790,484067088,454627464,447329707,462351067,214425572,232839272,171411313,168644375,522360397,531845320,542863875,563951609,450383202,441862612,457783128,409347404,162057466,176100646,170549009,230243778,457467438,439247351,352784350,354371452,168321949,162859081,154702179,164022451,310177435,265506234,389746972,300083950,150152249,149933807,150783238,151082249,318595248,321205291,365438441,344757671,142360754,159109624,152977636,152222841,156525927,157150578,159702466,174815855,402853665,374712021,334519735,376282317,157141020,155715616,155493101,156544727,300518206,276496381,250788004,243396739,
187,190032793,189915899,169318978,166082886,440031599,393136750,379842594,396321615,332617788,237210990,177708388,166150458,431521825,439338196,450420600,466509678,471768785,453206570,474381861,426023587,126148704,146559806,143491004,183986730,468497717,459825146,378629321,376382821,141573215,139055254,133897061,142402801,283481620,250146643,395633938,295900665,129096512,129223840,131656842,129692542,315881697,306258178,362041893,354403438,139602918,135520976,131996570,132255836,155444810,155893075,158367229,167739899,358430263,323624475,316580270,338658212,154251868,153087323,154857200,157097702,259289251,225389418,300675636,205189892,
188,187228934,191205776,168861048,166626522,216256199,207434857,195960211,201596435,228209672,185497522,153898491,163891236,218300085,220690895,226473857,236810536,468151296,465377832,488805059,446086646,72221472,75584753,74566190,90309817,477059207,475889257,393101023,383715458,75066634,72992601,71486285,75346482,289508168,262800537,374407231,344181078,69229622,68745987,68885947,68360882,317562032,323199571,356561443,361138689,72741490,74346218,70145866,70203682,154130226,154406845,156858268,164444887,186890937,177651089,169852751,177165894,152961464,152822102,155111109,153208900,138674855,122935437,106785522,103593267,
189,182863320,188093153,165554153,105680261,35833571,38974735,37292991,32523749,185338466,169267932,167372513,159036102,35378481,35188160,35211373,37197231,465982310,453601277,514334345,440698464,14647047,15335491,15601441,16205744,467298711,456427338,402727716,396630190,15975472,14601019,14681155,14761299,278952222,239075804,379713231,310216046,14776483,14265546,14007817,13409128,315706142,320882109,361083169,405594394,14585309,15060265,14553561,14194135,149789854,150354263,154285929,154488658,33279351,30251350,29202043,29445148,148797861,148949949,149179288,150318055,23718738,22026813,19148796,18219614,
190,139573868,142360406,126472150,124162532,5644096,11951616,11824298,5303781,142533419,136200868,131108333,120935472,6055204,5690053,5092280,5562947,360994359,349253550,353621341,338185829,5416574,5811574,5526345,5010449,353500834,296977026,323209927,315308038,5572108,5068984,5444290,4877704,212551256,197850982,285125249,174973707,5752221,5333893,5008006,4384832,256713410,221121629,277750381,302113423,5431791,5207921,5480895,5132278,115479243,115862511,116799372,123608807,5793711,5502177,6159930,5056442,115029266,114743383,115074761,117200650,5520325,5687290,5287682,4850926,
191,62630620,65937870,58214862,58796607,5047108,11382965,11299447,4769508,63707420,60059875,56847279,55314864,5569118,5120351,4512558,4948939,164827090,157290478,155226333,150964632,5218868,5606988,5324689,4773913,180941022,152626187,147269281,147102118,5359090,4871437,5251161,4674864,95760541,88096541,128014390,107919992,5544286,5115796,4784259,4166634,116916695,117815953,127051681,138562755,5221735,4988608,5269786,4924931,54004420,53275063,54088463,62556406,5248432,4981560,5666449,4554972,53438067,53418934,53622192,52173142,5119037,5353382,4994048,4573973,
192,9444801,9601145,8908641,9108950,5018205,11178325,11070617,4740995,9737608,8808004,9120161,8464242,5527463,5092731,4483334,4913536,16771938,15591021,14995700,15310705,5060080,5572376,5287439,4741319,15728978,15711033,15442395,15520820,5329855,4843161,5222970,4651123,11558767,10594116,14038198,12606213,5507278,5091033,4745805,4139066,13833080,13625563,15333424,15498668,5208900,4975414,5234512,4896238,9304448,8268142,8589008,9299635,5201735,4965009,5630541,4527322,8379645,8387364,8823692,8433937,5089633,5312101,4966720,4542296,
193,5853269,5793482,5651921,5929524,5009001,11076059,10959595,4736615,6010229,5330657,5846308,5365324,5524274,5081728,4472543,4905489,6729395,6173486,6013443,6513030,5053551,5552783,5281975,4726351,6533354,6640675,6510025,6469844,5318128,4837714,5212244,4646588,6138043,5803821,6525602,5901487,5494701,5079228,4739554,4135025,6356774,6227125,6537671,6868522,5177591,4970313,5227824,4891007,6361085,5256387,5561320,6155454,5194838,4963000,5619174,4521783,5369605,5408887,5830182,5380541,5077117,5300480,4957693,4537033,
194,5339972,5330745,5181898,5468025,5002598,10950502,10805998,4732587,5465769,4842136,5390279,4905403,5518271,5072679,4460848,4897897,5351704,4882748,4746412,5276481,5046303,5546444,5271568,4724683,5264992,5392486,5255295,5253608,5307954,4824619,5191747,4631559,5355705,5098549,5456698,4958632,5481944,5074368,4728974,4131954,5225624,5128625,5364325,5626369,5175666,4966688,5218738,4885712,5928506,4840381,5132853,5702398,5186825,4948275,5606829,4514276,4948233,4991809,5398170,5023027,5070423,5295063,4944434,4525201,
195,5286833,5286967,5129973,5416362,4992088,10809082,10596030,4720586,5407740,4791484,5342113,4863126,5504454,5065256,4458565,4892652,5248032,4779098,4644176,5176125,5038591,5533400,5260079,4715230,5157834,5291373,5141249,5154383,5292344,4817511,5186511,4627080,5279308,5035841,5366412,4854854,5473875,5062998,4725563,4124245,5132922,5032652,5265699,5516796,5186085,4955821,5200481,4882699,5877791,4801085,5090023,5648472,5174971,4940365,5595777,4509986,4897376,4957270,5357627,4984702,5059088,5278997,4937191,4519523,
196,5251812,5248045,5101860,5385770,4986885,10606305,10236827,4717526,5366726,4766912,5305035,4839417,5493275,5065511,4451608,4879941,5202091,4724876,4597068,5118665,5026302,5524494,5253224,4710177,5104457,5241840,5095843,5107909,5287991,4810934,5176405,4609508,5244862,4995004,5320201,4813071,5460594,5065769,4712018,4120993,5074031,4984481,5214935,5471431,5171526,4944626,5193996,4876726,5859842,4776827,5064879,5620802,5170792,4929240,5586842,4507634,4875656,4932718,5333156,4962851,5051701,5274876,4926983,4512103,
197,5241959,5239605,5093937,5375160,4968421,10216100,9417770,4717866,5350382,4747256,5292065,4825489,5479183,5050511,4438322,4882297,5192122,4715352,4588837,5111571,5019632,5511296,5241753,4700475,5094663,5230425,5084658,5098060,5278658,4799406,5168635,4605337,5232737,4984254,5306711,4807895,5448767,5054478,4703201,4124988,5068234,4980198,5208914,5460077,5169067,4932675,5181133,4876586,5864746,4768779,5049664,5625946,5161996,4917843,5579460,4502219,4867033,4926717,5321638,4954650,5040945,5265743,4915489,4508178,
198,5230450,5233792,5084842,5366305,4959401,9235696,7478547,4714466,5341986,4743543,5276867,4829821,5473782,5043539,4426778,4865711,5180491,4706924,4581504,5100249,5007759,5492597,5225819,4690978,5089803,5222540,5078530,5091400,5261700,4787739,5150404,4593162,5222114,4971324,5300601,4798490,5433062,5039382,4693649,4113705,5061524,4968399,5199835,5446562,5148642,4916245,5170900,4864469,5853912,4759721,5043518,5612706,5147401,4915328,5568361,4495674,4856313,4911509,5316654,4948339,5030324,5252221,4906210,4513080,
199,5224086,5225339,5070804,5356516,4959111,7395015,4877843,4705818,5332411,4738487,5266214,4817471,5464370,5026508,4418564,4855927,5177917,4698187,4580193,5091581,5002291,5489495,5216729,4681772,5075977,5212769,5069632,5083996,5258877,4778021,5144356,4583760,5209715,4963116,5289211,4788785,5420630,5030966,4685285,4112055,5052411,4961070,5198796,5437364,5141511,4904751,5162913,4855340,5841398,4755643,5035138,5604202,5139010,4903020,5555337,4497796,4849006,4910817,5301295,4937431,5024225,5239004,4899631,4504087,
200,5217767,5215284,5063198,5345736,4944402,4891306,2648699,4704499,5321385,4722559,5257858,4810890,5444643,5020265,4403191,4846844,5169184,4692603,4562463,5081995,4987721,5476527,5209785,4671134,5067094,5203663,5075612,5069400,5247042,4768727,5136707,4571755,5201254,4961937,5280417,4775237,5407368,5017057,4672569,4102615,5040875,4954463,5178962,5432791,5119766,4887730,5148656,4859587,5823720,4737119,5030563,5593974,5131597,4892982,5537623,4491545,4841873,4896251,5291696,4932651,5019666,5240297,4884838,4499910,
201,5205179,5201350,5050817,5336089,4933809,2753999,1486514,4696702,5312590,4705496,5247888,4803843,5427847,4996503,4394303,4833333,5154095,4681248,4549537,5076823,5090573,5467134,5202330,4660815,5048290,5198940,5064297,5061893,5231705,4755693,5119501,4562137,5191675,4945078,5265764,4773242,5393330,4993079,4654354,4101942,5026018,4945878,5164444,5418410,5097362,4864742,5135231,4846741,5801737,4724553,5012971,5581535,5108904,4885302,5529376,4483502,4832386,4892015,5283542,4924914,5003915,5228843,4880474,4492641,
202,5191183,5186876,5034576,5319593,4913856,1505983,1036921,4691485,5300505,4699573,5233720,4788759,5410993,4985077,4375793,4814889,5145345,4667557,4537294,5059334,5078944,5457719,5186031,4645323,5044397,5182580,5051920,5047052,5214219,4738010,5102691,4545923,5185153,4937812,5252298,4759723,5371503,4976280,4635979,4095439,5015055,4933958,5156412,5408177,5086703,4857217,5119887,4839006,5776141,4715940,5002702,5571096,5100749,4875191,5516953,4481245,4818983,4873348,5273510,4908074,4989863,5210722,4866029,4491553,
203,5178186,5178877,5032045,5308107,4892328,1062394,903308,4677401,5287861,4706572,5219521,4776314,5385290,4964561,4358248,4795094,5132373,4663241,4533260,5050403,5060790,5432721,5160643,4628908,5030998,5175052,5039256,5038094,5193232,4726374,5084881,4525442,5175075,4923718,5242970,4749775,5349422,4944142,4612419,4087834,5005341,4925916,5147643,5397175,5066359,4838090,5103939,4837200,5768791,4706356,4986631,5552849,5088804,4866778,5502530,4472003,4809964,4861660,5260080,4893171,4970524,5200924,4842214,4486294,
204,5166842,5167238,5023497,5290049,4864246,916481,852542,4671922,5273739,4677908,5211015,4766934,5358143,4939878,4343742,4774795,5115984,4647484,4527167,5038352,5042932,5417091,5129499,4610891,5019619,5166597,5029358,5026343,5174310,4703453,5061192,4504946,5161477,4914746,5232761,4742498,5315602,4927011,4593401,4074508,4988176,4918210,5135665,5381899,5038935,4803852,5081027,4822414,5752888,4698561,4975297,5546835,5063089,4836777,5486077,4459084,4794994,4843139,5234113,4884634,4958351,5180750,4822832,4485047,
205,5159487,5148348,5003035,5280457,4847102,855646,819401,4659214,5264337,4669823,5200260,4758573,5334907,4912316,4317941,4754158,5104865,4635332,4506910,5024354,4984535,5390978,5109897,4585272,5008917,5149326,5021382,5018006,5134781,4675178,5028004,4480382,5148103,4903758,5223430,4726671,5292130,4901830,4566758,4059406,4978918,4902601,5124070,5369621,5023195,4791031,5049166,4805042,5721157,4680361,4960956,5529806,5040361,4817436,5458015,4448074,4786194,4833501,5227929,4865943,4924445,5159989,4797809,4474522,
206,5144008,5139573,4989827,5256863,4820353,817726,787562,4639306,5248925,4668115,5182417,4741697,5312525,4889191,4303268,4725941,5082148,4619425,4486481,5009653,4858785,5347859,5068099,4556823,4993505,5129462,4990142,4989745,5108442,4650189,4993909,4456304,5135091,4889746,5210436,4721574,5249678,4874168,4544538,4042636,4968062,4885959,5111696,5355508,4987742,4763216,5022235,4780585,5685988,4665931,4944924,5504681,5008995,4785793,5433618,4431537,4763608,4808972,5214693,4845369,4895807,5124751,4777584,4461678,
207,5133640,5128516,4970786,5236902,4801732,789288,760401,4625032,5239203,4664819,5172182,4732544,5280603,4872840,4280212,4709089,5060364,4609804,4468962,4994137,4829650,5323129,5045686,4528989,4970252,5108044,4979089,4968727,5079965,4625765,4971358,4431933,5117668,4873592,5192586,4711454,5222670,4854797,4525087,4037826,4954346,4873966,5099248,5338783,4969615,4736610,4996242,4765518,5660733,4641394,4928876,5491651,4980045,4760755,5395219,4415342,4743910,4797917,5190880,4821041,4867229,5092607,4742432,4447425,
208,5112893,5100843,4944979,5197221,4773974,756756,727722,4604100,5216588,4629722,5150809,4715385,5247784,4847948,4257494,4681731,5033567,4582790,4445461,4977480,4805299,5286822,5012754,4503927,4944855,5087695,4956095,4938045,5045965,4593690,4936160,4399176,5100841,4849408,5174237,4694513,5191553,4828629,4495064,4019488,4928505,4847595,5076571,5311429,4936405,4708151,4966547,4749215,5623523,4620544,4905547,5457427,4955921,4729722,5370312,4397937,4714119,4767955,5166163,4800265,4836794,5061749,4708212,4427189,
209,5091340,5075949,4923858,5174102,4748673,727766,698091,4595746,5192024,4616258,5125792,4687358,5224087,4819477,4238636,4664952,5008087,4565527,4429747,4958085,4776775,5259969,4984856,4483702,4919509,5059526,4949883,4919202,5014411,4572414,4915038,4376382,5078415,4834137,5154510,4673417,5168813,4804022,4474738,4009834,4902755,4824902,5050866,5282493,4903916,4682710,4940606,4734173,5598906,4599513,4880219,5432699,4929619,4710209,5332201,4375281,4692936,4741562,5133763,4777546,4813940,5037422,4687974,4407682,
210,5069333,5042610,4886330,5138898,4719190,695450,664517,4577914,5154808,4584094,5089932,4660595,5184219,4792298,4214832,4636405,4983629,4544645,4402126,4928854,4751520,5230988,4948954,4456537,4895264,5033576,4924688,4887567,4983765,4539051,4879568,4347997,5047969,4796995,5121969,4646130,5131732,4776558,4441349,3997516,4869784,4799600,5026364,5256465,4870039,4649570,4908725,4715400,5554227,4575241,4847446,5397304,4906571,4684476,5301596,4361390,4659906,4712128,5101939,4742550,4783765,5008369,4660111,4392112,
211,5037138,5013302,4861387,5110035,4695244,664382,631760,4559766,5127665,4568852,5062561,4648751,5159602,4773540,4184224,4613710,4960730,4515965,4381836,4904362,4726951,5199460,4922108,4432755,4864482,5015324,4900057,4865882,4948282,4511549,4845880,4321765,5015799,4771072,5089214,4621970,5092434,4744473,4411203,3984432,4845253,4777001,4998800,5227511,4839780,4619611,4880067,4704754,5537186,4544283,4821633,5363982,4879105,4656219,5269946,4349727,4645816,4685894,5079248,4721767,4762185,4978318,4632448,4383897,
212,5008525,4975337,4831199,5076711,4667119,635044,600259,4546510,5092232,4544032,5029979,4608369,5121490,4742682,4161115,4586502,4924213,4495088,4353935,4882628,4708087,5164764,4900212,4408189,4834427,4989584,4875495,4841066,4922473,4485804,4813652,4294388,4993267,4738198,5060813,4595987,5064448,4709334,4382824,3974810,4817568,4747193,4967621,5199683,4808552,4580141,4858379,4682242,5508648,4520417,4798699,5328144,4852659,4628842,5236291,4341122,4615539,4667118,5053772,4699308,4727059,4950722,4611051,4366250,
213,4981069,4951867,4806272,5046372,4634740,601651,564612,4530586,5070810,4511978,5003177,4582051,5082693,4708376,4126028,4551303,4899065,4463811,4329104,4861316,4675457,5129695,4863860,4377420,4803690,4961399,4847994,4815377,4878014,4446638,4770343,4248811,4950244,4715711,5030082,4567390,5028433,4664207,4339350,3960383,4788498,4725282,4938842,5166026,4782598,4507950,4828387,4667304,5476935,4491853,4774258,5300703,4822208,4602996,5204803,4321852,4596020,4643624,5024590,4675753,4703804,4925850,4580771,4350683,
214,4950864,4915652,4774224,5011444,4568820,561935,522110,4509013,5034930,4483876,4972827,4561896,4988125,4666140,4063367,4508626,4859855,4441588,4296409,4828844,4642194,5083250,4822693,4329725,4773426,4932119,4822911,4784261,4785450,4377666,4689194,4152518,4922547,4688424,5004446,4541514,4972032,4577736,4252607,3950566,4757363,4694378,4909822,5135952,4734416,4321418,4791483,4646458,5409708,4466898,4740836,5268717,4790233,4562973,5161467,4305218,4564612,4604122,4999754,4647444,4658167,4894193,4537651,4334182,
215,4925601,4874767,4741681,4973832,4431264,522226,479655,4490562,5013130,4459167,4942725,4531511,4793839,4577096,3939641,4433890,4828043,4419498,4276117,4803733,4607417,5013715,4744796,4253727,4748575,4905110,4791280,4754634,4566734,4210504,4480607,3899003,4893143,4652695,4981028,4523579,4880874,4396519,4069517,3925961,4725984,4671836,4885139,5104660,4648984,3871283,4743661,4630661,5353305,4436148,4723753,5242676,4738887,4513721,5101698,4281651,4537688,4570062,4969454,4624938,4589880,4849101,4467732,4318897,
216,4892938,4852557,4713088,4939915,4041788,477790,429567,4468312,4977889,4432545,4920957,4514493,4277106,4378890,3596579,4246922,4781939,4392832,4249515,4773355,4533723,4851093,4539445,4032508,4717824,4880610,4768239,4728625,3992093,3755296,3932652,3297693,4853135,4629472,4947065,4492834,4666594,3928960,3607551,3911043,4698266,4644551,4854483,5075328,4400443,2910333,4647431,4605371,5314612,4401691,4688471,5195294,4640107,4390302,4968777,4252538,4504613,4526584,4943370,4597477,4390642,4768637,4266311,4296798,
217,4867587,4809497,4682713,4892313,3231690,429224,370555,4428267,4952103,4404768,4882561,4468880,3270493,3874386,2875540,3772675,4707889,4367089,4208376,4745915,4407638,4422629,4034841,3498560,4679878,4853150,4740531,4700272,2969012,2886606,2939069,2342835,4819570,4598956,4923959,4472856,4126938,3045707,2758370,3881759,4668184,4615146,4830194,5043667,3770633,1859546,4407990,4573829,5230784,4366019,4662476,5161635,4368905,4049928,4625652,4181880,4473140,4466302,4904945,4564962,3875337,4560160,3773973,4277875,
218,4832693,4738421,4631435,4786314,2020029,361455,288501,4342947,4916067,4364714,4848332,4433000,1898548,2799214,1764468,2736151,4532931,4328430,4135694,4708729,3898950,3452127,2980509,2481078,4615998,4814883,4705296,4651047,1700510,1719735,1698503,1284355,4758148,4544587,4880407,4432845,3021853,1812064,1619332,3818912,4621748,4570080,4783953,5002538,2627841,944609,3750332,4507634,5009921,4303573,4623166,5103373,3645401,3212184,3754194,3956629,4423579,4309600,4854969,4519618,2821105,3969538,2771873,4233470,
219,4797356,4601480,4561207,4554647,1092280,285983,204693,4095939,4871913,4367811,4801217,4368905,998528,1650766,927005,1597501,4168442,4281527,3998302,4652106,2928497,2243098,1834185,1452448,4504155,4765270,4670878,4568870,907803,919069,912400,683258,4671319,4455083,4848689,4395959,1811633,959783,845266,3652047,4545026,4498942,4722958,4942488,1513774,547631,2690546,4337612,4612358,4187280,4573074,5021671,2555749,2099043,2531679,3403809,4338605,4011224,4801854,4455500,1703731,2966403,1692263,4129175,
220,4753472,4191109,4353687,3902227,642094,212714,137525,3551295,4804662,4245297,4733759,4161132,615755,920867,534706,877341,3274622,4163349,3584959,4553512,1886227,1310868,1049562,816943,4161417,4635476,4584759,4314499,574554,558190,577302,443505,4370341,4177681,4781830,4300880,1042830,580127,509009,3245427,4335725,4263254,4568150,4810796,852538,411516,1649616,3934469,3693372,3861583,4456470,4799542,1540800,1206552,1475196,2538728,4127530,3289948,4677381,4294768,967257,1889780,967200,3857864,
221,4670480,3387499,3866287,2886106,444075,141789,89080,2531803,4647137,3942465,4588764,3690226,458052,559659,371240,524631,2142815,3900193,2828122,4297608,1029895,743889,625738,498914,3445583,4324046,4445438,3751678,432806,402954,431268,342055,3766376,3583547,4651431,4063888,665148,421562,373155,2392287,3844735,3725093,4189316,4477562,535617,352227,895343,3037848,2513594,3229754,4196868,4282139,834113,658852,786364,1513035,3684268,2319451,4444201,3946683,572924,1017034,576109,3172843,
222,4398744,2040551,2754971,1589073,370340,91388,65477,1421089,4158047,3111970,4109295,2626858,394253,420636,309263,392717,1041266,3123822,1660261,3555235,614631,516418,454949,377269,2144099,3454037,3951104,2560519,376468,342897,366854,303876,2565613,2406881,4209881,3347083,514561,360123,324073,1361250,2740815,2578148,3199630,3558920,415383,329660,572285,1850627,1286905,2067936,3439762,3084395,531501,445289,510669,817913,2657387,1199621,3738826,3067137,422776,595174,424180,2075893,
223,3809790,1109079,1661101,887270,342726,67299,56296,822005,3274041,2057738,3275397,1588724,372701,364653,289144,337717,588783,2083139,901534,2496190,467762,431788,385611,327065,1180838,2329569,3088581,1514465,356649,320553,344387,290420,1502653,1406048,3380013,2341047,445091,338408,308447,765541,1668989,1535793,2052834,2392158,369065,321497,451337,1052677,745901,1165033,2398043,1880520,421714,369994,422526,556093,1609986,657285,2698386,2018070,367224,449023,366566,1180421,
224,2253341,523090,712906,508409,329412,54368,50667,514393,1644984,863999,1674810,668673,360158,334982,277139,306248,384687,865264,448740,1069805,361988,383641,339978,300717,555735,1015983,1496714,693723,344632,308222,331478,281041,645796,625539,1733449,1009374,400598,327455,297670,458997,720893,675069,852898,1035788,344864,312924,360760,590975,488723,468658,1072096,805935,348346,328359,378301,400635,696242,395930,1203108,870683,337354,359124,337167,566805,
225,1245154,409838,490662,426436,322417,50238,47545,429043,931064,526539,933126,454831,354147,326037,271920,301219,348311,526229,355705,615029,335862,371914,329950,296006,427725,638530,808560,507206,338336,303667,324716,275505,453163,449934,945977,580333,391292,320496,292529,378654,494498,477548,538665,643607,336013,307580,338659,485850,435358,399027,657684,552395,332146,320574,370600,332857,483788,348982,689124,563237,330456,339145,328674,448816,
226,670248,364433,388491,384386,317861,46901,44302,354553,606066,388127,575816,365724,347719,321430,266737,293836,334957,388645,313988,433694,313798,365891,323492,290412,362806,476188,501927,405726,332973,298920,318337,270558,377980,367898,573716,407163,382033,316312,286616,310498,393965,379262,413458,475382,331412,300394,328638,401485,410683,337695,477447,444062,324193,314553,363596,288037,383564,327780,475349,425902,323815,328297,323074,365977,
227,495180,351217,347049,370701,312390,44447,41877,310490,492187,337992,457830,335531,341665,315379,262421,289481,327397,337657,299794,375497,307664,360248,317456,285445,341278,403161,406843,358749,327331,293158,313338,266714,354367,339113,457052,351312,376243,310163,282480,268504,357418,337333,369317,407475,325334,296681,323071,343893,400901,318897,400722,406880,318093,309003,356577,268153,342122,320939,405741,368827,319260,323710,317364,308963,
228,404110,342599,329275,362524,308778,42268,39745,291823,410008,314662,385225,320975,336637,311136,258979,285317,321924,311931,291775,347085,303359,353977,312569,280963,332113,358228,359555,334193,322349,288904,307881,262072,343014,323534,390272,323562,370475,305253,278222,249679,341047,315496,351109,371186,320478,292345,317478,312904,393133,307321,352706,389409,313010,304020,352213,261662,320689,313695,370768,339867,313950,317316,313422,279004,
229,366132,336201,321677,357425,303832,39202,36633,283020,371361,306504,354844,315564,330992,304785,253972,280712,316350,303357,286347,338490,297659,349037,307157,277433,324372,342346,341671,326150,316910,283430,303124,258801,336526,318754,362733,315459,363464,300611,273710,242297,334405,309226,344312,357525,315062,286406,312093,297286,386859,302652,333864,381222,308353,298986,346390,257168,315836,308536,358299,331243,309620,313187,307627,263730,
230,345669,330225,315430,349987,297599,36531,34016,277662,350478,299653,341129,310267,326399,301047,248992,274544,311352,298109,281667,330633,293881,341507,302298,272100,319097,332349,333920,318856,310594,279427,297973,254203,330893,311691,350379,309391,356019,295219,268477,237357,326904,301133,336798,349992,310829,281693,305887,289741,379758,296622,325719,373808,302108,295330,339968,252759,308860,302606,350433,322888,304029,307232,302291,255725,
231,337679,324302,310601,344468,292523,33734,31212,273773,342982,295779,334263,305956,319292,295308,246588,269619,304823,292344,276531,325982,287146,337313,296831,267624,312897,326547,326543,314127,304782,274856,292549,249749,325687,306722,344396,303808,350339,290916,263564,234099,320765,297335,331531,343694,305951,275751,301471,284942,373677,292516,318376,366931,297389,289729,334471,248820,303633,298291,345634,318102,300600,302238,298017,251920,
232,331974,318426,305685,337483,287576,30968,28390,269771,336194,289398,327892,300458,315701,290172,241202,267132,301050,287755,272720,318548,282809,328764,291453,261676,308476,320654,321335,307080,300808,269070,287397,244751,320259,301677,337033,297526,344645,285192,258797,230134,315129,291670,326126,337324,300232,272535,295430,280895,365125,288052,312995,360643,292148,285342,328207,246758,297649,292459,338467,312833,294184,296989,292454,249139,
233,325794,312366,299399,332796,283830,28843,26379,266029,330905,284596,321824,295075,309058,284844,236913,261677,296166,282784,268313,313061,279102,323150,287704,257997,303010,316383,316679,302436,295352,265065,281742,240876,315993,296365,331739,292727,338666,281051,254698,227017,311315,288006,320953,331400,295705,266549,290596,277222,361900,281850,308708,354818,288911,280243,323237,242071,293182,288778,332292,307749,289090,291498,287576,244302,
234,319303,307775,293839,327688,277700,25460,22928,261075,325488,279334,316106,290756,303821,280588,233312,256609,288385,276689,264429,308389,272488,317830,281715,253022,297345,309474,311950,297037,289989,259128,276482,235897,309737,291143,326371,289584,332175,274561,249142,223881,304826,282736,315801,325351,288693,262024,284681,272313,352990,275535,302871,346746,282073,274919,317748,237980,287921,283444,327251,301735,283900,286337,282151,240912,
235,314856,303848,288530,321508,273630,22697,20207,259189,320170,273981,309907,284940,296866,274026,228472,252682,284167,271083,258966,304707,267137,311166,276548,248993,292377,305112,307339,291557,284210,254394,272530,231573,304254,287372,321464,284023,325529,270472,245871,220363,300149,277931,308801,319687,284738,256377,280301,269047,347332,272077,297591,341495,277463,270268,311376,234903,283112,278193,321210,296724,278197,281268,278074,237825,
236,309170,297286,283630,315649,269122,20531,17734,254550,313912,269790,305173,279792,291647,270961,224366,247419,277734,266616,254199,298586,262888,306992,272706,244575,287098,299819,301955,285673,279481,250286,266599,227299,298526,282270,314715,277957,319788,265204,240465,218169,294188,272889,304045,313480,281079,252138,275359,265672,340375,268156,290776,334309,272777,265466,305845,232009,277154,272078,315964,292540,274409,276921,273070,233728,
237,304419,292588,278720,311062,263818,17507,14618,250275,309020,264540,300678,274366,286782,266297,220255,242753,274384,262238,249789,293256,259221,301226,267392,239828,282133,295292,296352,280977,274445,246212,261181,222222,293347,278178,309973,273172,313850,259793,235316,214718,289469,268714,299496,308623,275012,247157,270398,262104,337056,263118,287351,330877,267243,260644,301521,227874,272788,268424,310224,287437,268747,271906,267712,231521,
238,298805,287192,273490,303133,257766,14033,11156,246205,303211,259639,294333,269212,279741,260203,214675,237914,267073,258948,244398,287589,254308,296013,261951,234943,275877,288865,292320,276017,267441,239152,254377,216632,287775,271509,303649,269075,307001,253779,230746,210744,284607,263094,294159,302767,269054,240892,264911,258185,330816,256420,280551,323610,261955,254900,295569,224214,267798,263606,304486,281862,264164,266833,262255,227301,
239,293266,281900,267550,299557,252684,11173,8354,242597,298078,255783,289525,265349,273588,255325,210207,232794,262289,253212,240716,282629,250665,289761,255323,231409,271706,285248,287585,269634,262176,234911,248915,213006,282881,267294,299378,265161,300055,248184,225087,207479,279282,257986,289524,297393,263858,235878,259374,252763,321003,252686,276819,318548,256771,250695,289549,220510,263271,258639,299156,276513,258301,260827,258386,224527,
240,288121,276060,263637,290857,246677,8129,5965,239617,291704,249794,284036,259564,267094,249148,204967,227807,256257,247852,235081,277281,250856,282350,250227,224447,265178,278698,281750,265595,255082,229241,242482,206581,277103,262353,294282,259524,293277,241631,219241,204719,273257,252354,283834,291189,256037,229702,253013,248732,314182,246794,271170,312230,251770,245258,281879,217047,258095,252577,293541,270739,252298,255097,252041,220565,
241,284288,270044,258163,286962,240620,6274,4679,234773,287470,246901,278645,255784,260095,243296,199523,222281,251331,243620,231427,273380,245651,276544,243190,218834,259903,273496,276515,260951,248940,223392,236728,201836,272497,257166,289638,254992,286124,236488,213532,201191,269173,249107,278407,285518,249869,222098,248256,244943,307272,243004,267371,304673,245803,239758,275622,214080,253287,247976,288354,265988,246831,250390,248050,216318,
242,276970,264876,252400,279219,233825,4833,3978,229792,281596,240428,271465,249674,253184,236747,193773,216247,244660,237404,225095,266293,239989,269067,237099,214933,255514,268510,271395,254223,242082,216260,229657,196145,265360,251551,283365,249081,278497,228603,206694,197592,262170,243685,272262,279373,245530,215180,242408,240264,299678,237422,259533,299196,240182,233275,269103,209975,248142,241812,283013,261483,239851,243743,240635,213065,
243,272087,258039,247143,274334,227404,4187,3691,226913,276592,235291,267247,244520,246369,231602,188562,210669,238512,233898,222039,261435,233413,261549,231500,208566,249651,263417,265761,249482,234265,210564,223413,189648,260720,246374,276646,245314,271289,221143,201231,194894,256925,238861,267520,272971,239056,208880,235857,236232,292459,233219,255423,291557,234525,228493,262624,204634,242492,237123,277314,255296,235120,238293,234202,208668,
244,267644,252995,241532,267869,221816,3587,3299,222902,270013,230702,261854,239451,239360,225888,183528,204898,231937,229138,214645,256347,227833,255235,224582,203497,242602,258411,260756,243332,227824,204088,216970,184700,254786,241568,271588,239311,262708,215836,195218,190744,251715,232888,261553,266249,232070,202778,229705,232418,284890,226961,250184,285995,228712,222741,256208,201304,237214,230177,270805,249808,228725,232772,228672,205228,
245,262330,246568,235585,260851,215154,3400,3213,219197,265228,227854,256785,234621,232962,218923,176823,199390,225929,222923,210665,249681,221686,248660,218164,196807,238429,252421,254933,238006,221165,197509,208625,178304,248198,236295,267172,234251,255119,207465,189067,187751,246231,229332,255497,260232,225155,194654,224316,227194,277110,221115,244582,279734,222365,215930,248991,197024,232008,224039,265243,244595,221805,226728,221897,201907,
246,255945,239907,229579,253024,207088,3136,2948,213723,258424,220330,249937,226837,222819,211930,169938,191998,218247,218579,203050,243685,214356,240378,210722,191537,230820,247323,249322,231637,212753,190250,201394,170965,242535,228568,260222,227597,246688,200442,181701,183251,239843,222917,250286,253589,218353,187438,216974,222720,268137,214998,238591,272873,215667,209928,238854,192890,225720,216924,257049,238704,214263,219828,214608,197564,
247,249752,232922,223049,246837,199533,2924,2753,209279,253100,215262,244698,221478,214458,204928,163880,185785,210494,212717,199037,237557,207425,231912,204084,184383,224342,241425,242472,224664,204664,182310,193062,164269,235578,223948,253655,223557,237574,192012,174725,178650,233743,216732,242695,246886,209451,178881,209978,219278,259820,210000,232650,263810,208411,202522,231862,187739,219298,210305,252251,232905,206489,212417,208222,192901,
248,244381,226143,217571,238246,191929,2814,2650,204019,246691,209381,239432,215422,205222,196827,156388,178654,204242,207644,192173,232095,199714,222876,195657,177356,217669,234820,237197,219133,195954,174348,184376,157122,228319,216165,249302,216867,228096,183282,165355,174914,225983,211148,235856,240443,201041,169323,203093,212914,250073,201308,227925,255405,202049,195814,222867,184139,213033,202605,244967,227147,199833,205802,200521,187849,
249,238636,219603,210559,231061,184722,2643,2489,199310,241739,203413,232746,210361,196648,190355,150097,171858,196471,201763,186429,225420,194445,215787,188996,170340,211595,229047,232273,212484,186953,167330,175916,149543,221445,211393,241572,212407,219787,175149,158016,170632,220305,206168,230198,233960,193317,159911,196044,207054,242909,196802,221600,249129,195117,189006,214865,178587,207065,196652,237690,220171,192256,198527,193761,183290,
250,231237,210240,203009,223329,174934,2369,2226,193693,234861,195732,225342,202018,185981,181732,140779,163541,187958,194793,179605,216790,186001,206880,180407,162909,203961,221078,224610,205685,176439,157558,164618,139650,213248,203988,235054,204647,209560,165176,148655,165347,212267,198949,222800,225718,184000,149214,188290,202292,230531,188268,213835,239289,186546,180068,205126,173285,199336,188092,230573,213477,184001,190833,185220,178760,
251,225094,203019,196930,214538,165882,2186,2050,188689,228370,190078,219404,196294,174285,173723,132413,155838,179938,188707,172398,210311,179512,197045,171856,154206,195952,214040,218818,198867,165781,147787,154030,129720,205185,197556,228323,199294,199561,154999,138864,160725,205878,192676,215586,218712,174172,135735,179962,197401,222251,182469,208118,231413,178790,173597,195302,168485,192569,180553,223485,206885,175431,182912,176882,174667,
252,217982,194289,189200,205194,156183,1994,1832,184069,220604,182905,211412,188662,163006,165358,122211,148118,169780,180833,165332,203871,171650,188105,163914,146412,188035,207584,211796,190938,153657,136896,142147,118363,196591,189973,220782,191750,189178,142389,126824,156957,197862,185606,207148,210426,165419,117837,172293,192040,210146,174810,200230,221032,171650,165137,186090,163684,186026,171862,215582,198428,166934,175166,169009,169807,
253,209955,186463,181323,196101,142245,1935,1798,177078,213228,176745,206296,180523,146379,154290,107419,136981,160338,174900,157550,196097,163123,175728,152605,136313,181855,200805,204321,184260,135047,120131,123414,100562,189392,182193,213458,185849,175527,125546,108517,152223,189267,178713,200457,202777,153001,94219,163431,186077,199458,166908,194523,212586,162708,156014,174977,157950,178257,162873,207028,192200,155897,165723,158499,164225,
254,202818,175405,172740,185443,122311,1707,1550,171742,204469,167878,196047,172463,120282,140776,83837,122322,145389,168073,149297,187069,152137,160998,138845,120957,171199,192367,196289,174675,107952,95843,95160,74796,178845,173948,205290,176533,159509,98050,82350,146473,180983,171066,191297,193085,135116,63498,151934,179778,185003,157485,185185,202290,151398,143676,158179,150785,170099,151232,197671,184050,140131,155665,145254,158343,
255,195443,165231,165039,173748,97494,1560,1416,165318,198323,160785,189245,164009,89143,123803,59402,103710,130038,159978,140321,179755,141481,143425,120244,102008,161501,184178,189637,167866,78513,69608,67408,51131,169213,165724,197210,169681,136937,69742,56564,141005,172188,163120,182547,184934,111805,41585,140333,172953,169369,150187,178541,191416,139029,128755,139408,144773,160811,138848,189528,175325,123026,142857,127813,152567,
256,189079,155169,157590,164537,51683,1349,1212,152970,192011,154362,182761,156204,43811,79044,28388,59145,112848,153980,131749,171532,111148,97005,75538,58847,153324,178384,182840,160376,38730,34536,33855,25643,160271,157813,190654,163774,83830,34156,28009,130896,165573,156877,173439,178071,63275,24015,107744,160328,152644,141220,172240,182284,105584,89627,90472,131115,153195,126379,181515,168818,77556,111515,83336,142580,
257,181828,142226,147629,148402,34848,1146,1028,145307,184675,144765,174796,145865,30865,53355,21084,38038,86524,145210,119082,162805,86007,67008,50831,38777,141203,169712,174566,150689,28363,25308,25715,20135,147471,148443,183435,154838,57047,25281,21314,124098,154902,147595,164886,167988,41794,20908,81281,152936,126298,128448,163914,170325,79220,61794,61343,121619,141649,105378,171514,159955,52485,85225,56713,134825,
258,171865,118400,133786,121555,25656,1062,931,135463,174127,132191,166239,130098,25187,35143,17767,26078,54344,134598,97690,150524,58196,43979,33824,26447,121194,158848,164127,138123,23760,20812,21931,17470,126993,132486,172207,143460,40082,21455,18690,114747,139230,134669,150586,155087,29439,19068,53790,142599,88573,108156,152183,151254,53175,39681,39420,108072,122849,73674,157026,147259,34678,57184,36993,126220,
259,161818,91683,114969,93625,22293,961,867,122979,164709,117599,155145,112421,22815,26402,16463,20872,35566,121391,73376,136779,39858,32541,25931,21243,97843,147433,153483,122100,21166,19092,19842,16205,102632,114260,162666,130351,32068,20025,17486,102280,121296,119293,134606,142056,23993,18608,37236,131892,59834,84795,141721,126251,36268,28282,29701,88651,99516,49554,141680,132996,26437,38792,27493,115062,
260,148232,59603,87471,61330,20799,845,775,107777,153070,92159,141786,83588,21707,22587,15841,18871,24633,99756,48244,113413,30010,27487,22271,18836,66031,130149,139439,97542,20672,18066,19236,15588,71452,86166,148190,110433,28434,19129,17091,86977,92918,95696,108488,119266,21754,17942,28877,116429,39884,56131,124132,91775,27808,23445,25254,68560,67749,31613,115821,110628,22658,28536,23314,102911,
261,134103,39493,61890,42388,19637,731,693,86290,139515,66125,126112,58426,20709,20465,15150,17246,21104,75101,32954,87796,23957,24054,20057,17397,43563,108298,121985,72794,19728,17330,18446,15405,48621,60758,132491,86160,26090,18706,16571,66487,66826,70908,79166,93413,20762,17140,23851,95498,31485,37475,103537,62501,22923,20548,23270,47491,46023,24075,87167,84619,20899,23093,21241,82681,
262,109079,27085,38722,30194,18713,752,714,60630,116783,41116,100294,35746,20442,19398,14974,16420,19248,47724,22971,56393,20391,22616,18922,16923,29124,77409,93053,46484,19158,16695,17895,14735,31689,37764,105234,56428,24737,18121,15972,44933,42510,45145,49697,62503,19612,16771,20715,69312,27078,25768,73039,40291,20097,19084,22178,32652,31054,20448,55226,54629,19517,20281,20195,58839,
263,82435,23136,28287,26089,18555,656,630,43213,91790,28805,75057,26946,19800,18881,14417,16047,18663,32654,19638,38206,19091,21645,18241,16264,23727,53651,66143,33215,18702,16612,17445,14320,24986,28250,76776,37781,23636,17358,15552,32252,30787,31419,34371,42954,19028,16605,19166,49489,25208,21488,50921,31099,18723,18525,21201,25210,25270,19119,38387,37906,19150,18723,19238,40861,
264,55441,20943,23024,23633,17870,680,655,31813,63790,22759,50654,22088,19145,18035,14109,15602,18050,24196,17898,27836,18170,21066,17563,15896,20976,37056,43656,25792,18178,16278,16894,13906,22165,22886,51575,27086,22771,17167,15051,24581,24673,24125,26441,31002,18523,15907,18148,35869,24168,18976,35201,26352,18018,17834,20603,20654,22012,18410,28924,28278,18497,18039,18828,29478,
265,38441,20228,20400,22415,17340,672,653,25427,44535,19720,36469,20328,18628,17853,13532,15206,17522,20341,17015,23119,17366,20494,17225,15340,19657,28629,31167,22401,17979,15500,16350,13394,20757,20579,36701,22473,22152,16509,14726,19984,22055,20685,23212,25570,18117,15613,17650,28716,23234,18038,27622,24461,17551,17220,20070,17670,20622,17858,24529,23915,17898,17449,18212,23094,
266,27689,19704,18616,21698,16916,683,672,21111,32016,18162,27073,18946,18300,17093,13218,14886,16868,18337,16485,20798,16968,19773,16344,15111,18811,23580,24215,19831,17394,15295,15882,13312,19741,18822,27294,19726,21674,16072,14146,16580,20416,18410,21054,22392,17837,14885,17137,23172,22914,17390,22888,23341,16795,16804,19293,15650,19660,17278,21866,21200,17848,16677,17845,18862,
267,23489,18871,18034,21204,16576,642,623,18355,26586,17346,23030,18131,17708,16983,12802,14255,16421,17463,16076,20057,16553,19515,16272,14554,18198,21334,21816,18805,16547,14916,15381,12984,19100,18257,23488,18627,21252,15821,14018,14705,19388,17451,20000,20829,17245,14637,16524,20242,22028,16873,20453,22393,16663,16450,18936,14377,18955,17001,21354,19954,17088,16643,17334,16328,
268,21381,18306,17357,20498,16110,623,603,17032,22669,16904,20300,17750,17142,16125,12645,13776,16086,16836,15382,18979,15933,18791,15890,14100,17897,19693,20416,17843,16427,14386,15220,12512,18320,17698,21284,17860,20296,15170,13330,13775,18752,16668,19605,19757,16663,13796,16365,18178,21361,16476,19212,21536,16091,16004,18069,13884,18544,16700,20370,19233,16690,16163,16791,14858,
269,20152,17991,16589,19968,15785,540,523,15813,20970,16263,19758,17414,16815,15729,12046,13605,15641,16322,15224,18596,15370,18233,15261,13763,17136,18811,19476,17244,15751,14057,14873,12108,18238,17279,20292,17410,19871,14719,13107,13296,18404,16262,19205,19191,16001,13582,15712,16745,21005,16241,18301,21270,15729,15354,17938,13436,17870,15972,19734,18695,16001,15735,16441,13914,
270,19077,17373,16286,19393,15130,577,565,15374,19630,15490,18743,16642,16109,15438,11864,12984,15167,15852,14630,17971,15166,17552,14858,13268,16687,18141,18716,16815,15092,13392,14232,11650,17830,16709,19664,16978,19260,14271,12793,12690,17764,15687,18280,18468,15679,13427,15443,15930,20076,15714,17809,20403,15433,14930,17211,12805,17712,15638,19273,18011,15459,15261,16099,13350,
271,18551,16904,15867,18631,14811,551,543,14697,19049,15319,17896,16173,15538,14991,11332,12604,14810,15316,14291,17111,14600,17364,14349,12886,16251,17973,18191,16457,14804,13408,13670,11335,17021,16577,19082,16249,18903,13744,12527,12293,17730,15273,17979,18225,15342,12762,14883,15540,19498,15086,17488,19741,14841,14650,16920,12616,16876,14935,18834,17782,15119,14928,15367,12986,
272,17907,16351,15382,18059,14014,554,546,14295,18602,14844,17317,15868,15085,14250,11006,12468,14073,15036,13600,16963,14294,16632,13979,12492,15833,17100,17785,15718,14357,12563,13457,11023,16486,15732,18299,15912,18263,13280,11850,11764,16982,14760,17331,17526,14867,12726,14376,14747,18693,14746,16655,19228,14404,14167,16223,12504,16544,14526,18176,17083,14490,14221,15079,12459,
273,17514,16049,15091,17790,13766,526,521,13960,17986,14454,17010,15384,14623,14044,10441,12157,13791,14493,13331,16458,13816,16064,13346,12273,15499,16806,17437,15374,13756,12261,12678,10543,16041,15423,18104,15507,17369,12783,11321,11661,16347,14537,16762,16841,14163,11923,14080,14615,18498,14183,16414,18785,14050,13733,15707,11939,16057,14191,17839,16385,14238,14058,14465,12355,
274,17145,15351,14597,17017,13439,531,515,13711,17549,14200,16476,15173,14060,13511,10108,11694,13500,13933,12834,15905,13344,15554,12859,11836,14975,16056,16714,14951,13310,11826,12521,10204,15336,15009,17416,14938,16887,12411,11013,11350,16057,13980,16273,16328,13819,11552,13615,14310,17802,13884,15836,18253,13455,13327,15226,11572,15547,13558,17179,16044,13807,13608,14012,11823,
275,16761,14859,14039,16629,12669,517,500,13213,17088,13600,16004,14489,13621,13224,9799,11294,13026,13841,12282,15619,12835,15141,12528,11327,14427,16028,16342,14520,12950,11332,11839,9820,15196,14402,17192,14476,16431,11910,10789,11362,15625,13765,16117,15844,13405,11024,13032,13759,17160,13506,15300,17681,13277,12814,14609,11356,15220,13318,16708,15698,13421,13329,13673,11555,
276,16210,14418,13703,16029,12455,522,503,13014,16511,13464,15631,14209,13163,12710,9470,10737,12525,13332,11984,14978,12518,14787,12195,11164,13920,15263,15902,13972,12543,11001,11548,9578,14735,14012,16397,14217,15758,11693,10394,10906,14890,13437,15432,15306,12891,10650,12411,13254,16464,12938,14827,17003,12641,12412,14547,10967,14595,12972,16107,15052,12781,12771,13450,11185,
277,15636,13924,13208,15645,11978,506,497,12690,16076,13092,15191,13901,12647,12333,9175,10532,12078,12675,11766,14638,11989,14161,11770,10698,13461,14984,15519,13781,12059,10553,11093,9159,14366,13414,16021,13853,15300,10997,9816,10468,14441,12959,15266,14788,12320,10356,12428,13177,15995,12454,14450,16381,12082,12229,13796,10980,14499,12286,15915,14571,12381,12338,12799,11026,
278,15131,13324,12896,15100,11509,506,498,12209,15542,12606,14603,13405,12248,11845,8876,9969,11354,12422,11205,14232,11697,13658,11169,10071,12934,14524,14984,13302,11574,10077,10393,8673,13622,13144,15674,13133,14324,10456,9550,10100,13759,12544,14607,14351,11975,9799,11884,12727,15318,12099,14010,15949,11908,11629,13361,10525,13799,11897,15137,14203,12201,11930,12459,10757,
279,14610,12948,12321,14698,11199,456,450,11785,15021,12115,14280,12862,11533,11384,8492,9476,11058,11955,10909,13726,11299,13089,10822,9731,12667,13971,14545,12550,11142,9498,10117,8257,13358,13037,15121,12995,14037,9887,8813,9835,13505,12210,14097,14068,11472,9258,11515,12408,14981,11904,13725,15744,11486,11422,12594,10294,13286,11376,14605,13882,11475,11466,11956,10384,
280,14540,12795,12270,13998,10662,492,480,11533,14613,11716,13713,12313,11023,10785,7815,9400,10749,11892,10660,13352,10962,12417,10383,9509,12082,13717,14253,12404,10469,9187,9441,7764,12921,12148,14700,12393,13346,9399,8442,9671,12901,11747,13776,13417,11025,8786,10924,12137,14200,11322,13440,14859,11122,10668,12396,9746,12825,11096,14124,13401,11186,11025,11407,10175,
281,13931,12311,11592,13440,10154,430,424,11457,14008,11165,13339,11791,10622,10697,7438,8700,10286,11329,10196,12961,10543,12013,9855,9182,11616,12992,13798,12130,10162,8624,8916,7349,12473,11959,14240,12183,12696,8922,8254,9424,12754,11302,13414,12924,10545,8424,10512,11720,14000,10790,12843,14230,10496,10509,11725,9656,12726,10867,13722,12878,10621,10468,10988,9820,
282,13450,11579,11105,13028,9669,461,457,10993,13542,10902,12969,11532,9939,10195,7243,8298,9721,10792,9755,12405,10102,11417,9351,8614,11338,12576,13336,11455,9457,8278,8413,7082,11999,11577,13637,11818,12159,8360,7721,9271,12161,10957,12773,12602,9888,7886,9812,11314,12988,10360,12319,13593,10157,10065,10982,9350,12095,10257,13136,12423,10150,10019,10737,9524,
283,13046,11317,10654,12558,9098,405,402,10829,13010,10400,12537,11296,9507,9802,6618,8105,9144,10594,9394,11770,9619,10801,8972,8273,10936,12375,12927,11063,8829,7859,8040,6638,11515,10997,13139,11280,11424,7953,7295,8969,11763,10641,12407,12079,9509,7342,9752,10869,12433,10063,11891,13472,9714,9435,10740,9045,11749,9588,12860,11985,9820,9676,10044,9333,
284,12353,10692,10072,11882,8721,453,454,10396,12941,10048,11945,10712,8852,9124,6342,7518,8702,10045,9070,11584,9108,10431,8774,7816,10282,11808,12346,10778,8352,7416,7677,6107,10656,10848,13092,10885,11170,7542,6841,8767,11423,10165,11764,11531,8897,6835,9384,10830,11613,9429,11447,12605,9157,9118,10150,8803,11264,9172,12112,11760,9324,9338,9533,8997,
285,12303,10363,9898,11338,8225,426,417,10064,12485,9658,11646,10399,8427,8718,5993,7207,8256,9741,8678,11147,8819,9936,8236,7496,9947,11416,12004,10324,7736,6798,7040,5838,10113,10180,12558,10537,10480,7059,6316,8555,10791,9880,11554,11061,8580,6387,8745,10369,11199,9144,11189,12268,8756,8728,9619,8665,10813,8772,11617,11239,8883,8934,9126,8870,
286,11599,9646,9515,10780,7578,429,423,9758,11877,9262,11045,9729,7900,8181,5537,6770,7497,9247,8044,10468,8402,9291,7838,6946,9404,11023,11504,9802,7357,6381,6539,5314,9940,9615,12045,9845,9776,6379,5801,8128,10223,9366,10724,10578,7989,5833,8231,10057,10254,8728,10841,11484,8352,8161,9075,8144,10210,8301,11146,10638,8332,8293,8755,8463,
287,11217,9139,9002,10263,7245,436,429,9314,11414,8982,10613,9529,7136,7647,4997,6418,7110,9055,7563,10025,7726,8734,7191,6614,9001,10558,10985,9189,6720,5844,5887,4819,9394,9353,11370,9675,9050,5915,5257,7705,9976,9027,10246,10168,7436,5154,8048,9640,9702,8160,10198,11025,7930,7789,8556,7807,9715,7749,10816,10275,7746,7876,7897,8030,
288,10651,8456,8283,9670,6171,387,383,8889,10853,8160,10106,8587,6067,6764,4167,5618,6596,8433,7209,9298,7058,7751,6464,5679,8231,9970,10344,8854,5551,4919,4774,4093,8701,8792,10754,9053,8031,4880,4161,7407,9329,8376,9846,9573,6494,3885,7036,9097,9000,7767,9697,10197,7231,7158,7445,7435,9193,7123,10144,9603,7009,7144,7340,7679,
289,10267,8013,7952,9136,5376,399,393,8511,10413,7947,9691,8278,5587,6398,3355,5099,5746,8003,6809,8943,6771,7248,5835,5281,7904,9515,10057,8253,4859,4138,4032,3332,8114,8241,10325,8513,7386,4140,3427,6856,8794,8037,8997,9206,5990,3146,6661,8863,8367,7171,9068,9549,6742,6482,6943,7031,8582,6524,9446,9132,6554,6726,6730,7274,
290,9562,7481,7394,8313,4852,416,412,8065,9968,7328,9180,7732,4447,5756,2681,4539,5129,7523,6265,8458,6001,6442,5422,4705,7304,8919,9460,7770,3860,3316,3213,2438,7646,7599,9816,8102,6780,3157,2764,6718,8217,7688,8831,8377,5302,2273,6162,8337,7685,6618,8779,9194,6210,5939,6068,6745,8179,5885,8891,8495,5675,6061,6204,7010,
291,9377,6822,7052,7921,3976,423,417,7648,9543,6717,8702,7208,3423,4995,1946,3805,4393,6902,5663,8136,5740,5826,4574,3952,6881,8521,9009,7435,3020,2654,2416,1924,7019,7102,9400,7576,5740,2348,2018,6282,7781,7179,8216,7883,4471,1841,5530,8035,6582,6290,8352,8356,5649,5170,5323,6229,7687,5433,8443,8136,4948,5620,5381,6627,
292,8723,6166,6328,7048,3100,429,424,7443,8887,6334,8279,6683,2710,4342,1530,3052,3488,6483,5181,7399,5105,5060,3920,3224,6217,8166,8493,6876,2389,2045,1982,1596,6585,6709,8679,7124,4683,1918,1657,6134,6921,6529,7613,7541,3592,1592,4981,7653,5840,5566,7733,7584,5206,4525,4504,5979,6860,4529,7699,7658,4119,5101,4650,6321,
293,7972,5634,5913,6487,2546,435,428,7110,8440,5918,7832,6270,2118,3519,1327,2352,2695,6149,4593,6942,4482,3991,3156,2467,5757,7563,7953,6445,1903,1674,1626,1265,5988,6146,8418,6575,3810,1586,1383,5791,6529,6125,7194,7054,2706,1447,4200,7293,4790,5101,7344,7011,4507,3744,3381,5512,6398,3782,7160,7231,3347,4357,3767,6181,
294,7770,4654,5462,5408,1907,423,415,6673,7868,5287,7177,5528,1851,2730,1235,1752,1946,5584,3843,6276,3665,3160,2317,1974,4966,7160,7418,6003,1674,1458,1463,1207,5039,5567,7790,6022,2910,1392,1322,5449,5708,5811,6395,6304,2039,1325,3585,6828,3476,4292,6740,6098,3666,2812,2659,5189,5505,2771,6527,6495,2582,3634,2858,5721,
295,7279,3973,4699,4549,1658,378,373,6245,7603,4800,6825,4878,1654,2065,1171,1466,1638,4930,3128,5767,2881,2417,1861,1520,4102,6597,6933,5284,1521,1373,1425,1118,4142,4913,7129,5506,2327,1322,1217,5068,5191,5018,5674,5843,1751,1321,2818,6387,2803,3451,6339,5266,2879,2227,2043,4866,4568,2145,5718,5886,2016,2741,2275,5344,
296,6621,2859,4042,3502,1437,388,381,5720,7083,4055,6337,3986,1641,1653,1136,1332,1473,4327,2377,5013,2217,1916,1601,1311,3195,6034,6366,4714,1400,1333,1339,1082,3271,4094,6692,4915,2001,1282,1226,4671,4354,4475,5080,5203,1528,1176,2055,5927,2264,2724,5723,4245,2323,1758,1822,4425,3482,1697,5032,5225,1702,2053,1824,4904,
297,6053,2290,3252,2793,1405,378,377,5339,6562,3258,5721,3157,1548,1533,1114,1155,1311,3739,1891,4234,1871,1733,1485,1306,2508,5440,5810,3899,1401,1209,1298,1056,2647,3415,6233,4269,1866,1234,1139,4299,3615,3777,4157,4448,1501,1208,1794,5532,2006,2075,5171,3322,1879,1516,1618,3869,2707,1460,4079,4507,1501,1717,1596,4459,
298,5400,1828,2421,2213,1314,397,395,4887,6030,2352,5200,2466,1462,1361,1018,1157,1342,2938,1523,3205,1500,1589,1383,1153,1946,4666,5044,3098,1325,1242,1215,1050,2031,2453,5318,3321,1794,1156,1192,3670,2654,3041,3122,3534,1352,1158,1485,5061,1726,1673,4426,2451,1530,1370,1509,3230,2176,1410,3078,3578,1448,1464,1455,4055,
299,4719,1605,1910,1909,1310,368,364,4284,5223,1984,4504,1943,1432,1372,1078,1104,1227,2168,1372,2517,1393,1544,1305,1175,1682,3816,4220,2473,1296,1184,1254,1011,1674,1992,4732,2529,1614,1107,1071,3133,2160,2374,2439,2785,1266,1133,1339,4526,1693,1505,3546,1997,1497,1356,1525,2564,1878,1311,2425,2756,1407,1335,1446,3545,
