165,190358,178752,197448,247330,388144,41235,63775,599273,274565,144792,226055,165012,420471,393631,273593,323925,144239,172466,191291,170860,336736,377605,367749,302988,213228,307612,237034,281558,364119,301723,338034,283200,158188,213290,243714,169477,410647,307598,267913,390182,209530,238425,199808,245847,344094,335502,352060,593720,239257,147445,230656,182620,376822,339307,355283,624012,144434,151817,145449,216945,362599,337738,376477,324942,
166,233511,236084,237958,289398,497790,70741,105460,1234367,314005,188836,263320,208882,518369,492889,311036,383806,224483,247288,251082,247080,430001,449811,487656,370025,292871,327720,296615,307727,451548,354164,407904,342562,213042,251183,283519,224901,508427,359007,311649,727929,265337,272872,272112,304503,414238,419715,432041,1173621,292135,196133,264754,246207,469021,403110,406248,1350709,188379,201875,204946,250106,454216,404273,496141,489113,
167,265037,273290,267863,327108,843487,115318,189348,2528704,352692,218092,296916,238736,799730,790641,375030,524336,289668,283705,270675,299671,704230,629102,870028,564802,323361,358003,315274,337164,706681,470160,594589,507545,250945,281166,312793,261163,783463,453799,378176,1541424,295631,295255,312459,327832,599188,675177,653789,2306513,332962,226325,294458,288783,726834,563638,489347,2581761,217415,233691,244396,279652,729802,573041,878863,938496,
168,299093,310084,306345,375773,1862180,212226,380045,4309212,410628,249454,337566,273371,1750996,1778580,574837,1034179,321519,301752,291100,320840,1498972,1230380,1898654,1221881,342499,409610,341339,384597,1535697,895329,1249764,1093304,288303,320161,352634,287040,1636221,805122,600817,2721684,326646,332715,335416,358111,1236513,1514944,1356271,3611830,381635,258735,336535,328398,1543672,1129005,731446,3940602,245877,268150,279733,316215,1570283,1133246,1900606,1946267,
169,335518,354803,346865,434630,3626870,445737,733755,5800047,521350,281922,386683,308957,3696666,3776719,1264719,2378895,348762,330232,326550,345727,2883691,2548432,3341108,2476302,376564,504360,380368,466621,3038634,1983509,2595916,2311267,326986,367294,404090,319950,3129913,1808055,1337699,3461606,368357,387548,369848,403304,2584707,2985399,2719442,4281582,436037,294482,392167,370981,3098499,2411363,1497410,4868426,277759,304494,314642,364638,3058908,2382030,3374841,3178366,
170,395595,426261,429195,596843,5822513,875541,1230899,5299495,912498,330931,505693,364628,6416679,6341822,2971855,4755407,406695,381638,397220,399095,4175016,4168427,4444917,3747001,451885,847374,466104,757845,4515609,3540883,4135166,3691753,386465,485888,518760,375477,4446804,3353448,2741832,3681564,450354,547150,439358,506355,4120580,4287497,4175119,4359766,544171,348280,543243,436590,5098072,4227441,3193539,4635738,321891,366397,368106,472810,4733566,4081603,4678462,4079839,
171,498370,550387,611499,1061679,6264155,1336405,1874224,4638299,1801183,402315,803305,462046,7073566,6571025,5163116,6280267,505683,485417,569260,484818,4678410,5014106,4756910,4262213,625243,1737503,670500,1587278,4959446,4463310,4807155,4306878,472765,815054,813106,471100,4834356,4301283,3829666,3725369,628482,986615,568289,750641,4752906,4576729,4704093,4358492,796378,437013,937596,522714,6060465,5655748,5155882,4350360,386004,478153,435006,755322,5372708,5193868,4961182,4291886,
172,881131,1095929,1339740,2462131,5513405,1924416,3090538,4564920,3426470,668783,1817794,872181,6117472,5607177,5849304,5672645,907136,914517,1311027,820387,4675554,5113262,4790509,4356960,1363562,3842891,1475126,3383521,4891180,4556290,4795547,4321098,806749,1925910,1857855,860546,4921767,4583300,4262656,3815017,1357544,2338929,1094671,1676511,4752982,4597910,4694384,4463245,1780769,807010,2139743,831598,5521137,5612811,6413407,4360408,622782,965235,656570,1734392,5069114,5269952,4820581,4236326,
173,1853408,2365528,2739643,4112901,5451116,3698519,6784700,5169766,4483611,1434397,3287316,1892783,5948842,5535980,5446171,5261631,2049088,2068215,2904445,1766878,4875929,5318106,5091254,4747958,3045581,6237704,3074877,5571862,5199796,4696076,5006196,4579974,1728761,3489593,3463945,1860633,5462759,5089490,4837883,4400967,2798897,4109080,2361054,3369379,4986314,5190678,5099239,5038768,3434819,1756264,3621369,1718783,5296290,5216943,6307964,4790314,1296581,2085431,1317355,3145590,5130377,5237014,5124737,4499984,
174,3670047,4349357,4463974,5146261,51493358,50435027,50156764,65840423,4924081,3061091,4673800,3567071,62035430,63040630,73368687,52991298,4782451,4579419,5441901,4070157,45530713,47976811,57553410,63220446,6004638,6818626,5658316,6495506,36998688,40216664,43934667,50971750,3617451,4997095,5343865,3855326,76996267,68477608,71003966,78461964,5002469,5874643,4794361,5885715,51271559,70457225,78329779,72899944,5018985,3410952,4639761,3602212,47820060,42037639,46636781,57156918,2760553,3682044,2882109,4304298,49252213,44382328,55390420,56694945,
175,4834348,5273572,5014391,5257304,189171643,29159664,168192102,225729258,5126880,4143006,5068123,4492120,207761339,214449401,273791726,193489896,6761740,6188268,5945437,6133525,167309642,176404117,182086100,224959286,6938396,6063957,6569546,5833527,189016905,154481888,160967387,189384343,4906392,5309323,5863237,5314597,324958786,224174566,233134338,232833307,5921196,5822199,6412226,6732420,193602076,259987703,308853362,247184747,5438723,4335313,4701503,4955033,168859821,145232068,157841173,205740005,3800269,4408025,4161183,4556174,174502998,159408809,206933025,197470089,
176,5227952,5551119,5186465,5804658,271749467,227353311,257268414,285342714,5629916,4757649,5311889,4868304,270705220,282492024,260740397,264140878,6565780,5902649,5373826,6446631,249507315,242516514,238290080,268807893,6369653,5742123,6053640,5482905,229422649,193101299,190290876,204039981,5547900,5555464,5784933,5624594,181566407,174821425,184731770,190172523,5863543,5595765,6428899,6263816,209591881,164146531,194101563,201943250,6055922,4697946,4920039,5438417,237321766,216824006,219252745,268655262,4435663,4985929,4952578,4937699,234669507,228097439,255231931,235127359,
177,6228301,7108176,6771866,8040954,322290653,283403284,297989528,357530329,7558593,5963506,6712514,6103575,335116574,371053494,298973396,305317753,6843707,6068246,5885432,6325717,213794580,236714296,230458491,293272012,6632029,6776304,6284725,6492266,239389033,209283665,184619446,197234733,6962535,7126301,6832097,6164885,163423562,158943376,161570385,163363495,6560274,6529234,6861110,6689791,209773391,166574603,167350219,175413372,8311224,6023920,6525010,6406031,312260799,275334573,268094145,311508248,5827427,6783517,6227740,6728150,282468793,299988939,263986033,272305780,
178,78658567,79709440,78317336,91627608,354410891,314731125,344583381,407874656,122217638,86217234,73502081,80295200,389237257,393071149,341010495,350663215,105503553,133538544,112752244,78344927,215112757,235319470,226870163,303218249,97583930,99212362,78300186,101766413,245621071,202475544,183700164,191814539,108926028,92358326,18063461,74124654,158215085,155757437,155021079,168702504,77571402,81213996,70128886,92531992,194641634,163613153,161368731,170490247,144339616,104624053,93738738,71926897,357615374,301678760,293881288,344234049,134279980,124163412,93091547,136643000,297675683,286936583,296956458,272263575,
179,161740636,163383284,160435864,171374552,374823955,329102099,384440954,440356055,223274226,161306739,144070106,164498806,437968533,445670141,393224140,382951578,239676300,246242622,205844652,159117370,210159240,227705586,261421415,305661940,195191249,191022359,156111836,193966839,216325550,200453371,181020463,190972835,201895755,155664540,173112651,149744781,149114426,156620231,162766407,162046896,155594904,163308096,160565030,191210897,200471629,164265079,163492007,166989486,256217787,201026894,185418663,144895024,386492219,320526263,304562643,357784489,243451037,247290427,193483128,244077992,315234919,284651981,301171769,228489231,
180,209307214,182444930,179157309,175772284,391843202,336724607,392754684,451887448,213820761,323112367,167968176,174258789,483084343,490738951,459568558,424033839,276155843,261429601,277384874,195488949,198602191,219383101,216170897,320297062,231324651,227641753,199871260,222444310,207829811,195946884,178172042,187015739,215100002,207758875,242285880,195118504,158077265,155596686,157959115,161133762,184002774,209430078,212100180,229082417,196391339,162533326,162148917,164188216,200169577,181232590,183105462,171869902,396474636,331346314,313874624,369101223,198273106,199965995,186458561,230678857,325337174,304114748,242255039,283801442,
181,194455972,182945146,176359484,188479667,410843025,348602172,417541601,469501975,214396152,207943574,185221472,171156421,517231522,530624471,522856445,488512902,300901698,285536975,273177040,222734814,189608896,204914660,216530068,287005203,273598623,272901401,243703032,252701192,212156022,179931423,169460995,181559168,238026120,255008627,278078250,233890450,154988805,154218195,155534840,156901101,236109149,243236076,251330926,258255343,175087079,158978991,158050813,157727991,159575131,169135148,171545390,182253113,395270742,345397459,322282669,327894965,181674972,175906175,161250234,174979321,328108704,297689940,267074789,254064553,
182,189975130,183397909,178926449,190617321,424197299,364126410,450105719,479330584,226596673,225834825,182904741,184669924,524288023,558554994,555116019,532839580,317563511,324478378,317102059,265902247,161458757,197728464,170863169,275326415,329405654,338903079,291305258,305768540,182607470,176003716,162069296,174595910,275979584,246964607,335909436,275289976,154648806,152844485,154261151,154706354,277712899,277391191,300763435,294729296,163706538,157155774,155482500,156371086,165288366,161777225,166132403,189055967,387501234,355035325,317192622,361579288,168515251,165715832,166592849,163583118,319483501,294227131,255755433,283325013,
183,200083615,188174201,175206065,190135882,426596279,381144737,467310526,487943144,221038245,210478435,187542012,179127289,548911486,539060528,572474695,555425411,360248456,362900136,359282672,306241098,171750809,184634983,194416094,258006371,366323940,368279365,318636298,327728551,169174900,169037345,159543416,171162575,294753924,267057070,365257675,307208295,154861899,152859106,154253616,153741315,297608436,296949132,332721308,315033353,156361339,158522534,155090082,156409480,162050887,160082563,163732252,191469471,371698685,359241219,325818349,348058933,161615759,161321140,160457962,157050453,302258572,286851491,250275049,241574070,
184,203500216,186361815,169401168,183495113,422199146,408627864,481409229,488904717,212883156,177034315,196138357,209573742,520616774,583268428,584584286,572807380,391471870,398684866,402829419,374154807,168290353,183685712,183547460,246186524,404706862,405588116,329755640,361558078,165087882,166695613,163337846,168307306,316837607,280752345,384219555,319530100,150459675,152698416,153606705,154362103,312270152,312897755,356791620,331690601,158186814,160388732,154902649,155548479,159881151,159504882,162154630,186109148,368397615,360364952,326885213,341658338,159734602,158001180,158742389,168941833,298382296,302432287,247936479,238821612,
185,197274405,192989105,172691533,187149741,458808290,441738975,476293447,483751848,212071866,212143506,169653256,172864033,552614010,579541434,579953823,586982653,430198494,423609531,434887550,379401126,165650128,181355543,200874464,242991417,435225156,414380337,337155622,343712348,169034671,163419168,156796216,166347946,311093564,259429870,393691699,331530984,151440828,151879376,154496977,152920073,318652352,318749666,359764070,337644779,157297612,160246469,153815332,154923801,158813999,156253072,161589088,180020287,378433566,364712610,334355410,359926411,159243381,158521595,140022788,158121669,298246658,278881661,250196470,242643900,
186,197111756,193455507,171647739,174710379,480921592,461068214,452725836,471932761,210708497,191004132,183759515,169238921,530084038,545152376,553533647,574029663,446500039,441511665,460900840,408948370,161834605,172977313,161907409,230047307,458512182,480205202,348935433,351195075,165233845,161817601,153700762,164570073,305480378,255286324,139619645,334520007,150269176,150372392,150790495,150934739,318932766,321378182,361920910,344948208,156780551,158059403,151832934,153171404,152791227,157410047,160106488,172851084,397318594,372535867,338156921,370314845,158067341,153842637,155994146,156298244,297476380,274005077,242450440,240951167,
187,192529015,194512488,176471946,166418106,437590559,408273438,389922344,401490519,203971523,128824008,165896269,166428897,445383672,450264665,460761341,484577749,470822233,453833806,471977821,431790220,137728425,146280698,144144010,187914278,470617206,453404384,374857992,361102537,136809303,139821567,134780634,144686369,238424278,264237049,365635201,326898285,131710288,131148573,131954094,132089672,317098135,321238998,360526483,349609480,136734836,139181646,133166956,133568645,154625230,142405260,158221062,171997868,361565667,344413809,290944810,340477289,154623794,151362157,154893792,154512157,262701577,236976969,209977115,205637550,
188,190029486,199362252,170835467,164938195,240126044,231023681,215305832,218175659,196943801,186121629,154434037,159347399,256486994,237197597,244061685,258371487,469373820,452527952,484910827,448645636,75843968,79015167,78984150,94881409,480445335,472806585,388626969,384378668,76912344,77204097,75177063,79806276,293285681,243311527,392552312,320658898,72378929,73039897,73099365,72991780,317966166,322478579,360139516,360141111,76559304,78353788,74400097,74596062,154190598,154684337,157309238,169308733,167786176,191758657,173105912,192051109,154031939,145567842,153934213,155254862,143989845,129642324,110963270,109582857,
189,149750820,187797428,163421929,161973860,37138427,39636084,38340265,34179953,181061565,175863052,145116794,157140324,36814266,36586590,36891693,39010033,462316613,449096002,464995159,437189062,14406105,15100077,14847701,16213974,465147359,449006718,395419046,390129165,17144575,14420938,14458103,14537739,275496441,225138184,380249421,303033221,14393129,14078058,13892029,13466399,312303053,315801557,346797040,361240302,14690588,14949250,14849852,14248646,147978166,149047558,151556053,161242978,32185764,31054063,29940656,31017382,148474360,147959679,148421311,147378691,24469638,21435528,18826293,17950487,
190,127198758,135446756,113254147,115030664,5032194,10408194,10238612,4665891,166876605,129056475,118471776,112640403,5414920,5043515,4536904,4947567,343126967,327008419,328226141,314571125,4575376,5022345,4775858,4358119,327887428,354718513,299779860,295047616,4832647,4422406,4722086,4243429,198799290,163709211,215498785,228147283,4956100,4642505,4370481,3920313,233978205,233915281,244033540,304054377,4742631,4547894,4745486,4524614,107814283,108009920,108975525,115639442,5042334,4892914,5616156,4539596,107919023,106882790,107421750,107325803,4845843,4962273,4587585,4305934,
191,53051716,57191929,48913140,47883505,4409415,9725260,9633076,4155737,50835582,51445513,47544259,46903943,4820066,4446467,3919437,4309246,139134014,133509771,132123699,128297666,4477105,4825003,4571709,4137950,132121012,130505914,124885463,122593611,4624296,4224476,4530328,4039746,80342222,72730881,110642300,92640334,4754904,4445496,4156207,3720905,96245760,98195729,106155562,102630816,4547582,4338407,4549727,4321087,45997175,45313744,45949775,48393974,4510418,4371767,4896323,4014739,45362481,45151103,45675155,45435528,4438688,4623915,4375707,4046664,
192,7393456,7411747,6992986,7130072,4389340,9501367,9224434,4145304,7406817,6759928,4915166,6618980,4799937,4423895,3905736,4291697,12362301,11489764,11181141,11483456,4458986,4804708,4563158,4115967,11602005,11641250,11479758,11494662,4605479,4205183,4508835,4023826,8867527,8261267,10540226,9862426,4745482,4436332,4142616,3706672,10256095,10120982,10933719,11426353,4532896,4320853,4530065,4312216,7368545,6470864,6765922,7375588,4491835,4354148,4873243,4012130,6602294,6760527,6993706,6697334,4422983,4605596,4359251,4029653,
193,4797102,4824758,4667833,4875934,4388773,9215212,8542347,4142920,4915345,4382565,4785476,4403524,4798713,4422619,3898860,4287318,5208479,4741896,4593519,4994343,4453290,4800335,4553589,4114394,5017408,5160720,5035139,5033044,4602380,4201073,4505888,4018728,4936689,4652396,5129598,4754715,4736967,4425235,4136482,3703942,4963158,4875775,5109580,5228559,4525060,4311897,4522689,4309193,5224562,4352956,4600319,5128640,4482991,4347399,4867649,3999299,4441256,4491497,4835942,4543658,4420863,4598169,4349954,4030794,
194,4599454,4627134,4491120,4708380,4373077,8398897,6788021,4136415,4717184,4203262,4615038,4236091,4787441,4417860,3897515,4282217,4673878,4243859,4102314,4551909,4449818,4794108,4540597,4108200,4532930,4685074,4558454,4562700,4591452,4199343,4497619,4013639,4647080,4390673,4715630,4318789,4728130,4422171,4129510,3699849,4532041,4465972,4666965,4764882,4528156,4304928,4516512,4300129,5068500,4190812,4436835,4961747,4478191,4344350,4859554,4002575,4269228,4329888,4672776,4383454,4412932,4586259,4342480,4024849,
195,4546749,4570134,4444723,4655150,4374411,6718386,4280706,4134376,4651141,4147223,4570092,4191352,4780132,4406022,3886328,4272183,4548496,4129953,3987099,4435948,4437495,4783922,4534413,4100602,4412941,4565429,4435281,4451325,4585977,4185734,4490400,4009224,4566533,4316756,4613795,4211963,4716907,4410231,4123679,3702924,4420334,4356624,4545226,4644747,4515535,4296322,4509191,4303944,5028768,4145633,4390443,4910487,4475944,4335140,4858674,4002982,4231824,4288999,4627536,4341785,4412033,4584264,4336477,4029343,
196,4538627,4560127,4437100,4647995,4368033,4472243,2214688,4132173,4647298,4129368,4557660,4184609,4770898,4401417,3880010,4265408,4540413,4114795,3980163,4426990,4433394,4781233,4531215,4096879,4400287,4556372,4429998,4434974,4576352,4186038,4480690,3999951,4556748,4310397,4602705,4206288,4703493,4401623,4111693,3694957,4405997,4344092,4540075,4642703,4510466,4290553,4501461,4298415,5019373,4140659,4384947,4907223,4461272,4327802,4848591,4000368,4221352,4280171,4615940,4332883,4406398,4582421,4333693,4024503,
197,4533197,4551805,4423221,4636330,4351035,2300899,1041221,4135128,4640342,4124366,4553754,4177939,4751640,4385694,3869626,4255696,4531480,4112952,3971635,4417256,4424574,4767557,4519864,4091355,4395017,4553793,4423233,4432990,4563732,4172974,4467653,3990242,4553251,4298815,4591378,4197316,4692161,4393301,4098435,3693233,4403109,4336170,4531495,4637135,4498773,4275939,4488415,4289672,5008325,4132016,4379820,4895494,4456194,4320752,4836797,3997727,4218232,4277128,4614578,4335561,4397452,4573889,4320135,4023852,
198,4526566,4542586,4416354,4621823,4331669,1043229,639508,4119415,4632828,4124619,4540044,4175022,4735130,4363346,3855857,4239073,4524835,4103423,3962018,4408741,4409504,4755549,4513778,4078131,4383991,4545212,4413437,4422235,4548415,4160115,4449687,3970507,4543081,4289571,4589451,4191089,4673172,4364346,4077815,3682761,4390786,4326254,4520765,4625535,4482009,4255346,4470501,4283221,4990167,4126699,4370268,4894204,4444282,4311416,4825938,3990156,4212397,4266428,4605761,4320409,4379483,4561953,4312193,4018407,
199,4515995,4538394,4409595,4614790,4313755,660347,549059,4113354,4625340,4119539,4531915,4162651,4710090,4350083,3836230,4221640,4512609,4096185,3955528,4402812,4396352,4737927,4486821,4064266,4377393,4538352,4397500,4416824,4524856,4146454,4431678,3954756,4537639,4289293,4576456,4192835,4651899,4344803,4056557,3678492,4389610,4320861,4516389,4618100,4455840,4233657,4456098,4276663,4979125,4117086,4360274,4879577,4425533,4297398,4815528,3981513,4206437,4255906,4602545,4309221,4365933,4548448,4294836,4015659,
200,4510906,4528020,4406013,4606518,4298223,551700,514545,4099972,4621017,4109590,4525920,4159077,4693629,4338278,3825574,4204461,4504239,4089883,3945997,4394122,4378502,4726686,4468864,4039932,4364265,4530774,4380606,4412622,4502321,4122047,4409543,3933265,4528492,4284642,4574072,4184179,4626267,4325880,4046537,3662689,4380207,4317830,4507793,4613702,4423440,4212411,4435979,4259620,4965245,4104438,4359356,4868787,4407274,4278312,4794256,3967741,4200503,4247644,4589622,4307369,4352693,4527489,4274492,4009184,
201,4503429,4520271,4400046,4595930,4279076,516914,493164,4089623,4610681,4104704,4515105,4152725,4675152,4317605,3811343,4186173,4491239,4080985,3939376,4388891,4358477,4699397,4446398,4019000,4356907,4522724,4377128,4398996,4482736,4102657,4387066,3918817,4522360,4272381,4565826,4174723,4605705,4309908,4031115,3650789,4369966,4311281,4503105,4603696,4399429,4195390,4421411,4248363,4948645,4094725,4349884,4860830,4385277,4257354,4774767,3956434,4184922,4233597,4585181,4292956,4328886,4508151,4253729,3996422,
202,4493646,4504257,4378717,4576685,4267982,490135,468372,4076303,4601443,4096444,4506851,4136693,4654536,4297862,3798172,4173407,4470012,4070635,3921797,4377318,4334465,4673274,4420536,4000955,4341268,4499180,4360304,4376468,4457715,4082342,4364693,3896499,4510713,4257373,4556883,4164880,4584353,4293752,4011119,3643277,4361368,4296062,4493963,4585949,4386915,4175512,4392832,4232164,4923322,4081330,4331672,4847567,4366637,4239841,4742607,3943331,4168983,4211684,4562372,4273839,4307876,4485864,4225989,3983132,
203,4484622,4488412,4370954,4553629,4249494,468953,447028,4071345,4587895,4074828,4491372,4126453,4633376,4280343,3782569,4154621,4458787,4056706,3907768,4364173,4312519,4645785,4394978,3982524,4323056,4487752,4371677,4356717,4432428,4056622,4341176,3880529,4494284,4248015,4539465,4157333,4562893,4278597,3994903,3634129,4339893,4278328,4476778,4569509,4370241,4145879,4376809,4221291,4900608,4064796,4308746,4820819,4345417,4215703,4719127,3934229,4150572,4192140,4550211,4253976,4287858,4463626,4207493,3966197,
204,4460569,4471079,4342926,4533497,4226893,447737,424733,4054603,4562603,4055679,4476692,4104278,4608208,4264547,3764457,4140705,4438026,4040822,3890359,4342859,4294922,4625666,4384407,3962835,4300406,4465043,4356744,4336497,4413549,4041622,4318141,3860443,4476549,4222082,4524938,4144677,4533004,4258328,3974251,3627979,4322673,4258575,4463858,4548958,4347858,4126799,4357649,4208547,4875527,4037370,4291870,4804844,4325005,4197898,4699373,3917060,4127519,4170688,4521456,4232807,4262581,4438464,4191884,3953450,
205,4449328,4444062,4323556,4509166,4200036,424155,399546,4041732,4540092,4042543,4452803,4087216,4570600,4239179,3737210,4120241,4418723,4023184,3874939,4325402,4274911,4591097,4356855,3943582,4284423,4453006,4338547,4318630,4382819,4015125,4288247,3833375,4450098,4205265,4504786,4120910,4501592,4230223,3945708,3619352,4305318,4235677,4438892,4534776,4317988,4087183,4327787,4194124,4870885,4026624,4273590,4777703,4303986,4178385,4673465,3908786,4107163,4158282,4501979,4215077,4240250,4422411,4166838,3943873,
206,4421685,4420041,4298600,4481405,4165301,396432,369695,4026871,4514930,4029249,4424983,4066133,4524964,4201705,3707939,4084852,4400991,4007335,3856675,4312066,4249157,4566006,4329654,3912426,4260813,4430261,4317670,4302585,4337309,3980486,4253392,3785997,4434358,4179671,4477243,4093259,4463557,4177365,3905045,3607739,4272395,4215296,4414382,4509936,4291474,4016138,4299109,4182889,4841085,4005612,4256105,4754059,4277864,4155909,4642405,3894754,4086360,4138256,4478264,4193552,4213576,4393682,4138971,3932219,
207,4404258,4396436,4274337,4458128,4100536,370366,340805,4011631,4498089,4008582,4402692,4049279,4442533,4163810,3648889,4040785,4377512,3985289,3839221,4291154,4229167,4525843,4279109,3866520,4239438,4413870,4296381,4283107,4245334,3913080,4156723,3674011,4407978,4158914,4455687,4080814,4412438,4088238,3817904,3594405,4258227,4199665,4397740,4485050,4239274,3823801,4275131,4165187,4810360,3991276,4235353,4733606,4251537,4117052,4609445,3871301,4071977,4118250,4456976,4178861,4175232,4365539,4096152,3919212,
208,4383819,4373636,4247218,4427233,3888231,335139,301821,3989758,4470593,3976374,4378377,4035431,4163874,4041434,3464878,3928904,4341924,3962372,3813171,4268121,4175907,4445526,4158779,3731734,4215216,4385500,4275038,4256514,3915725,3672794,3855336,3278361,4386028,4132549,4434998,4062931,4282256,3824267,3574182,3575090,4232232,4174789,4374456,4461966,4107616,3226519,4211722,4143247,4751232,3964930,4214103,4704855,4181536,4045386,4535726,3855284,4051933,4088893,4436972,4154064,4070855,4312835,3985363,3902222,
209,4359289,4339761,4219802,4390499,3368511,302194,262724,3966147,4442182,3954470,4354127,4007082,3491529,3733648,3017638,3632657,4301635,3944499,3793278,4244430,4058825,4212605,3841056,3382518,4192369,4360570,4249993,4233806,3186800,3105092,3160311,2534599,4355022,4114899,4408924,4035506,3959866,3229272,3027062,3555026,4210063,4152125,4348705,4438707,3743274,2196336,4070080,4119444,4700071,3940677,4187694,4676675,4023285,3840849,4362934,3802380,4029620,4050791,4415211,4133017,3773583,4182780,3690104,3881815,
210,4331340,4299195,4188361,4337205,2323070,256289,205094,3900445,4411438,3955266,4320251,3971829,2243156,2925455,2078669,2844451,4226817,3917766,3750021,4218526,3694317,3552824,3024191,2568016,4151246,4337735,4232575,4200558,1976724,2056501,1991317,1460257,4317372,4080069,4383708,4006458,3117969,2126563,2004742,3511213,4171926,4125915,4316989,4407106,2845850,1141312,3642225,4073628,4595260,3896258,4155091,4631464,3513391,3234848,3817793,3638316,3992736,3969680,4388148,4099237,2993801,3775897,2939838,3848781,
211,4306972,4235142,4145373,4228962,1234572,202122,140762,3711966,4383828,3918085,4295152,3937708,1094924,1773867,1078036,1712145,4072135,3889349,3680259,4183435,2899884,2468338,1895420,1522778,4085727,4307182,4204101,4152229,959049,1054092,975687,672704,4274835,4028610,4351837,3987809,1920366,1065524,1008954,3394818,4135234,4078691,4283494,4375570,1694215,498709,2754406,3946507,4394410,3833273,4123680,4586587,2561464,2214937,2797063,3172741,3947825,3833592,4343341,4059934,1893482,2923879,1878058,3764408,
212,4267469,4062172,4028961,3867364,581625,144420,85903,3310297,4335239,3853305,4248993,3838568,506003,872754,484828,823935,3608965,3823247,3458155,4123335,1876968,1397013,977979,749660,3901812,4222456,4158471,4012836,454675,494444,462803,324701,4134576,3863647,4308961,3932913,969867,488036,457303,3076047,4022427,3936054,4204540,4301689,836203,275412,1684028,3606406,3837570,3667595,4054188,4492385,1509105,1219125,1656556,2365571,3844205,3433102,4275553,3968371,983976,1855802,987696,3526526,
213,4223628,3636171,3753368,3160723,296771,88061,46807,2308915,4241740,3709188,4160499,3613434,287545,391107,243642,360447,2763131,3688993,2974449,3996506,919832,636856,445882,343376,3454849,4039178,4059692,3666089,269000,264418,265915,206365,3827626,3473139,4232736,3813262,452749,267938,246559,2320447,3744518,3575624,4021166,4128439,383801,212253,781876,2808209,2932556,3288823,3908824,4261408,694600,537941,752223,1348149,3610722,2729839,4156912,3780691,446453,893174,450043,2913136,
214,4067423,2585627,2922695,1880008,221116,47458,29650,1175855,3912410,3218394,3867140,2901390,234252,242974,183017,222227,1455482,3239072,1940745,3570947,407077,326921,259784,216461,2366529,3407620,3786289,2720699,223240,203953,215479,178660,2979060,2507262,4003109,3375600,288268,214155,195271,1255770,2930426,2626940,3381976,3534934,245266,198031,358435,1623928,1576486,2370148,3427474,3523737,334035,274137,346982,597658,2938726,1560466,3769425,3200201,256615,391473,259822,1832208,
215,3674172,1458595,1840718,934852,206653,30734,24798,553719,3214941,2344413,3228495,1905775,224329,211544,171826,192158,651392,2386791,1007477,2739503,259150,252551,215563,190077,1274063,2389373,3081988,1615821,211989,192878,203422,172446,1894964,1457573,3282910,2547117,248889,202980,185405,583729,1867127,1549966,2364116,2538257,217041,192625,247734,791227,738712,1312095,2557089,2397895,243457,215344,253403,321533,1962293,736337,3001503,2263010,216842,252083,218308,929436,
216,2792682,636049,863598,431003,201710,25079,22824,317782,2060756,1264705,2130973,930548,219897,201843,167960,184499,307348,1289186,434603,1576751,214147,233478,203503,181153,544887,1247270,2037476,740732,207712,187926,197760,167821,897238,655895,2165726,1445946,237917,197459,181041,308345,895802,703059,1218381,1359203,208214,189475,214590,408411,373342,600273,1434961,1214186,218518,201744,230915,226512,946725,333361,1826104,1187807,205892,213133,206842,441636,
217,1644476,317419,399574,273318,197906,22623,21109,236048,1035043,565582,1100174,419884,214833,197301,163272,179953,224060,565711,240137,716373,198528,225911,197943,178293,286948,567404,1012505,367930,203287,183726,194029,164865,409730,323763,1104575,658698,231958,194417,178371,219166,415875,342243,539352,617183,203913,185228,201855,279834,279236,297934,666581,554211,209628,195420,224973,186887,427822,225068,866235,543247,200958,202257,201535,269724,
218,677277,230643,240372,232192,194315,21055,19650,197170,448806,268816,460474,238709,210454,194171,161416,177102,205582,265999,188734,313627,187425,221258,193158,174045,216292,297649,407597,241611,199525,179733,190867,161861,248096,219901,452759,294939,226882,190524,174237,176023,248374,223289,276962,304568,200500,182119,197468,221145,254682,207365,321497,307473,205268,192247,220338,169093,244887,199923,370008,282267,197556,197789,198476,203233,
219,344903,215639,208916,222732,190409,19538,18172,180204,290772,206981,281711,204391,206316,190223,158250,174090,201201,206083,178491,229270,183257,217446,188898,170756,201976,234569,255945,210837,195576,176883,187253,158234,218471,199819,279523,216610,223069,186890,171364,159497,215782,196927,226093,236571,195757,177774,192420,195545,249124,191681,237119,262072,201595,188263,216409,163778,205857,193651,257253,223737,192717,193126,194547,175206,
220,239778,209630,197811,216880,186890,18154,16758,175053,235375,189015,224602,193906,203747,187068,155105,170859,195727,188336,174804,208677,180373,212518,186411,167629,197687,210704,215038,199711,191654,173825,183837,156544,209504,192292,228343,196847,218500,183625,167914,153282,204843,188010,213838,215502,193500,175400,189428,184794,243633,184511,208566,245854,198364,184584,212550,159881,194679,189294,226084,205550,190113,189867,190116,165152,
221,216296,205354,192980,213249,184298,16979,15618,171024,218299,182848,208252,189850,199196,182958,151723,167360,192225,183539,170986,202275,176910,208682,183239,164739,193167,205605,206573,195381,188239,170480,180132,152683,205756,188541,214829,191296,213172,179515,165178,149766,200700,184584,208683,209499,190202,171384,185645,180688,238952,181388,199614,241618,194420,182553,209551,157936,189006,185631,216954,199982,187171,186045,187904,160463,
222,205446,200743,189442,208700,179464,15314,13944,167728,209033,178602,201770,185397,194134,179307,148473,164188,188208,179155,167517,198434,173267,205763,178029,161605,188237,200098,200989,189738,184251,166898,176070,149618,201178,184925,208102,186519,209412,176116,161347,146545,196013,181061,204334,204273,185596,168065,182204,176905,233034,176974,195073,235586,191088,178764,204932,154789,185092,182527,211789,196049,183881,182055,183960,157178,
223,202282,197267,185092,204791,176649,13616,12271,166067,205292,175530,197302,183253,191467,177055,146013,160918,184359,176041,164723,194063,170007,200940,175276,157561,184943,195928,197862,186695,180950,163657,171909,146197,197124,181395,205573,183417,205289,172511,157976,144636,192509,176598,200601,200476,181248,164228,178899,173444,228635,173526,191139,231809,187433,175722,200826,152847,181383,178757,207309,191876,179100,178934,180140,154685,
224,196434,192072,180245,199415,171191,11319,9878,161066,200822,171571,192234,177852,184527,169525,140585,156164,179398,171911,160804,188896,164088,193320,168567,152812,180095,191545,192102,182663,174980,158561,166333,141138,191628,175762,199604,178675,198141,166926,152470,141369,187740,173205,195695,195752,176236,158679,173019,169033,222060,169326,185531,225687,181623,169318,194901,148068,177653,174415,202124,187524,173052,173076,175043,150468,
225,193144,187764,177446,195829,167081,9700,8126,158880,196371,168547,187900,174781,180270,167030,138855,151344,177057,168181,156965,185971,160379,189188,166470,150133,176513,188116,189447,177935,171375,154493,162164,138347,188495,173201,196606,175321,193977,163342,148992,139081,183443,168949,192253,191554,171680,154837,168726,166249,218252,166709,182117,221069,179117,166257,190474,146040,173755,170241,198187,183977,170271,169888,171559,147933,
226,188467,184923,172837,191708,163724,7926,6186,155950,193065,163862,184988,170666,175543,162981,134192,148126,171901,165016,153965,181173,157619,184367,162182,146216,173370,184000,184672,173883,166416,149623,158537,134496,184452,169568,192317,171254,189104,158764,144910,136027,180028,165962,188321,187796,168597,149890,165590,163172,213335,162864,178802,216242,174854,162200,186356,142762,169865,166281,194652,180023,165337,166089,167751,145204,
227,185590,180339,169811,187684,159579,6059,4416,153356,187883,161684,180907,168964,171549,159405,130977,144626,168867,161805,150941,179152,153873,181688,158066,142909,169455,180582,182287,171580,162442,146430,154241,130816,180787,166399,188596,169037,185168,154672,141479,134163,177029,163589,184689,182891,163854,146365,162306,161196,208475,159919,175001,212882,171261,158500,181871,140872,167066,163465,190358,176248,162258,162718,164024,142586,
228,181894,176252,166121,182826,156085,4542,3099,151494,185267,158471,177467,163426,167247,155705,127770,141838,164390,157745,147023,174622,151382,177279,154611,139764,165864,176260,178070,167448,157936,143453,150359,127866,177101,162891,184543,165537,180482,151080,137538,132152,172615,158692,180477,180348,160533,142169,158067,157446,205425,155393,171893,207895,167957,155556,177390,137471,163331,160214,186634,172868,158400,158658,160179,140674,
229,178034,172586,162537,179172,151555,3220,2173,148083,180572,155302,174261,160926,162520,152388,124386,138643,160671,154731,143819,171440,147243,172376,149811,135738,162350,173737,174967,162730,153477,139519,145147,123672,173524,159326,181507,162166,175843,147453,134483,129541,169798,156372,177423,176003,156250,137116,154010,155327,199337,152161,167724,203371,164345,150899,172601,135803,159484,156090,182670,169509,155227,154412,156316,138704,
230,173959,167871,158326,175071,146584,2306,1770,144959,177227,151197,169296,157111,157175,147287,119583,133938,155404,151571,139909,166491,142679,167970,145441,131968,156990,169796,170577,159610,148337,134891,141455,118957,168391,156211,176884,158366,170827,140800,129372,127730,164624,152532,172918,170976,151154,132487,149533,150995,193628,148130,164380,199542,159305,147060,167109,131825,155929,151902,177979,165204,150305,150255,151325,134594,
231,170636,164433,154982,170890,141771,1790,1550,142052,173724,146887,166150,153781,151803,142994,115385,129688,151552,147582,137276,163330,138330,161892,140516,127098,153936,165563,167857,157038,142852,129915,135498,114891,165690,151781,172528,154586,164342,136018,125029,124374,161606,148823,168803,166886,145419,127928,145549,148328,189306,144801,160131,194340,155598,143359,162680,129319,152668,148156,175010,162050,145455,145970,146872,131615,
232,168019,160268,151078,165945,137000,1597,1479,138839,169707,143798,162454,150472,147078,138694,111128,124436,147233,144321,133437,160090,134137,157637,136345,122917,150291,161945,163412,152077,138476,125233,130647,110504,160827,148787,169787,151965,158593,130743,120628,121405,157254,145155,165079,163090,140268,121951,140989,145981,183522,140815,157311,189747,150941,138509,157269,126379,149492,144341,170805,158212,141512,142000,142641,129190,
233,163976,156789,146872,162554,131470,1533,1450,135836,166911,140680,158990,145871,140647,133158,107097,120585,143677,141442,129594,155741,130553,151957,131497,118797,146178,158189,160754,147879,132302,119204,125465,106165,156831,144572,166271,147256,152576,125992,114891,119319,153409,142028,161219,158644,135731,116494,135747,142067,178433,137725,153497,186713,146085,134304,152219,123079,145850,140389,166487,153795,135815,136987,138028,126216,
234,159376,150989,141877,156728,125382,1417,1330,132153,161997,137051,154777,141468,133359,128612,100830,114876,136783,136646,125286,151403,125903,145396,125848,113544,141623,153364,155991,143046,126068,113797,119033,100130,151848,139793,161003,143424,145243,119098,109831,115129,148416,137472,156518,153380,129345,110395,130746,138151,171413,131896,148658,180384,140540,127889,145192,120056,140848,134415,162113,149394,129937,131531,132387,122919,
235,155129,146983,137770,150946,119879,1351,1278,128591,157894,132652,150971,137411,126718,122350,96368,109785,131778,133195,121379,146985,120498,139821,120797,108297,137094,149293,151798,139697,118679,107930,113088,95138,147218,135509,156828,139384,138622,112587,103442,113087,144048,132964,152033,149029,123847,104041,125402,135277,165952,128588,144875,175050,135547,122793,139161,115915,136994,131066,157084,144774,124776,126954,126941,119897,
236,150356,140587,133343,145145,114437,1231,1162,124986,152827,128174,145324,132438,120229,116698,91248,105461,126081,128338,116448,142366,115771,133956,114437,103959,130856,144792,147608,133836,112867,102698,105640,88897,141418,130434,151831,134854,132218,106404,97678,110274,138583,128658,147224,143581,118195,97174,121089,130797,157874,123515,140064,168659,130636,117839,134269,112514,131689,124931,152090,140474,119524,121175,122235,116205,
237,146239,135187,128366,139539,107042,1169,1089,121925,148084,124276,142022,128040,112382,110764,84004,99200,120226,124255,112329,137791,110721,126753,108590,97485,126109,140080,142742,129897,104763,95775,98572,80827,136184,126344,147778,130220,125578,98902,90993,106531,134717,123944,142198,139355,111025,87015,114870,127171,151910,118912,135412,163283,125592,112295,127070,108935,126910,119660,146953,135639,113488,115916,115396,113562,
238,140856,128840,122546,132593,99405,1103,1032,117466,143420,119332,135620,121753,101797,103457,75927,92076,113064,119888,106499,132054,104702,119705,101091,90347,120018,134477,136747,124098,93774,85724,86906,70073,130180,120035,143409,125621,116636,88595,80532,102844,129081,119089,136045,133406,102825,71754,108776,123567,143267,113173,129775,155642,119334,105223,118131,104959,121806,111997,140494,130611,106027,109671,108531,109460,
239,136496,123123,117521,126936,88875,1010,951,113038,138620,114551,131329,117184,88320,95962,62747,83693,106033,115196,101406,127483,99012,110555,92219,81706,114664,129484,131200,119261,79684,73023,71952,55500,124308,115383,136876,121247,106305,73154,66235,99321,122931,114378,130945,128147,92813,53049,101820,118312,137244,107355,126183,149274,111074,98665,109482,100523,116568,107722,135350,126186,97789,102727,100844,105612,
240,130354,115730,111262,119093,70760,867,812,107638,132214,108519,125486,111370,66208,82822,44219,69715,97352,109523,95384,121099,90005,98031,79379,67299,107945,123137,126894,112636,56942,53076,49292,35660,118030,109106,130691,115447,90383,51009,45157,94883,116781,107944,124027,122194,77219,30881,92796,113840,125056,101500,119493,141977,101821,87585,96474,95726,109777,97988,129083,118774,84721,93615,89024,100259,
241,125516,108596,105118,111502,50074,848,788,103656,127135,102709,119777,105210,42176,66212,26127,51325,86495,104461,87858,115377,79322,82032,61673,49835,101321,117549,121530,106399,35194,33277,29409,20096,110642,103266,125937,109833,71087,30210,26744,90624,110713,102572,118521,115143,57421,17342,81061,108447,113743,94654,114388,134058,89016,73254,80197,90397,104365,89938,122474,114084,68150,81597,72597,96675,
242,118716,98968,97308,99304,28900,798,723,97237,120416,95844,113694,97251,22840,44405,13760,30405,68549,97709,79320,107776,64283,59294,40172,30241,92052,110538,115279,99062,19321,18311,16219,11241,101424,94805,119419,103393,45583,16052,14635,85561,101882,95208,111213,108026,34827,10819,63634,103347,93876,86257,107483,124705,72029,52527,56242,83305,95910,75765,115867,106662,46325,64978,51046,90981,
243,113503,88569,89473,86591,16579,721,669,90518,114899,89062,107718,89254,13761,26459,8991,16792,48283,91051,67804,101244,45136,37104,23229,16902,80665,104084,108849,91792,12363,11322,10920,8091,90355,85574,113227,96426,26352,10697,9697,80303,93400,87367,101889,100752,20079,9006,43974,97636,70814,75663,101166,114581,48200,32201,34817,75104,86875,58064,107730,99466,27657,44701,31432,85420,
244,104876,69118,74931,63513,11595,677,627,84352,107528,77559,99843,76442,10791,15631,7427,10940,26245,82192,49318,90474,28867,22870,14443,10932,62026,94868,100824,79140,9882,9018,9166,7309,73853,70815,104808,86721,16660,8976,8203,74219,79196,74875,90910,90675,12976,8320,27656,90504,42529,57052,92506,98618,29694,19407,20309,64164,68934,35917,96069,89233,16979,28016,18951,79528,
245,96989,48753,58065,41953,9529,597,563,74199,99292,63698,91937,59789,9782,10876,7056,8235,14821,70250,31604,77770,16654,14453,10408,8462,41935,84111,91910,64002,9139,8237,8440,6920,54852,53695,95643,74304,12635,8456,7887,64275,61966,58879,75106,77851,9902,7944,15926,80372,25210,38273,82735,77461,17863,11950,13365,48965,49519,20697,82302,75288,11345,16191,12326,69540,
246,84424,26364,35124,22578,8829,562,535,58606,87550,41885,78082,37703,9343,8900,6761,7719,9783,50098,17009,56414,10851,11131,8901,7601,21944,65154,77677,41788,8556,7743,8032,6863,31822,31612,81666,53713,11005,8093,7259,48820,39514,36991,50927,56467,9091,7684,10804,65383,15216,20633,64820,47955,12416,9285,10585,30815,27281,11643,58887,54347,9464,10691,9719,55589,
247,69649,15094,20113,14591,8549,537,526,40985,73118,25049,61905,21734,9250,8565,6534,7127,8675,31747,10668,36498,8592,10120,8278,7250,13096,45020,59582,25054,8488,7629,7885,6388,18459,18256,63009,34957,10627,7796,7141,32723,23560,21764,31291,36550,8720,7430,9105,47508,12682,12336,45767,28372,10609,8446,9702,18649,16115,8960,37817,34359,8719,8847,9034,38758,
248,48718,10856,12084,11181,8125,514,501,25353,52751,14054,41887,12975,8765,8133,6310,6950,8299,17657,8331,20499,7804,9716,7908,6984,9632,26447,38989,14971,8255,7245,7566,6200,12011,11455,41644,19988,9932,7510,6797,19535,14155,12833,17391,21218,8119,7176,8127,30478,11666,9197,27461,17085,9823,8037,9264,11681,11159,8242,21030,19274,8509,8253,8755,24315,
249,30076,9406,9298,10036,8048,530,527,15393,33840,9870,25603,9843,8504,7831,6135,6769,7942,11171,7488,12931,7325,9013,7576,6850,8554,15880,23078,10443,7657,7078,7448,6010,9845,9133,25089,12373,9701,7477,6866,11979,10407,9551,11709,13428,8191,6843,7912,18855,11431,8177,16609,13472,9550,8004,9049,8712,9556,8102,13483,12741,8132,7711,8443,14610,
250,16237,8903,8384,9549,7635,510,500,10466,18700,8209,14307,8549,8239,7384,5844,6536,7706,8416,7169,9543,7143,8868,7295,6596,8171,10844,13020,8921,7648,6854,7084,5688,9088,8272,14010,9181,9441,7171,6509,8616,8981,8083,9477,9819,7842,6638,7573,12580,10910,7636,10969,11776,9269,7740,8980,7071,8715,7652,10390,9758,7938,7484,8229,9524,
251,11221,8530,7890,9189,7302,510,501,8537,12516,7679,10536,8275,7935,7400,5699,6415,7530,7781,7002,8756,7002,8626,7156,6423,7972,9148,9931,8257,7349,6534,6863,5707,8565,7801,10637,8252,9116,6839,6389,7048,8777,7362,9072,8892,7722,6349,7547,9507,10647,7312,9164,11368,9056,7524,8627,6666,8560,7357,9492,8745,7639,7173,7829,7546,
252,9386,8334,7637,9025,7165,493,481,7602,9942,7322,8864,7921,7789,7368,5480,6188,7322,7412,6620,8253,6735,8394,6812,6378,7691,8566,9139,7874,7158,6461,6580,5355,8433,7545,9425,7922,8840,6675,6046,6601,8241,7189,8604,8463,7248,6306,7247,8250,10155,7189,8376,10965,8850,7278,8443,6316,8229,7139,9122,8618,7292,7058,7533,6829,
253,8674,8012,7064,8715,7041,520,510,6981,9072,7049,8503,7619,7511,7009,5264,5904,6969,7223,6443,8088,6586,8168,6518,5972,7358,8379,8769,7672,6854,6166,6414,5194,8156,7358,8743,7680,8528,6416,5764,6234,8097,7113,8331,8237,7033,6003,6980,7635,9753,6692,8111,10662,8706,6982,8069,6120,7944,6876,8814,8038,7189,6946,7470,6269,
254,8237,7745,7243,8391,6823,542,534,6830,8660,6967,8041,7444,7226,6706,5279,5773,6849,7085,6342,7797,6429,7820,6409,5772,7119,7810,8274,7349,6613,5973,6097,4988,7749,7217,8409,7294,8350,6226,5539,6020,7787,6992,8051,7942,6922,5927,6698,7237,9613,6648,7829,10356,8225,6773,7708,5851,7764,6684,8438,7988,6914,6726,7112,6210,
255,8096,7666,6824,8061,6484,506,488,6482,8108,6717,7613,7171,6980,6461,5015,5572,6239,6739,6137,7566,6075,7406,6093,5587,6915,7905,7954,6910,6353,5819,5905,4846,7440,6939,8172,7291,7967,5869,5483,5739,7619,6562,7823,7466,6422,5560,6456,6849,9172,6418,7541,10038,7955,6588,7419,5670,7494,6485,8086,7679,6784,6450,6888,5799,
256,7797,7449,6850,7840,6041,428,415,6293,8165,6661,7534,6785,6449,6079,4624,5151,6232,6603,6093,7541,5877,7333,5781,5356,6710,7663,7829,6916,6074,5467,5461,4472,7391,6575,7939,7087,7327,5431,5068,5429,7213,6488,7663,7319,6107,5176,6033,6589,8924,6211,7304,9899,7747,6149,7163,5599,7482,6355,7923,7405,6395,5986,6701,5709,
257,7590,7180,6522,7703,5837,429,423,6192,7748,6523,7219,6834,6290,5898,4494,5105,5978,6381,5769,7155,5511,6839,5519,5257,6534,7365,7634,6577,5913,5206,5123,4388,7042,6556,7736,6772,7146,5308,4952,5237,7188,6237,7595,7055,6071,5117,5817,6396,8836,6077,7156,9577,7582,6021,6833,5457,7134,6225,7835,7341,6105,5760,6415,5424,
258,7493,6793,6287,7290,5568,461,455,5955,7579,6138,7031,6632,5960,5589,4325,4747,5877,6065,5508,6929,5370,6562,5328,4805,6197,7173,7374,6411,5465,4893,5078,4197,7008,6336,7452,6640,6822,4909,4666,5071,6740,6209,7300,6878,5702,4730,5707,6158,8440,6037,7017,9039,7196,5838,6444,5296,6819,5924,7382,6920,5621,5658,6034,5281,
259,7178,6608,6161,7165,5425,417,403,5737,7192,6063,6822,6328,5667,5282,4002,4554,5528,6078,5380,6627,5194,6291,5236,4663,6123,6776,6998,6106,5205,4783,4795,4025,6554,6001,7439,6447,6468,4785,4327,4989,6500,5755,7046,6536,5502,4471,5411,5838,8041,5690,6584,8982,7025,5487,6388,5070,6699,5709,7353,6748,5518,5414,5840,5118,
260,6781,6471,5888,6788,5141,399,394,5682,7084,5794,6701,6119,5379,5325,3827,4395,5302,5919,5189,6386,5188,6084,4921,4400,5882,6592,6870,5885,5072,4401,4528,3714,6281,5891,7044,6113,6241,4513,4187,4794,6312,5615,6756,6373,5322,4328,5197,5684,7556,5553,6508,8613,6809,5370,5970,4858,6465,5468,6936,6517,5391,5260,5682,4984,
261,6648,5984,5546,6742,4924,394,394,5454,6946,5477,6312,5695,5113,5022,3689,4254,5106,5609,4878,6288,4834,5725,4702,4217,5601,6401,6776,5877,4717,4314,4303,3627,5910,5742,6792,6006,5818,4267,4075,4837,6219,5410,6681,6127,5077,4033,5145,5663,7477,5169,6112,8374,6436,5176,5730,4822,6249,5181,6720,6301,5212,4994,5356,4862,
262,6289,5889,5461,6452,4622,419,411,5249,6485,5366,6049,5620,4879,4739,3476,3892,4788,5422,4667,6120,4625,5491,4536,4016,5275,6141,6442,5556,4398,4148,4071,3335,5780,5398,6570,5636,5587,3931,3762,4611,5857,5228,6363,5938,4781,3846,4726,5399,6997,5121,6105,8066,6267,4796,5446,4442,6063,5088,6376,5887,4853,4717,5073,4580,
263,6117,5538,5197,6052,4498,395,393,5065,6265,5164,5847,5425,4613,4529,3177,3903,4584,5233,4555,5771,4372,5236,4217,3765,4964,5871,6327,5335,4226,3906,3886,3112,5699,5173,6340,5577,5257,3681,3443,4502,5560,5042,6037,5679,4424,3409,4545,5484,6855,4761,5932,7716,5983,4546,5136,4370,5889,4675,6221,5849,4648,4598,4868,4563,
264,6032,5335,4995,5841,4168,416,412,4989,6240,4957,5785,5259,4325,4247,2935,3482,4291,4946,4305,5654,4186,4972,3910,3592,4960,5709,6117,5214,3862,3503,3509,2987,5340,4943,6045,5215,4967,3460,3284,4251,5431,4803,5815,5378,4248,3259,4305,5131,6327,4559,5625,7427,5621,4277,4742,4252,5610,4364,5981,5774,4369,4246,4590,4335,
265,5745,5049,4860,5600,3930,372,368,4857,5849,4591,5505,5017,4003,3967,2869,3374,4057,4955,4153,5486,4085,4551,3852,3374,4668,5567,5763,4936,3594,3267,3221,2690,5267,4794,5946,5032,4660,3086,3005,4157,5153,4722,5571,5107,3816,2927,4060,5055,6095,4334,5423,7062,5494,4029,4481,4051,5250,4363,5870,5521,4243,3986,4297,4123,
266,5536,4816,4561,5281,3544,407,402,4515,5850,4433,5107,4706,3689,3781,2516,3056,3821,4550,3792,4958,3823,4242,3451,3186,4316,5347,5580,4607,3359,2881,2917,2394,4937,4559,5537,4870,4292,2939,2694,3869,4971,4459,5370,4916,3645,2588,3825,4707,5579,4132,5065,6670,5058,3814,4305,3837,5051,3992,5398,5151,3804,3768,4023,4031,
267,5324,4502,4373,5005,3257,384,374,4501,5490,4142,4989,4542,3355,3378,2175,2836,3434,4330,3701,4759,3512,4058,3154,2868,4147,4960,5323,4532,2985,2641,2605,2074,4573,4341,5235,4569,3911,2620,2415,3798,4615,4199,5083,4612,3326,2229,3581,4547,5405,3902,4985,6316,4872,3619,3982,3688,4975,3755,5281,5090,3676,3565,3744,3843,
268,5117,4366,3916,4693,3036,413,408,4318,5118,3987,4727,4173,2962,3231,1952,2572,3290,4124,3318,4666,3313,3700,2909,2657,3850,4791,5154,4253,2619,2354,2262,1823,4272,4112,5118,4379,3614,2262,1993,3684,4429,3834,4695,4503,3125,1861,3412,4410,4930,3706,4679,6139,4709,3386,3578,3547,4568,3423,4963,4734,3324,3275,3531,3703,
269,4693,4024,3734,4427,2640,359,353,4122,4899,3795,4530,4036,2501,2898,1586,2350,3010,3808,3261,4294,3113,3444,2702,2278,3654,4476,4794,3983,2144,1929,1795,1445,4049,3773,4892,4152,3217,1807,1598,3452,4036,3843,4485,4161,2825,1374,3040,4309,4646,3563,4503,5723,4288,3047,3336,3313,4441,3223,4488,4423,3025,2989,3204,3451,
270,4533,3754,3517,4001,2149,387,384,3892,4849,3538,4482,3656,2024,2654,1154,1908,2626,3567,2933,3919,2729,2969,2277,1965,3280,4320,4542,3754,1667,1514,1310,1065,3683,3503,4682,3950,2860,1228,1183,3310,3915,3439,4133,4005,2231,969,2818,3900,4087,3214,4178,5304,3979,2744,2778,3190,3899,2916,4402,4152,2666,2746,2877,3425,
271,4328,3419,3296,3722,1778,382,373,3686,4550,3218,4160,3568,1434,2251,821,1485,2264,3473,2705,3821,2600,2591,1836,1549,3158,4024,4242,3519,1234,1083,944,780,3532,3348,4349,3684,2207,920,929,3173,3522,3205,3968,3606,1867,730,2446,3866,3586,2959,3935,4950,3590,2382,2529,2968,3754,2671,4021,3788,2273,2396,2538,3143,
272,4026,3105,2985,3280,1210,343,338,3511,4187,2981,3886,3161,1054,1751,665,1107,1778,3219,2480,3586,2137,2089,1493,1135,2832,3847,4046,3206,940,851,710,670,3114,2977,4056,3381,1648,687,670,2917,3311,3020,3669,3411,1317,652,2033,3557,2860,2548,3759,4597,3108,1847,1809,2795,3383,2242,3822,3540,1681,1993,1874,3013,
273,3850,2732,2724,2882,907,330,328,3128,3935,2803,3561,2866,863,1258,621,803,1352,2860,2107,3226,1613,1485,1074,873,2394,3545,3861,2929,753,696,653,583,2757,2679,3968,3116,1223,626,652,2744,3006,2852,3479,3163,932,612,1636,3377,2346,2193,3406,4219,2409,1360,1298,2622,3135,1699,3454,3297,1286,1611,1470,2801,
274,3564,2193,2436,2322,720,362,354,2971,3736,2390,3263,2530,814,975,554,644,850,2632,1620,2901,1251,1062,813,685,2050,3296,3592,2658,686,615,611,595,2262,2338,3524,2802,840,592,568,2526,2616,2500,2957,2757,749,615,1146,3193,1624,1817,3154,3641,1769,1025,957,2328,2541,1174,2970,2978,942,1219,1015,2639,
275,3255,1850,2007,1885,704,349,343,2832,3337,2096,3088,2127,761,799,532,628,732,2425,1294,2584,910,842,675,644,1586,2922,3176,2317,640,609,601,583,1984,1990,3232,2567,802,568,583,2324,2157,2223,2720,2536,664,562,907,2921,1229,1429,2814,3037,1344,778,859,2242,1986,911,2623,2615,770,888,792,2485,
276,2891,1276,1571,1354,676,330,322,2536,3237,1673,2753,1677,688,677,600,580,658,1963,939,2099,736,677,619,623,1124,2660,2891,1915,620,591,615,543,1389,1475,2955,2126,711,553,590,2177,1654,1652,2090,2065,639,529,730,2776,985,995,2468,2292,1050,756,757,1789,1392,666,2155,2195,665,679,700,2176,
277,2604,975,1188,1071,660,348,346,2287,2884,1245,2466,1315,688,616,550,580,564,1534,711,1813,662,632,659,537,809,2169,2534,1549,599,569,545,534,999,1134,2521,1690,720,517,612,1941,1339,1345,1672,1635,628,537,652,2431,850,774,2145,1732,901,716,671,1518,996,666,1681,1777,686,606,581,1941,
278,2170,783,844,847,551,369,366,2017,2485,849,2017,898,638,668,532,538,590,1110,576,1175,590,667,598,592,711,1673,2065,1095,546,600,580,512,765,787,2076,1172,693,523,565,1597,998,943,1127,1176,642,540,679,2120,836,649,1681,1190,863,671,738,1141,761,630,1168,1257,640,585,592,1622,
279,1643,663,727,799,561,311,313,1582,2029,658,1642,756,674,636,534,523,578,804,582,889,599,641,561,511,643,1287,1576,836,612,579,564,470,722,676,1543,888,665,468,540,1178,818,717,872,866,607,557,605,1661,789,616,1285,1013,871,670,718,855,755,592,867,920,629,535,595,1250,
280,1243,716,646,699,539,327,325,1214,1647,646,1177,696,648,577,498,556,565,644,576,714,577,620,554,521,619,991,1174,753,570,513,544,443,682,642,1150,717,610,515,518,879,689,656,698,698,614,522,555,1306,773,604,959,868,868,626,662,711,711,562,737,821,636,562,579,887,
281,934,622,636,694,555,315,310,945,1192,593,907,639,655,556,475,560,571,607,507,646,601,639,541,532,605,775,908,681,533,528,554,480,634,622,872,642,624,479,488,742,634,628,665,624,585,488,497,977,729,579,718,914,809,630,617,678,721,613,662,721,612,522,563,753,
282,765,595,627,753,542,330,326,695,897,624,736,649,617,566,500,530,515,575,573,647,550,591,535,516,632,691,770,619,559,507,499,460,651,570,688,642,605,460,521,604,623,569,646,565,553,485,490,777,720,609,703,892,756,628,600,616,642,507,644,637,579,538,539,677,
283,662,646,575,661,570,340,333,593,715,580,663,633,593,584,445,467,580,554,508,656,551,578,504,511,567,671,706,623,505,506,517,469,632,603,675,623,605,467,464,599,594,558,617,558,544,474,535,667,673,565,629,886,723,592,587,574,673,517,665,623,567,508,524,629,
284,634,584,565,664,522,337,335,606,642,530,572,574,567,538,449,479,541,543,506,659,555,542,539,507,532,665,666,660,509,537,511,462,578,560,659,570,604,432,504,552,592,545,624,524,522,437,585,607,692,535,583,866,766,597,571,563,630,530,577,619,543,487,504,570,
285,690,598,514,651,538,320,314,581,573,565,591,586,589,548,445,469,522,537,512,593,554,565,497,481,533,609,635,567,496,506,507,454,597,521,576,567,559,392,473,554,559,532,667,505,512,436,518,583,657,538,691,779,690,560,573,575,645,502,601,598,524,459,524,559,
286,594,568,560,632,519,284,282,600,593,518,539,572,563,540,463,498,478,550,476,558,495,513,507,479,523,608,621,542,518,410,489,418,577,525,615,554,537,439,454,548,556,570,595,521,480,448,478,570,635,539,608,765,710,570,580,492,585,445,584,539,506,481,514,531,
287,577,540,562,614,471,307,305,548,538,514,526,563,547,500,422,478,475,514,448,577,456,535,475,442,527,590,595,562,484,474,470,457,565,582,576,588,508,384,434,535,549,532,587,502,490,420,499,568,653,548,618,735,699,551,591,526,596,484,569,526,507,451,531,505,
288,560,508,485,563,471,307,306,518,556,514,500,565,531,524,398,461,434,519,511,526,564,489,485,424,540,560,609,509,434,462,457,451,523,504,538,532,462,371,437,504,534,503,582,456,502,411,507,521,609,493,571,714,673,541,526,486,512,471,518,546,460,449,472,515,
289,565,545,529,535,484,308,304,524,554,446,583,541,477,476,400,442,455,473,426,494,471,516,421,430,539,566,590,521,417,425,423,412,530,534,594,540,481,354,372,517,531,511,550,441,466,423,474,504,603,521,557,720,704,486,501,520,559,487,521,542,480,418,468,470,
290,530,516,532,550,446,323,320,508,527,524,500,523,504,466,387,419,427,462,471,529,460,483,421,404,492,541,601,539,438,419,450,354,439,471,508,522,443,360,395,493,558,461,544,435,453,371,442,487,513,463,575,689,643,510,477,483,545,436,540,534,454,435,446,468,
291,548,524,466,570,465,320,320,488,531,488,532,517,460,444,387,398,418,462,441,490,443,443,461,399,478,563,612,565,415,408,422,351,515,472,528,491,405,319,375,478,507,483,483,480,464,358,433,509,583,463,534,663,606,488,501,463,541,442,485,506,427,394,445,499,
292,517,489,496,542,416,273,268,501,495,418,500,487,438,450,337,400,477,482,410,506,428,405,411,410,469,458,547,454,383,391,394,362,489,475,531,470,441,308,401,456,478,475,511,411,383,353,457,465,510,454,501,645,620,459,535,455,480,416,478,488,454,380,431,476,
293,539,519,458,548,414,295,294,495,493,457,485,483,503,433,339,374,419,463,437,450,421,429,401,378,450,541,531,510,397,390,380,348,465,422,504,470,439,309,392,461,497,427,485,448,412,343,418,444,503,448,587,599,635,480,496,480,504,385,497,481,424,374,455,481,
294,477,458,428,509,398,277,269,458,466,447,491,482,393,382,346,346,396,468,407,474,412,375,373,380,435,481,506,461,416,373,326,337,458,427,484,466,369,289,358,410,470,436,461,371,408,330,400,493,507,396,499,617,597,395,459,447,484,372,505,446,394,400,395,461,
295,484,461,441,468,382,287,282,442,503,422,450,501,466,383,352,385,386,445,385,436,417,380,402,372,440,528,521,481,363,361,351,338,410,437,479,448,376,269,358,412,469,413,454,393,350,324,375,430,460,395,503,589,568,436,406,416,458,363,431,450,384,351,392,436,
296,481,452,425,495,350,276,274,471,428,404,456,440,448,387,317,335,381,440,432,435,380,347,357,337,396,503,535,447,341,324,341,341,428,409,441,460,379,284,334,444,448,426,438,365,383,302,371,429,464,397,496,523,555,446,423,407,436,355,418,463,379,357,363,441,
297,455,393,406,480,341,273,272,437,423,374,441,427,396,351,305,354,322,375,365,431,337,366,367,321,417,514,480,456,324,323,334,303,428,393,407,433,334,273,328,456,446,372,413,345,351,288,370,470,429,389,499,600,526,360,411,434,465,370,427,468,366,331,352,404,
298,443,402,403,421,319,263,260,424,422,408,433,463,345,367,276,336,312,392,325,454,341,352,306,300,385,415,487,432,325,304,318,307,461,410,460,386,330,243,306,449,434,403,402,311,356,309,376,380,421,362,467,524,556,395,362,377,434,329,399,419,374,300,355,391,
299,476,418,392,431,299,243,240,424,402,373,387,437,361,370,286,314,328,367,343,422,364,334,346,327,361,471,484,387,303,288,299,292,364,365,405,388,333,216,290,386,378,354,393,329,307,251,337,432,376,367,474,522,487,361,365,429,399,317,421,409,352,312,316,419,
