165,8266,8569,8708,15029,134033,1784,2900,157786,37946,6299,14145,281555,138113,140214,51976,92145,7161,7642,7579,7898,105807,110894,112364,89372,8413,29216,10970,22897,109609,79575,96736,78310,7346,10801,13650,7480,126139,75532,56638,112562,9438,12920,9213,11075,103823,103421,107472,142883,11821,6506,17484,20520395,127160,97529,78505,140375,6219,6628,6884,13383,116691,96467,123745,105510,
166,13851,13945,17236,34697,175264,3219,6110,179497,75375,9183,32138,420028,192425,182789,93634,140519,9607,11189,13660,10783,128664,144071,136711,112850,13901,64154,22083,53786,140266,112457,126763,104600,10833,24003,30846,11284,154760,108715,90967,128170,17152,30884,14592,23071,131607,130417,134080,166289,22423,9873,41227,24206810,163526,135625,124064,165740,8939,10692,9991,30171,148702,127766,151311,121554,
167,27985,28799,36204,67436,196130,6885,12781,233148,105980,17137,60462,641521,214042,197844,137475,163189,16499,21653,29182,19772,150457,170983,161224,133866,28656,104959,45475,89256,166632,137146,151279,125501,19953,49030,59931,22883,181847,133320,117349,154188,36124,59352,29878,47733,155016,154704,157725,218425,46143,18943,73078,27592722,183638,165584,171553,237976,15954,21603,16798,58192,170945,150648,176844,140688,
168,56856,60066,68998,107595,236726,14703,25838,451397,133890,38118,95779,1016703,248229,230493,157773,182328,37245,48423,60140,43149,183874,205738,202541,162551,61593,156349,83647,133234,204440,163796,182375,154083,43903,83965,96616,49147,219231,161084,141065,245378,70384,96006,61643,85806,186440,193750,187631,409381,87393,41273,108220,31483100,212009,191089,204794,529392,34891,46497,35764,91537,208501,179620,225980,180127,
169,90389,99054,103212,142887,391055,29705,54480,1203922,157439,67884,125530,1445815,364156,344425,178923,229903,74027,88607,102289,80738,270899,278031,337119,233138,109416,188132,128625,168692,314263,214622,256131,220715,78434,116641,132706,83182,313329,201845,173460,614017,110367,135144,102969,129167,255057,312239,260736,1043123,128908,72047,136042,35462640,299337,252383,238714,1357385,62759,78763,67933,118156,322222,235485,397673,325079,
170,130022,144922,138269,178049,1077418,67562,145875,2996590,192126,103874,157981,1994171,946686,918354,271545,462844,138716,150522,150144,141075,675291,610971,927160,586061,174387,203420,177637,189579,830449,452052,617757,557598,122986,148695,169104,128583,779267,373175,285689,1632391,158825,166670,161123,178892,595364,883997,615710,2367376,172642,109011,166920,40274218,722926,549787,360632,2858204,96492,114328,109757,146299,840012,492327,1091634,902647,
171,156586,176244,165699,214496,2652563,188374,372987,5000435,240505,129030,186958,2469317,2580601,2605099,686013,1358053,185551,176426,166070,180782,1693040,1582198,2151751,1537010,196663,232923,195800,219425,2073046,1252421,1642307,1490431,155150,174419,193753,159532,1993167,1052596,777778,2664509,184283,187712,194970,199241,1596361,2185727,1650547,3446575,210933,135989,201621,44212794,1880715,1474178,834455,4210569,119570,141584,139983,176424,2057095,1309262,2421370,2002861,
172,189467,220522,209998,311903,4762985,437666,748442,5074960,420203,160200,246326,3168635,5095623,5064497,1827861,3254650,209240,194458,192392,201691,2922549,2956882,3327538,2690569,221285,350434,227090,321496,3467530,2523539,3008239,2711986,189517,229180,241588,185498,3320971,2274492,1817945,3085826,219102,244527,220936,234984,2961187,3438583,3007778,3710950,290364,172253,291564,48898909,3658511,2967673,1966147,4317527,148166,187525,174350,250807,3613979,2651364,3760110,3072351,
173,245109,322061,320396,629721,5750347,896016,1621719,4401827,963767,201437,412541,4137879,6366275,6023043,4134165,5425298,257042,237463,268634,235196,3844994,4133665,3991589,3527724,288338,784654,307703,701883,4215162,3714031,4031659,3632805,241314,393717,371133,230584,4066015,3519574,3103855,3267583,302938,442053,280168,333787,3979784,3964593,3955004,3783944,512294,242309,564376,53172032,5314636,4817796,3991979,4019805,191898,299057,226027,463241,4726515,4196004,4394980,3708545,
174,511999,831497,866791,1792349,35636860,29822646,33324199,43734496,2372371,402428,1156461,6747797,41931798,42143981,63300042,36241234,530205,484068,749959,417602,30854982,32872114,38468715,42492577,735927,2487836,797790,2191458,30279412,24248263,29866958,34511873,503214,1203252,1051942,480243,45809235,45734163,47642865,52962541,798838,1399560,619883,901415,34328355,46446162,56750221,48562827,1375129,577943,1541492,59096682,33011654,29436835,32690280,38829859,384468,789968,432738,1241436,34211259,30993937,38458380,39340229,
175,1324146,2046865,2078014,3374634,179659434,158271125,167503607,201861771,3631110,1121322,2492547,11558037,202517935,207620848,282235585,186809432,1490673,1379675,2115794,1146302,162480144,170420096,173483741,219672804,2157730,4921674,2156633,4424031,126635990,140728961,154487415,180792014,1438941,2689993,2484810,1364557,223447501,225086913,231542975,251208150,2117532,3030645,1741428,2342789,184770698,259321550,199198496,246237188,2804939,1406151,2905276,65291044,164113244,139462652,153596213,196938921,924475,1775033,1016641,2420657,170313967,150393688,202582327,195656815,
176,2918674,3926629,3796133,4734926,271028907,223099146,229900232,286412150,4603854,2579096,3967785,18094026,268971839,279842952,258802993,262763377,4116762,3747462,4497506,3176790,207649779,231372223,233442446,273959805,4885336,6059214,4540002,5672784,216228104,226655195,191047035,209453500,3161456,4317589,4305166,3095866,182533983,176870602,187652593,191718989,4081211,4860736,3909504,4655212,230564915,201679041,226556548,202294823,4605626,2960975,4230561,72667231,252265143,215411917,219512822,266720793,2231569,3373967,2464443,3786323,243430557,223707908,249728219,230329008,
177,5457167,6601092,6286321,7347299,323370696,282929489,297278691,347866605,7142386,5055045,6250624,23741885,332935872,336940235,289673528,302221186,6733957,6005506,5980734,5462809,219950209,266753129,233496449,303731816,8084035,6577302,6130670,6445480,226740722,213894628,189961366,192756259,5864487,6658653,6481133,5260835,163615896,158326590,162648086,162270572,6022797,6423689,6371856,6585230,313727791,168423161,167957930,173904887,7683150,5500504,6355784,78450433,314358688,270476067,270336340,313928399,4852358,6273075,5091437,6252272,268925975,285340782,269309894,260121571,
178,110036420,110859351,109626124,115087529,354860801,313239925,347015321,393534021,173968525,115401589,107039239,129515153,387120943,391176683,336876198,347441076,149072184,186665608,152145374,105222525,212928958,236925002,218323578,301866939,135697398,134791034,107597284,139686493,228696935,207338108,182450709,194223368,151674047,126143009,121215687,104315140,158047674,155135102,158366308,157309587,108163667,111696611,108859595,126556013,215433666,159498119,164184494,165867308,199588375,145191632,130131143,162236197,360453979,295456666,301834164,347824385,176388056,187050102,127942046,178533109,304725045,278485865,277050045,268250737,
179,164536800,162252466,155955115,162520896,378063235,328676580,378938595,430870951,223468827,169732002,144916423,172681424,437323540,445069502,389954073,376841755,227342283,248292668,208274394,154340504,210378640,218871683,241848135,280944484,194696859,195647878,153357267,197350680,221775593,200977687,182346166,183362768,212764252,184214423,170594800,148100174,158136635,155889181,160396446,164159094,155124659,161420281,156885134,188104804,200791426,161561292,162385623,164714602,260872387,205430713,175637869,191867911,392430000,324497009,292763703,369254939,234151051,256026173,201232110,277254926,320466776,293666579,270024727,297931470,
180,185292175,182827894,180266763,194204337,389756610,333254894,391379254,457995396,212263081,197944643,170863939,179301836,469954820,496300213,462123563,418543514,284041663,261566783,237792371,186701680,199562401,219129481,211190362,298033867,235177948,231260757,188544645,218969907,204860453,176354849,176734409,188383703,211594367,180668891,219367807,183802444,157673061,155949362,160013814,160867883,190353465,198640976,197845341,220318971,192510616,160582964,161216960,162523246,214514885,185076428,185240103,326133166,405832568,334347166,310888247,372031985,196566298,347989535,197001305,233854253,327842815,298708544,276179837,240187158,
181,219881493,188652473,186305065,216590291,414239024,342537204,418296634,473736943,217321169,331529616,179939726,174060078,526262208,538712929,529791514,493064672,287765066,281208552,267485023,214958585,219197376,200081519,197677358,298867991,255462507,373300359,228499226,250486747,192592110,180538116,174937959,186797293,232605139,224332251,254328567,176243916,154526623,153740135,154974705,155745640,223962037,232001383,236592309,249020319,173093355,156792151,156681194,155853952,187960292,172258203,175238891,175522922,405906129,350219824,317118944,364439580,184526026,182860968,308525109,175624126,328385240,401550584,265548169,215585923,
182,186897440,189180106,182012826,206202787,423194786,352819262,450462597,484201764,227445273,218484816,198174897,161281059,545029004,567833023,569766917,532165885,316393803,316885245,312421597,255229807,172935282,186565819,166649464,276391887,315365815,327319963,281028445,297225543,169190581,168007659,159191823,173924431,274512707,253902729,319860788,260241638,152753243,152610259,153453183,153818915,265728978,268909638,287235070,287558876,161647412,155313523,153987935,154939060,168908445,168225766,166531752,185142248,381830325,360521863,319064038,361348974,170559592,169520728,164830037,165676103,317103058,261213404,253916352,232502472,
183,200248395,192452637,183477273,208267507,421238755,367654372,468748568,487557307,240434000,243618823,235428488,164789225,557875282,581203683,588075691,568872533,348143680,354637531,351788382,294640542,168073784,179785155,187493200,253820489,357616519,361676926,310291783,322442361,165336329,164713794,156487927,171176999,304428036,274707424,362541232,282340742,144045993,152466793,153673201,154632985,293576025,293845301,325705532,312115002,156447715,157411347,155715497,155213749,159222006,161737836,165346588,185832537,360570270,360185469,316506010,364965234,131414638,161355566,160782097,137694311,303304986,285670289,241615168,232959534,
184,249777081,197385985,166453575,237451769,429408477,397290191,475404059,492664405,232999906,258469749,173131594,180701846,558571752,592812347,595677735,587988153,385355343,392388836,391824416,333325381,165278322,178236649,142049649,224825759,395565494,376018482,326228779,338261892,161736546,163658310,155483434,168117012,305290441,302637479,402971053,312193288,152532611,152198801,153285201,153901991,310006458,311461144,351268404,329176018,153416044,160640807,153621954,155602421,161652045,159786505,164003061,182188348,356242915,356057415,320854720,335432576,161446968,161382381,156422629,159073410,294805059,278678677,239186074,234861913,
185,206036887,201305544,183127297,190527933,462867289,435806959,475149666,484836025,213190011,240580705,183410262,171452657,559375369,589436512,592511791,600648343,422992943,419116926,429114954,365659334,162735358,175723852,179665051,234028117,426634336,504854082,333383242,343646443,129206362,164049573,154011935,165891596,323426962,261110347,402723153,330703666,152144791,151594060,152134944,152440332,318702814,319790009,356355550,338926629,155027425,160020846,153264725,154534635,160323427,159738235,163628528,454343624,365483065,358072861,292563487,344673269,93215938,142704654,157966471,159850665,292455012,267184722,241594927,238076591,
186,220930151,201369682,179302053,181653712,489142011,462573110,460942286,470054418,222998607,221089032,201231335,159380293,537314587,553974944,563167501,584671243,452394225,440737066,457337097,402461020,158005235,170235478,170687524,224772141,454585796,389753532,344738565,350732938,156720082,159592520,152505016,299113445,315919238,242756984,406593032,332132594,150622677,149943239,150294557,150783283,310318102,323257606,367085613,351035121,154021439,157881779,151908655,152833977,158214722,158272048,161872373,184209060,388735600,363403475,341734197,362402969,157493712,159349056,155974346,156835262,291708187,272150698,239478937,236848715,
187,198103775,197879994,174571294,162205870,438054565,395271004,382706660,388229272,217932743,242457943,180125896,172053454,435299680,437111963,448119674,473950344,467726042,451686417,475044465,430003462,131342274,137915693,137459042,175350341,426994832,441066166,360852461,365475705,133494596,132657276,128542273,137877039,451925160,402910628,391825978,333206456,126566124,125966948,126333392,125871698,319051361,324729365,366752858,352644478,130176480,132807024,128016207,128157396,156535304,156817802,143460023,183197122,343408661,322248859,322997793,321377647,152185200,156108185,155577332,155024820,246467399,224283878,195337125,196712736,
188,199587169,195463674,174913497,172339362,169583793,166272014,159287755,160538851,247063893,192671566,174266799,169677757,174490397,176373326,180194286,190658056,474659329,458823423,481963417,445363187,55320331,57198589,57556376,68817187,475389819,463842864,383466761,393014303,56358844,56023033,54792969,58797183,310941795,267216559,382142003,417315439,53887749,53662393,53551688,53458161,319901989,326205894,353890721,364611565,55686767,57206858,54627097,54862254,155145468,156256495,159190837,182374455,145729015,137432348,142749663,142271635,152921036,153680050,154572284,150112035,100971154,91368787,77917639,77578750,
189,195687878,194625039,172284898,173617006,16833307,20813581,20199794,16344250,194839489,162318321,157964318,163001825,17576010,17471249,17298637,18425266,469416367,454603324,472081710,449429170,7782928,8222968,8071566,8451730,470328322,456498366,397728560,394769578,8100231,7720015,7874742,7781340,293389698,185114763,466337491,315427260,7963644,7743430,7537449,7847771,318453342,325063393,362292441,395777252,7965963,8022632,7889055,7780776,151651268,152264214,155658428,181532405,15479399,14949512,14517072,14553291,151156941,151467656,150577359,147358091,11836608,10806028,9376979,9171552,
190,150282266,152101763,133770572,127010347,3944191,8099524,7622400,3746713,174761762,140676678,128347550,133426232,4213011,3936441,3511385,3853892,374084519,359885675,362316690,345529262,3649268,4016910,3822525,3475884,364582266,355639662,325348630,322681605,3862459,3544170,3780046,3383199,222543105,136050014,301881273,233652734,3952196,3729460,3505247,3219180,256765191,261233327,284858064,305645150,3788862,3651426,3808010,3686977,118135426,118321029,120949129,159208011,3931868,3839552,4313051,3625057,117195411,117148874,119822791,119833649,3831927,3912793,3740486,3483093,
191,94297204,87757463,77041137,74739984,3637498,7438376,6447896,3480926,87751813,80081007,71412280,83219711,3934647,3651664,3226146,3555248,219032157,207654803,204360878,200079463,3548709,3928883,3731613,3373336,207162127,192970500,193189168,189951353,3767307,3452152,3691245,3292523,128451911,116818612,170740569,145791566,3860986,3638690,3415133,3129517,153146840,154070376,167131703,190043279,3698917,3546158,3719936,3597692,69192627,68972260,70130409,124180558,3687679,3586663,4073482,3376226,68620268,67591074,68374620,66811104,3653737,3762615,3620412,3362996,
192,13599736,14064161,12535859,12376749,3605863,4448279,2245806,3456631,13764502,12775235,12214831,27667132,3897470,3615597,3197959,3520374,30781308,28427243,27768260,27712430,3532211,3904168,3717628,3359814,28266117,27980100,27475197,26978658,3747511,3429242,3672261,3271282,18758743,16681996,19952094,20828324,3845340,3616208,3397736,3118006,23397917,23199967,24860043,26540186,3682897,3527964,3704930,3585661,12000805,11407196,11946113,83785987,3657395,3559374,4045429,3358824,11625326,11468477,11825586,11579867,3631190,3739246,3598380,3347149,
193,4647238,4769523,4511830,4640676,3596146,2290137,883015,3457508,4739977,4312415,4625294,20712052,3886976,3607507,3191181,3512700,6278395,5759263,5572987,5907494,3530781,3901846,3709971,3355078,5933231,6052078,5916724,5893447,3738739,3427891,3667303,3264136,5175830,4839649,5680652,5191057,3826667,3604437,3389440,3118379,5644845,5553782,5862487,6015928,3671200,3517561,3693705,3580679,4827917,4168554,4571020,78157672,3651953,3559414,4044948,3359128,4226252,4261903,4573546,4347510,3623940,3740009,3590501,3349285,
194,3714212,3749751,3634537,3791202,3587006,871811,402015,3451703,3843044,3432650,3799937,19945487,3872896,3599067,3180605,3499100,3736172,3414476,3263229,3635573,3524199,3894870,3697030,3341502,3580837,3761657,3645150,3652369,3724526,3415336,3649525,3254352,3753039,3518826,3786596,3459860,3818267,3595573,3366159,3111500,3620558,3576766,3739982,3747655,3660853,3501785,3685021,3579953,4069649,3397419,3784297,76275629,3648230,3551005,4043630,3353791,3451488,3505110,3799040,3586842,3616737,3735592,3580373,3347713,
195,3704508,3736661,3625582,3786982,3575626,421352,306623,3441426,3835916,3421175,3786844,19911074,3861584,3586675,3169326,3491622,3717822,3394995,3243921,3617289,3512025,3884800,3685673,3330749,3562824,3741625,3630000,3636375,3707728,3402057,3633324,3242476,3743585,3509186,3770340,3454438,3799516,3580416,3362137,3098904,3609286,3559189,3720638,3730078,3650682,3491305,3668083,3564822,4063174,3388015,3772739,74778426,3627121,3533215,4029241,3342919,3440247,3498248,3781127,3576906,3603315,3722399,3569979,3343672,
196,3703640,3729642,3621183,3776426,3566377,313900,280333,3434148,3830550,3417861,3784062,19877650,3849167,3577290,3163112,3475867,3710253,3387992,3239238,3614881,3498587,3864716,3670527,3321951,3560412,3735800,3626644,3627179,3697274,3389032,3623744,3229768,3737853,3501557,3769740,3443235,3785008,3573126,3353570,3095450,3610016,3556134,3719108,3726180,3638390,3477687,3658261,3553912,4046317,3377705,3767685,72820655,3622926,3525266,4012453,3339281,3439570,3485386,3781923,3569083,3590351,3704981,3554672,3334266,
197,3696661,3725481,3609034,3765665,3553443,280861,262754,3425443,3821555,3417407,3777535,19789605,3834040,3568122,3156569,3468467,3701992,3385457,3230645,3607034,3482789,3848911,3654338,3302712,3551803,3727360,3617401,3617540,3673866,3376508,3606093,3216285,3728496,3498524,3763139,3444666,3772850,3557615,3339319,3089190,3596515,3545562,3711212,3723066,3619094,3460283,3642795,3548931,4029114,3369882,3759225,70764167,3611973,3509651,3997085,3325950,3428965,3478165,3774132,3560746,3577957,3690441,3538267,3326923,
198,3691379,3712418,3602985,3749107,3534774,262910,246523,3415758,3813980,3408710,3770238,19634542,3817376,3551857,3140675,3453410,3691565,3372678,3222275,3598868,3467041,3828703,3639916,3288568,3539482,3716618,3610351,3606508,3659455,3355023,3585795,3201458,3720165,3484238,3757089,3434236,3752765,3545536,3325608,3079597,3581247,3536224,3703852,3710199,3601172,3439785,3627814,3543511,4009876,3361556,3745873,67983277,3592389,3495871,3973600,3314285,3415640,3461882,3757146,3548001,3560401,3678958,3525350,3318430,
199,3683740,3698382,3591387,3734224,3514197,247741,230236,3411525,3801588,3399125,3759770,19417923,3790201,3531564,3123022,3435013,3675827,3362579,3211914,3588584,3454616,3806289,3615362,3273173,3530318,3703103,3600768,3598155,3633360,3335849,3561060,3169043,3713705,3471976,3743388,3425207,3725550,3519887,3303364,3074215,3573251,3522392,3692361,3697977,3584299,3398318,3608488,3530639,3996892,3346666,3731082,65447705,3577182,3477387,3957816,3307080,3401361,3451976,3748037,3533385,3543011,3661296,3502216,3307544,
200,3673158,3688403,3580411,3715325,3473620,228878,209965,3400287,3782736,3385593,3745612,19176979,3735289,3502554,3079205,3402292,3670497,3354308,3203229,3579411,3512119,3780763,3585413,3240412,3515925,3695283,3589151,3580163,3571385,3298613,3506842,3085716,3699040,3462913,3732133,3416471,3686095,3459628,3247810,3067132,3557704,3509108,3684285,3684519,3559069,3273687,3589647,3518284,3974701,3332681,3715956,62669213,3555653,3457800,3933785,3295875,3386532,3441064,3733455,3518693,3515379,3641624,3478170,3298655,
201,3658958,3675594,3563623,3699344,3352708,209019,187498,3384695,3773158,3373133,3726826,18903524,3575878,3429448,2980088,3325857,3652991,3341760,3193657,3567441,3480293,3738427,3508800,3150017,3501751,3681309,3579737,3569316,3373331,3165036,3322571,2830403,3679725,3447545,3713616,3407247,3604897,3297883,3113388,3054690,3547323,3498571,3672926,3676182,3473070,2919136,3550767,3503309,3963545,3323816,3704712,59782645,3510004,3413224,3890591,3276094,3375369,3426128,3722707,3510748,3451352,3603495,3411731,3288836,
202,3639716,3651773,3543884,3674681,2945430,185191,158436,3360826,3751649,3358699,3707692,18523782,3046398,3167290,2639031,3078206,3630224,3330134,3175080,3549667,3382604,3561911,3224854,2838272,3481918,3664492,3562590,3550882,2774318,2733112,2762865,2180987,3661004,3430019,3700445,3385676,3331709,2754535,2708066,3045292,3528107,3477690,3652203,3657988,3179958,2095554,3433200,3486480,3920480,3303568,3688778,56199932,3366438,3238929,3766959,3227135,3364556,3395111,3704357,3495106,3220840,3491085,3172868,3270583,
203,3622555,3631322,3520267,3647329,2134304,157223,122606,3298786,3733596,3339887,3689023,18144592,2072200,2529940,1926215,2448467,3595957,3313023,3151904,3533894,3088677,3098364,2570239,2185382,3462863,3644436,3549075,3530659,1814331,1929987,1839902,1303451,3643959,3410672,3683134,3373070,2691035,1958474,1939199,3011124,3506849,3461126,3634008,3640617,2512168,1126535,3095290,3443399,3850974,3281009,3670246,53033826,2952169,2764553,3392691,3061863,3344225,3347709,3689306,3475961,2636206,3160653,2600996,3244910,
204,3604479,3583638,3487043,3558352,1195739,124805,83490,3121954,3705953,3314200,3663837,17512652,1057899,1596942,1071097,1519646,3506646,3283966,3104754,3511891,2479315,2280470,1656494,1328963,3418079,3621638,3524700,3500438,912108,1057382,940452,603310,3607659,3366684,3662722,3350928,1716175,1028960,1061975,2914631,3474945,3422095,3613961,3613649,1582192,471595,2415134,3333789,3686104,3220311,3632427,48967824,2190326,1956951,2642966,2653106,3300096,3226850,3653783,3433507,1759432,2483204,1743717,3164793,
205,3585815,3490842,3401550,3349209,465852,80868,42149,2607993,3674698,3277754,3631934,16737410,379094,671896,395539,617088,3293487,3256444,2988417,3478193,1495718,1211233,741345,552465,3313257,3575175,3502153,3420012,335017,404456,346359,216977,3544984,3260676,3633489,3322939,739285,372674,391575,2586728,3417460,3333576,3574026,3577666,680708,179107,1370994,2963682,3366366,3103042,3579079,45246795,1163886,968268,1515933,1826175,3228103,3005809,3616184,3364342,821967,1455902,825566,2894234,
206,3532927,3174361,3139232,2739286,172622,40794,18357,1606788,3570168,3147619,3539274,15077950,156674,218399,136721,194029,2630008,3151357,2574640,3383870,598669,438336,251001,186944,2912088,3392652,3435238,3103813,146792,153100,144925,107729,3308823,2882310,3556478,3225936,247313,146465,143609,1782192,3178142,2965495,3430081,3436676,228545,113489,502433,2091523,2609000,2776435,3415246,40468521,416656,331477,571984,856570,3023374,2452460,3484993,3171184,282653,565581,287081,2181113,
207,3417560,2565521,2602131,1875609,118998,19384,11008,729534,3319266,2831049,3316814,12581207,123811,124852,95696,111530,1692286,2891229,1864361,3131088,227110,186762,131958,110329,2170883,2945093,3243236,2448875,117951,109233,113370,93522,2816548,2196991,3339489,2955197,143751,112852,104670,893093,2642870,2265233,3049917,3060288,129696,106020,192966,1107915,1684511,2213479,3077767,36383322,175100,147129,221537,331539,2637636,1696966,3249864,2809722,140897,215032,144905,1257577,
208,3021399,1457680,1548224,827724,111031,10971,9166,245856,2594106,2037662,2655867,8139192,118309,109528,89713,99643,657794,2098042,858028,2362095,122124,131201,110088,97367,1025336,1885910,2612506,1289012,111847,101573,107533,89928,1781624,1126272,2651031,2165632,127008,106854,98756,297033,1568259,1148874,2069436,2082722,112757,102445,119644,396772,700560,1239928,2234799,31547640,122918,110868,137343,138573,1771739,763376,2599658,1963705,114116,121485,115945,477912,
209,2294022,651887,720528,332759,108118,9096,8303,130916,1626964,1145758,1742860,4536917,115726,106760,88060,96990,246440,1159026,330210,1378866,106833,123011,104994,94362,390745,915032,1676441,534383,109357,98139,104373,86930,876016,467406,1680624,1229584,122623,104565,95974,133628,724047,467410,1069333,1083452,109656,99564,109009,175252,293599,555731,1284171,28371577,115229,106211,126333,101767,923385,309420,1696851,1078817,109565,109277,111227,190317,
210,1159839,224646,239445,152219,105752,8239,7526,104774,637251,401055,727272,2238504,112436,104739,84799,94662,125401,379518,127384,479716,102169,119095,102908,91854,144099,289978,645637,180334,107123,96995,101621,85118,290412,166260,658692,426405,119804,101444,94029,95664,236431,161606,344430,352437,107167,96679,105886,117259,158648,197398,476698,26249393,112494,103213,122046,93250,318302,138428,703970,390904,106842,104835,108593,109279,
211,485258,134948,132827,123851,103173,7503,6831,99134,258953,168877,293258,1637379,111085,101635,83609,92278,110742,157773,98558,189647,99551,116239,100267,90254,109954,144641,242008,119367,103999,93114,99290,83193,148180,113160,256634,173226,117329,99409,92069,87787,132831,111266,157898,159055,104446,95249,103036,104748,136733,118950,207682,25218730,109404,100266,119319,90638,150858,110060,288737,179279,104054,103039,106008,93749,
212,186438,117214,108112,117358,100943,6775,6128,96838,141007,109409,144489,1474441,108171,100078,81922,90430,106566,107175,93599,119306,95613,114244,98707,88608,103918,115923,127095,108032,102318,92339,96633,80964,117318,102667,135042,112285,113864,97245,90081,85499,111475,101157,119615,116929,102627,92720,101103,101890,130020,100839,129070,24301059,107779,98887,117072,88581,109075,103017,147305,120700,102347,100433,103319,90609,
213,125052,112443,104490,114535,98526,6073,5354,94255,120610,99886,117457,1421139,105699,97650,79862,88306,104681,100256,91082,109985,92926,111396,96279,86202,102062,111514,112559,105280,99517,90180,94574,79637,112383,100283,117044,104148,111891,94904,87239,83663,107315,98298,114290,110740,99538,91084,98780,99366,127304,97482,116765,23455747,105451,96512,115014,87045,102214,100165,122042,110254,100144,98403,100948,87413,
214,111686,109943,101707,111963,95894,5373,4664,92921,114474,97020,111188,1374635,102592,95199,77859,86643,101714,97494,89039,107057,90317,108290,93564,83236,99359,107832,108304,102485,96658,87481,92019,77194,108847,97572,112904,100488,108873,92535,85472,82188,105127,96512,111343,107991,97083,88091,96415,97208,123854,94290,112058,22472709,103291,94000,111464,84616,99132,97933,115754,106271,97500,95565,99450,85409,
215,108388,106984,98653,109482,93528,4740,3915,90501,111383,94202,108817,1331971,99684,92170,75595,83422,98825,95414,86831,104381,89565,105700,90968,81495,96774,105700,106637,99765,94119,85197,89275,74791,106161,95609,109839,98486,105958,89970,83444,80843,102704,93915,108758,106029,94592,86062,94466,95201,120912,92535,109130,21580976,100253,91707,108744,83537,97244,95746,111854,103516,94827,93685,96469,83814,
216,105899,104740,96966,107063,91200,3641,2902,89230,109338,92889,106449,1292057,96362,90134,74053,81399,96635,93470,84756,102076,88088,102781,88057,79920,95009,103029,104134,97695,91566,82574,86789,72670,104365,93461,107414,96661,102578,87212,80400,78432,100133,91958,105906,102849,92098,82352,91498,93220,118239,89811,106664,20678902,98221,89512,105977,81799,94987,92720,109508,101616,92750,91177,94157,82124,
217,103793,102506,94937,104840,88486,2886,2084,86647,106732,91123,104210,1250228,94147,87328,71047,78836,94916,91601,83040,99936,85574,99888,85805,77306,92604,100828,101227,95205,88265,80260,84018,70332,102320,91281,105393,94175,100027,84419,77884,77015,98059,90003,103961,101203,89721,79718,88865,91193,115544,88185,103863,19769133,95583,86977,102382,80036,92567,90561,107850,99761,90185,88395,92157,79894,
218,100831,99348,91876,100854,85043,1981,1389,84647,103798,88144,100976,1201058,90113,84317,68407,76018,90947,88953,80463,97750,83148,96779,83259,74609,89588,98758,99943,92522,84697,77557,80683,67131,99820,88942,102415,91833,95750,81472,75155,75557,95074,87719,101188,97533,86575,76977,86189,89065,111685,85577,101396,18655921,92641,84886,98850,77182,89841,88213,104372,97483,86966,85206,89209,78768,
219,99045,97517,89187,99482,82613,1409,1013,82964,101843,86377,98807,1164467,87128,82058,65974,73256,89187,86386,78455,95026,80380,93382,80506,71989,87467,96444,97130,90352,81853,74375,77882,64777,96941,86072,100282,89513,92753,77852,72276,73870,93299,85407,98418,95131,83401,74038,83358,87709,109118,82996,99735,17738958,89829,81739,96686,76150,88264,85215,102580,94798,84491,82792,86655,76945,
220,96385,94347,86765,95963,79680,965,812,81230,99259,83763,95611,1115706,83999,79067,63350,70760,85760,84718,76066,91806,78299,89776,77671,69334,85149,92776,93898,87012,78410,71656,74266,62032,93698,83129,97817,87702,89659,74334,69690,71583,90411,82729,95765,92354,80658,70264,81309,85709,105155,80942,96362,16642706,87420,79503,92866,74330,85372,83193,99428,91886,82276,80077,83474,74608,
221,94372,91867,84213,92867,76078,851,780,79363,96954,81417,94722,1072986,80475,75816,61275,68024,83041,82445,74271,90194,75146,86784,74098,66050,82324,90762,92467,85226,75255,68681,71610,58841,90814,81400,94947,85211,86036,70845,66740,70960,87678,81122,93496,89873,76921,66900,77932,83129,102517,78077,93825,15690952,84702,76185,90078,72613,83294,80340,96470,90127,77966,77639,80465,73303,
222,91188,88637,81257,89559,72381,794,757,77147,93702,78969,90457,1021849,76297,72393,57367,64830,79496,79583,71222,87573,71913,83412,70701,62977,79431,88938,89672,82190,71283,64297,66803,55422,88564,78608,92000,82613,81681,66867,62894,68847,85448,77665,90827,86188,73323,62645,74615,81163,97671,75805,91341,14541368,81371,73350,85551,69744,80934,77456,94033,86803,74535,73900,76181,70702,
223,88958,85944,79257,86262,68783,732,713,74477,91277,76282,88438,973955,71552,69097,53534,61464,76081,77024,68616,84519,69061,79343,66967,59690,76266,85625,87246,79261,66708,60838,62609,51417,85092,76340,90100,80091,77273,62746,58630,66616,82682,75255,88472,84031,69171,58357,71014,78392,94073,73039,87710,13564143,78429,69656,81358,67424,77390,73987,90881,84254,70830,70994,73392,68737,
224,85014,81438,74480,81435,61848,722,674,70374,87732,72735,83910,899833,62719,63133,46503,54914,71559,73764,64840,80591,61664,72620,59899,53730,72173,81539,82988,75326,58190,53646,54671,42827,81011,72183,85671,76032,69281,54672,51222,62840,78123,71117,83640,79841,62389,47863,65169,73926,87695,68784,83945,12207369,71649,63225,74402,63169,74514,69670,86967,80239,64556,64191,66733,65089,
225,82191,77761,71420,78176,55441,673,633,67971,83937,69989,80990,847256,56043,57658,40266,49589,67738,70915,61790,77510,57855,67611,55343,48434,68629,78313,80460,72363,50700,46858,46334,35040,77262,69188,82547,73946,63232,46376,44267,60225,75076,68869,80636,76718,56951,37940,60798,71550,83519,65946,81305,11287993,67748,58802,69187,60885,71254,66516,83312,77664,59780,60627,62769,62366,
226,79039,73182,67324,72926,46572,624,599,65073,80650,66879,77337,773628,44112,50820,30045,41958,62334,67613,57939,73926,53181,60724,47685,40593,64595,74842,76308,68208,37983,36700,33727,23014,73213,64854,79006,69657,55024,34609,33437,57409,70780,64270,76543,72963,48420,23780,55434,68495,77395,62113,77054,10204306,61655,52759,61736,57050,66961,61670,78997,73651,52969,55012,55628,59669,
227,75408,69279,63428,68501,33983,553,523,61755,77673,62651,74164,713463,29305,41165,17981,30671,57669,64051,54426,70061,47555,51654,36628,29520,61057,71242,73750,64962,23950,23919,19883,12671,68982,60977,75753,66337,42811,20371,20445,54845,66894,61274,72759,68807,36853,12096,48716,64594,71765,57714,73908,9327119,54309,43954,52395,53817,63828,57176,75235,70097,43119,47847,46379,56299,
228,71133,64018,58528,62188,21201,573,535,58486,72744,58842,70352,639764,16145,29266,9359,19097,49652,60694,49019,65691,39295,40376,24619,18532,55436,66453,69684,60306,12673,13396,10518,6278,64338,56300,70843,62351,28755,10413,10980,52111,62167,56442,67786,64787,24016,6253,39564,61684,62214,53293,68941,8342638,43051,33056,39873,49837,59057,51008,70769,65622,31224,37805,35042,53577,
229,67696,58436,54165,55705,10656,538,510,54305,69510,55044,66250,570407,7742,16167,4521,9187,39925,56438,43266,61812,27587,25817,13278,9196,49728,62240,65885,55895,6346,6573,5294,3633,58779,51558,67508,58637,15258,5130,5321,48912,57296,51765,63453,60377,12457,3809,27341,57566,50911,47474,65192,7643054,28792,19849,24932,44456,54173,42920,66572,61305,18352,25647,21557,49556,
230,63244,49953,46567,43618,5345,515,491,48779,64785,49257,61483,475468,4536,7288,2923,4250,24756,51107,32814,56187,14840,13306,6205,4397,39224,56890,61170,48380,3850,3770,3642,2839,50218,42677,62338,52856,7203,3362,3405,44005,49775,43930,56864,54603,5832,3149,14576,52562,33126,38257,58870,6819735,15084,9679,12351,35954,46245,29176,60520,55413,8823,13221,10485,44909,
231,58532,38788,36978,29849,3825,484,468,41481,59850,41788,56131,376231,3746,4399,2741,3109,12966,45413,22025,49842,7454,6657,3946,3181,26941,50126,56527,39537,3404,3128,3232,2642,40345,32011,57291,46965,4473,3159,2984,37586,40091,34362,49145,47469,3934,3047,7072,45638,18545,27143,53033,6189761,7659,5002,6188,25422,35517,17128,53403,48539,4759,6599,5414,38172,
232,51900,24582,24064,17137,3402,446,437,30957,53900,30618,48311,264788,3590,3446,2538,2798,6030,36342,12040,39397,4122,4367,3273,2807,14484,40219,48975,27600,3276,2975,3151,2532,26984,19669,48961,36728,3967,3024,2814,27817,27279,22369,37257,36783,3387,2862,4170,35858,9113,15080,44314,5628345,4927,3654,4358,14443,21707,8524,42301,37462,3552,3781,3935,28552,
233,43405,12972,13267,8729,3215,458,450,19373,45177,18531,39072,169574,3323,3234,2552,2780,3781,24159,6058,26509,3271,3717,3050,2716,7046,27766,39329,16200,3247,2907,2921,2468,15153,10007,38563,24656,3655,2907,2673,17018,15897,11964,23609,24338,3242,2817,3384,24086,5500,7567,32519,5181032,4156,3249,3868,7454,11523,4540,28736,24536,3497,3190,3498,18032,
234,29158,5943,5765,4779,3093,492,481,9713,30920,8452,24950,102030,3315,3048,2253,2609,3069,11811,3363,12938,3043,3645,2927,2621,3804,13852,23701,7230,2995,2822,2821,2286,6540,4655,23028,11906,3611,2746,2649,8171,7213,5269,10717,11550,3205,2763,3156,12980,4449,3805,17829,4790758,3864,3080,3704,4070,5160,3269,14307,11874,3298,2964,3228,8786,
235,16917,4100,3782,3944,3119,440,428,5135,17925,4657,13767,80391,3092,3006,2274,2536,3133,5578,2883,6353,2838,3511,2783,2516,3283,6829,12801,4272,2964,2708,2745,2234,4170,3376,12170,6088,3408,2694,2556,4456,4330,3366,5561,5905,3015,2572,2942,6757,4172,3070,8800,4509394,3795,3021,3609,2992,3715,3170,7127,6121,3081,2872,3203,4606,
236,7628,3506,3098,3605,2966,448,447,3496,8469,3153,6454,71475,3117,2913,2250,2391,2863,3499,2660,3843,2717,3328,2634,2381,3029,3988,5945,3315,2771,2532,2533,2083,3588,3036,5761,3540,3350,2605,2555,3136,3546,2977,3793,3807,2931,2541,2815,4299,4011,3036,4788,4228151,3682,2892,3526,2748,3348,2964,4266,3752,3057,2704,3048,3123,
237,4448,3279,2901,3498,2656,419,411,3063,4785,2961,4141,66869,2852,2892,2125,2399,2870,3112,2638,3296,2636,3080,2611,2256,2994,3463,3966,3067,2694,2489,2577,2028,3365,2916,3935,3152,3179,2500,2372,2692,3276,2786,3535,3169,2799,2406,2764,3184,3927,2802,3698,3996139,3593,2771,3254,2557,3267,2839,3699,3437,2939,2642,2938,2670,
238,3520,3228,2829,3347,2755,427,420,2800,3730,2733,3471,63586,2867,2718,2058,2236,2732,2980,2495,3076,2571,3059,2478,2214,2745,3211,3436,3001,2612,2305,2391,1992,3276,2830,3469,2976,3086,2318,2333,2497,3053,2670,3409,3152,2624,2191,2696,2961,3776,2621,3483,3736391,3422,2666,3178,2468,3246,2673,3441,3239,2760,2529,2925,2533,
239,3300,3094,2812,3262,2559,420,404,2782,3360,2810,3274,60418,2765,2596,1956,2108,2628,2784,2377,3083,2500,3068,2509,2125,2759,3234,3286,2849,2468,2323,2271,1952,3104,2675,3265,2948,2969,2260,2192,2398,2981,2621,3249,2914,2610,2162,2514,2782,3621,2505,3269,3525974,3451,2602,2999,2419,3003,2572,3293,3017,2703,2413,2774,2407,
240,3026,3039,2695,3089,2534,410,404,2699,3195,2625,3042,56726,2599,2455,1819,2073,2417,2766,2268,3007,2446,2828,2284,2082,2639,2960,3146,2754,2501,2130,2165,1786,3006,2543,3132,2778,2778,2133,2106,2402,2839,2517,3124,2777,2419,2174,2376,2831,3445,2519,3170,3270196,3214,2427,2824,2343,2877,2512,3080,2954,2532,2345,2642,2386,
241,2992,2845,2600,2997,2407,405,399,2611,3158,2552,2956,53394,2475,2354,1749,1947,2433,2646,2343,2899,2220,2674,2254,2035,2466,2882,3092,2595,2247,2009,2058,1739,2755,2554,2983,2760,2616,1996,1970,2282,2846,2469,3024,2715,2313,2029,2350,2655,3352,2327,3028,3052336,3199,2430,2782,2151,2780,2432,3060,2918,2501,2236,2590,2339,
242,2869,2879,2470,2884,2307,397,388,2450,2893,2451,2938,50199,2348,2266,1729,1821,2288,2523,2133,2673,2244,2545,2067,1949,2288,2669,3010,2446,2105,1967,1955,1646,2721,2380,2906,2532,2568,1846,1894,2138,2650,2318,2823,2530,2308,1882,2211,2606,3151,2284,2940,2811163,3027,2241,2570,2173,2668,2300,2917,2726,2431,2170,2415,2114,
243,2751,2688,2301,2747,2124,381,375,2436,2887,2368,2706,47032,2166,2090,1558,1754,2311,2431,2036,2628,2042,2424,2066,1751,2287,2528,2832,2380,1970,1936,1812,1502,2582,2299,2841,2535,2424,1817,1752,2199,2469,2260,2832,2469,2188,1722,2081,2467,2969,2257,2802,2606952,2842,2222,2530,2055,2638,2212,2733,2714,2193,2033,2329,2179,
244,2647,2486,2270,2671,2050,354,346,2353,2742,2138,2557,43459,2212,2131,1498,1549,2050,2283,2023,2545,1922,2390,1889,1686,2197,2554,2779,2303,1860,1712,1705,1447,2508,2153,2693,2393,2250,1747,1672,2079,2453,2131,2595,2336,1938,1663,2029,2379,2846,1973,2708,2390720,2782,2010,2379,2071,2558,2112,2667,2562,2048,1921,2206,2014,
245,2514,2488,2196,2589,1862,353,347,2211,2696,2123,2460,40701,1942,1892,1433,1617,1899,2214,1915,2524,1864,2260,1775,1671,2104,2526,2588,2233,1773,1643,1608,1361,2418,2043,2588,2240,2140,1492,1474,1976,2332,2023,2519,2281,1897,1481,1949,2253,2703,2021,2639,2145383,2693,1960,2305,1994,2339,1927,2655,2448,2010,1880,2040,1984,
246,2415,2326,1978,2303,1713,380,374,2201,2601,2077,2360,37559,1852,1853,1293,1419,1832,2073,1746,2349,1762,2044,1699,1604,1944,2359,2553,2174,1639,1449,1473,1186,2268,1968,2450,2155,2021,1385,1418,1931,2217,1918,2384,2188,1812,1265,1789,2256,2576,1911,2550,1994279,2534,1828,2059,1836,2230,1964,2498,2355,1881,1760,1934,1916,
247,2335,2122,1886,2272,1654,347,338,2055,2496,1980,2299,34564,1705,1748,1171,1438,1722,2000,1707,2242,1612,1932,1574,1476,1851,2270,2394,2047,1511,1413,1359,1095,2141,1785,2376,2097,1822,1321,1342,1845,2142,1833,2138,1978,1664,1223,1726,2162,2353,1780,2327,1830490,2396,1712,1953,1794,2046,1763,2388,2213,1673,1602,1824,1817,
248,2228,2178,1811,2176,1490,360,351,1947,2329,1896,2135,31264,1534,1490,1038,1217,1585,1887,1590,2100,1537,1815,1438,1293,1727,2230,2241,1911,1319,1205,1182,920,1973,1748,2226,2045,1655,1100,1147,1781,1953,1749,2245,1958,1458,1103,1559,1964,2180,1708,2274,1668358,2216,1624,1834,1698,2056,1677,2302,2188,1586,1478,1705,1728,
249,2108,1871,1734,2044,1402,350,341,1886,2210,1713,2068,28679,1390,1497,884,1130,1439,1882,1555,2015,1516,1676,1347,1158,1720,2049,2190,1800,1093,1128,938,818,1892,1678,2158,1884,1535,948,941,1698,1936,1707,2060,1803,1319,847,1505,2005,2098,1655,2213,1524985,2095,1442,1555,1669,1908,1511,2078,2048,1483,1417,1645,1613,
250,2083,1860,1596,1844,1169,354,346,1772,2140,1598,2005,25508,1151,1328,719,925,1394,1682,1383,1792,1325,1455,1082,975,1481,1892,2173,1694,943,831,818,595,1699,1578,2004,1780,1365,702,801,1637,1761,1586,1900,1621,1169,638,1275,1834,1860,1425,2046,1368924,1943,1344,1458,1574,1855,1383,2035,1896,1342,1275,1392,1664,
251,1944,1714,1454,1722,979,314,308,1632,1935,1481,1896,22702,894,1140,531,800,1189,1570,1298,1794,1221,1307,989,783,1388,1791,1954,1535,694,680,596,477,1619,1442,1873,1707,1092,506,587,1527,1644,1469,1778,1574,979,467,1173,1833,1706,1307,1942,1246081,1800,1197,1297,1484,1695,1247,1860,1733,1133,1179,1198,1503,
252,1822,1553,1331,1534,764,295,292,1599,1892,1340,1724,19629,662,973,427,632,1000,1496,1095,1610,1023,1117,779,617,1283,1710,1832,1436,549,545,482,432,1550,1358,1835,1529,827,390,480,1505,1436,1351,1649,1550,793,380,1032,1627,1395,1208,1765,1113185,1610,962,1085,1411,1468,1042,1720,1701,994,989,1067,1386,
253,1706,1358,1285,1340,615,333,328,1461,1752,1278,1558,17020,520,719,367,515,751,1374,934,1507,928,912,556,491,1150,1651,1657,1367,434,454,401,403,1399,1250,1654,1421,646,324,425,1447,1350,1270,1494,1360,590,386,893,1617,1113,1050,1691,1012839,1283,776,872,1247,1398,903,1567,1531,771,828,836,1314,
254,1534,1168,1046,1075,474,319,311,1438,1628,1139,1555,13466,498,582,330,422,554,1252,731,1309,664,614,483,380,924,1433,1617,1251,376,325,388,351,1136,1005,1443,1271,456,296,362,1315,1172,1118,1436,1169,453,321,672,1518,811,858,1571,907623,1044,617,620,1194,1153,674,1422,1362,598,613,635,1251,
255,1444,987,946,896,409,300,291,1335,1564,971,1465,10763,440,392,371,346,434,1129,628,1186,526,490,406,378,738,1292,1492,1023,427,349,408,362,974,834,1416,1170,349,283,384,1173,1033,907,1231,1130,405,323,499,1408,574,638,1372,826995,737,512,480,1048,880,513,1213,1246,489,428,509,1186,
256,1399,799,721,782,379,299,293,1069,1370,836,1302,8586,426,395,323,334,440,1047,469,1024,417,370,372,333,519,1117,1356,944,383,345,347,327,813,633,1313,998,364,306,342,1068,798,770,1105,961,376,351,421,1146,502,536,1216,770592,548,387,421,794,731,427,1095,1125,388,349,377,911,
257,1184,578,562,566,373,304,302,975,1288,620,1158,6099,468,389,342,337,323,796,377,856,407,342,393,339,474,1074,1212,689,366,363,324,340,605,551,1071,818,403,290,332,864,653,609,870,739,365,333,358,1024,468,475,1066,712186,461,414,421,676,487,363,840,912,364,351,325,836,
258,1017,456,447,453,363,264,263,854,1090,461,980,4259,425,354,342,393,366,627,342,601,362,390,366,359,405,816,925,494,354,328,335,355,501,465,852,583,334,278,384,636,494,435,602,510,317,340,347,848,410,380,821,648350,506,386,432,515,385,356,613,659,384,330,346,683,
259,766,415,427,447,343,302,300,601,930,388,779,3585,404,385,316,320,405,466,331,492,363,342,360,343,390,613,834,475,361,356,375,290,405,389,705,490,324,249,361,557,388,366,504,412,349,347,320,699,441,357,657,606075,459,393,400,464,400,317,472,527,354,316,312,552,
260,575,415,377,383,353,240,235,497,664,382,576,3210,435,395,291,333,372,377,346,400,356,333,329,314,370,491,568,434,351,362,345,343,391,357,489,390,338,271,335,464,410,371,396,341,349,298,335,498,378,343,495,557130,466,378,402,399,357,317,385,425,346,321,312,442,
261,470,380,369,424,327,269,268,414,517,370,432,2828,402,367,320,309,298,352,343,414,369,317,354,342,374,426,459,379,315,334,330,290,389,387,399,378,359,280,323,418,373,319,404,259,351,287,330,422,378,355,433,514713,461,354,386,367,366,351,346,399,340,311,333,427,
262,368,401,378,412,352,278,276,402,398,330,414,2713,370,340,314,322,315,350,346,344,343,345,334,330,352,381,415,418,322,338,347,290,370,360,366,385,325,262,336,368,389,362,362,307,342,296,333,397,382,366,394,471381,464,372,388,375,352,322,366,417,314,284,318,358,
263,365,372,334,418,357,272,265,344,331,347,344,2507,358,336,296,348,331,343,329,389,341,326,335,324,326,375,412,369,312,318,306,290,386,344,337,339,290,254,296,370,380,376,336,307,344,315,381,398,351,362,396,438268,443,399,401,354,329,343,339,391,350,267,298,378,
264,372,352,325,397,302,265,264,346,334,320,350,2305,383,330,306,353,310,360,325,374,347,319,314,314,320,361,389,348,323,365,318,297,390,345,364,334,312,239,292,386,346,321,356,249,325,297,315,366,386,327,396,404542,452,344,386,384,355,316,358,388,331,298,327,343,
265,354,364,360,385,298,264,261,352,360,321,340,2157,338,331,277,300,298,375,311,356,358,291,301,287,343,377,393,364,332,305,327,266,348,298,323,333,298,244,320,360,361,339,360,284,283,312,290,360,359,337,379,371772,433,356,367,370,330,277,366,334,328,299,289,335,
266,333,356,331,364,324,248,243,336,335,316,332,2034,370,329,239,294,339,346,333,349,302,306,315,313,354,358,360,376,306,294,296,290,378,345,326,312,308,217,298,357,370,298,373,256,323,258,319,330,313,319,383,336525,429,340,360,370,357,327,344,380,329,270,298,338,
267,370,339,325,354,275,238,236,339,328,339,316,1862,361,335,277,297,284,306,317,348,330,305,339,315,336,387,365,384,305,307,299,265,375,337,363,304,257,227,281,349,313,321,301,264,289,284,313,309,329,339,394,308313,399,325,336,357,318,272,319,341,338,294,300,342,
268,370,326,339,373,291,236,235,322,309,308,300,1719,354,264,269,312,282,330,295,308,311,304,312,286,305,342,370,358,283,266,319,264,353,287,308,308,284,211,290,337,349,342,317,254,279,311,312,330,318,339,401,280106,381,339,339,367,298,317,345,304,306,273,261,349,
269,330,319,327,355,321,277,269,339,305,319,362,1628,318,313,276,280,271,288,327,331,323,314,304,286,323,339,396,336,302,271,289,277,372,280,307,307,261,212,270,312,315,320,357,259,277,258,258,313,316,318,341,255853,406,320,316,334,309,285,306,333,271,270,308,370,
270,334,329,315,359,295,224,220,338,341,312,312,1504,321,270,227,298,296,306,308,300,331,298,293,266,296,356,379,325,254,280,304,281,308,304,331,335,240,228,296,359,325,288,315,264,274,268,303,345,319,306,338,228471,353,323,332,350,321,286,281,318,296,240,264,353,
271,346,318,300,355,267,249,240,305,290,301,315,1316,312,297,256,234,290,272,314,293,301,265,296,274,293,316,375,346,286,283,278,250,289,278,353,307,229,186,249,334,335,301,328,219,288,244,295,307,310,285,370,208657,361,321,349,342,301,285,292,319,287,261,277,358,
272,334,328,292,299,246,267,262,309,288,278,298,1269,305,288,238,273,277,306,258,310,286,307,302,252,306,305,338,305,238,275,273,257,294,307,296,291,243,205,246,307,323,300,300,254,287,255,274,316,305,256,337,185765,337,315,341,327,277,267,301,340,283,224,247,292,
273,296,313,309,333,238,212,210,322,304,292,327,1014,274,278,236,256,242,303,296,304,259,275,279,248,288,353,331,350,241,246,259,275,303,267,274,281,233,199,242,325,280,270,310,205,234,225,260,279,289,299,316,169006,378,295,301,321,318,267,300,288,278,219,280,288,
274,295,293,282,342,244,223,221,302,288,287,270,985,272,242,230,250,241,283,258,286,263,268,273,269,269,301,321,312,254,241,231,231,314,281,307,279,238,202,225,312,288,297,300,249,267,207,271,298,257,279,325,149612,330,263,302,309,262,228,288,265,273,219,258,313,
275,291,284,260,308,257,235,233,325,289,284,316,826,270,257,191,239,289,333,244,260,250,246,233,230,315,313,341,341,208,266,233,243,283,266,289,274,246,183,228,284,285,269,284,234,251,220,234,280,279,285,344,137439,321,308,282,293,267,246,259,304,261,215,247,324,
276,290,288,233,290,233,211,209,275,279,238,307,782,262,274,217,221,258,267,238,289,252,247,265,250,283,292,356,316,225,234,265,226,292,257,273,266,206,180,262,329,269,291,309,212,244,220,270,279,237,260,307,122089,312,299,321,303,292,238,252,263,243,205,208,314,
277,272,264,288,282,238,214,211,295,259,284,334,708,292,270,221,246,266,285,226,276,260,248,242,246,296,321,309,305,249,251,238,210,262,237,283,271,199,179,243,303,249,261,293,192,232,205,239,273,244,266,321,110777,316,267,278,277,233,198,285,264,238,196,209,364,
278,311,302,286,283,229,198,194,287,264,257,285,562,298,233,209,239,217,250,249,274,272,197,238,270,219,283,354,305,238,233,234,249,248,252,271,244,206,182,243,319,282,254,253,204,243,233,199,256,210,265,299,100017,283,269,259,279,240,246,254,262,241,207,212,307,
279,280,298,246,278,241,213,213,263,268,241,291,542,250,223,207,215,250,284,221,278,260,210,238,212,251,298,317,311,233,238,219,205,257,212,277,261,202,163,237,279,277,237,278,192,228,216,237,257,232,239,282,91162,303,247,278,282,235,211,245,283,254,188,211,267,
280,271,276,265,287,253,233,227,280,261,191,261,453,265,255,226,218,229,237,234,278,224,207,234,213,266,270,301,308,240,210,236,236,260,250,284,244,223,170,247,285,256,245,262,196,238,226,223,280,239,254,303,83454,267,261,243,304,216,216,265,253,248,199,202,270,
281,269,259,228,268,222,207,204,249,255,207,258,422,249,224,209,221,237,266,210,248,279,222,227,223,227,277,294,269,239,227,249,239,257,228,238,242,193,158,229,277,265,244,277,191,196,196,250,212,209,243,282,76831,275,263,270,245,205,214,238,259,221,202,203,257,
282,275,227,228,300,214,190,186,249,233,259,257,397,276,205,224,228,216,219,250,247,241,226,241,221,228,299,299,258,219,213,237,215,235,210,255,231,194,166,219,275,227,242,262,198,263,203,231,270,213,215,273,69117,277,258,259,242,226,241,233,238,228,194,192,306,
283,280,213,233,251,223,212,211,273,213,199,255,329,241,251,190,226,218,248,217,268,206,205,229,210,228,242,287,217,245,244,228,220,266,234,225,226,213,169,232,264,235,259,206,187,228,211,232,252,216,263,274,64031,259,231,241,243,217,204,210,243,239,205,199,261,
284,252,234,251,270,222,179,176,227,227,226,218,358,265,217,200,210,221,219,228,246,243,222,259,205,225,250,247,264,240,226,197,195,233,205,260,202,185,149,242,226,252,238,219,183,231,222,182,243,236,238,239,58206,266,213,251,256,222,189,238,217,233,168,179,235,
285,256,244,228,289,214,200,198,253,196,209,236,336,240,198,170,208,243,212,207,211,242,207,225,214,236,248,258,276,246,221,211,212,244,207,213,226,178,173,245,269,248,225,241,206,183,212,223,237,244,253,227,53757,261,260,278,266,199,198,198,246,226,210,218,241,
286,222,256,219,241,229,199,200,240,199,218,233,314,239,228,196,192,237,236,225,247,207,211,200,217,241,262,280,219,242,215,253,199,226,213,254,227,200,159,241,264,226,223,227,178,244,207,215,236,244,234,277,48060,300,232,233,246,222,206,195,224,246,206,191,240,
287,260,236,247,275,230,192,190,237,212,235,210,319,269,210,184,233,234,223,258,239,215,193,227,237,229,262,280,249,190,208,246,182,240,236,227,213,200,147,237,250,236,212,239,181,194,193,218,228,223,239,268,44215,298,214,251,252,196,198,225,212,203,180,236,246,
288,240,219,246,278,224,186,184,203,186,242,212,307,241,227,185,196,215,244,211,193,247,201,231,205,227,245,257,270,200,221,235,209,215,212,212,213,205,172,211,244,229,237,236,169,186,219,214,235,206,212,235,39273,243,230,281,230,196,220,227,225,227,204,181,216,
289,217,238,276,269,210,172,172,269,214,210,225,282,242,220,159,202,183,217,209,253,215,193,231,216,234,244,262,258,188,191,192,194,230,222,241,208,192,159,215,241,219,255,254,172,212,200,203,228,186,210,247,35538,220,222,246,242,178,182,217,205,194,195,181,261,
290,267,274,244,269,224,176,175,253,176,200,197,272,226,211,188,220,191,222,200,247,225,178,220,195,217,260,261,237,185,204,210,223,259,204,206,208,192,162,192,208,208,200,226,155,210,185,216,215,199,219,260,31535,252,229,235,247,196,202,217,233,218,191,196,252,
291,232,199,227,265,227,161,159,229,189,196,199,284,237,177,195,196,202,185,196,216,217,176,229,212,234,257,247,257,212,205,203,208,232,234,184,210,177,154,213,256,233,205,228,166,203,177,196,200,199,232,242,28724,256,278,224,214,204,191,207,206,223,179,189,246,
292,226,259,256,259,185,171,168,213,206,202,215,276,216,214,165,219,213,211,199,226,203,190,213,206,255,251,232,240,204,199,205,209,213,204,209,211,191,151,225,229,217,202,209,160,197,157,213,208,172,218,267,25395,247,221,236,241,210,192,199,225,210,180,169,241,
293,221,222,236,229,191,165,163,240,211,195,212,228,216,212,183,193,202,217,217,228,194,173,189,200,237,242,247,253,186,211,183,207,209,218,224,207,175,157,210,245,228,237,219,158,191,162,214,205,199,199,250,23357,229,225,220,244,195,185,199,226,196,169,197,238,
294,221,203,196,233,176,171,166,196,189,218,214,235,234,195,180,179,194,204,198,204,205,191,225,193,236,254,259,225,188,198,217,203,202,219,196,211,179,160,188,231,223,211,212,161,189,170,178,197,172,202,221,20917,235,206,216,221,185,185,214,190,238,154,168,212,
295,238,207,232,276,199,138,137,207,225,194,192,240,185,195,169,209,197,204,216,197,232,186,186,180,201,231,249,210,192,191,188,175,221,193,202,215,182,154,190,214,194,207,221,150,209,203,193,211,233,207,243,18703,260,213,227,223,203,195,171,217,189,192,158,235,
296,235,195,230,243,194,187,185,215,192,203,203,258,215,191,158,201,188,210,197,220,222,202,195,210,197,256,262,223,194,191,206,186,214,211,196,200,169,151,205,219,209,205,225,157,196,186,185,220,195,230,215,17124,202,205,237,238,190,169,198,216,192,178,177,241,
297,195,219,228,255,190,159,155,193,190,195,197,222,233,206,161,180,201,205,183,201,208,183,226,198,201,237,236,206,205,189,188,187,186,206,200,171,174,149,194,200,201,198,184,160,192,176,171,212,172,196,226,15423,206,209,232,231,192,167,216,221,214,158,150,204,
298,237,209,204,249,215,157,155,228,195,194,199,222,201,175,176,175,184,197,185,209,213,177,176,167,204,210,263,236,226,165,189,176,198,195,192,209,152,140,199,236,211,201,201,142,180,161,167,208,202,187,215,13931,187,181,181,214,195,178,220,226,183,171,173,211,
299,221,210,221,219,176,179,173,178,157,187,185,215,215,171,190,169,185,206,170,207,203,191,208,195,231,230,246,241,187,185,202,173,237,189,211,207,167,133,201,211,206,219,205,141,180,187,178,183,191,207,227,12456,239,223,218,208,179,158,207,200,182,147,160,233,
