165,4795,5220,5034,7465,83131,1044,1525,132054,14371,3755,6842,170850,80415,81323,22316,48188,4232,4979,4680,4825,68801,66920,76297,54428,5253,11312,6488,9142,68034,43660,57323,44928,4558,5553,6847,4595,80712,37341,25569,87083,5593,6300,5713,6408,62738,63853,66812,111522,6628,3789,7862,16093888,78575,57075,37907,112204,3701,3943,4125,6391,74855,56482,84663,78099,
166,6749,7287,7594,13927,127175,1636,2807,142276,35208,4944,12241,247545,132628,134084,50130,87266,5875,6283,6566,6245,92141,101290,100686,79689,6997,27540,9481,21538,100857,75320,88405,72004,6167,9227,11588,6067,113060,70467,54371,100922,7934,11402,7653,9385,92930,95114,97211,128044,9861,5234,16096,19162291,117786,90461,73941,127776,4781,5621,5446,11959,108333,86930,113866,94055,
167,10999,12124,13949,30027,160591,3015,5820,166422,63899,7170,26232,357736,173374,163004,88646,128529,7884,9151,11270,8788,111291,128731,120817,99605,10963,54609,18314,44991,126006,101164,112950,93388,8743,19683,24974,9326,136475,97334,81740,115891,14528,25085,11958,18912,116402,117987,117858,153111,18539,7892,34199,22138686,146554,125138,114563,158830,6871,8769,7776,25209,133397,113455,136497,108358,
168,24332,26554,32155,61211,181388,6963,13187,255327,93622,15009,53551,580671,194870,179543,126241,145600,14886,19312,26511,16878,132563,155049,146401,120375,25342,93777,40783,79034,152403,124745,136583,114288,17937,43376,51920,20035,163327,120975,104906,151569,32141,52221,26764,41725,139375,143326,140955,232258,41661,16618,64864,25828616,165517,150663,157098,285564,13134,19386,14036,50832,157159,135325,165041,129079,
169,48863,55002,60805,97075,247851,15133,27927,627402,117826,33231,83955,926314,244219,228126,141858,168745,33394,42995,53409,37847,172105,194227,204934,154636,53616,140398,73546,120047,203651,153205,174257,147314,39298,73582,83974,43065,209281,147562,128678,307018,62331,84945,54836,74817,175567,197029,178238,547449,77870,35866,95822,29707740,203135,181000,186760,755375,29257,41261,31263,80440,208178,165928,243091,187191,
170,86295,98592,98706,135293,600496,34521,74340,1872497,146193,66264,117792,1438766,515734,490863,180276,264774,77760,91183,102974,80967,351989,346850,496018,313314,110641,168608,126688,155333,453564,259378,338266,301753,78992,110257,124560,81475,417264,221319,180567,962568,107599,127063,101224,124145,324926,481868,330955,1542300,123914,69951,125877,34622882,393439,312917,243217,1950645,60115,76379,66598,108708,464772,277625,616932,474103,
171,116475,134186,125542,162733,1674292,93010,206693,3955847,176785,93448,143144,1891191,1523235,1497220,368954,719025,131367,137777,135390,130679,975135,933231,1359230,907112,157562,183694,160848,171224,1293183,712349,965326,885618,113403,134279,151725,118900,1195961,569230,416732,2042072,143613,149023,149038,160267,917306,1397821,943660,2800705,156861,99177,151031,38869704,1092724,846190,471510,3468385,85578,103657,97448,131493,1275587,727254,1612719,1261750,
172,145500,168620,156265,215161,3571558,253272,481182,5048119,260295,121548,178918,2471136,3640003,3665283,1038938,2007359,170981,159738,150827,166769,2064826,2098778,2576000,1960357,177246,234656,180051,218831,2640055,1731619,2158133,1963768,147920,166250,180764,149002,2503331,1494190,1131092,2765141,171513,179289,179163,182854,2090874,2733719,2147622,3460187,206423,128183,199807,43769434,2505078,1997940,1189320,4218002,109612,135599,129902,172548,2653866,1747061,2969199,2350476,
173,177588,222845,209634,369893,5407315,597684,1102566,4497509,538605,148217,257604,3178085,5899536,5681908,2891651,4457246,194002,178969,185099,183655,3252661,3579850,3576205,3050867,208498,427049,216764,386848,3832074,3121184,3501309,3164330,180217,242517,240680,173721,3633483,2870258,2430877,3034395,212893,264733,209172,226558,3430646,3649635,3458538,3558565,319057,166200,329810,48209755,4517043,3882199,2825680,3980458,136147,193144,162460,278056,4221227,3340729,4081843,3323415,
174,301880,489671,489658,1108848,28898726,22643989,25954909,36643313,1570499,241424,661980,4905215,33427117,33649885,46920277,29020457,316068,284288,403145,260552,24325224,26028696,30076248,33163055,403413,1427438,441906,1278146,23650205,21156583,24083295,27177579,306146,681140,584709,286328,35805542,35611337,37351692,41324399,450581,784738,363095,492860,26849436,36101253,44266162,37852451,827792,331954,920949,54025923,26295029,23916405,25941849,29614057,226289,458501,265067,739935,27298313,24776834,31159277,30918338,
175,797825,1361788,1361869,2424130,162056661,154387026,155091011,204331174,2928065,678258,1726993,8675760,199012806,203300922,276399328,182771685,847712,771214,1249356,647138,158044511,166056514,196299630,213615029,1253421,3557432,1321172,3168170,137144480,142980468,151823500,179407950,924030,1883537,1648757,835198,218871577,223065968,228661631,247726260,1377585,2117845,1073760,1457159,184510221,254348598,237292779,242678502,1973666,867493,2089346,60157947,147126749,138622242,151000480,194227868,530297,1156866,597258,1696936,166243589,151394907,302039047,193573194,
176,2154745,3158357,3041937,4252378,241899845,221599823,223906699,290759736,4107767,1929137,3334547,15197089,266770160,278404245,257012130,260042378,2854168,2585912,3468377,2133332,204444541,217148524,228103529,269625793,3661148,5615677,3432894,5174540,210689259,227212758,190124839,193216005,2460276,3615107,3452532,2286589,182533629,177945491,189859211,197090850,3207628,4094117,2890524,3556322,166051191,199754131,191807969,232844333,3869191,2245426,3630743,68354456,251323550,195452936,217986830,265614321,1549012,2653599,1728576,3171977,243041836,224403757,245452593,230777297,
177,4267444,5524219,5193275,6300678,323243722,282033114,293878425,349511901,6079637,3944107,5262901,21041991,334152917,339855547,288503686,301506408,5568234,5020152,5312884,4345224,213572701,234690217,224871980,296961013,5763014,6241727,5424394,6017551,232435976,205357689,184138563,197452550,4709221,5625342,5464835,4247631,166882347,158463855,164673484,160828889,5135603,5675507,5163266,5665431,207046017,168676853,170225362,172354669,6355721,4397310,5334684,74927980,309985812,268683784,264323177,315110915,3622687,4990427,3847077,5187793,280236505,260735419,271020981,230794053,
178,116247587,114535682,106038713,117710547,356264655,313345816,346637481,390458750,183080217,119636095,107986603,136738191,385419464,382290039,336831887,345632144,156087760,200166026,147280553,113656762,218071597,249894149,210513497,302351857,143080331,139508549,112451114,140444827,233539277,185484101,168316285,194740334,161696509,133954895,120051379,110116024,156970176,155107755,157691250,158133276,114335315,116573498,113229625,132124521,199031073,161510565,132784671,164832896,214408597,157385526,138029722,170942113,360057460,306699985,321728853,333814266,187496047,195618888,136297008,210511895,308637710,270713771,270309613,241762531,
179,160132964,162000555,158675117,151075949,361306687,327653939,375739428,431020350,230223271,173372705,145056719,175485044,438485693,445164953,388337786,378024036,211461564,252900479,208160856,154302368,207565233,246952117,230233573,304167704,197481920,197110872,152281248,180225209,228777013,200203060,182435649,190217377,208697821,187290338,169855805,149555715,152276603,156024148,158573314,186651886,155921046,161754430,156361860,187792919,201870989,162668461,163782387,165038635,267364126,205808234,171346216,194755089,392734575,324040592,228557879,345534709,244706053,236355583,201643257,290512394,332690808,289131404,279565443,246956672,
180,210762865,184015234,182186486,188769100,396114847,334685982,392729360,455373188,218439197,226381189,168971946,177954386,487067102,495655748,463861981,415986787,276823911,261358911,235631650,187620173,199116286,218932303,217734743,296824357,225952884,230028266,190206877,214582717,206011956,192273246,175684258,186069688,218276836,206374924,220929495,184452012,158824134,155941525,159216887,160570888,190614045,201080328,199792686,223816417,186480849,160010661,161252982,161184828,206464631,188601671,185063179,187846380,407996826,335145612,313335450,375138328,204133863,205658159,202713798,202326689,327594455,298416881,272901400,227108736,
181,185362223,167980146,179738896,190681858,414999467,340962155,418073303,474039120,216649323,223144014,184745320,175672763,527914891,540473311,532388081,494756760,269820313,281690404,267227585,199693232,185295813,196497292,206418386,295227946,263772315,272925553,229374592,251016931,186685322,178475682,167231884,178974477,239332224,223586523,266706512,220365202,154366460,153803924,151673846,157021937,222328643,232955079,238263977,247232718,164776208,152281704,155653071,156720656,184832125,172968205,174339319,184110118,405625607,351179818,318561999,368726840,186799750,184141115,173454667,186898658,329563364,302444143,296349134,286024818,
182,177111251,189530783,181684024,219943152,424186347,350287396,450528532,486150179,236099938,177376526,206721528,174985509,562803307,570503562,574463237,549712761,312391141,316951675,311952643,254485482,174472259,184810208,200734734,279765602,309021374,360882728,281770975,296865876,173731818,168369258,159074223,175574567,270718927,252013664,322296433,263723545,153029967,152477918,150575656,154870901,267421489,268864678,288686855,290009891,160049950,154925580,153941373,154702166,168286644,164245638,163736092,184551341,379963122,363543785,316109859,355859279,197483662,130637786,164891452,166081326,316158093,294177249,251313078,240555943,
183,155932114,193536795,166019291,191518034,421209837,364799347,468555597,487192034,243434858,74538471,221944350,180704304,558635423,582941773,590313922,569445793,342637261,354573302,351855132,295091689,169375697,167575784,188929248,201961478,357870230,363774010,310477975,323727854,167616653,163936930,156283827,171556103,310584290,279497426,364177285,291979327,153163816,152351763,152335101,154262711,293696978,294407447,325370084,312066304,156811885,157404441,152939001,155583046,162612053,162210854,165327820,187552703,356668782,360442438,358775652,339852743,166214520,162806337,161573205,162704994,303145284,282880262,240146706,231966710,
184,208933760,183696464,182048143,152685252,462255579,394274561,475744323,492715992,232250073,227557466,214097472,179979035,566240936,594137301,599439630,589805762,383823866,392894215,396229683,331189347,164932894,176883405,180990717,238915840,391602147,386707542,326214762,335527383,161369767,163134322,155252824,167559651,318783692,283232834,389513631,313963614,151946976,152211349,154478001,154066846,311195620,312309546,350311813,329177897,156139688,160229703,154112239,155632491,161018390,159483323,163979574,187510340,351859504,353666196,344565062,332864639,158106334,160022309,159330832,159916575,293941297,278396141,330140313,233213223,
185,214455488,201916125,180296061,187719000,453627305,433469938,473240540,490052371,210649594,238068426,258920624,176120054,556263800,596654464,595427272,602612882,419464714,420201337,430686874,353482253,162041553,175745749,178047246,230306097,426527321,414964330,335453466,341657495,158497236,162291496,153950276,166133285,350437154,279809194,395351885,311916170,153595766,151511658,150834007,151840788,319760568,319806107,361710963,338198828,152380395,160683735,153468178,154544337,161628133,159729909,163405501,51031477,363398745,456199418,324171553,343043662,182434784,158805646,158942801,159992232,291151150,275364055,241507142,235421292,
186,205176605,197889784,180477084,188687067,488555716,462021032,459785620,473988205,223508566,210921769,146928811,171561366,540106009,556789413,564557489,586695968,450958728,441045121,459704545,403447695,157674662,169483020,168605908,225224877,453844628,431576485,343024062,351111605,153720566,159339265,152479783,164683013,314917248,229780049,355636352,340966177,149732877,150266398,150143977,150557082,321018427,323364242,367783280,346746016,153912704,158224253,151802964,153043083,158135941,158816759,163532453,185152359,385304174,360815218,325421362,361320433,158809481,157979533,156706492,158669743,270562108,271470259,237598764,236057489,
187,188909308,197740484,210488483,169037673,414331640,385341358,372810915,379361481,222084596,177118400,308677962,172212042,421712537,427834503,437531190,462691866,498204357,452055861,474386557,454154664,127145205,133592703,133623476,165640607,469136400,455468652,358342483,362657574,126018100,129159384,125024040,135494363,312142378,284400443,432399274,335788150,128582929,122598735,122289006,123101241,319128756,324773767,360575589,352292862,132970841,128273523,124549387,125024771,155385593,157368922,160365414,186138934,333292130,311506652,151036577,307632259,145888014,155695503,155498286,158094317,236637418,216032927,188562727,145242427,
188,199726301,198187430,175358117,171096647,159014721,148542945,144002085,146237727,208231057,181344884,172570718,169833320,156704184,157883050,161488996,170793610,478793259,458858065,483109753,446682285,49488906,50983166,51631260,61201559,477518225,422575148,381384308,384816657,50543922,49984322,49135880,52471312,297924700,258083646,398296757,149748890,48418043,48145147,48139496,48022496,319811389,325804037,363200745,360216212,49932025,50944217,48890909,48958359,154800714,156048362,159228198,185015435,135821722,121653493,106942055,119108943,154504202,154184595,154233125,155528088,89032710,80776495,68934491,68795332,
189,191176997,196321113,178200204,170056787,14241820,16845961,16410732,12938012,205648557,189804273,203452605,166681906,13990500,13790192,13646999,14566334,468961510,454048479,470422981,441193824,6525534,6905576,6779548,6997318,470146128,453015129,394229984,391588607,6782716,6447222,6608787,6470976,286405993,255060439,391421973,307978454,6714363,6517985,6302492,6069223,316897720,323495685,368691281,366932481,6672020,6699638,6641506,6532785,150651065,151730637,155374149,182642374,12407898,11883766,11473306,11513052,149890135,149285609,146416510,149487319,9419289,8737948,7802492,7508791,
190,149910510,150049819,131810433,130741031,3637354,7312283,6538976,3458562,157148130,159796107,136653601,130348861,3886135,3623200,3225769,3549315,367272343,353622958,357705034,340377407,3402066,3754593,3566540,3237930,359567963,348668510,319606146,318317184,3607911,3307195,3523801,3160483,222250729,215025540,293049732,241700172,3694370,3481590,3272846,3018809,252079563,256258970,279760901,296719639,3545297,3404247,3554692,3452813,116228262,116459486,118962309,158540958,3637346,3542839,3992320,3373842,122076347,140379103,115756060,115800459,3557294,3633988,3491388,3257334,
191,82328561,84422800,73388096,71317636,3418121,6417258,4899094,3268154,92807304,83947442,71431874,78363811,3683038,3414323,3016948,3325697,210166091,199621716,197301454,192062893,3332178,3684321,3507183,3166917,198527727,206507845,184496836,182837004,3537715,3235302,3460863,3087615,122781515,113324731,162485542,137077904,3625529,3417305,3208684,2957270,147301393,146698676,158676534,203458948,3477104,3327252,3492258,3388043,66229599,66169294,67334150,120762119,3453146,3354560,3817654,3173042,67884957,65614698,66084357,66459449,3425086,3526237,3403495,3165787,
192,12755384,13192860,11714748,11930479,3402748,2672098,1059540,3260182,12733609,13832629,11316697,26344231,3663883,3397581,3006712,3310159,28858442,26620765,25981996,25928505,3323051,3673372,3495502,3159830,26420905,26321733,25772646,25443981,3521178,3224974,3446663,3075345,17527624,15801099,22500472,19710430,3606606,3401057,3189169,2952700,21837231,21481663,23131759,24619495,3465586,3316417,3481118,3384135,11279800,10711228,11173799,81659160,3443408,3349736,3808260,3167237,10753463,10735987,11137062,10850494,3420284,3520166,3393279,3161995,
193,4073585,4142938,3947534,4073067,3391979,1109033,430487,3256226,4199054,3756040,4070347,19585418,3649765,3388288,2999363,3304148,5057414,4634461,4465829,4792576,3322305,3669406,3488727,3144023,4788719,4930978,4804234,4792833,3509242,3217030,3434197,3069600,4415147,4104398,4711382,4371984,3594040,3381216,3176891,2948167,4576219,4549703,4797763,4887524,3455084,3294713,3472811,3377752,4285460,3652592,4058580,75902149,3433838,3341507,3797759,3161857,3711293,3753881,4046714,3842441,3408737,3514299,3386367,3162336,
194,3537961,3569964,3447146,3597140,3381033,432073,273042,3252909,3654116,3247166,3605235,19114020,3639319,3379017,2988707,3289044,3593712,3285913,3139767,3491470,3308949,3653525,3473998,3131882,3445903,3613857,3508202,3507748,3492608,3202988,3417591,3052596,3608564,3352972,3621179,3324496,3581315,3378270,3164512,2942549,3479569,3428138,3594603,3592551,3443444,3288460,3454837,3373600,3847628,3212588,3584149,73986422,3421875,3333114,3790324,3157846,3268860,3318450,3598789,3404456,3399509,3506147,3371368,3153838,
195,3494732,3521624,3410452,3554786,3372096,279436,241205,3246334,3609337,3216469,3568615,19040365,3623172,3370118,2981941,3280028,3498455,3200074,3055387,3403768,3297464,3637030,3458354,3121172,3361822,3526728,3420480,3427668,3481186,3191579,3401458,3041181,3551352,3297491,3547824,3251791,3568219,3367226,3157094,2936783,3400233,3350037,3510156,3501643,3428102,3273467,3439885,3364068,3805692,3179819,3551943,72278724,3410263,3317910,3774833,3147080,3235775,3284128,3558699,3368877,3386447,3489145,3357698,3149995,
196,3489473,3517774,3406999,3541928,3366544,245256,227373,3240248,3605318,3206780,3563120,18969048,3617140,3362658,2977461,3271456,3482110,3194456,3043783,3394727,3283722,3627839,3446036,3111659,3341210,3518009,3410605,3413127,3470800,3181017,3395484,3028479,3541662,3285841,3542172,3244101,3555276,3360552,3150819,2932422,3392936,3341125,3501228,3498166,3416017,3262496,3432974,3354753,3801636,3167899,3537763,70076261,3400026,3313317,3761648,3142128,3227093,3271694,3557527,3362551,3373103,3475378,3350517,3146447,
197,3486125,3508975,3394011,3531630,3349661,228614,213365,3233185,3596029,3200494,3552341,18854390,3598659,3350544,2962645,3262649,3475208,3186224,3035462,3388840,3272981,3607551,3432704,3098736,3337937,3511707,3402560,3400665,3452818,3165766,3376046,3015240,3539325,3279873,3532264,3239394,3541203,3347742,3135049,2924333,3382688,3329187,3498187,3485375,3401451,3239666,3416616,3349423,3784011,3160868,3531698,67746460,3388891,3298782,3747354,3133534,3219956,3262783,3548996,3349486,3358446,3466115,3333177,3138413,
198,3474518,3496886,3378746,3516579,3324324,211441,195455,3223457,3583564,3197449,3541943,18647088,3568067,3326457,2941534,3245314,3466496,3172804,3026859,3376403,3255537,3587077,3408638,3081162,3326538,3501226,3391194,3390561,3417784,3149597,3346938,2977963,3521714,3269815,3527351,3231277,3511585,3312742,3107365,2918152,3370281,3319799,3484467,3476263,3378701,3185566,3402258,3337467,3767236,3151724,3522972,64744471,3371945,3278701,3730980,3122121,3206028,3251114,3535710,3339047,3342707,3448756,3317498,3130727,
199,3464444,3484833,3368925,3503942,3273040,195270,177466,3212122,3571561,3185508,3531406,18414973,3494337,3295257,2895994,3204680,3454252,3166160,3018787,3369313,3239026,3560756,3373518,3037372,3317103,3483379,3377916,3379137,3337220,3089921,3269957,2860563,3513408,3258042,3510547,3224942,3468509,3239964,3043847,2914292,3360028,3304910,3472182,3468614,3343522,3015973,3381986,3327706,3745782,3140630,3506992,61950998,3346747,3260510,3706877,3106857,3195530,3240826,3524095,3326479,3314290,3422115,3285008,3119081,
200,3456383,3469085,3361432,3485863,3095352,176787,156312,3195334,3559172,3168850,3517635,18168574,3264913,3182005,2746180,3096167,3441248,3153001,3006219,3357257,3197072,3492263,3253063,2902046,3303248,3473595,3361243,3365927,3051122,2898672,3010662,2510106,3498202,3242087,3502576,3211948,3349330,3014418,2863350,2902195,3347579,3300509,3464075,3455480,3230369,2552397,3327514,3314496,3726099,3126405,3491738,58915183,3288524,3185925,3650912,3090791,3184167,3222877,3512087,3317687,3220731,3377369,3184917,3107346,
201,3440523,3452702,3342971,3471355,2603823,156368,129919,3166986,3538148,3161415,3499044,17890122,2646811,2855368,2339666,2769583,3423424,3144953,2991048,3344505,3071512,3279957,2896480,2519723,3286717,3462846,3351741,3355274,2378911,2397799,2387203,1816406,3485322,3227817,3486906,3204272,3005303,2464716,2400633,2886322,3332680,3282795,3447951,3439165,2865481,1716706,3178650,3294183,3683660,3109657,3481357,55831135,3091962,2960777,3491539,3020718,3174340,3200979,3502678,3308009,2924078,3228818,2884592,3090819,
202,3422991,3425392,3317014,3420376,1634008,125835,91318,3065014,3518864,3138429,3483066,17416195,1519510,2019236,1478638,1937804,3381067,3130018,2966026,3328129,2642971,2639156,2054888,1702157,3259840,3443932,3346195,3331350,1314857,1470627,1349774,902321,3458700,3205207,3468885,3179808,2150647,1459790,1484837,2829061,3310684,3257359,3430098,3418147,2014289,756342,2684369,3229214,3590439,3074289,3455749,51685374,2496569,2298662,2957193,2746182,3150853,3130241,3482865,3280761,2159085,2726666,2135621,3045171,
203,3404197,3380194,3278107,3323621,734706,89048,51830,2741069,3497299,3117681,3461760,16856537,610930,1016606,641243,950097,3282537,3110158,2911430,3313471,1842979,1656744,1076311,832048,3206103,3419481,3333633,3293831,526862,644948,550503,334734,3423009,3151999,3446882,3167095,1102535,605257,644251,2651309,3282129,3217636,3405680,3395085,1029086,261506,1791025,3014979,3416192,3019763,3427496,47911669,1556109,1354471,1998346,2122200,3107640,3004563,3451927,3239365,1194951,1848600,1190371,2893159,
204,3376629,3238061,3156561,3012588,283169,55175,25629,2104244,3447899,3068007,3412595,15844454,228220,399190,232006,356484,2963745,3066099,2724600,3269488,1005464,808176,448446,328921,3038777,3346049,3297712,3163691,205925,247006,212367,135613,3322717,2980718,3411185,3125690,439218,222838,236664,2203147,3184263,3053414,3350205,3343633,415508,122259,908571,2519550,2984360,2851051,3348684,43295649,756107,612065,1045421,1314976,3006328,2703998,3388587,3142463,520893,978413,526616,2512413,
205,3323621,2907414,2861426,2409057,125807,26263,11909,1162214,3332997,2929079,3309234,14211757,118058,146227,98913,128842,2311337,2951380,2286589,3160601,379901,291536,165830,127544,2596455,3129316,3223242,2805580,113051,112673,110224,85351,3075986,2570697,3316073,3010520,166033,109938,107126,1370116,2910048,2646306,3186294,3172802,155529,93050,319742,1615965,2268502,2518250,3174317,39003568,264566,214099,381690,564169,2802162,2174027,3262385,2951591,189593,361778,194117,1731811,
206,3136198,2087808,2100128,1360562,98083,12170,8020,419642,2927116,2460516,2953454,10807010,102475,98001,78495,88534,1208643,2525743,1380330,2753067,139251,133742,100925,86827,1613260,2434601,2917737,1890298,97801,89339,93570,77630,2374888,1662321,2950893,2575471,113902,92642,86274,544455,2137707,1702221,2602079,2588426,101771,88647,127323,692964,1189983,1760462,2660367,33624977,122194,106910,150207,191210,2246568,1257178,2910504,2416445,106922,136851,109354,814120,
207,2702005,1162967,1204655,604262,93743,8158,7093,161751,2187308,1709904,2282517,6910555,99623,92128,76086,84035,482852,1752661,628054,1991012,95020,109018,91944,81221,741456,1477589,2242974,961981,94674,85734,89897,75044,1462165,827221,2239283,1807073,106290,90172,83627,191419,1225253,836025,1695451,1683120,94724,85994,96503,256153,510466,962824,1859782,29393294,101341,92318,113063,101930,1455521,569644,2268611,1624795,95562,98078,97664,308356,
208,1721138,397869,421518,200436,90682,6956,6329,96992,1068602,741875,1193626,3213244,97369,89912,73831,81288,154137,729449,188085,894559,86594,103474,89068,79261,215432,530984,1123466,297328,91707,82874,87378,73260,545259,260783,1110600,786246,103068,87245,80748,92904,422514,255420,657671,653155,91800,84021,91812,117601,187848,329283,827531,25946694,97187,88793,105912,82448,578760,188945,1187323,688679,92566,90651,93958,119161,
209,836836,164291,165420,118518,89352,6318,5710,86605,424312,275093,496861,1816146,95245,88219,71758,80053,101078,255111,96524,323775,83324,100594,87013,77525,107714,190914,431194,127994,89061,81332,85087,71388,207513,119771,435671,285310,100668,85635,78876,78047,164224,116050,234281,231588,89475,82097,89024,93439,126669,140946,323076,24435845,94904,86969,102754,78072,219971,107424,499604,268938,89618,87913,91870,85574,
210,271883,106216,99472,102424,87485,5605,5034,83715,156412,112872,173177,1389242,92321,85963,69942,77486,92888,106396,80909,122963,82068,97492,84043,74973,90428,106015,143665,95371,86984,78975,82686,69121,111567,89942,152417,114247,97861,82376,77360,74254,101430,88748,113837,110805,88339,80070,86823,87858,112898,91443,135506,23387834,92469,84512,100362,76231,106942,89599,177977,122651,87669,85513,89495,77731,
211,132284,98681,90180,99450,84348,4908,4308,81723,109975,89590,110516,1303188,90378,83390,68048,76116,90130,88972,78187,97078,79929,95577,82014,73380,87588,96220,101534,90189,85191,76204,80607,67419,99915,85647,106142,91962,95638,81157,74594,72836,93772,84870,99260,96195,85889,77576,84856,85132,109230,83758,104369,22565489,90375,83427,98206,74618,90196,85952,115226,98610,86233,83294,87377,75524,
212,99271,95260,87116,96266,83303,4439,3860,80391,99830,84164,97298,1254549,87994,81413,66691,73714,87155,83910,76625,92274,77510,93146,80082,72356,85565,92902,94748,88150,83073,74782,78327,66122,95789,83849,97623,86771,93592,79031,73215,71567,90680,82804,96174,92510,83843,75765,82933,84456,105710,80707,96771,21639568,88708,80312,96457,73596,85835,83601,100232,93149,83941,82158,85793,73549,
213,93901,93108,84919,93639,80670,3839,3209,78464,96620,82596,93673,1213855,85554,79408,64400,71710,85530,82738,74663,90067,76042,90757,78369,70092,83501,91183,92685,86212,80552,73067,76871,63845,93144,81862,94471,85627,90759,76822,71283,69794,88750,80695,94182,90322,81579,73036,80621,82904,103862,78739,94108,20772357,86837,78966,93519,71520,83438,82250,97130,90652,81864,79755,83258,72741,
214,91438,90598,82632,92071,77854,3018,2301,76692,93467,80177,91266,1171009,82867,77152,62963,69475,83223,80277,72452,87151,73759,87858,75825,67727,80898,89315,90000,83562,78435,70647,74054,61472,90886,79866,91792,83101,87818,74535,68590,67871,86481,79377,91523,87878,78443,70269,77881,80942,101061,77007,91455,19739569,84458,76579,90983,70469,81246,79877,95115,87598,79379,77214,81253,70659,
215,88754,88531,80343,89644,75225,2356,1626,75455,92107,78272,88736,1134139,80195,74966,60184,67337,80874,78419,71194,85233,71456,85602,73019,65317,79040,87062,87718,82227,75594,68659,71163,59458,88629,78031,89696,80766,85289,71902,66470,66667,84367,76988,89506,85918,76433,68254,75736,78235,98117,75044,89721,18873179,82072,74486,88055,68963,79465,77917,92104,85720,76988,74846,78793,69650,
216,87100,85975,78105,87026,73146,1619,1106,73284,89521,76118,86785,1094333,77392,72470,57833,65225,78453,76379,69436,83275,69658,82683,70822,63423,76431,84458,86067,79578,72588,65628,68388,57563,86913,75296,88075,79176,82342,68882,64287,65782,82268,74927,86919,84024,74209,65547,73520,77021,95093,72593,87734,17946060,80074,71889,85200,66940,77067,76226,90300,83248,74555,72940,76461,67277,
217,85438,84119,76836,84830,70538,1164,845,71705,87595,74407,84618,1058151,74256,70270,56074,62614,76115,75027,66782,81885,67428,79688,67943,60860,74962,82241,83702,77705,69594,63432,65379,54422,84316,73361,85923,76805,79411,66370,62096,64025,79761,72888,84922,81308,71004,62903,71352,75180,93358,70953,85213,17012831,77352,69717,82624,65566,75163,73681,87862,81816,71828,70712,74190,65292,
218,82740,81496,73624,81530,67730,849,747,69675,85016,72006,82321,1010625,70853,66176,53087,59788,73760,72730,64528,79086,63940,76860,65530,58114,72325,80042,81595,75430,65998,60528,62691,51719,81704,71354,83466,75167,75078,62944,58885,62279,77667,70741,82213,78821,67835,59341,68522,73641,89619,69228,82922,15889843,74393,66911,78658,63309,73396,71202,85048,79510,69213,67682,70447,64042,
219,80520,79198,71626,79527,64449,736,694,67832,82972,70113,80024,967514,67399,63513,50525,56446,70568,70475,62792,76930,62380,73348,62456,55697,70475,78070,78922,72932,63166,57418,59663,48742,79504,69329,81274,72516,72157,59020,55609,60617,74779,68209,80583,76551,64888,55609,66202,71831,86495,66866,80162,14906845,71848,64047,76160,61283,70616,68923,82866,77317,65768,64790,67962,62196,
220,78276,75324,69163,76010,60920,750,725,66017,80618,68060,77368,920427,64139,61084,47595,54027,67458,67940,60520,74302,59401,70537,59203,52921,66915,75201,77220,70258,59625,54779,56067,45858,76288,66799,78827,70755,68587,55648,52848,58663,72087,65934,77671,74050,61892,52188,62881,69629,83453,64316,77498,13772558,69509,61535,73071,59777,68476,65353,80430,74767,63495,62620,65581,60326,
221,76017,73524,67122,73411,57299,687,651,64044,78439,65308,75469,874937,59651,58126,44252,51499,65016,66170,58473,71914,56597,66661,56158,49440,64918,73466,74422,67768,55318,50425,52149,42103,73736,64581,76410,68328,64428,51922,48972,57416,69716,64078,75214,71099,58144,47662,59931,67277,79424,61764,75525,12804696,65788,58456,68894,57372,66334,63077,77784,72736,59697,59166,61446,58795,
222,73011,69630,63836,69811,53113,615,597,61235,75488,62363,72339,815272,54040,53867,39707,47143,61249,63612,55610,68915,52982,62377,51168,45525,61835,70746,71775,64834,49752,45982,46348,36436,70437,61258,73209,65244,59845,46451,44098,54740,66848,60907,71653,68165,53796,41294,56066,64168,75144,58704,72623,11657186,61553,54436,64487,55087,63650,59552,74785,69532,55620,55135,58417,56717,
223,70306,67305,61237,66484,47702,646,619,58434,72421,61201,69785,764593,47726,49308,34088,42407,57978,61322,52861,66257,49224,58081,46650,40663,58313,67350,69119,61944,42360,40138,39015,29007,67707,58390,70765,62831,53814,39381,37646,53147,64130,57748,68767,65055,48411,31650,52613,61565,71282,56120,70078,10708721,58384,50737,59423,52124,60895,56489,71639,66508,51145,51199,53569,53823,
224,66805,61729,56481,61347,33698,549,529,54736,68493,56462,65852,683120,29954,38294,19145,30086,51575,57046,48290,61786,42671,47792,34838,28442,53745,63359,65596,57543,24789,25279,21185,13588,62033,54621,66586,58848,41100,21873,22028,48717,59675,53762,64429,61353,35545,13716,44363,58151,64141,51705,65365,9406620,49022,40747,48630,47365,56410,51472,67009,62486,40553,43220,43993,49938,
225,63804,58558,52936,57152,21689,530,509,51390,65933,53618,62870,627572,16976,28265,9851,19010,47472,54686,44552,58683,35289,38758,23764,17915,50067,59992,62257,54453,13635,14349,10997,6593,59129,50715,63454,56228,28138,10930,11774,46247,56448,50655,61331,57825,23924,6481,36711,54823,58563,48303,62120,8559579,40366,31034,38170,44306,53209,46947,64483,59352,30577,35306,33838,46942,
226,60073,52993,48415,50255,10510,518,491,47879,61999,49752,58863,551804,7375,15407,4137,8813,38771,50392,39551,54764,24547,24794,12475,8711,44178,55590,58652,49743,5877,6392,4956,3137,53721,45786,59364,52300,14474,4836,5107,43094,51522,45883,56248,53635,11901,3316,25212,50520,47788,43046,57993,7592830,26686,18720,24209,39241,48628,40064,59335,54790,17556,23370,20540,43521,
227,56825,47720,43138,42421,5016,470,453,43203,58289,45195,55136,477623,3806,7303,2520,3949,27801,46919,32872,50967,14130,13143,5832,4165,37817,51644,55292,45026,3537,3447,3055,2331,48179,40255,55842,47690,6805,2946,2856,39559,46238,40967,52631,49328,5625,2592,14339,46659,35560,36946,54291,6806850,14598,9159,12659,32172,43160,30600,55332,50637,8849,12726,10354,39270,
228,51971,38148,34734,30295,3288,473,454,37276,53575,38733,49971,376854,3068,3844,2129,2747,14395,41484,22062,45099,7204,6610,3412,2721,26358,45299,50164,36764,2870,2564,2647,2130,38820,30255,50234,42692,3949,2522,2426,34131,37203,31885,44854,43062,3391,2438,7212,41273,19731,26635,48183,5985028,7463,4760,6417,23505,34030,18411,48895,44180,4701,6289,5344,34292,
229,47267,26430,24234,18068,2716,496,486,28557,48470,30093,44770,277195,2885,2832,2030,2277,6705,34732,12749,37345,3693,3895,2643,2342,15330,38049,44660,26887,2696,2369,2469,2079,27877,19612,44296,34508,3166,2410,2298,26668,27281,21825,36079,34782,2814,2376,3639,33073,9738,16099,41269,5381855,4320,3015,3757,14179,23132,9396,40384,36291,2989,3398,3280,26321,
230,38533,12903,12062,8134,2625,468,454,17807,40104,17621,35009,164019,2760,2596,2011,2180,3292,22486,5402,24411,2635,3066,2396,2165,6265,25022,34759,14674,2562,2372,2411,1947,14762,9143,33953,22844,3029,2317,2253,15909,14635,10390,22196,22279,2649,2301,2631,21990,4865,7297,29688,4811654,3505,2620,3150,6927,10793,4105,27116,22974,2770,2467,2906,16376,
231,28246,6372,5800,4407,2435,403,395,9238,29702,8866,24423,101429,2573,2591,1972,2087,2578,12736,3027,13737,2355,2877,2408,2098,3294,14038,23886,7291,2439,2243,2267,1883,7428,4573,22381,12710,2835,2235,2185,8340,7373,5057,11608,11898,2506,2254,2504,12621,3648,3760,18098,4460728,3154,2454,2870,3608,5153,2840,15453,12891,2550,2324,2650,8489,
232,16767,3617,3104,3259,2372,442,436,4660,17498,4269,13658,71326,2531,2375,1809,2017,2549,5704,2361,6507,2261,2673,2231,2096,2526,6674,12718,3977,2334,2226,2187,1844,3910,2864,11895,5889,2721,2145,2029,4085,4018,2889,5360,5637,2399,2082,2414,6248,3373,2569,8881,4157505,3114,2328,2902,2525,3241,2424,7267,6014,2501,2288,2607,4199,
233,8324,2896,2642,2988,2317,411,405,2969,8960,2805,6790,61442,2490,2261,1683,1964,2355,3185,2168,3556,2196,2576,2230,1901,2479,3701,6131,2790,2245,2056,2048,1735,3005,2462,5623,3377,2581,2100,2018,2644,2872,2412,3329,3215,2299,1997,2224,3589,3226,2377,4608,3930459,3063,2315,2680,2242,2713,2346,3926,3513,2457,2168,2546,2631,
234,3888,2732,2425,2752,2217,407,397,2376,4119,2409,3542,57054,2399,2098,1759,1981,2373,2490,2080,2773,2042,2501,2056,1886,2338,2720,3270,2537,2249,1954,1982,1631,2791,2324,3282,2485,2567,1921,1892,2119,2519,2277,2820,2535,2184,1921,2160,2634,3063,2217,3011,3672015,2789,2254,2559,2135,2580,2293,2978,2736,2278,2068,2357,2096,
235,2871,2576,2208,2730,2137,415,410,2373,2965,2211,2794,54282,2348,2216,1556,1821,2209,2347,1973,2568,1991,2399,2007,1803,2276,2592,2889,2518,2072,1910,1916,1576,2596,2243,2826,2379,2484,1802,1781,2160,2502,2189,2662,2367,2128,1835,2212,2464,2964,2116,2780,3453561,2725,2177,2492,2050,2527,2238,2793,2641,2224,2034,2283,1983,
236,2664,2473,2200,2616,2126,446,436,2221,2821,2200,2556,50057,2217,2091,1610,1763,2034,2275,2000,2521,1941,2364,1909,1722,2158,2511,2665,2346,2035,1763,1937,1471,2567,2149,2644,2316,2321,1867,1701,1997,2392,2010,2592,2281,1964,1745,2053,2330,2901,2042,2719,3189539,2684,2167,2401,1949,2444,2113,2628,2416,2165,1959,2222,1992,
237,2590,2362,2167,2595,2024,425,416,2096,2610,2123,2445,47626,2062,1985,1483,1680,2048,2214,1819,2286,1820,2236,1872,1625,2128,2338,2566,2150,1897,1752,1705,1414,2344,2013,2476,2244,2199,1703,1718,2000,2258,2033,2482,2251,1984,1738,1947,2241,2799,1971,2516,2976734,2658,2001,2346,1886,2308,1985,2547,2382,2102,1887,2144,1895,
238,2480,2224,2027,2309,1926,392,389,1981,2470,2048,2306,44475,1988,1918,1430,1555,1894,2078,1829,2262,1755,2158,1760,1598,1859,2319,2411,2105,1887,1658,1643,1318,2381,2037,2323,2025,2123,1574,1534,1850,2210,1945,2413,2162,1841,1575,1899,2159,2550,1881,2535,2738491,2562,1918,2172,1890,2152,1852,2320,2370,1946,1757,2034,1796,
239,2294,2244,1948,2392,1818,372,361,1993,2278,2007,2296,41333,1884,1860,1417,1498,1826,2051,1722,2194,1721,2064,1730,1484,1949,2285,2314,2087,1680,1593,1606,1267,2268,1854,2357,2113,1985,1466,1471,1809,2134,1855,2365,2072,1792,1457,1772,2076,2523,1871,2373,2535159,2426,1845,2020,1746,2153,1843,2389,2321,1892,1710,2012,1767,
240,2233,2193,1882,2183,1656,396,395,1869,2279,1879,2183,38889,1796,1708,1276,1390,1679,1911,1671,2049,1549,1966,1664,1402,1849,2104,2347,2018,1596,1443,1468,1220,2038,1806,2193,2040,1839,1419,1322,1702,1963,1716,2151,2006,1613,1426,1714,2012,2337,1757,2313,2331593,2314,1689,1966,1744,2031,1667,2257,2198,1885,1596,1843,1779,
241,2201,1977,1819,2109,1678,362,360,1829,2314,1761,2074,36253,1564,1646,1165,1309,1631,1811,1509,1935,1496,1865,1429,1360,1663,2118,2221,1905,1467,1433,1364,1107,2020,1829,2226,1932,1743,1331,1283,1687,1946,1660,2091,1829,1571,1198,1564,1923,2285,1707,2103,2148762,2223,1631,1866,1633,1954,1730,2228,2105,1633,1637,1715,1684,
242,2033,2015,1724,2052,1538,350,349,1871,2123,1670,1995,33454,1508,1475,1151,1187,1529,1859,1481,1956,1424,1703,1363,1231,1580,1970,2100,1816,1412,1202,1276,1005,2014,1678,2085,1824,1585,1133,1177,1572,1889,1653,1998,1742,1481,1198,1518,1839,2107,1624,2141,1945294,2182,1611,1745,1623,1890,1617,2049,2033,1599,1501,1604,1587,
243,2027,1844,1586,1820,1401,371,362,1802,2015,1668,1905,30637,1405,1450,955,1174,1412,1636,1383,1847,1434,1579,1300,1130,1563,1884,2084,1679,1243,1131,1128,949,1803,1530,1966,1746,1530,1068,1068,1477,1736,1579,1938,1721,1395,1013,1456,1777,2011,1530,1933,1767363,1963,1453,1655,1531,1788,1513,1946,1776,1473,1288,1513,1540,
244,1881,1744,1505,1793,1283,354,352,1551,1868,1470,1763,27621,1254,1342,860,1033,1409,1559,1304,1716,1268,1505,1173,1071,1438,1793,1938,1551,1115,1114,1055,740,1743,1449,1852,1629,1426,966,1018,1503,1628,1460,1830,1585,1325,908,1300,1748,1792,1455,1910,1582071,1906,1311,1522,1471,1702,1409,1808,1804,1363,1263,1473,1488,
245,1800,1654,1508,1688,1171,334,325,1550,1863,1405,1777,25196,1175,1263,756,923,1255,1493,1188,1670,1199,1338,1067,945,1383,1755,1805,1557,950,976,913,698,1646,1408,1814,1544,1387,809,876,1506,1513,1351,1675,1480,1180,758,1232,1667,1770,1316,1804,1436825,1790,1254,1456,1374,1624,1279,1823,1645,1254,1204,1370,1417,
246,1680,1459,1317,1578,1002,349,340,1522,1748,1361,1641,22313,953,1086,648,808,1182,1418,1157,1617,1084,1246,1000,808,1265,1626,1783,1357,801,772,670,595,1542,1333,1650,1450,1138,630,683,1388,1420,1289,1559,1353,970,595,1108,1544,1558,1183,1678,1276530,1594,1146,1243,1325,1485,1098,1616,1549,1079,1042,1170,1355,
247,1601,1404,1223,1497,836,297,289,1480,1711,1291,1593,19654,809,972,454,691,1023,1405,1076,1425,1033,1151,872,700,1184,1554,1620,1372,626,588,521,438,1444,1203,1567,1362,934,430,579,1349,1359,1224,1547,1320,844,427,983,1452,1413,1172,1556,1153238,1503,1019,1080,1226,1398,1044,1515,1475,984,972,1067,1270,
248,1555,1353,1202,1349,659,335,332,1355,1589,1148,1476,16949,588,769,382,550,897,1254,960,1411,858,917,717,523,1078,1403,1602,1246,458,452,432,370,1265,1044,1461,1307,730,317,450,1199,1222,1152,1400,1222,641,383,897,1410,1198,1012,1431,1034621,1308,855,955,1138,1292,924,1497,1366,769,799,880,1211,
249,1401,1234,1046,1183,501,292,288,1338,1458,1039,1357,14944,520,642,299,451,731,1160,866,1230,708,780,538,460,946,1308,1495,1143,410,423,389,326,1225,1034,1407,1169,543,285,351,1234,1169,984,1301,1136,503,336,710,1368,943,941,1397,934244,1054,647,725,1066,1179,805,1370,1258,661,615,719,1115,
250,1333,1013,932,975,378,329,321,1205,1386,955,1324,11646,438,497,319,364,499,1016,673,1183,598,563,373,339,813,1216,1296,1044,382,359,362,342,1069,846,1297,1085,392,310,356,1068,1022,918,1155,999,385,310,599,1254,701,767,1271,821808,831,513,522,995,998,611,1183,1207,516,498,532,1108,
251,1221,883,771,822,351,303,295,1097,1252,794,1163,9427,412,372,327,327,441,966,544,974,421,406,378,332,648,1097,1252,907,354,334,381,328,816,702,1174,947,358,304,378,1043,835,742,1039,888,350,327,431,1186,513,597,1172,745499,618,410,470,891,797,429,1055,1044,423,358,371,971,
252,1060,693,628,600,351,298,294,1036,1176,683,1056,6786,381,360,328,367,335,783,370,789,421,337,343,310,464,943,1134,733,343,364,340,303,666,545,1068,777,345,266,333,903,711,628,840,735,342,304,368,1092,435,479,1072,662657,480,384,376,812,588,348,822,899,389,353,355,906,
253,943,480,472,474,345,342,339,950,1035,575,965,4605,391,367,314,304,300,671,330,689,356,362,356,353,358,817,1015,645,304,323,346,298,483,407,901,653,366,285,322,803,539,456,724,573,317,305,326,934,392,368,921,610288,447,386,380,641,414,354,669,750,338,322,314,811,
254,755,416,395,395,332,259,260,798,922,419,762,3372,382,342,284,304,303,511,359,532,344,318,345,336,340,607,866,468,311,282,326,325,407,349,685,497,303,239,335,675,418,381,494,382,315,287,315,749,360,349,703,551185,437,371,414,515,361,301,478,521,369,296,320,650,
255,653,343,346,386,344,289,282,627,727,328,565,2716,384,324,306,301,303,388,323,438,334,321,339,320,343,464,626,413,333,312,378,299,391,309,521,396,332,272,329,568,374,326,341,318,350,297,304,630,365,363,560,511013,404,373,349,457,325,305,409,405,361,307,302,546,
256,528,369,356,377,311,262,254,413,593,317,455,2463,393,321,301,319,319,342,309,354,340,311,328,333,328,429,571,328,329,312,315,307,362,312,442,369,329,273,317,408,338,296,379,278,329,303,294,432,387,346,491,481026,421,355,385,371,337,304,327,357,344,289,293,396,
257,401,318,348,395,314,256,250,366,482,319,424,2275,337,320,302,317,327,340,339,364,349,300,355,301,329,409,471,356,304,287,300,285,337,314,362,307,282,231,324,382,316,332,333,282,320,268,329,399,338,340,365,445965,400,375,367,337,335,319,344,351,351,304,292,334,
258,366,350,357,414,320,261,256,342,354,306,353,2084,318,318,307,294,281,336,288,362,273,297,303,276,309,372,440,324,320,312,315,306,359,311,343,337,270,256,317,334,329,334,377,275,299,290,288,338,333,313,374,406540,384,363,343,359,323,300,346,340,324,299,268,321,
259,341,348,340,353,293,228,224,342,338,312,356,2003,367,351,289,275,261,301,287,309,320,316,286,285,330,352,365,380,289,308,294,286,346,310,308,357,276,213,315,354,348,341,366,240,275,288,324,349,301,337,340,374067,416,345,336,350,303,315,305,312,321,288,290,339,
260,387,316,332,342,308,247,242,321,314,326,326,1901,343,326,267,281,321,319,290,336,291,313,318,282,318,358,352,340,317,320,297,293,378,279,296,316,297,248,283,343,312,325,328,258,297,291,304,308,326,334,340,341639,356,345,366,340,311,281,313,343,314,230,286,343,
261,346,346,302,356,271,281,276,354,296,284,328,1724,331,300,260,280,290,300,309,315,296,300,324,254,302,339,337,324,286,299,335,283,295,267,343,336,255,211,308,359,318,319,330,254,278,246,272,335,311,325,369,313498,398,310,365,327,300,289,305,348,304,264,285,322,
262,329,345,301,353,285,236,230,319,291,334,336,1633,360,271,256,272,298,291,294,312,280,292,296,269,306,369,375,352,279,298,296,265,311,270,283,300,309,206,287,323,324,299,289,257,292,272,264,311,330,315,327,281521,356,343,319,336,328,287,311,312,281,261,266,353,
263,332,338,334,368,283,247,247,349,313,293,320,1463,340,282,272,268,300,334,298,324,281,265,283,276,326,352,394,342,248,272,252,281,343,288,325,271,259,213,268,288,323,293,326,242,303,235,264,306,297,269,344,255734,347,321,314,316,284,269,332,297,299,250,270,343,
264,320,309,305,352,246,234,231,322,301,287,285,1365,327,271,222,272,306,289,283,282,308,297,254,268,321,315,331,329,270,263,286,240,309,256,300,335,230,207,255,304,327,284,305,265,272,233,281,314,299,278,316,233403,353,296,325,290,299,276,318,292,276,255,277,312,
265,303,346,333,334,273,228,225,323,307,301,339,1253,323,293,257,272,281,297,271,329,286,256,303,252,306,318,323,350,266,299,268,288,345,306,272,331,255,160,262,321,313,285,333,250,293,266,262,279,304,292,332,211579,369,290,291,277,286,267,297,321,283,223,258,324,
266,345,293,277,313,255,203,201,297,298,295,280,1100,292,263,234,288,273,290,261,302,260,249,275,282,279,321,327,314,268,215,276,248,315,266,282,288,250,204,289,290,294,307,303,234,243,240,241,309,311,285,320,187093,341,314,318,293,303,227,296,307,299,232,245,333,
267,328,334,303,298,227,196,192,326,262,307,332,1062,296,248,243,279,288,280,253,303,266,247,249,229,322,308,343,321,245,237,261,245,350,265,277,288,217,185,243,329,284,273,297,214,260,215,237,289,249,268,340,168482,324,295,290,295,268,248,301,291,271,239,249,315,
268,275,293,292,287,226,235,228,328,295,278,309,955,278,237,253,246,252,262,264,302,275,228,270,264,293,321,340,308,253,247,233,219,297,250,285,270,217,185,251,292,283,289,273,204,253,226,275,280,286,262,340,150615,343,287,302,311,247,249,287,285,267,263,239,320,
269,307,263,265,310,241,229,226,294,265,281,286,806,296,273,243,249,237,294,250,282,268,258,236,251,283,335,307,303,233,211,235,222,281,289,294,297,236,181,237,273,308,282,290,217,221,210,244,284,268,264,346,136304,329,290,282,327,259,219,258,283,265,223,194,312,
270,284,298,256,328,219,210,208,296,262,240,276,775,286,241,210,198,227,280,240,284,247,232,242,217,272,314,304,280,204,232,241,256,279,285,267,269,210,199,237,298,287,283,275,199,240,215,233,265,255,257,294,120039,296,268,279,288,255,195,244,274,256,236,237,303,
271,301,281,276,334,203,221,217,296,249,259,283,676,287,248,217,238,242,270,229,276,242,243,254,233,250,275,362,299,246,256,207,230,275,261,251,274,229,182,216,283,284,269,271,206,226,216,214,299,244,259,307,108157,284,245,262,237,249,214,247,287,246,222,216,314,
272,269,260,255,283,234,213,209,275,255,248,252,585,234,272,184,206,253,234,237,249,236,229,253,221,236,308,343,261,249,227,224,229,247,267,238,262,205,173,248,307,251,268,271,235,224,221,247,278,227,239,331,96105,274,238,258,278,245,232,269,268,235,215,208,272,
273,275,262,260,280,202,196,192,272,252,268,277,523,271,242,209,225,195,230,224,270,262,206,236,232,236,287,318,286,225,224,261,226,288,218,244,250,195,179,229,274,277,250,288,186,234,202,224,242,216,258,301,87046,249,233,262,282,238,219,248,250,251,182,211,264,
274,278,234,277,250,203,216,208,265,243,228,241,429,240,243,213,217,192,275,244,265,225,175,225,210,253,270,279,258,199,225,234,228,261,226,266,236,219,171,237,252,258,226,263,208,248,224,232,231,241,218,287,76756,272,270,269,254,226,217,228,230,214,196,207,274,
275,253,255,243,320,213,198,197,231,249,239,242,387,281,240,204,222,219,241,202,251,251,200,237,220,209,287,289,261,240,209,219,223,271,256,240,245,182,170,200,271,262,277,258,186,230,192,222,249,234,245,267,69213,279,253,270,242,216,206,230,233,256,183,197,271,
276,260,280,246,268,218,192,189,255,234,194,184,337,205,211,208,240,211,227,225,250,244,213,249,204,239,270,280,232,212,232,225,226,243,217,227,265,190,144,239,289,256,240,260,183,236,219,228,245,227,224,252,62147,286,229,233,255,208,192,209,226,226,180,194,279,
277,277,241,247,262,237,213,209,268,237,198,254,308,219,218,202,215,253,232,226,231,216,195,257,178,228,232,263,241,225,200,212,216,216,205,236,225,212,199,238,251,233,211,250,151,212,224,215,229,221,233,248,57850,261,255,236,258,196,195,214,225,231,163,210,239,
278,252,245,261,258,213,195,192,224,230,207,217,307,252,204,191,207,213,228,211,229,228,209,198,197,238,247,281,276,216,211,224,194,243,217,229,240,198,148,182,275,252,212,253,176,202,207,202,249,237,251,272,52032,282,217,224,250,191,198,224,232,201,203,199,259,
279,253,247,282,233,241,196,194,243,181,223,243,296,242,190,202,200,211,215,225,240,241,230,237,192,241,267,236,272,208,234,224,214,235,200,204,221,179,169,226,216,235,220,211,180,221,215,211,232,230,237,232,47179,266,225,246,269,217,182,226,233,223,195,187,246,
280,266,234,246,224,214,163,157,229,216,215,236,287,247,209,210,187,217,220,214,218,207,216,210,222,219,265,279,251,204,196,222,215,241,197,225,243,183,158,216,233,240,207,226,149,198,184,200,206,228,223,240,43077,266,247,276,257,179,199,185,200,223,165,212,270,
281,233,235,211,270,213,185,185,227,220,211,234,295,254,216,186,199,192,210,186,220,221,190,189,202,224,219,256,262,190,210,217,201,231,234,238,184,180,158,213,233,226,231,220,178,199,176,195,209,226,249,254,39377,227,224,230,224,180,189,242,248,222,192,203,240,
282,246,239,226,257,177,187,183,236,197,232,204,289,239,221,207,185,222,196,203,204,208,205,213,201,234,226,266,222,214,219,226,214,211,194,208,214,209,134,204,252,206,226,231,155,232,196,221,228,204,228,233,35249,240,212,246,240,191,204,209,199,209,180,168,238,
283,229,190,242,247,194,154,154,225,181,218,212,272,216,249,188,205,220,202,228,268,196,205,208,227,225,246,267,245,212,199,211,196,205,221,198,206,199,149,208,230,194,199,197,153,239,175,200,218,198,241,247,31836,262,226,222,228,195,190,188,250,205,184,168,256,
284,222,215,210,238,201,209,204,263,196,209,206,296,237,195,202,193,204,224,194,204,244,190,234,205,253,220,288,252,206,189,223,190,225,220,211,200,192,150,230,231,225,211,222,179,205,195,198,213,219,205,226,28786,227,243,213,236,200,216,207,233,217,170,187,238,
285,240,218,237,261,200,178,177,214,213,192,194,268,225,201,181,212,186,181,211,206,199,193,215,184,230,237,261,223,228,163,210,180,265,197,212,213,172,157,223,218,244,201,221,165,195,194,200,214,212,215,220,27813,234,246,249,229,199,205,211,187,192,162,161,231,
286,222,210,223,255,185,180,175,223,193,212,201,272,216,209,201,198,216,222,222,236,212,178,188,182,228,276,236,214,178,202,199,194,220,197,191,203,205,165,217,245,211,213,210,149,205,194,203,224,202,215,248,24484,231,219,232,234,197,187,208,220,205,178,188,254,
287,203,214,216,209,204,167,163,226,203,197,197,262,205,185,163,178,230,222,214,205,212,198,239,208,223,258,259,242,164,192,193,210,197,212,213,222,143,161,193,217,230,212,221,150,186,182,181,216,199,203,229,22001,231,226,252,238,172,179,188,224,191,187,182,238,
288,234,231,218,249,187,160,158,191,197,187,236,243,214,204,170,181,201,179,189,243,202,199,195,217,205,228,267,224,174,155,211,156,218,191,194,209,175,128,202,208,233,213,225,160,185,197,185,215,173,195,214,19302,213,186,199,238,194,155,188,197,183,152,165,235,
289,212,198,223,236,179,130,127,211,207,190,200,229,195,167,169,180,205,189,194,222,203,178,200,180,200,234,230,225,191,182,181,176,205,187,210,215,190,130,174,213,203,214,195,165,192,187,195,210,204,191,233,17435,253,240,258,228,166,179,144,209,209,167,177,234,
290,237,206,199,255,168,155,153,203,205,186,200,231,215,190,160,173,194,180,196,221,174,190,189,180,173,241,215,217,166,195,173,163,226,192,215,210,157,156,201,234,209,188,205,139,179,170,161,193,187,193,221,15249,206,230,221,227,158,184,180,242,216,169,167,226,
291,212,217,219,236,186,170,169,208,165,189,203,228,211,178,148,164,187,204,180,210,188,131,186,185,204,224,234,239,198,195,166,188,203,183,181,178,180,139,196,215,184,210,191,148,175,153,165,192,186,184,247,12832,197,192,241,219,185,155,180,208,185,146,174,237,
292,198,220,200,234,177,156,154,177,149,206,202,200,230,199,168,174,176,187,175,202,175,164,168,177,182,211,234,205,188,183,194,160,209,232,213,205,156,140,178,198,203,180,192,160,160,196,171,221,197,168,220,11640,209,190,236,189,168,180,205,211,210,168,161,221,
293,221,181,193,213,178,147,146,216,160,195,200,212,224,214,171,149,157,185,216,200,204,180,184,152,185,206,235,235,167,183,181,199,201,178,188,178,157,127,190,234,183,201,219,142,189,182,167,171,165,176,202,10335,207,235,201,224,175,169,146,182,187,176,155,233,
294,215,186,221,231,197,138,136,208,177,170,199,206,188,193,159,168,169,174,171,199,179,157,177,157,204,215,236,227,180,177,217,158,196,191,172,189,166,138,217,211,213,186,193,133,191,181,155,194,190,165,219,9100,214,209,191,210,173,181,196,204,185,168,154,222,
295,209,180,206,214,177,137,137,168,164,166,175,194,184,198,155,156,185,187,206,161,173,168,205,193,188,205,228,207,156,182,185,159,180,172,198,183,150,128,165,186,178,191,182,116,178,165,172,184,172,202,193,8172,203,199,186,233,162,162,180,187,221,156,156,217,
296,209,172,188,219,191,151,148,193,174,197,201,187,193,189,175,157,142,184,181,204,172,176,184,158,172,220,203,208,160,173,185,163,202,198,186,185,159,110,182,193,191,204,182,161,175,167,176,194,193,195,217,7422,178,224,210,195,174,159,161,184,172,139,151,217,
297,205,188,198,208,165,150,149,203,175,179,190,184,179,184,169,173,186,169,169,155,155,171,172,169,181,218,215,185,144,157,183,162,185,190,191,181,161,130,192,220,193,196,182,149,162,165,177,195,183,168,201,6788,219,174,215,179,146,153,185,177,174,161,168,207,
298,192,185,197,197,160,133,128,207,162,161,214,193,180,168,173,151,172,174,169,180,156,168,141,151,168,211,221,188,158,194,181,185,197,184,185,180,153,126,162,230,197,189,185,144,172,156,173,164,180,163,183,6070,211,207,197,193,175,155,151,170,170,155,140,220,
299,173,179,195,200,170,132,134,190,158,166,146,175,189,172,156,182,183,168,174,187,179,153,168,159,204,201,212,201,174,155,163,160,228,174,187,171,172,142,173,207,191,188,209,126,174,146,178,174,191,194,208,5652,178,183,187,203,183,159,145,180,187,147,150,217,
