165,393852,394425,394008,472774,882070,173949,254194,2501176,511772,329711,440317,351212,898059,889907,495603,662905,410221,391722,378788,418421,875569,776953,985628,675920,443942,507745,442809,480908,798246,588957,716916,600912,370197,410583,455835,370025,957526,591501,506442,1582394,420768,421901,432576,472164,726876,736308,819491,2361609,480390,339754,432152,419322,862050,679892,648637,2544511,332590,347596,370716,410729,813006,727388,919605,1081963,
166,440415,446494,447023,537450,1689035,285168,456899,4121391,596404,371964,498556,394655,1623058,1670825,663036,1080594,444414,423497,417927,450186,1618791,1256453,1908760,1215613,481988,585483,489773,550388,1442228,904421,1234365,1047525,418919,464790,515034,408870,1673036,864319,677445,2788913,470270,476869,472335,523034,1243268,1367322,1412479,3731041,545061,382948,487744,474113,1564633,1125243,850370,3885087,373883,394834,419817,461993,1499062,1219757,1767592,2045158,
167,488856,498172,498960,608429,3187061,504187,803033,5661970,741597,412561,560155,437896,3188384,3267568,1151007,2145638,484317,463158,462286,492034,2903900,2348368,3330881,2332996,533861,706690,541115,658135,2757817,1735067,2390802,2075407,467473,524978,575317,451525,3016434,1631650,1196971,3632448,521259,545893,518640,582827,2392868,2646297,2611230,4533824,613037,426231,561052,523309,2936090,2180853,1413635,4875264,411160,439364,464893,517789,2810155,2300399,3144255,3258744,
168,554722,565267,580788,740116,5056763,910029,1290349,6076541,1074424,463065,682615,497493,5425530,5483892,2384248,3990927,544524,519322,531518,547355,4234395,3927892,4571427,3684485,613050,1008079,624302,909326,4322910,3158397,3927110,3467114,527846,632670,696582,510426,4459638,3025850,2353716,3945728,601867,697840,588682,689055,3920481,4122528,4070121,4745895,713080,482895,709854,588622,4659527,3769994,2735163,5132081,461449,497701,519630,623889,4380643,3871213,4510392,4189030,
169,662711,671357,746702,1073606,6547246,1396438,1781375,5270784,1794748,536623,948296,584560,7384336,7092838,4213669,5992961,634706,619392,676890,636977,4973577,5109599,5135671,4483657,765854,1728791,800446,1509350,5249524,4403264,4973846,4432549,611643,895258,957730,603300,5194664,4276158,3643190,4008992,759093,1053900,707075,910899,4930920,4905497,4961973,4743328,913668,570968,1041756,678780,6107263,5227338,4533728,4751080,536157,592965,592153,863498,5511691,5153240,5245778,4578496,
170,996444,1029624,1307535,2153950,6245085,1916185,2464042,4893780,3349992,755358,1782830,879216,7074528,6441231,6042225,6461673,905974,946922,1211570,899187,5149962,5583848,5233714,4720149,1314793,3512558,1418240,3085639,5380313,4952769,5271498,4727847,854454,1782661,1816898,901022,5351344,4891750,4468492,4041613,1303245,2162979,1093529,1647787,5199304,4991217,5158662,4766510,1617276,852069,2009840,921802,6217042,6057304,6329834,4612119,748458,923197,783401,1639531,5610078,5718569,5227843,4569018,
171,1759279,1934369,2449649,3717694,5529846,2595417,3810159,4952637,4587137,1313721,3125997,1620187,6097633,5578655,5817703,5546417,1637038,1758347,2402157,1576773,5106140,5560905,5263514,4779706,2560095,5550706,2703770,4905021,5319432,4893276,5204847,4681037,1488421,3182624,3247780,1641450,5424706,5016438,4707737,4121366,2448980,3737193,2021908,3068675,5134023,5016839,5141966,4862777,2989317,1542916,3397234,1525705,5556733,5499323,6817647,4687386,1262973,1733561,1256877,2908376,5286206,5510889,5138504,4552629,
172,3333947,3756312,4160023,5221170,5514169,4031496,6873829,5241305,5238365,2670677,4644695,3128083,5991195,5547245,5114157,5275605,3562193,3625138,4586327,3300446,5180947,5615884,5379075,4883427,4963261,7312681,4868069,6763244,5452937,4924786,5282343,4764227,3031344,4819995,5026541,3269435,5618562,5163096,4873137,4281434,4374475,5580213,3965721,5235325,5207671,5239377,5244413,5049375,4835626,2998470,4733099,3061130,5450915,5254142,6282039,4850901,2495567,3269338,2500544,4303290,5309922,5450267,5264279,4628285,
173,4716805,5144986,5173840,5593737,6393368,8512292,13957366,6232192,5363974,3995627,5323311,4336087,6967591,6568247,5581527,5963731,5954878,5688788,6242388,5397399,5604019,6105227,5922149,5485723,7033056,6797505,6673595,6567524,6140495,5428276,5822783,5340911,4580435,5543287,6104391,4877729,6503774,5948862,5736846,5107565,5908565,6293515,5923549,6959493,5758016,6215185,6091094,5904167,5687938,4224450,5096919,4643398,6001105,5664966,6340861,5501030,3714290,4364660,3887560,4818454,5831316,5849771,5914203,5055089,
174,5485119,5660989,5306801,5512783,56779153,58836347,65315804,71095908,5454736,4851338,5406394,4933555,66783373,68220324,90119600,57271953,7338819,6609766,5951412,7055906,48641008,51712419,59788215,67444924,7037363,5886951,6711908,5687844,50969165,44049934,47438806,54513820,5597079,5424031,5977736,5957051,73613961,72865685,75954665,82532719,6156227,5694470,6989600,6944789,55881865,75749683,85637463,77924576,5891158,4818525,5028322,5677482,51832639,44949130,49213237,60779381,4533279,4892426,4980538,4927284,52259193,55463918,63128929,59723365,
175,5468418,5627316,5291422,5752425,134698720,163990881,168527116,216033208,5688955,5016627,5492207,4975070,207022837,214240523,260030906,326443596,6620059,5907619,5379027,6580872,167912492,178193627,205205295,223500323,6294604,5821237,6044689,5584485,180105256,157922219,163432440,193689273,5738103,5537547,5826526,5729674,218713044,216372147,226568228,241377932,5864439,5576860,6477278,6332499,192951309,251223984,263245392,240684026,6127175,4896114,5110993,5747536,171977473,143322156,158320168,198541771,4768992,5136183,5294542,5084733,174921868,162289311,209757794,194339727,
176,5719586,6238133,5882091,6789096,275109402,232411634,227540435,286914549,6492335,5342153,6067247,5377077,273087736,281601722,261953870,271640895,6246334,5578633,5446685,6022286,209192931,216664669,241081178,206234546,6184849,6352040,5940544,6003692,224393063,211850153,191234941,205261186,6191275,6163608,6177336,5637887,182514427,174496945,194889789,190767584,6002453,5899872,6247941,6294638,214248664,197675976,196378912,213441459,7215026,5377459,5776171,5897999,256593902,218271813,209582433,275321608,5215907,5966136,5741961,5828575,242821481,225779464,261728634,232601499,
177,7619659,8824110,8280226,9866813,321131356,284471248,299529548,348039018,9314268,7408144,8255923,7474624,335587261,339813295,292864372,305993367,7779371,6806057,7046998,6695899,147824575,244602649,223847549,291570402,7466215,8096787,7093255,7782629,222427926,204083243,186870391,196410387,8365955,8551808,8115483,6848405,130440191,159534172,166290939,169909845,7521934,7660652,7541928,7770525,219700773,171903837,168219973,166748030,10437547,7625358,8257702,7813893,311668449,267799928,266915961,308925930,7443829,8833199,7931337,7772003,276266148,269856641,274482186,238903890,
178,61561681,64270794,63340849,73950230,352814079,315611477,343767237,397312300,93833121,65012045,58453852,62895608,388940343,394492498,343575702,353253573,79965582,96256248,79217121,60514845,164651825,195222038,229818842,299108926,75369205,78197520,62432938,71675217,218197831,208452450,189122065,136404456,81541951,73120168,65739247,57250559,158131119,156745122,158427294,158742123,59736989,64084992,65638324,73520903,205189956,164740009,97622654,166840014,104864302,75403476,69065291,57832563,355316557,300798097,294661209,336341674,95612793,99358730,70884631,135587775,305799258,268244786,285326988,263331148,
179,155821711,163514289,160222975,167337736,367732663,329874060,366358337,430427110,213751110,169805313,146390913,161678782,432092148,443622747,394266281,397119318,241062198,236488027,204837298,164852056,207834687,229196133,223615916,294806918,192011222,195767986,140981111,186738880,241606822,197426207,193373224,224841174,195829570,116637356,173570105,147678013,158731441,156936278,161204752,163037562,154634471,162913193,157656504,188597857,213632601,164925134,164163690,168003661,241399046,191205196,180843965,153513625,373795701,316881330,308121015,355721077,226989868,259189131,194592498,230669031,319782331,291401135,285519860,257932050,
180,46307740,182566342,178154207,193327829,389629671,339104449,389419652,444045200,212174474,193530760,164595419,173586846,474116016,487782344,456225013,426945236,272796583,259063216,235456280,195821204,184345718,218276671,220299803,299714720,231713048,235381544,197654648,221238453,222719091,193875169,177245917,194079403,216267784,196255142,234059896,196984638,158687683,156921350,160041102,157853221,199318845,208506503,209020183,227733856,192534819,163751989,146317737,164831954,197167142,179547712,181635969,127339486,395334647,330587655,314993110,364781302,200193846,197147086,180072612,197841995,324755347,294165230,277841100,264249240,
181,185713306,181564073,176165032,180301983,408447842,352263449,418447764,470730795,211562095,403648781,123328884,130300349,513489360,525448672,509021405,487686867,290611220,284193469,275922164,219835841,190131742,206111295,212678156,291843934,262124258,287944687,242251616,259856805,198772719,186332023,171391247,178937271,238626563,232517709,278777171,233735741,154500079,154996856,151068710,156432707,237654527,226038308,248596264,265819778,220957260,160210884,158988687,159695920,178731791,168961005,171924029,180210322,401206039,343477251,319929001,368308255,169343460,182135150,171119449,299531216,326691883,295841266,254568584,265502118,
182,204140366,186924211,159272246,192783202,421636576,377293736,447751823,481133317,221457409,329209708,217602898,211942133,530704091,550780407,542828689,526286297,323965088,319243394,322217888,261504593,179504340,192888628,208509419,203167216,329342427,339250177,291174349,303088004,178392252,174488590,163365229,174625150,273980524,259500708,299428747,274160783,155653824,153132558,151817488,154856311,310387591,277878550,296343760,297341151,168065332,116446777,156324240,157058813,165238137,163853829,166073628,322587478,388391664,356435881,319471146,373659304,174086864,164002341,146865912,165053982,330546872,293633256,268685766,244033150,
183,193685175,189381372,181444836,189801142,431080701,387559599,463927793,484854374,220619097,195511311,190314783,178367351,543476238,564733617,567074584,583301961,355169986,362206029,359231215,304976613,174433023,189114982,199652793,249766803,368582536,365384747,316811914,326211051,175983278,170370359,160202725,171626047,433587013,271146199,363168680,299100217,155518709,153137740,153799205,155052085,297634475,298280038,329350224,315385947,161845526,159617958,155017001,156747162,161944546,160565125,162900358,185583756,345290652,361127671,328564437,352392889,161019371,169118966,160426728,161301475,307221451,284219483,254406379,230343081,
184,211569659,189146733,174394618,181123799,207335444,414717876,472871818,487794044,222964618,212843503,197569254,174514584,547784149,575275144,572169942,568721405,394897801,398011437,398165934,342290402,170939257,189215577,226259034,251468612,408437076,400157758,330994872,336736289,167518199,168662219,158138369,168296265,310211978,274125225,327181635,325858498,153454114,152667781,153580104,154681719,314748426,313023057,353164283,330446140,162223376,160991181,154315521,156641164,159918070,158866327,162818115,183715453,375300276,358750294,331173405,353698276,158356777,156055479,159142207,160298683,301240329,282911699,252508533,237077869,
185,201425616,190959725,172613027,177959281,463177964,443388374,464075878,483876405,214164452,213951208,182541595,172687323,547693766,571777391,572841393,576524903,417103411,423008071,433109424,375103842,166683690,180830722,169942519,238317709,425265103,450839414,339615339,342975856,160880391,164914210,156655397,166166696,299360920,265539446,384585556,326545666,151830904,151966623,152446528,152800037,317612029,318751050,362248444,337733957,160184158,160171017,153907548,155259163,158537012,157636498,161525551,186237161,385979755,367859144,341361684,362411757,149158336,154770736,157680854,158706703,301310596,279751220,253523259,178840631,
186,198079934,190813098,171946941,169736156,487908349,461944104,456987054,463775826,202693808,202994514,177370918,169116061,525057015,538825944,548777303,585694805,462637275,442341360,459582302,410136129,160463767,175833197,170910355,218543388,457941459,438789403,351486289,351746290,162253849,161261953,154452286,164677588,298255747,264319838,394682966,332735760,151239040,149952706,150909242,150443334,318134010,321745059,361241050,328095127,157109869,158614109,152314353,152953220,156657639,157005856,158878843,174759155,403299869,377984400,344478720,367500706,89470685,156717457,155830205,191595107,301573486,276602083,250184962,243112674,
187,182756871,192432932,173223179,168594890,427829566,399248583,406330743,395801021,204841326,188014472,172036335,166288923,432574825,440086551,450704169,472396071,467088182,477596335,476176949,433427301,137025559,134257514,143125195,182728904,471439635,465191149,368928095,367710447,142325821,138606180,133545326,142340335,306453420,261883144,402371027,325220771,130254383,129263828,129718229,129899835,316826392,321575959,362357178,351644022,134784161,137370421,131690559,131841819,155399134,155533306,157455083,171794990,356509512,335002314,273231515,335610732,155304777,155845373,154512106,158734301,263683840,238575037,211833516,213116783,
188,188444524,192074959,168674981,167352986,225542554,211480015,199312973,203827397,195440862,181665261,166748766,161409205,221649006,214136381,229486004,241063539,473813655,460177931,492653432,445986213,72938142,76188939,75306144,90239926,487147903,478995025,392087791,384064067,41978767,73888997,71975631,76718888,286284206,264297533,412452389,319955027,69550270,69514961,69578060,69401666,320988638,323227230,352355431,362807902,73635689,74747612,71455110,70949470,154365125,153829926,157510275,168897141,189260439,181122601,270252945,181659650,153322741,152688501,153408902,153780371,139775856,122589812,107802854,105075381,
189,171417919,187826999,166616107,188163793,20207126,40093078,38403446,33653055,191729769,177435336,185707131,158592782,36333062,36142125,36396901,38448671,465677873,450332188,464813888,438452514,14902193,15595546,15226469,16392659,463107809,430472413,409006869,392776672,14840518,14768280,14846796,14805322,280786871,224369331,386417142,302925654,14795049,14448283,14253647,13736223,313955521,319227271,349986626,350637397,15032809,15321002,14839263,14502244,149485937,150014248,152244466,163501679,32291310,31232427,29956935,30836465,148966767,148384572,148940702,149179218,24952506,21841758,19424944,18463768,
190,136477400,142124228,123466252,123520987,5488595,11640377,10934159,5188241,141409827,134202583,113033005,118458610,5953120,5507995,4964255,5420506,359194875,344077907,347844066,332027472,5229590,5596373,5329932,4832614,347035160,339324158,313028139,312901038,5368219,4906952,5250583,4712533,204874826,172917027,281649169,230096149,5545300,5157890,4857168,4293258,241171030,248753023,241225208,287549619,5256338,5055026,5280391,4970105,113503180,113236661,114873360,121145347,5567388,5337696,5971650,4929377,115642577,112429622,112948586,112868935,5353233,5492288,5134021,4730965,
191,61293737,63624290,55734219,55280359,4881973,10929786,10845689,4631947,62649646,57441325,54027794,53117756,5363047,4940220,4347813,4783736,159236269,151583291,150333061,145340619,5022920,5383108,5126645,4607390,151188872,148570053,141669216,134660932,5154103,4704430,5060127,4504202,91320824,79773898,130410414,100786259,5338832,4944731,4635274,4066005,111882683,112711471,106363434,150495615,5042894,4826812,5075899,4770039,51999233,51433791,52032589,54768901,5032416,4814668,5449856,4422248,50889412,51200549,51665842,51179458,4931406,5149068,4835741,4461601,
192,8244266,8372065,7818698,8001691,4863309,10729008,10618681,4618908,8455768,7465164,7888924,7387091,5344116,4915177,4334692,4760587,13783401,12817209,12475898,12808051,4992273,5362411,5103046,4584258,12969362,12996987,12785254,12653594,5135681,4681611,5034519,4489134,9886817,8861442,11784168,10516420,5315061,4929646,4609815,4044394,11539909,11380528,12496610,12904790,5037651,4804864,5057773,4751624,8254748,7259322,7561600,8202641,5012790,4793505,5431282,4414719,6722905,7390802,7802180,7431549,4910790,5127917,4813296,4435417,
193,5653528,5673436,5410333,5725930,4857795,10632045,10488075,4615912,5808304,5173870,5648258,5147740,5337482,4911203,4326388,4753752,6565446,6027799,5857415,6324428,4981975,5355907,5094110,4571042,6351609,6479261,6333519,6315458,5130870,4672970,5023028,4479952,5959471,6141144,6408138,5789331,5304993,4916556,4597285,4045608,6124892,6066758,6434082,6644724,5035351,4805823,5051018,4746969,6115120,5050552,5381323,5959010,5002749,4787455,5422611,4407730,5204372,5243895,5638263,5279933,4902499,5119190,4808434,4427877,
194,5124321,5133398,4988962,5240665,4848086,10475684,10225441,4606284,5245603,4661301,5173961,4687993,5327027,4906227,4318734,4749344,5151509,4689032,4542154,5037328,4979445,5346407,5085672,4565940,5032602,5174296,5052556,5054863,5120744,4670691,5015239,4471584,5148060,4894561,5228496,4758351,5290948,4911775,4591478,4036165,5011381,4922205,5148373,5347900,5018376,4791085,5036571,4741403,5665439,4662776,4935411,5498274,4994957,4781157,5414348,4401630,4765325,4806859,5186340,4844461,4894787,5108559,4797667,4423390,
195,5076258,5091742,4945682,5207860,4839804,10203202,9680770,4600752,5196193,4621200,5130291,4642011,5322537,4899082,4312851,4737974,5059745,4597720,4459577,4966684,4973740,5335671,5071568,4559511,4944539,5101434,4969092,4970470,5110258,4662271,5003511,4463851,5093197,4837834,5156518,4689907,5286493,4908809,4580610,4038990,4935467,4843439,5065427,5268902,5016202,4784217,5029517,4736439,5634827,4621946,4905818,5456288,4990415,4770648,5406020,4403019,4730328,4780965,5162062,4818123,4888050,5095786,4787638,4417746,
196,5062637,5072358,4927326,5188915,4824567,9708795,8586427,4593996,5177661,4641300,5115884,4625380,5311749,4892443,4308783,4735271,5040622,4571949,4437244,4940695,4967488,5334167,5069876,4553643,4921323,5068598,4941964,4940213,5105782,4652209,5000384,4460231,5067687,4814179,5128290,4660011,5271002,4895325,4575002,4031930,4905631,4820177,5036984,5242499,5003555,4776820,5022112,4731490,5617082,4613877,4891089,5440915,4980715,4760771,5395222,4394971,4716685,4763441,5145382,4807016,4878227,5098948,4779715,4412933,
197,5056010,5070277,4925166,5181336,4814810,8492047,6377661,4592907,5156580,4628904,5095174,4629514,5298509,4881592,4300265,4730103,5032378,4565978,4425469,4932062,4954935,5320898,5057947,4544534,4914520,5058312,4931424,4930094,5093328,4640580,4987478,4446019,5062897,4808086,5118359,4648879,5261778,4886171,4564554,4027616,4898925,4812432,5032389,5235244,4996639,4767168,5010071,4725631,5602376,4603159,4885421,5447187,4972957,4751900,5384931,4388698,4703376,4754984,5133568,4792449,4874016,5095207,4771595,4410606,
198,5044548,5058931,4914698,5169209,4810994,6125005,3366237,4584887,5154940,4624212,5093320,4623030,5287634,4872086,4294508,4717685,5023335,4553776,4418688,4922882,4947788,5300819,5043148,4538635,4898108,5050545,4926274,4926442,5080060,4629715,4979353,4437811,5056616,4800127,5112238,4643166,5247438,4874827,4550679,4029413,4888255,4808413,5020550,5226385,4985647,4751507,5002299,4724853,5593669,4600958,4871009,5433615,4966180,4745378,5380410,4388418,4695766,4749240,5132380,4784187,4863682,5079764,4766231,4407845,
199,5032183,5043917,4905481,5160108,4800903,3631947,1805342,4582104,5146467,4616918,5080590,4616937,5269832,4858931,4282802,4699865,5014087,4552697,4413670,4913598,4936840,5300911,5033565,4526897,4889109,5042682,4921622,4913385,5066387,4624935,4969038,4427366,5046221,4789563,5100813,4631225,5232131,4859015,4537474,4018636,4880447,4792705,5011847,5216282,4969763,4731161,4986797,4718855,5575632,4590012,4860849,5420462,4954881,4731630,5366839,4379975,4687246,4742954,5118596,4775797,4851691,5073401,4756680,4403633,
200,5026368,5037858,4892163,5147426,4781488,1884176,1058750,4582386,5129823,4604959,5071072,4599372,5250160,4846870,4268365,4692000,5001219,4542842,4401765,4902804,4856016,5284829,5024285,4519847,4880711,5034965,4902793,4903825,5054948,4610294,4954721,4412920,5035646,4781050,5092118,4629263,5211559,4839880,4519002,4020210,4869585,4786107,5006505,5198442,4958879,4722512,4976738,4716825,5569023,4579945,4853766,5410587,4943938,4724374,5356403,4375418,4682172,4731215,5113525,4769039,4846967,5061650,4741890,4399004,
201,5016484,5027117,4887353,5131473,4763409,1102542,824872,4574778,5122904,4597447,5059644,4592324,5232255,4819792,4251699,4671240,4989931,4528895,4397036,4891797,4784246,5273299,5004639,4503434,4870090,5025397,4882814,4893083,5033862,4598007,4934180,4405770,5026637,4770571,5083893,4617782,5194355,4816694,4499522,4010654,4858834,4779518,4999576,5188996,4946506,4699945,4953897,4703069,5559943,4564283,4847810,5396753,4928146,4713062,5345745,4372258,4666811,4724282,5105472,4756770,4831054,5044760,4725615,4391745,
202,5011777,5017818,4871345,5124400,4747608,828513,747352,4563401,5112022,4588331,5051356,4595845,5202004,4801019,4233156,4649577,4977757,4520426,4382987,4879584,4761125,5256507,4979864,4486649,4854740,5017417,4871690,4883580,5007877,4567594,4911353,4376051,5015220,4762797,5078122,4610157,5167303,4786959,4478417,3998010,4849664,4775457,4988073,5182750,4914150,4675867,4933924,4688569,5532569,4553156,4836874,5387182,4905135,4693928,5326915,4363314,4658554,4708659,5091683,4749274,4809180,5023189,4708859,4386434,
203,4999213,5005482,4864176,5109232,4722814,749409,712381,4550597,5101109,4578312,5042085,4583474,5181782,4780142,4211764,4632272,4969093,4510049,4373363,4871690,4746772,5232569,4951530,4462075,4846125,5007359,4866776,4876296,4979562,4549341,4881874,4351903,5003464,4753567,5066469,4599393,5142388,4768221,4458890,3980897,4839581,4762353,4985454,5174277,4879217,4660925,4907592,4678879,5518654,4552280,4821368,5379466,4883623,4672211,5303975,4336098,4648937,4689747,5080469,4735438,4787282,4998906,4685434,4381965,
204,4991416,4985725,4845137,5094014,4708951,717831,689450,4535415,5094803,4547199,5024885,4563204,5166814,4760624,4192632,4603036,4955904,4501352,4357522,4860531,4724289,5200422,4924776,4436086,4829159,4989261,4854892,4859479,4953084,4520730,4859369,4332841,4995071,4742522,5051085,4587601,5119325,4746986,4434097,3975942,4824408,4753322,4965484,5160178,4848440,4633410,4885804,4660942,5483644,4532097,4806197,5360826,4864261,4657446,5279477,4331375,4629083,4670843,5062103,4716313,4761716,4976697,4662505,4372644,
205,4976641,4977052,4835801,5074697,4684848,687957,661105,4524393,5083310,4557836,5021327,4555674,5142818,4739678,4176317,4589514,4933726,4485567,4340920,4844992,4696086,5169967,4897354,4417241,4814466,4972394,4834792,4831305,4924461,4501394,4830195,4307049,4985497,4730928,5041126,4579750,5088358,4729510,4416292,3956278,4813409,4738607,4953394,5145574,4833364,4622582,4857467,4641745,5461814,4511665,4790708,5348603,4838898,4631327,5247457,4317811,4615474,4652030,5049102,4700657,4738275,4949187,4638733,4354141,
206,4958592,4949549,4810463,5049100,4656278,658377,631771,4504756,5061348,4551071,4996385,4529157,5107079,4715989,4159033,4568241,4901396,4467580,4322332,4832453,4666789,5135384,4873214,4386898,4791702,4946872,4823918,4810333,4898374,4471487,4800403,4281617,4970299,4706418,5025855,4569309,5056538,4711456,4391565,3943751,4797514,4715910,4937064,5121808,4799762,4584980,4831428,4629121,5422604,4496607,4767731,5318955,4809671,4606817,5215395,4303211,4584897,4629502,5017379,4671677,4713252,4919658,4610732,4343206,
207,4945046,4930917,4788340,5019772,4630159,631730,604351,4491334,5037658,4538819,4975207,4513650,5087668,4689028,4137091,4545659,4886134,4453947,4300322,4807313,4642569,5100295,4841822,4364722,4766526,4933753,4816120,4789756,4875713,4454326,4775917,4261872,4946466,4683430,5004586,4550895,5025063,4680850,4368951,3936868,4768642,4694349,4917771,5093426,4777844,4556186,4808739,4610687,5397308,4471877,4741571,5282691,4784417,4582905,5189258,4288495,4566567,4607449,4990732,4648362,4689816,4894291,4580963,4324091,
208,4922186,4896873,4752489,4984348,4604403,602610,573954,4480692,5015773,4507554,4944474,4491226,5052621,4664593,4111922,4522905,4856853,4430850,4278738,4782450,4620074,5068797,4808019,4337779,4741362,4906325,4795198,4766244,4839580,4419759,4749930,4236257,4916561,4655936,4975524,4527490,4985294,4655858,4341727,3924822,4742031,4669670,4892806,5070538,4747348,4515563,4777142,4594912,5375010,4442747,4716328,5253046,4761537,4556167,5151700,4275447,4535681,4583246,4968518,4622318,4663715,4864217,4554831,4304342,
209,4895337,4871780,4731006,4967273,4574983,573384,542913,4457863,4983788,4456425,4916510,4473264,5019634,4637760,4088844,4497038,4835331,4413369,4252730,4759075,4595134,5042133,4784423,4313230,4718429,4881787,4770684,4735624,4807072,4394271,4719645,4207488,4893696,4628555,4949861,4507893,4952752,4623658,4306027,3916018,4716293,4646840,4866961,5045791,4720491,4487347,4751189,4580846,5334342,4417982,4696510,5231789,4734257,4531732,5126355,4263224,4514713,4563054,4942506,4606087,4630352,4843968,4533044,4301044,
210,4867963,4841273,4703668,4931026,4544293,539701,506633,4444012,4949506,4451884,4885754,4446983,4969258,4605145,4052821,4467447,4805531,4385631,4230992,4730664,4576992,5007681,4746247,4288846,4690653,4847675,4730290,4711216,4766395,4359135,4671239,4167049,4856595,4606428,4914177,4479488,4913118,4578124,4267295,3904216,4687928,4614290,4832921,5013633,4686965,4433761,4715068,4562034,5295860,4391598,4670404,5196646,4705671,4503365,5087853,4241064,4492823,4536041,4913018,4575952,4600812,4808730,4500356,4277723,
211,4836755,4815110,4680355,4902788,4499348,507651,472258,4431477,4926682,4439405,4861943,4422849,4903256,4569391,4007341,4426234,4776390,4363225,4212887,4716132,4653429,4970942,4717059,4249612,4668536,4834405,4723423,4694409,4701911,4310544,4611224,4099756,4827334,4578769,4891516,4450554,4869284,4510750,4202201,3887546,4659332,4593049,4805307,4984541,4643960,4306833,4689697,4546333,5266508,4371812,4643775,5168663,4670955,4470741,5053990,4229216,4475492,4511102,4898690,4555584,4565992,4781463,4465278,4264051,
212,4815684,4784223,4644786,4863037,4401164,475803,437597,4411849,4895803,4411286,4833983,4396874,4766694,4511408,3920161,4368585,4734303,4338001,4185813,4681754,4615445,4922612,4664918,4192351,4634649,4806021,4685994,4664099,4556754,4198685,4473716,3921930,4796777,4553395,4861441,4429007,4804486,4383967,4080660,3876447,4631355,4570398,4783965,4955935,4584720,3994742,4652278,4527554,5220618,4342729,4619696,5138322,4636685,4437089,5004027,4209914,4445380,4478329,4865088,4533469,4518878,4748987,4408545,4255083,
213,4786991,4750595,4619506,4826450,4133718,437703,395161,4390140,4865529,4373680,4807137,4377221,4413284,4370321,3690307,4237974,4698320,4248385,4159436,4657100,4564428,4805064,4524657,4032781,4606999,4786297,4655175,4634375,4143108,3885716,4086697,3466051,4767422,4521554,4832331,4404724,4649542,4052898,3755260,3861884,4599775,4545501,4752921,4929355,4406486,3282071,4581844,4502599,5188479,4308593,4597077,5104542,4565532,4347648,4916885,4185361,4425548,4442824,4845118,4508615,4378668,4689847,4274080,4228612,
214,4753127,4713411,4584313,4781437,3425240,390359,338881,4353803,4840206,4342567,4765478,4335553,3509351,3946427,3058943,3840349,4635849,4280906,4125176,4626461,4401912,4465734,4086356,3571286,4572514,4747007,4625697,4603838,3192928,3105753,3166297,2535766,4727055,4492191,4804062,4371843,4197534,3253920,2995231,3830394,4571865,4520588,4724544,4897963,3894192,2121855,4390352,4474955,5110258,4283448,4560149,5059502,4344609,4067103,4646346,4122179,4386995,4376765,4805307,4473264,3956412,4512188,3857632,4211230,
215,4724806,4658393,4549176,4715421,2350910,336374,272728,4286529,4803945,4320813,4735925,4311067,2251337,3085154,2081597,3009279,4525985,4252670,4074869,4601385,4001659,3722127,3236474,2726194,4525982,4718743,4603092,4564215,2010657,2041513,2006614,1510990,4689483,4450227,4775923,4347737,3306965,2138094,1954463,3787239,4538242,4480896,4689709,4862342,2947941,1129350,3906718,4426732,4982570,4236499,4536457,5016506,3800603,3422962,4012594,3959381,4346518,4281995,4766080,4440277,3116237,4077375,3051397,4173102,
216,4696068,4559325,4488254,4535140,1255662,266936,192096,4083644,4771840,4285487,4698174,4251543,1129449,1862367,1079257,1806991,4262158,4213887,3963066,4561910,3113651,2519885,2028870,1625639,4431812,4671434,4578122,4496021,1012570,1055444,1019585,740956,4606719,4374001,4740629,4311335,2028421,1089883,986353,3654779,4477182,4421651,4641834,4811525,1738531,560999,2914065,4291565,4664834,4148403,4486854,4950251,2753359,2319987,2846472,3473923,4279919,4045614,4715144,4382211,1938731,3147224,1916939,4084148,
217,4654655,4323070,4362712,4109333,631557,191848,120095,3545848,4718930,4190811,4649663,4134680,585416,933653,524803,887046,3673118,4138370,3701080,4484260,1957717,1386529,1061599,818210,4218267,4585560,4531829,4341308,536374,540260,537192,402602,4431091,4204441,4690678,4255024,1045747,554303,495695,3270298,4347288,4270460,4546729,4732514,871663,363032,1729833,3899491,4031503,3940758,4408786,4818888,1591149,1255789,1602265,2574229,4149990,3565049,4635107,4276466,1002381,1954110,1003432,3818689,
218,4583764,3595344,3925023,3079877,384289,120053,71402,2467076,4581924,3936013,4520072,3735368,390030,487512,317108,456032,2453766,3914439,2971313,4271126,956108,687118,548631,433323,3544856,4307029,4405491,3826093,367404,347044,364406,291155,3907564,3638067,4572733,4059711,577217,358933,321841,2383068,3905571,3760944,4228936,4448207,468296,299796,839477,2974056,2760201,3351912,4182068,4400044,770736,601699,755073,1450455,3758634,2552782,4425537,3973001,514563,957457,519408,3106565,
219,4419314,2528066,3108207,1938979,316395,75062,51301,1399755,4255674,3384651,4219415,2978177,336612,355745,263318,330678,1362689,3412468,2003929,3797482,535678,448938,384690,316940,2516357,3699968,4092478,2910682,319388,294096,312040,258672,3016033,2726251,4283342,3586124,430936,306675,278938,1387795,3087035,2875886,3551473,3825281,353343,283627,501814,1845374,1593811,2445793,3673302,3565356,462568,383978,453790,764963,3039342,1528630,3983099,3365205,363575,529201,365315,2072660,
220,3891326,1286911,1829239,938985,295556,54350,43832,852209,3389071,2280093,3398035,1785557,319540,309907,247037,285396,621515,2320328,990805,2720318,388930,370573,325110,278795,1284664,2480937,3257764,1637286,304907,275864,293237,248056,1733548,1512070,3479274,2536334,374833,290213,265386,761708,1839532,1633624,2290564,2579022,314581,274470,383420,1047206,761034,1302310,2583559,2179920,360662,316030,365065,492966,1835311,706086,2949693,2219713,314973,384439,314547,1202341,
221,2939414,649532,947981,534870,285270,45093,40689,508080,2233059,1267200,2278094,926883,310976,290765,240530,266576,383282,1280347,515564,1579642,318761,336762,296402,262190,652745,1386950,2118828,856049,296921,267451,286049,241826,886626,777353,2343189,1471682,348027,281553,258120,469953,965898,843955,1229983,1446350,298726,269062,323729,621339,478524,662155,1502337,1147408,312223,288747,332292,372611,951594,409289,1780787,1221371,293630,320765,294546,655556,
222,1562255,383751,479654,377469,279466,39946,37499,389210,1072780,570381,1105277,455526,305235,282390,234642,259459,306117,571812,322358,699837,284741,322720,284157,254856,387250,655225,977030,474129,291575,262295,279227,236020,451456,422567,1122009,656704,335257,277710,253802,350358,487596,448826,567347,674149,290916,264884,295039,448110,380733,375014,708692,569478,291115,277376,321114,299123,482540,307524,804886,584510,284520,292888,285090,425037,
223,811116,324797,355116,335914,274920,37549,35419,321102,621748,372544,616934,334609,300790,277143,230571,253484,290182,374339,276116,426887,270929,316230,279162,250186,320054,446300,531832,366405,286178,257080,275193,232774,347160,330459,613333,402196,328138,272750,248624,284896,360397,341933,389493,447554,285867,259053,284354,365136,356780,302009,460451,417738,282358,271901,315066,256852,355938,284558,481005,403291,280057,282373,279903,336940,
224,424712,300962,295228,316217,266951,34064,31975,260839,408175,286564,385434,282245,291778,269100,225180,246409,281857,286361,254850,317706,262041,306259,270478,243669,289019,336317,344714,301415,278773,249797,266847,226376,304144,285432,382606,297700,319083,264873,241917,226167,303271,282261,317180,340362,276218,253169,275642,283305,342132,270672,334910,350671,274668,265104,305708,229989,290701,273815,345599,312965,272881,274229,272707,255624,
225,346058,295162,281921,310404,263788,31812,29810,249013,346208,269089,327710,272762,287637,264910,220526,242022,276710,267011,249833,297695,256674,302904,265662,238538,282197,303649,308225,285863,273779,246502,261910,222859,295427,276006,331422,278139,313710,260741,238154,214263,290688,269081,301744,314161,272943,248332,269948,260925,336236,264318,299255,337579,271151,259420,300019,223706,275965,269033,316590,292005,268481,267853,266738,232848,
226,307385,288093,274740,303316,258818,29206,27168,242256,310931,260712,298244,266359,282412,259309,215791,238618,269391,259004,244250,288065,252412,295662,260780,234708,275635,289189,291643,276941,268024,241774,257778,218453,288992,269899,306862,269057,305849,255544,232999,207495,284787,261276,293870,301532,269359,243469,265278,252451,328574,257091,283853,329553,265257,254083,294120,220451,269375,263564,305205,281206,263834,264723,263427,224724,
227,294225,283324,268612,298086,254761,26823,24789,238614,298745,254747,290629,261842,277491,255474,212766,233949,265942,253846,240394,282192,246937,290987,256912,230119,270415,282639,286173,271703,263487,237568,252282,214960,283627,264722,298352,264170,302320,249966,229293,204120,279159,256520,288343,295544,264252,239223,259901,247504,322975,253107,278263,323375,260397,250462,289734,216459,264727,258289,300244,276680,258624,260110,257969,220106,
228,287640,277115,263789,292286,250737,25247,23219,235151,291938,249242,283731,257268,272897,250871,209461,229847,260798,249336,236612,277009,243779,286082,253108,227258,265429,278309,280377,266898,259189,233043,247659,211047,279019,261113,292385,257859,297079,246926,225205,201491,273997,251927,283105,289832,259725,236001,255799,244471,317560,247526,271229,316690,256736,246239,285956,214457,258238,254901,293804,271582,253551,255747,253860,217189,
229,282433,273525,259552,287152,245275,23149,21060,230825,285900,245797,278251,253006,267679,247035,205507,225817,257010,244764,232248,272062,239970,280558,247730,223458,261249,273500,276146,261337,253313,228964,244620,207366,274079,256342,287149,254933,291181,242901,221224,199365,268794,248177,277296,285034,254386,231715,250892,240828,312897,243120,266115,311388,252396,241774,280184,210811,254192,249260,288691,267008,249976,252017,250423,213366,
230,277101,267810,253788,281617,240904,20691,18559,228429,280764,240707,272880,248238,261599,242237,200837,221554,252711,239045,227040,266394,235246,274786,242385,218624,255513,268436,270462,257232,250007,223842,238401,202912,268011,250917,281398,249384,285031,238399,216644,195762,263756,243362,272267,278827,249873,227119,245740,236548,304873,238996,261761,304322,247486,237573,274809,208077,249281,244932,282155,262355,245658,247392,245439,209942,
231,272210,262633,250242,277441,236472,18369,16180,223733,276706,236065,268926,243900,257308,238204,196712,217714,247908,236391,223106,261448,231002,269128,238621,213391,251137,264352,265074,252134,244803,220164,234289,199310,263566,248036,277208,245503,279619,233131,212631,192811,259074,239626,268506,274522,245822,222048,241810,233347,300231,234865,257407,300329,243667,233328,269935,205233,245758,240346,278119,257308,241138,242276,240361,207958,
232,267467,258658,244420,272759,231067,15973,13730,221057,271826,232753,264020,239378,251363,232282,192929,212666,242107,231401,219196,257915,226743,263840,233511,209806,246914,260639,260901,246288,239711,215515,228898,194518,259875,243238,271579,241055,274306,227819,207928,189943,255284,235821,265201,269466,241369,216833,237064,229080,293073,229628,252470,295255,238550,228780,264958,201388,241604,236450,273121,252417,236530,238108,236344,203451,
233,262359,253417,241437,267107,227431,13457,11006,217281,266942,227889,259193,236331,246722,229122,188467,208889,237981,228366,215220,253966,221942,259114,228808,205350,243117,254432,256966,242702,234342,211275,224134,191373,255269,238266,267013,237790,269656,224700,203279,187704,250606,231674,259989,265172,236321,212120,232353,226230,286706,226507,248247,289518,234061,225119,259148,197584,236867,231462,269089,248571,231789,233673,232125,201058,
234,257993,248752,235846,261066,221452,10611,8114,213427,261422,224693,252855,231370,241615,222982,184576,203774,233055,222539,211275,247947,220359,253130,223408,200651,237363,249742,252039,237960,228600,206028,218926,186365,249716,233753,261859,233042,262955,218943,198196,183801,246341,226636,254579,259291,230202,205812,226548,222891,281025,221708,243899,283551,229440,219731,253687,194512,231318,226706,264719,243808,226080,227783,228107,197403,
235,254081,244885,231743,257046,216849,8161,5903,210577,256952,219437,249646,227666,234941,218394,180166,199790,228765,219461,207266,243532,219861,247502,218910,197084,233154,245085,249179,233101,223939,201159,212307,181675,245365,230106,257060,227818,256656,213892,194011,181441,241453,222726,249656,254866,224510,200572,222608,219408,275736,218439,239661,279100,225097,214921,248400,191837,227224,222044,260063,239059,222037,223992,222717,195105,
236,249134,238506,226445,251045,213088,6251,4341,207502,251593,216006,244247,221895,231073,214135,176464,195969,221620,215831,202825,239286,215373,241839,213646,192723,228117,240918,241652,228232,218978,196034,208374,177470,239614,225321,252724,223954,251301,207608,188772,178545,236292,217703,245809,248545,220467,196468,218009,216185,269745,213767,233974,272313,219615,211309,244085,188802,223269,218245,254586,234397,217244,218238,217595,190656,
237,243574,234150,221810,245048,207302,4643,3411,203853,247298,212337,239323,218585,225093,208546,171438,191115,218002,211151,197967,235222,209699,237652,208444,188348,224153,237178,238316,225210,212225,191588,202877,172775,236436,220947,248653,220454,243956,202825,184673,175190,231621,214554,240568,244119,214995,190808,213026,212153,264394,208741,229174,267253,214465,205822,237511,184862,218802,212986,248456,230377,212462,214660,213185,187294,
238,239419,227692,217068,240323,201172,3500,2884,200513,242254,206933,235097,213727,217023,203801,165732,184649,211360,206131,193883,229445,203629,231237,202677,182951,218125,230907,232760,218500,205359,185232,196146,166479,229598,215074,241825,215359,238235,194512,178124,171391,225863,209304,234514,238086,209305,183828,206610,207437,256818,204092,224683,261510,209629,200164,231475,181369,213760,207645,243235,225102,206448,207909,206670,184178,
239,235176,223203,211454,234819,195417,2897,2589,195250,237833,202899,229556,208309,210421,197835,161095,179465,206929,201592,188648,224988,198556,224750,196681,177905,213087,226434,228121,213469,199349,180014,189930,161029,224551,211436,237220,211764,230100,188721,172392,168677,220793,205056,230930,232138,201867,176823,200963,203742,251513,199427,219296,255601,203361,194979,224056,176637,208614,202721,237616,220040,200290,203290,202111,180779,
240,230061,216680,206196,228889,188270,2652,2493,191579,231738,197142,223797,203276,202569,191752,155147,173913,199523,196675,183418,218509,193066,216422,189682,170850,207766,221407,223264,208466,192129,173238,182611,155001,219131,205544,232232,205851,221439,180795,165195,164861,215966,199916,224516,225655,194501,170006,195872,199267,243436,193928,214157,249213,197761,188586,216813,172573,203195,196577,231601,214827,193974,197177,195035,175852,
241,224157,212850,201405,222846,181861,2464,2331,187309,227201,193424,219368,199054,194985,184418,148930,167384,194369,192829,179120,214536,187681,210018,183783,166233,202010,212975,218492,203983,184429,166850,176066,148798,214629,200673,227454,201585,214780,174847,159270,161585,210390,195359,219512,219932,188569,164157,189331,194919,235137,189809,209207,243325,191777,182648,210198,169631,198770,191383,227914,210072,187058,191391,189202,173688,
242,218722,205282,195560,216008,174150,2265,2134,182926,221017,187775,214150,193384,186920,178922,143457,161766,186162,187155,172676,207648,180347,202697,176715,159585,196003,211399,214864,197989,177199,159748,167975,142698,207207,194848,222538,196414,206026,166824,152696,157494,204952,189817,213279,214644,182575,156429,183316,189950,227391,183205,204080,235147,185063,176606,202736,164921,193329,184705,220878,204088,180875,184855,181785,169025,
243,213154,199599,189958,209416,167609,2088,1971,178877,217461,183343,209245,187556,179641,171953,137405,155889,180098,182112,168471,204027,173702,195906,170713,153942,189948,206163,209121,191447,170201,152243,159931,135505,201020,189871,216019,190926,198065,159736,146375,153830,199213,185474,207594,207990,174857,148107,176624,185628,219926,177712,199378,229183,179061,170256,194897,160851,187037,179029,215210,198998,174001,178269,176032,164999,
244,208138,192618,183637,201619,161478,2003,1871,175087,210227,177462,203491,181415,171250,166237,130412,149171,172454,176304,161519,197590,168504,188222,164159,148125,182832,199690,203190,185309,161430,145650,153393,128864,194488,182952,210630,185699,189965,153399,138738,150990,192885,179318,201310,202215,167889,140124,170911,181649,211876,170963,193024,222263,172728,165104,187839,156632,181765,171259,209007,192843,168306,172666,169659,160987,
245,203306,184943,177193,195017,152834,1863,1737,169879,204816,172098,196736,175475,163211,158286,123066,141961,165867,171501,156859,191820,161852,180128,156906,141811,177395,194652,197429,180585,153046,137802,144662,121032,187669,177911,204967,180615,181686,143402,131062,145867,186770,173912,194544,195770,161061,129563,163940,176398,203101,165593,187196,214630,165796,157902,180020,151746,176052,165198,202401,187072,160064,165465,163097,156709,
246,196035,178195,170101,185559,143591,1750,1648,164719,197874,165598,190419,168997,151504,150068,113990,134755,156672,165092,149119,184109,154345,170452,147647,132753,170210,187102,190675,173437,141408,127662,132958,111304,180861,170471,198547,173540,171360,133173,120539,142051,178611,166838,186971,188023,150784,117155,155704,171557,192493,158153,181176,206129,159038,150391,170326,146960,169225,156343,194375,179646,152045,157770,154299,152323,
247,189750,169950,164962,178728,133863,1578,1461,159340,192914,159688,184739,162544,138855,141633,103158,125486,149667,159997,143495,176717,147500,161162,139124,124836,163293,181171,184459,165857,129258,116530,120205,98461,173064,164153,192866,167202,161346,120637,108317,137982,171842,161367,181352,181044,140955,99184,148677,166897,183376,152250,175219,197901,150881,142126,160567,141607,162641,150567,188208,174068,143318,149894,146251,147645,
248,184241,162763,157807,169555,120882,1494,1377,154734,186293,153233,178723,156108,122065,131005,87950,115785,139784,153642,136551,170202,138657,151493,128929,114941,156283,174872,178157,160212,111816,100433,100560,80033,165785,157052,185158,161547,148683,102959,90490,132736,165184,155237,174310,175057,128494,74265,139401,161010,172240,145231,169402,189139,142689,133299,149353,136342,156059,141612,180498,167148,133069,141248,136789,142900,
249,176753,154885,151212,162170,102014,1367,1249,148533,179640,146847,171336,150070,97334,119252,66895,102906,130018,147432,129844,163435,129560,137230,115670,100437,149530,167984,171584,153417,86706,78460,76487,58276,158147,150059,178597,155883,132826,78711,66798,127914,158360,148522,167268,168219,112803,49233,129959,155416,161560,138492,162318,180912,131999,122282,135256,129534,148938,132839,173571,160950,119682,132070,124210,137720,
250,169153,143897,141758,150217,75358,1272,1144,142538,172021,139413,164076,140588,66524,99536,42934,80426,112884,139833,120068,155240,117239,117036,94606,78613,138578,159848,164108,144796,56869,51839,48844,35852,147537,141198,170999,147660,108594,49945,41549,123284,149295,140200,157628,159488,87813,29333,116526,149857,144396,128624,154395,169147,118652,104952,114163,123693,140152,119715,163643,152996,99265,117992,104431,131319,
251,162463,133571,133753,137847,50497,1085,970,136549,165418,131873,157034,132815,41182,75506,26443,56420,93171,131620,110581,147727,101364,92668,70786,55368,128544,152492,156898,136883,35779,33161,30741,22363,136993,133331,164468,139863,79173,31168,26047,116326,140291,132189,150048,150829,61037,20290,98447,142155,124997,119559,147880,159515,100122,83812,87856,117297,130882,103926,155431,145223,74608,101456,80939,126903,
252,154076,116849,122468,118897,33018,938,845,129344,156230,121448,148279,120482,27406,51267,17729,36150,63293,122965,94973,137361,80673,66837,47827,36124,114274,142910,147076,126163,24842,22254,21314,16360,122137,121627,155027,130761,53581,21626,18453,111448,128580,121802,139398,140394,40064,16569,77368,135723,93576,104431,137817,145467,77282,60659,61849,109320,117011,79608,144892,134916,51845,79914,56669,120694,
253,145681,95988,108514,95486,22090,911,824,121614,148157,110155,140186,107049,20586,32223,14279,22768,39824,114004,75784,126330,56770,43222,30662,23105,95557,133445,139837,114169,19045,17395,17240,13724,103990,106875,146405,120741,35270,17175,15237,104544,115198,110361,126738,129418,26226,15012,52548,128032,65031,85593,128836,127767,52691,38345,38883,98279,100237,54907,132935,123808,32893,55508,36186,113054,
254,135123,65875,86280,63773,17667,838,764,110230,137969,90404,127911,84538,17772,21753,12688,16467,23169,97381,49757,108920,35204,27839,20751,17012,66887,119594,127242,93859,16682,14941,15318,12254,76035,83270,134274,104069,25383,15282,13709,92909,91145,90603,106226,111744,19449,14441,33107,117215,38401,58349,116290,98206,32593,24229,25323,81064,71456,31544,112885,106030,21957,34105,23527,102400,
255,122878,42328,61763,41561,15981,732,678,95764,126940,67727,116085,60805,16814,17580,12153,14122,17537,77110,31959,87857,24047,21407,16906,14318,42915,101850,113239,70760,15885,14061,14615,11978,51619,59565,121517,84756,21468,14655,13252,80025,67112,68459,81272,91150,16854,13890,23014,103006,26821,37155,98451,69411,22559,18365,19874,60062,47721,21625,89134,84287,17779,23020,18263,90160,
256,110112,29187,43708,29820,14742,662,631,60553,116346,49733,102687,42554,15787,15096,11674,12944,15789,58607,22878,67968,16195,17647,14353,12794,30162,84601,98655,52486,14719,13048,13797,11455,35961,42048,106889,66344,18961,14216,12467,46358,48319,49803,60432,70758,15463,13071,16402,68448,22440,26326,80937,48450,16725,14848,17042,31033,33398,17445,67741,64531,15289,15977,15710,58274,
257,89332,20814,28730,22804,14393,659,642,41012,96173,31845,81440,27472,15328,14387,10975,12580,14678,37705,16761,45004,14637,16820,13899,12650,20985,59498,75663,34332,14221,12536,13653,11300,24317,27222,83660,43711,18296,13576,11894,30373,31849,32239,38220,48029,14809,12739,15051,48269,19885,18780,57103,32323,15426,14203,16436,21447,23152,15454,44105,42732,14767,14620,15360,39243,
258,59554,16992,19411,18655,13895,629,612,27382,67413,20350,53067,18843,14876,13921,10743,11942,14036,22760,14273,26264,13738,16245,13564,12075,16994,36326,47552,22371,13985,12512,13041,10635,18237,18794,53657,26116,17247,13247,11810,21102,21642,20686,23965,29175,14452,12266,14262,31444,18608,15382,35018,22852,14520,13740,15945,16342,17997,14363,26681,26244,14298,13972,14714,25902,
259,38778,15898,16058,17518,13475,595,583,20285,44797,15998,34877,16001,14294,13641,10599,11682,13699,17226,13172,19409,12779,15650,13033,11897,15297,24955,30476,17919,13793,12072,12466,10300,16283,16111,34711,18910,17028,12584,11278,16188,17608,16558,18873,21412,13995,11823,13685,23361,17924,14168,24554,20265,14127,13292,15364,13830,16286,13632,20248,19848,13776,13225,14228,18686,
260,24753,15134,14610,16751,12963,589,570,16896,28899,14239,23380,14676,13893,13334,10024,11289,13299,14594,12697,16583,12340,15385,12877,11437,14656,19247,20819,15489,13177,11845,12330,10108,15383,14656,23084,15819,16777,12323,11190,13629,15900,14291,16676,17740,13300,11779,13161,18910,17635,13382,18434,18552,13767,12943,15068,12153,15140,13379,17840,16625,13392,13229,13886,15122,
261,19506,14850,13987,16257,12864,540,527,14260,21867,13682,18698,13907,13539,12949,10041,10994,12937,13623,12241,15374,12270,14935,12274,11392,14122,16584,17633,14440,12943,11580,11775,9695,14904,13972,18915,14396,16049,12031,10731,11630,15027,13596,15772,15907,13374,11220,12731,15880,16770,13200,16361,18098,13489,12664,14457,11414,14806,12973,16269,15557,12899,12691,13376,13036,
262,16613,14152,13224,15680,12237,550,536,13023,18006,13214,16114,13659,13131,12216,9792,10710,12524,13010,11986,14854,11790,14166,11752,10698,13523,14967,15738,13862,12336,11222,11561,9406,14301,13638,16755,14093,15672,11866,10489,10702,14368,12963,15237,15210,13038,10796,12392,13996,16429,12811,14911,17380,13040,12145,14434,10666,14467,12752,15723,14729,12597,12089,12971,11495,
263,15291,14022,13027,15203,11842,529,523,12137,16178,12575,15005,13535,12742,12064,9245,10381,12145,12688,11637,14176,11577,14141,11459,10456,13365,14626,14940,13294,11984,10809,11251,9182,14112,13275,15489,13465,14728,11301,10183,10132,14070,12584,14789,14662,12284,10286,12238,12892,15910,12337,14196,16752,12680,11838,13761,10333,14107,12341,15294,14347,12497,11981,12843,10822,
264,14787,13514,12623,14785,11632,507,499,11625,15312,12132,14273,12937,12325,11713,9203,9907,11887,12272,11483,13906,11133,13738,11121,10067,12712,14126,14536,12897,11654,10492,10883,8984,13580,12686,15255,13078,14735,10990,9761,9899,13825,12084,14320,14177,12005,10059,11619,12251,15279,12079,13730,16424,12317,11567,13145,10152,13872,11877,15005,13906,11841,11554,12241,10359,
265,14395,13238,12437,14572,11357,544,535,11397,14797,11779,13876,12346,11977,11148,8753,9635,11477,11931,10963,13722,10732,13298,10792,9985,12338,13901,14348,12676,11335,10070,10481,8579,13412,12375,14770,12784,14119,10614,9460,9496,13368,11773,14020,13942,11800,9871,11518,11837,15255,11690,13330,16079,11981,11316,13171,9734,13297,11744,14481,13612,11583,11405,12007,9981,
266,13847,12880,12001,13921,10915,500,490,10909,14137,11646,13462,12196,11415,11045,8393,9398,11005,11599,10404,13118,10345,12641,10579,9375,11985,13144,13793,12286,10760,9628,10073,8400,12985,12188,14141,12198,13721,10364,9093,9194,12896,11655,13329,13136,11327,9446,10980,11436,14543,11325,12782,15372,11526,10991,12437,9575,13082,11141,14058,13213,11399,10868,11630,9494,
267,13421,12498,11609,13730,10515,474,459,10695,13764,11054,13067,11598,11065,10627,8112,9154,10483,11418,10262,12650,10179,12324,10216,9324,11869,12877,13369,11901,10234,9414,9766,8073,12451,11643,13584,11946,13168,9830,8848,9009,12621,11407,13048,13118,11035,9149,10781,11113,13999,10900,12655,14978,11256,10669,12169,9102,12677,10870,13756,12727,10905,10571,11101,9317,
268,13133,11919,11015,13152,10242,461,447,10478,13333,10738,12308,11375,10773,10278,7897,8658,10298,10931,9748,12380,9940,11820,9913,8990,11413,12415,13145,11472,10149,9064,9314,7614,11981,11218,13453,11566,12680,9456,8445,8837,12220,10712,12729,12328,10607,8676,10431,10949,13430,10440,12203,14646,10885,10211,11521,9153,12048,10619,13340,12440,10474,10082,10897,9267,
269,12740,11714,10789,12686,10044,493,482,10292,13029,10503,12196,11181,10510,10001,7624,8569,9790,10478,9686,11925,9486,11422,9602,8740,10849,11904,12684,10990,9664,8776,8992,7517,11635,10842,12892,11260,12340,9046,8325,8650,11597,10499,12175,12045,10207,8500,9893,10538,13199,10227,11863,14296,10610,9944,11239,8767,11731,10254,12914,11998,10304,9759,10772,9019,
270,12184,11091,10450,12478,9427,473,465,10012,12681,10185,11956,10854,10072,9588,7264,7945,9668,10263,9331,11395,9146,11026,9246,8356,10450,11650,12133,10834,9347,8338,8427,7032,11015,10667,12479,10873,11609,8582,7805,8295,11274,10057,11858,11798,9881,7957,9547,10229,12523,9843,11463,13773,10095,9412,10847,8733,11405,9932,12448,11395,9886,9562,10057,8696,
271,11907,10947,10209,11879,9301,492,480,9640,12355,9751,11629,10322,9375,9169,6930,7794,9100,9936,8870,11103,8937,10630,8723,7972,10073,11487,11790,10360,9005,7990,8303,6714,10939,10215,12188,10464,11270,7961,7514,8179,11158,9888,11563,11138,9446,7777,9129,10119,12188,9581,11246,13022,9745,9293,10524,8398,11177,9415,11868,11237,9478,9138,9866,8767,
272,11489,10388,9822,11440,8606,472,463,9339,11698,9448,11057,9904,9005,8831,6504,7535,8774,9481,8520,10579,8638,10137,8417,7493,9968,11160,11405,10063,8550,7531,7800,6353,10503,9981,11812,10212,10700,7778,7129,7973,10647,9485,11221,10668,8637,7276,8763,9710,11588,9109,10868,12608,9326,8858,10030,8089,10838,9052,11735,10801,9080,8744,9484,8253,
273,11324,10073,9423,11015,8240,468,464,9053,11627,9222,10758,9734,8583,8513,6173,7220,8375,9098,8352,10432,8332,9770,8020,7416,9578,10752,11210,9629,8129,7197,7467,6078,10007,9508,11659,9875,10262,7520,6703,7607,10412,9244,10983,10421,8628,6887,8522,9577,11009,8856,10367,12262,9005,8477,9730,7854,10369,8703,11277,10836,8658,8486,9045,7930,
274,10626,9563,8886,10425,7879,461,454,8805,11042,8740,10432,9418,8241,8004,5896,6872,7980,8898,8014,10144,8023,9483,7718,6884,9252,10193,10827,9407,7648,6858,7097,5712,9896,9191,11067,9575,9872,6879,6448,7617,9771,8704,10508,10236,8169,6497,8072,9104,10716,8395,10181,11652,8855,8095,9144,7632,10081,8155,10952,10198,8288,8083,8718,7777,
275,10502,9359,8906,10252,7531,416,411,8610,10737,8496,10012,9121,7897,7711,5670,6501,7474,8855,7723,9607,7739,8858,7406,6645,8822,9881,10439,9034,7312,6469,6486,5490,9419,8958,10824,9043,9349,6547,5979,7251,9465,8425,10253,9783,7671,6127,7966,8989,10139,8007,9855,11355,8403,7717,8758,7480,9542,7945,10460,9741,7863,7833,8327,7553,
276,10250,8852,8288,9897,7051,434,427,8246,10388,8112,9549,8656,7510,7405,5296,6205,7248,8279,7252,9550,7310,8506,7001,6281,8383,9595,10165,8708,6811,6114,6116,5024,9085,8369,10361,8832,8984,6245,5503,7129,9188,8470,9696,9301,7406,5581,7426,8632,9740,7785,9348,10897,7878,7506,8388,7207,9263,7692,9953,9426,7499,7387,7937,7375,
277,9773,8483,7833,9405,6743,449,446,8014,10024,8090,9331,8430,7075,7036,4887,5869,6632,7996,7174,8853,6906,8019,6748,5877,8158,9268,9770,8395,6444,5654,5851,4767,8520,8280,9953,8609,8469,5870,5331,6978,8844,7949,9161,8970,6923,5286,7017,8286,9343,7585,9127,10381,7679,6982,7718,6854,8897,7107,9710,9119,7177,7061,7446,7009,
278,9389,8121,7660,8913,6347,393,389,7804,9588,7573,9039,7809,6508,6720,4422,5389,6298,7551,6508,8579,6697,7557,6309,5666,7631,8879,9339,7827,5861,5238,5432,4401,8208,7851,9502,8061,7840,5243,4704,6514,8438,7512,8841,8675,6528,4876,6711,7992,8889,7162,8764,9765,7256,6620,7311,6606,8573,6724,9033,8575,6662,6392,6970,6902,
279,9142,7558,7211,8330,5860,432,428,7451,9282,7194,8589,7545,5960,6371,4028,5134,5904,7269,6225,8132,6312,7271,5756,5324,7055,8602,9068,7588,5596,4805,4938,3979,7810,7374,9204,7797,7299,4785,4441,6249,8074,7358,8616,7999,5865,4300,6277,7768,8414,6680,8253,9420,6947,6302,6910,6353,8217,6430,8713,8218,6118,6414,6659,6588,
280,8812,7260,6970,7893,5456,433,425,7294,8758,6971,8314,7212,5449,5934,3689,4753,5593,7104,5905,7805,6175,6631,5544,4892,6907,8106,8673,7131,4987,4521,4393,3597,7440,7048,8723,7517,6745,4320,3857,6104,7834,6800,8129,7695,5724,3707,5868,7557,7829,6258,7947,9136,6509,5842,6331,6112,7796,6045,8333,7941,5974,5963,6290,6393,
281,8254,6701,6659,7565,4888,440,434,6727,8616,6680,8144,6757,5000,5322,3274,4338,5098,6552,5616,7623,5577,6262,4936,4549,6481,7804,8197,6936,4478,3978,3910,3076,6842,6783,8470,7313,6251,3765,3392,5998,7084,6646,7688,7454,5227,3288,5570,7277,7279,6006,7516,8531,6081,5647,5901,5826,7364,5609,7894,7693,5551,5718,5820,6072,
282,7841,6212,6196,6991,4401,395,391,6629,8201,6084,7535,6337,4281,4986,2610,3959,4606,6189,5238,6957,5069,5687,4530,4043,6198,7430,7851,6454,3641,3337,3175,2403,6429,6286,7998,6777,5665,3079,2710,5555,6779,6160,7266,6972,4690,2370,5151,6955,6823,5668,7271,7906,5727,5049,5408,5509,6981,5060,7408,7122,4989,5228,5368,5775,
283,7501,5893,5840,6606,3678,366,360,6361,7732,5697,7313,5944,3506,4442,2024,3415,4120,5888,4882,6574,4863,5164,4105,3470,5664,7147,7290,6020,2843,2677,2432,1896,6112,6081,7716,6437,5172,2381,2065,5448,6336,5927,6902,6707,3934,1730,4633,6534,6238,5196,6821,7270,5432,4490,4757,5266,6640,4624,7180,6824,4384,4680,4826,5613,
284,7132,5374,5400,6012,3107,397,388,6166,7255,5498,6816,5548,2690,3963,1515,2872,3466,5524,4454,6214,4263,4537,3524,2935,5308,6790,6909,5632,2159,1926,1826,1451,5549,5665,7148,5954,4210,1823,1594,5109,5953,5614,6277,6062,3388,1352,4359,6269,5536,4785,6519,7001,4685,4035,4194,5057,5889,4101,6571,6288,3949,4320,4305,5300,
285,6784,4924,4985,5613,2288,378,373,5722,7099,4997,6514,5073,2083,3198,1255,2235,2867,5160,4028,5841,3854,3757,2856,2271,4940,6329,6475,5562,1764,1517,1435,1122,5124,5114,6906,5633,3506,1438,1250,4852,5548,5092,5928,5788,2670,1125,3822,5925,4838,4430,6084,6239,4275,3442,3518,4840,5641,3620,6104,6054,3141,3897,3477,4988,
286,6374,4407,4615,4797,1819,389,381,5444,6641,4578,5956,4865,1561,2670,965,1649,1984,4688,3471,5402,3446,3003,2334,1699,4175,6003,6332,4899,1364,1215,1154,920,4382,4717,6358,5167,2617,1102,1054,4551,4966,4745,5565,5316,1982,1016,3263,5648,3746,3831,5644,5680,3672,2787,2684,4485,5063,2824,5612,5474,2528,3211,2724,4652,
287,5950,3694,4038,3995,1352,404,402,5168,6300,4141,5556,4237,1319,1948,927,1217,1580,4336,2942,4940,2721,2296,1757,1317,3768,5546,5901,4501,1204,1061,1079,915,3932,4179,5938,4613,1993,1014,981,4292,4428,4402,5031,4943,1488,974,2530,5382,2851,3332,5432,5063,2949,2068,1960,3973,4313,2197,5112,5215,1860,2563,1989,4482,
288,5498,2689,3503,3001,1170,378,378,4592,5796,3300,5077,3387,1148,1355,890,965,1109,3782,2085,4188,1612,1540,1164,1008,2761,4823,5210,3896,1118,960,990,869,2832,3434,5438,4214,1526,921,900,3815,3743,3623,4087,4164,1157,974,1672,4796,1851,2299,4762,3858,1955,1369,1341,3459,3147,1376,4314,4374,1289,1594,1399,3973,
289,4901,1938,2763,2304,1039,379,375,4387,5286,2789,4702,2788,1018,1152,870,943,1000,3333,1575,3606,1383,1320,1087,977,2077,4432,4774,3168,1048,965,922,855,2300,2780,4935,3579,1364,901,883,3496,2934,3092,3534,3495,1083,893,1288,4388,1608,1766,4241,3082,1429,1238,1217,3144,2358,1195,3559,3706,1162,1313,1249,3605,
290,4402,1534,1993,1751,1035,373,370,3777,4838,2071,4074,2002,1113,1106,818,909,953,2388,1204,2826,1175,1177,999,944,1426,3718,4177,2489,983,921,930,847,1666,1986,4441,2904,1293,871,868,3069,2196,2387,2732,2920,1012,917,1128,4058,1375,1311,3683,2316,1303,1068,1199,2557,1686,1069,2727,3055,1050,1092,1063,3333,
291,3860,1249,1591,1414,989,341,338,3381,4304,1571,3628,1594,1160,1107,795,878,945,1780,1120,2207,1018,1117,970,951,1220,3191,3562,1851,962,886,912,773,1362,1547,3846,2208,1238,857,901,2659,1763,1913,1972,2208,1046,856,1077,3571,1338,1116,2928,1756,1174,1063,1149,2060,1466,1076,2049,2145,1047,987,1081,2757,
292,3065,1115,1179,1385,956,368,366,2983,3706,1241,2909,1266,1021,979,825,833,898,1396,987,1585,944,1062,931,861,1130,2360,2790,1533,958,883,910,774,1209,1242,3051,1597,1140,816,857,2176,1391,1413,1549,1680,1011,824,922,3006,1316,1083,2264,1481,1132,1005,1106,1643,1336,953,1560,1734,997,951,1006,2403,
293,2408,1062,1113,1256,960,359,356,2366,2992,1061,2280,1129,1025,941,797,846,945,1140,915,1281,931,1049,927,828,1053,1873,2081,1235,942,879,909,755,1065,1080,2298,1280,1157,839,793,1658,1221,1199,1286,1340,972,760,940,2527,1214,977,1779,1397,1102,979,1072,1324,1247,943,1294,1367,985,888,979,1889,
294,1765,1023,1021,1229,933,350,347,1746,2290,952,1750,1134,951,957,735,783,850,971,919,1078,888,977,918,826,1060,1404,1630,1105,933,773,879,739,1048,993,1694,1117,1102,845,857,1264,1112,984,1107,1094,883,778,867,1883,1198,968,1370,1374,1050,979,1024,1080,1168,889,1169,1183,918,898,959,1388,
295,1436,1021,947,1151,890,337,332,1453,1799,899,1378,1023,964,1020,702,777,825,963,885,1082,918,1023,867,862,970,1208,1351,1081,911,792,838,696,1071,973,1385,989,1077,803,771,1147,1048,920,1064,1003,928,751,918,1523,1170,918,1162,1218,995,939,1082,947,1144,863,1055,1135,957,894,942,1181,
296,1177,987,942,1137,836,339,337,1193,1441,887,1185,932,947,881,721,753,839,935,835,1056,861,972,830,803,941,1178,1241,960,825,821,846,679,931,926,1187,955,1064,727,738,982,1034,914,1100,972,889,749,888,1329,1153,844,1119,1197,952,963,996,922,1110,857,1083,1100,897,808,888,1027,
297,1120,976,925,1060,887,297,292,1073,1191,867,1081,989,947,872,664,748,836,889,816,969,840,936,842,745,920,1043,1162,986,828,782,803,694,967,907,1076,894,1014,728,763,854,1014,912,989,932,869,749,865,1085,1079,840,1110,1167,1039,899,956,802,1084,868,1005,1004,851,865,921,895,
298,1027,945,885,1047,831,311,308,918,1071,912,991,976,890,872,609,726,778,876,775,1011,832,859,835,777,917,996,1010,907,835,740,726,655,916,918,1053,956,923,642,731,777,995,805,995,883,803,655,802,1008,1060,831,999,1179,946,829,968,786,1012,827,1064,1003,827,794,869,834,
299,1030,864,838,1067,817,333,327,894,1060,847,988,904,844,868,710,703,720,780,808,952,802,910,798,697,874,1001,1007,888,765,711,720,619,902,826,1014,877,919,688,671,816,965,875,956,887,785,668,753,907,1045,834,976,1100,936,800,940,788,1045,763,984,974,798,780,851,807,
