165,6498,6589,6466,10305,106804,1348,2049,143439,23648,4749,9382,220121,106496,109290,35469,68640,5530,6105,6080,6250,85747,88169,94811,71175,6752,17846,8147,14291,88626,60922,76297,61452,5892,7463,9306,5964,102249,55480,39875,99862,7134,8440,7246,7996,82761,83041,87152,125788,8700,4882,11418,18453611,101854,76795,56181,125919,4724,5226,5366,8818,95675,75937,104570,91746,
166,9357,9812,10757,21469,151985,2225,4143,158572,53470,6622,19819,321347,163322,160283,69368,113442,7282,7989,8810,8060,107834,121914,117714,96320,9627,43065,14033,35108,120283,93112,107247,87566,7964,14704,18740,8162,132752,89119,71998,112512,11515,18584,10324,14148,111889,112288,115054,145031,14432,6961,25466,21734611,140916,112114,97362,144845,6412,7438,7167,18636,127510,107789,131778,106932,
167,17160,18378,22740,46045,176896,4387,8664,195397,83943,10859,41037,478205,193156,179291,112741,147465,10726,13459,18099,12543,126352,148412,139417,115523,17554,77073,28955,65046,144258,119126,130485,108424,12952,32104,39504,14192,157960,115432,98722,132856,22963,39910,18270,30173,134873,134468,136610,180170,29618,11983,51826,24925858,164999,144878,141121,190467,10002,13399,11086,39257,150746,132035,155002,122396,
168,38218,40856,48235,83751,204955,10026,18657,332474,112564,24403,73328,775668,217608,202331,141532,161869,23724,31087,40928,27318,152402,177698,169601,139345,40536,124409,59778,104064,175585,141108,157287,131741,28721,62079,73074,32018,189139,139571,122221,188800,49503,72102,41683,61325,160454,164897,163763,301580,62525,26700,86135,28698873,119449,168936,180853,382371,21887,30900,22464,70263,178807,153953,191023,150139,
169,69322,75359,81116,119825,306084,21131,38803,872826,136829,48711,103481,1173084,293179,275017,157345,193945,51400,62977,74986,56680,208998,230634,257378,187722,78542,166406,98562,145947,249616,178816,208570,177601,57921,94410,107609,61405,252426,172089,149133,433669,84942,109254,76712,99802,207478,243397,213019,759176,103042,52624,115943,32628461,243093,209964,210162,1021326,44282,58637,47198,99000,255528,196106,304778,242498,
170,107342,121091,118033,155952,805729,48496,104716,2388498,167906,83941,136437,1696434,693243,665001,217617,343362,105928,120290,126968,109636,478003,456115,676033,424241,142797,184617,153882,237453,609870,336897,452313,406476,100342,129672,148002,103752,564805,282794,222481,1273848,132813,145814,129721,152292,434867,652330,446289,1935343,148171,89317,145718,37452213,526088,408727,290256,2385721,77811,94914,86785,126640,622082,364453,820701,655422,
171,136527,154637,144010,187060,2112114,132031,278862,4512726,205484,111451,163496,2161875,1979930,1979179,494834,984411,159297,160146,150982,158728,1276615,1217894,1721367,1187500,179771,205197,179179,192076,1643087,946619,1263972,1156058,135249,153224,171495,140417,1556171,772838,566142,2361022,163927,166553,173308,180456,1218408,1757173,1254728,3146169,182477,116743,174352,41584675,1437646,1118674,622812,3860923,101422,121654,119043,151809,1631247,976070,1984848,1604511,
172,164801,192619,180987,256277,4183268,338802,606832,5108663,325405,138758,208736,2781740,4372317,4379498,1387310,2589761,189108,175663,168821,182267,2460048,2518091,2957453,2332307,197334,282819,199587,261183,3061652,2115882,2579377,2338887,168144,194412,208719,165958,2925954,1871590,1467700,2935039,193390,206494,198851,206125,2521959,3097040,2579977,3591788,243793,147324,238723,46266570,3066173,2460894,1544733,4297539,126915,158708,151385,206242,3137350,2181337,3374397,2720608,
173,207591,265608,257210,479776,5647358,754602,1365723,4458341,723568,172336,322688,3608728,6214589,5931883,3481918,5022816,222505,204520,219308,205727,3540697,3869076,3816343,3332815,242507,577957,255144,519430,4058194,3450300,3799526,3427355,209007,306856,294697,197923,3893713,3238377,2806101,3181537,251647,339021,239156,271303,3740872,3843832,3765779,3684694,402682,199900,430587,50703588,4997564,4386893,3399987,4008538,159752,238224,190384,358179,4528854,3803974,4280889,3558321,
174,389031,635947,651136,1419694,32836273,27286057,31453103,38493243,1953605,307861,880616,5726208,37920712,39185307,61221695,32690468,405470,365751,547342,323498,29001518,30528955,35747318,39440340,540589,1903123,588565,1689792,29433406,24805567,27658095,31972190,390270,911935,785205,366537,42218766,42225046,43555323,48733069,601957,1053761,471131,665438,31708233,42791362,68371508,44766924,1071901,433898,1202743,56484320,30373915,27563954,30448571,35825907,291349,603660,334669,961286,31819396,37311876,37401869,35638920,
175,1036640,1678560,1698739,2958502,161816561,156066626,164513085,211906049,3290820,876663,2098633,10041794,200447547,205148996,281455237,183905000,1132731,1039619,1639820,864135,159426671,166849958,196178069,217177027,1658656,4255699,1689684,3801587,187132819,142326156,152149646,181264621,1167330,2272258,2043848,1075353,220109175,223805869,229764809,249783503,1722017,2586717,1375483,1867045,183224704,256384948,140953920,239986665,2376834,1116535,2491125,62761411,160307107,274770595,151819199,193526152,706604,1449879,782935,2049889,125759763,149833584,200603577,190562205,
176,2522408,3537296,3422023,4529032,301957073,218366713,228387573,281460275,4349904,2241493,3680387,16618470,267644415,278821795,258789314,261710602,3530130,3144660,3914634,2621489,205899391,233537625,237933548,273708395,4281264,5871881,3968061,5456343,218351773,182820543,187495057,201580358,2806462,3976797,3871399,2678124,207521099,177733555,186785028,196007941,3642480,4488598,3370390,4100852,207857664,200896372,203108331,202420231,4252814,2596110,3931644,70529636,283296796,214119336,216529043,264036146,1873678,3006888,2075354,3488063,238838164,225031746,240743926,226638971,
177,4787161,6014222,5699376,6811108,323587871,283987055,298042064,349471307,6575024,4471871,5729294,22331493,332145272,337685330,288960015,301063892,6211884,5543861,5652202,4904728,217964735,249598179,232558634,305667452,6155592,6389980,5740738,6221587,236701187,203238843,183925540,193246176,5264493,6087481,5956388,4748301,159411192,158711781,160511704,173359340,5578568,6041698,5704819,6130004,166518970,168221414,167466612,173997503,7005784,4906928,5836030,76799334,313169978,268357701,274980003,314882018,4325459,5599539,4439642,5511448,281227241,260266063,262171535,258158057,
178,114595161,113994679,112318368,118136059,356399360,313314056,346293443,401642994,178429256,117049304,107601190,131880047,386729703,390450839,335997280,346836652,154415528,195308158,148461137,111535427,214091571,240726917,311199317,304378457,140361562,133728267,109517903,142402809,239239660,206081501,163692269,194414266,157691040,130593141,117754565,107891048,158263789,154549387,157688489,158739132,110206044,114895845,112108136,131747831,198569486,161896505,160089841,165600927,208036415,152853882,135158314,168491646,360889335,305481590,164408593,343856368,184654958,202377009,133713174,204516590,307573406,266109723,277412364,290115602,
179,163660900,161055701,158213386,170798546,377910654,327203126,376422938,432320372,228064499,165122020,153094384,156569290,440656572,445109013,388975571,378605526,252359595,250480129,208135015,155209776,216136582,225344254,212178969,230326230,195834826,196548966,154613283,181097665,202538589,201326185,182141122,194690290,205628568,183665339,169513502,148880077,157267248,155993769,169524911,159125348,151361955,161706498,155021197,187604563,207251095,162379588,162624897,165208383,264253472,208426183,187151656,194432045,119259561,324374876,288979915,360438606,245096080,248272242,203312391,258398508,321887266,293163863,273410105,280428691,
180,187258785,183852172,180569647,183073990,394807032,332954495,393145711,457101385,218186134,195667867,162140465,179872684,490011679,495265892,462339438,417984974,270738800,261338657,232492554,197399926,186745020,214762455,191849330,333263240,224525185,188776923,188287057,212170485,197364874,196996743,177215166,187959757,212128317,207086904,219574610,175775444,157168094,155755031,158525439,160607255,185682085,200795307,199539419,220050253,186565851,160558916,160979362,160772145,213996446,189425970,184553512,185959933,406787009,342041508,314881232,361459931,214542907,216186804,191670954,255051343,328648514,301596440,276111354,320384546,
181,211424192,185588094,181507998,198393600,414357743,341658232,417027096,473474671,207698920,199305003,189140822,178729129,531608901,538324054,530589500,496263373,284232445,281759436,250291633,255384764,186944436,199539191,213745513,292208942,261970015,270567068,227545201,251613224,187542282,179009341,169379248,176174089,232570729,225814834,290686505,219050726,154177897,153724998,154943805,156325535,224816240,232407212,237811920,252577580,163133424,156389080,156840396,156951672,187196483,171756755,174955518,186007692,406481362,350739315,318226547,373902530,106717381,182309635,175275059,288922170,327859644,298815293,285213514,254791707,
182,180662987,192660165,180946044,193723750,424234112,351401373,450033552,485429178,235450889,208165545,179192067,164756770,551425303,568777760,572645515,545707384,314668062,316866094,307473084,254352797,173471253,193335789,189629009,260553582,316353255,330505479,276810069,297912357,169988111,169242403,158750531,174179244,272137588,237981717,324474474,261640714,153080543,152986002,153765499,153363311,267107425,269350438,284327401,288455607,160534052,155066032,154461444,154583114,169563568,164640931,168931781,185245094,379042485,362083567,320605222,355996362,168614051,163786750,164896500,165601517,314457951,293147353,249252723,229569535,
183,220250490,194743808,182208345,182987268,421973980,365972139,475484730,489634556,236818411,279644985,201979927,180900608,557334443,582350097,588528280,569058043,380666951,354782273,360065043,295239811,167271897,204357536,189782395,239034965,357918877,344945791,310639284,323537950,164611221,164036066,156524642,171062135,302570637,416006558,342906024,291852471,152851791,152471493,153367243,154377197,294429658,294588858,323512782,335795402,157241755,157369217,151920604,155311670,163465155,161796902,171380837,189111639,359023085,359583210,317467301,339194110,169316611,160499318,161889374,156341040,302615363,286564000,241884138,230884979,
184,167317056,198014706,165863125,194804149,428640818,393195179,476683037,493392858,258824136,233897697,198980023,179401732,561996596,593487629,596032020,590849674,383771591,391199616,403407772,332773796,165012552,177496690,183451362,238280995,396800315,394487070,326608348,339087744,160148780,163587503,155333314,168600078,320517839,280491998,405690824,312896606,159778547,152223476,153163524,153946562,309641190,307752992,349472114,329849287,140082397,160116513,154339590,155715846,161621577,160110441,155083112,177451432,354321216,355101621,314920318,334900135,161358156,160023951,159850818,161454363,294480239,278653047,238149535,231300420,
185,206069101,201741695,183511296,179601961,442586931,434115110,470687674,491299282,227300628,154971035,201464200,179551106,560804035,593990151,595102802,599407042,417850423,425520039,430208884,366162836,162710029,175614529,175852979,234427694,426838130,409103560,333765648,342590279,161021397,162381479,153989164,166584553,318185256,264624060,406757947,330376081,153504501,151406914,150352516,152830528,318293492,319989561,363573877,337921880,155203265,160022818,153168017,154081673,159220017,154172381,163456941,184868680,364787673,357580127,296170642,343940944,164006553,158580914,158721318,160122087,291350132,272272571,241553285,240835836,
186,216323129,197346201,169503446,178671923,488623399,464403678,501787818,473507763,236482576,187425212,190586399,174980566,533236912,555527335,563712520,586242984,451146468,440980865,459135303,403389907,157394603,169458058,169152686,222716463,454760146,434537120,344630207,350599272,156219060,159554360,152430327,164756746,312914648,297578155,337263939,333302840,150160012,149923959,150421870,150648087,320962479,323377434,372066332,344622028,154495364,157895829,151762511,152512401,158107991,158304164,162031478,183772671,386983032,370701809,341679316,359894783,162433303,156175875,156798473,159264952,290680430,270218226,238749119,236548908,
187,204438517,197283495,176342115,174332711,424104890,391662709,377856024,390388416,220678237,265161018,185481278,171849489,428334585,434670383,445117670,470422150,473489409,452235729,474510337,429219939,129688741,136293848,135858441,172891120,471533702,450201085,359678524,360977765,130002651,130690885,126980112,137742374,309975215,272102825,395349925,332741476,124249878,124616442,124849697,125051683,319250936,324102009,367444477,350352239,128855242,131997720,126781522,126933893,154097693,159621463,160725352,184681588,339496733,318045196,271712500,317134342,156500450,156976737,155616457,159533721,242102333,220938543,192246617,198111356,
188,195203262,196830630,175639114,172369411,165859425,155355095,150617535,150863218,214571670,171782161,152433697,170072016,162809036,165338639,169321695,178691070,475482979,459332949,482960383,447824383,51983100,53501913,53937937,64953946,478485987,455745565,382735661,384036188,52859049,52616690,51453979,55097992,304376863,234034050,398557020,328936203,50644051,50315414,50327548,50195163,319922566,326156980,360522898,363019774,52088735,54187292,51177894,51338201,154943749,156110180,99800013,185044280,135924242,128386370,116548987,125747436,153728404,153412846,154255186,154370920,93828246,84728397,72496008,72280079,
189,195384652,194476804,182580693,171352905,15306070,18842910,18194038,14639251,219602096,185855175,174281771,169542413,15655957,15443930,15408187,16320556,469333169,453915244,471319527,432218172,7176975,7512934,7371864,7656694,470093457,458639689,394765164,390644081,7392770,7033713,7201361,7072516,291149160,288624055,384751964,282008054,7294727,7078356,6871467,6610430,318423182,328658218,360333639,369082347,7290337,7248098,7212206,7108185,150639576,150785684,155577991,185617255,13741910,13294495,12007730,13448392,150476289,149442624,150610011,151357470,10472140,9668960,8519911,8202409,
190,152082417,154043881,133687681,132902802,3695114,7656319,7066854,3530957,150491840,122582141,129922878,140817453,3969523,3693571,3282466,3611092,372401418,358564722,363525743,347117985,3561139,3855270,3666120,3326664,364167336,354426415,324867456,322105230,3701452,3396814,3616533,3239591,226635786,195005088,295591222,241314837,3794686,3579546,3359858,3094586,254967115,260632651,287264879,302380546,3650044,3497255,3652944,3534739,117938904,118266215,120577379,160449108,3707051,3617257,4078342,3409507,117926142,117213606,117575315,118101893,3638674,3719194,3573142,3328471,
191,83427999,86162822,74637472,72563441,3526533,6967104,5711084,3369287,86451140,78957558,70488405,81055699,3806512,3526120,3118986,3431962,213458715,201993894,203335128,194611927,3511348,3800856,3610651,3265170,201335863,198722850,186933554,185094762,3641972,3338256,3566028,3183076,126413970,111713936,165693747,138301408,3738066,3525823,3303925,3038644,148260235,149748863,161497374,175023982,3587228,3434241,3598786,3486456,67181959,67123965,68397167,122600217,3559938,3467322,3935117,3268220,66583895,66470950,66818281,66819570,3538012,3638436,3501610,3253672,
192,12864247,13429507,11936259,11636272,3504619,3542870,1577202,3355708,13019672,11834570,11554389,26693143,3778583,3507353,3097884,3414076,28838657,26624040,26021275,25981085,3497293,3788437,3600714,3254012,26436099,26470321,25762659,25448326,3626275,3321319,3552561,3173030,17622066,13548883,22219787,19626324,3722949,3509874,3286321,3033015,21963145,21683746,23256616,24983361,3577029,3417466,3587181,3478898,11392660,10783460,11275734,82566864,3545129,3446931,3919880,3259343,10849626,10793282,11174050,10873112,3520930,3625331,3488057,3247228,
193,4315941,4407994,4182705,4321193,3497523,1620719,606336,3351729,4463288,3992076,4306747,20110931,3772588,3493350,3087144,3400176,5562112,5093649,4921547,5251901,3490382,3781441,3594000,3246707,5258903,5385242,5251886,5239783,3616847,3317865,3545147,3163436,4752519,4410032,5122494,4652816,3708214,3495766,3277409,3030022,5059777,4898246,5308840,5358163,3563636,3402320,3573511,3471874,4527277,3868848,4260649,77010449,3540696,3444651,3913646,3253612,3933852,3978037,4264539,4063190,3516304,3617790,3484619,3248474,
194,3612422,3642347,3532415,3686049,3486001,605773,324524,3344410,3739188,3322618,3684441,19529762,3754837,3482350,3079910,3390539,3641955,3323599,3181781,3537864,3482143,3769402,3579419,3235580,3493036,3666289,3537743,3557003,3608909,3307792,3525021,3152283,3682147,3419432,3678755,3378424,3694614,3479661,3256320,3023514,3528368,3478825,3646199,3645406,3559431,3392553,3563345,3465208,3949509,3292910,3672363,75134137,3528667,3431420,3909070,3246578,3352042,3403433,3688286,3488396,3502900,3609229,3469072,3246449,
195,3599109,3629840,3518101,3668784,3472811,334590,270487,3339874,3727726,3312656,3675497,19487855,3741325,3470335,3070602,3380227,3617869,3299289,3154634,3519422,3467595,3752048,3563659,3222815,3467064,3643303,3513653,3534563,3587807,3294559,3514672,3139829,3667415,3408323,3663054,3356013,3681143,3470602,3250449,3015474,3507940,3456382,3623386,3628232,3536671,3378033,3551813,3458684,3936783,3263569,3661787,73567152,3515404,3421874,3890075,3240061,3335482,3389752,3671066,3473433,3491886,3597732,3455961,3236871,
196,3585878,3614829,3504820,3654451,3465514,281328,253897,3331956,3712799,3300317,3662608,19384600,3729044,3463352,3065099,3370362,3592254,3283103,3134446,3497277,3452567,3741158,3546189,3214795,3444183,3618811,3493692,3516626,3577125,3280569,3501996,3128188,3649796,3386753,3646429,3337301,3668169,3459831,3241913,3007396,3489655,3436686,3604457,3604466,3533771,3363418,3539151,3446591,3919870,3266059,3643829,71396782,3504599,3409715,3878887,3232485,3326287,3372939,3656842,3462991,3474758,3585541,3443455,3230843,
197,3585058,3611774,3495394,3640506,3445978,253430,237411,3325631,3709904,3296161,3658279,19263951,3713807,3451173,3052703,3364938,3587233,3272325,3127592,3491980,3439017,3728001,3536322,3202166,3438486,3610546,3488807,3504883,3560616,3266639,3486540,3110692,3642242,3386054,3640639,3337639,3648991,3448080,3228606,3000959,3480605,3436633,3597084,3597593,3514571,3346810,3527378,3446786,3905257,3260702,3637930,69144559,3488126,3398672,3860406,3225062,3320073,3367952,3647032,3452888,3468528,3574164,3430581,3225546,
198,3572995,3597990,3486202,3624981,3424980,235318,219289,3316280,3698711,3288556,3650901,19045890,3691023,3433611,3034634,3342787,3573525,3262562,3111960,3481745,3424899,3707741,3515432,3181604,3425413,3600292,3497375,3486967,3536940,3249340,3462080,3090204,3631632,3373011,3633408,3333517,3626938,3429197,3211389,2994582,3474144,3423372,3589926,3588844,3495980,3312964,3508901,3436099,3883163,3248234,3622463,66208601,3472423,3382847,3844087,3210215,3301790,3349538,3636190,3438830,3448989,3554786,3411483,3216409,
199,3569757,3586052,3476102,3617112,3395097,219080,201909,3310103,3685342,3282380,3637735,18857535,3653745,3414183,3009720,3321901,3563107,3256374,3108080,3471938,3415576,3687907,3492894,3160269,3416245,3587526,3484404,3482306,3498890,3222051,3423404,3036983,3621837,3361011,3625115,3324261,3600655,3390792,3176833,2991203,3461237,3410464,3582266,3578076,3474511,3237460,3492780,3426350,3874322,3233639,3611391,63645845,3461127,3367081,3822810,3205824,3293145,3341317,3624761,3429692,3429709,3537423,3392686,3208696,
200,3557519,3572162,3460730,3600163,3322180,202813,183148,3295184,3672623,3267530,3621534,18612247,3543504,3363265,2941569,3265464,3551923,3250524,3099414,3459261,3366097,3649557,3444649,3100594,3408454,3579525,3466506,3471926,3367855,3135180,3306716,2861896,3607249,3348633,3613225,3308708,3539201,3276402,3084111,2982835,3447984,3399950,3566188,3562371,3420068,2985110,3461991,3418344,3849548,3226010,3598264,60791071,3425202,3336304,3793119,3188775,3284441,3331200,3610878,3417194,3386394,3512123,3347807,3199596,
201,3545012,3562749,3447160,3583395,3063070,181820,158333,3276924,3658275,3253875,3611023,18339189,3214807,3208367,2730688,3117761,3532497,3241300,3086739,3451669,3258251,3548013,3264392,2908960,3392532,3570648,3450378,3455810,2973759,2868614,2945852,2402259,3596317,3338926,3594332,3298423,3375609,2966893,2824325,2972300,3435867,3385266,3554274,3548031,3248125,2386193,3395446,3395810,3825772,3212858,3589319,57830707,3341666,3236013,3722318,3160571,3272869,3310595,3602436,3407386,3246179,3449308,3208217,3188177,
202,3529674,3537478,3422449,3547770,2351181,155794,125289,3232043,3634318,3235296,3588978,17929525,2332771,2691891,2119689,2600162,3502510,3219143,3062722,3436171,3047224,3188209,2718255,2339480,3374011,3549670,3438434,3435858,2062250,2149916,2083809,1519682,3573189,3316915,3576632,3280908,2840516,2191199,2150595,2939007,3413772,3368632,3534514,3530914,2687239,1368745,3132161,3363767,3755410,3185588,3568059,53969898,3025093,2862767,3443611,3038889,3252342,3267822,3584787,3385264,2774998,3190874,2733621,3164082,
203,3512943,3509266,3399263,3499191,1372397,123309,85461,3090837,3617671,3219131,3575129,17483250,1243095,1770605,1233710,1692035,3454672,3203622,3037047,3417525,2517674,2434847,1818160,1484246,3343646,3530556,3420333,3414068,1068247,1225422,1103095,713048,3551183,3288746,3560688,3268055,1895377,1200381,1232359,2871182,3393745,3349273,3518778,3516387,1764806,576275,2532947,3274570,3655355,3155103,3546601,50520826,2319107,2104194,2782847,2688350,3223093,3190010,3567083,3361470,1929500,2588715,1905407,3098709,
204,3490595,3431624,3337156,3332799,608615,87035,48875,2713882,3581797,3187999,3541583,16732147,500457,865473,525945,803027,3285420,3175795,2946150,3386669,1728183,1472495,930375,708126,3258306,3491229,3410613,3350573,436071,531861,453225,275589,3492508,3207384,3530189,3238880,943443,494858,524670,2648729,3344654,3268469,3482790,3478671,877180,218740,1619686,3019798,3381941,3052574,3498501,46180761,1395412,1193868,1803091,2016670,3162529,2996097,3524659,3298015,1035129,1697705,1030843,2911462,
205,3458154,3248302,3183055,2953130,217723,48244,21701,1897788,3520499,3119485,3482707,15628453,183339,296273,174662,263409,2882308,3118481,2708189,3338955,812861,614210,341009,248612,3036569,3396947,3368523,3179844,169410,191307,171578,117376,3361000,2987567,3491027,3191032,332550,176532,180208,2038494,3218915,3061709,3412038,3406351,312638,114896,705802,2347641,2881498,2857740,3399139,42098090,577489,463460,802145,1100983,3037363,2644487,3451132,3185268,391919,772278,395392,2383698,
206,3362213,2702446,2698640,2067601,116705,21415,10982,890486,3312298,2865097,3298585,13206563,118377,126072,93347,112700,1924559,2910984,2021910,3135696,274676,215614,137541,111937,2334909,3011671,3227292,2578634,112489,106352,108449,87306,2935087,2335969,3314051,2969403,145892,107246,101152,1082989,2743169,2402294,3099832,3098685,132929,97876,229162,1310133,1891057,2331150,3106228,37082081,197527,163393,268571,407514,2698784,1876326,3241091,2860532,151606,258503,154704,1450501,
207,3133462,1865587,1917052,1149790,103484,11685,8677,333392,2852087,2340550,2885684,9852108,111170,102804,83834,92982,980925,2410115,1182514,2650228,129319,129676,104371,92363,1398071,2261594,2850913,1681448,104707,95115,99972,83476,2186923,1474108,2883397,2461815,119544,99323,91996,419445,1949509,1507856,2439202,2441120,107245,94900,121726,549810,991877,1580977,2539427,32702597,119926,106570,140739,162583,2100775,1063748,2836939,2280352,108807,127066,111628,658697,
208,2439621,814185,868315,405374,99938,8549,7720,134613,1818904,1341780,1930612,5284966,107062,99318,81149,89661,305793,1362978,411294,1594059,99695,114819,98362,86816,488514,1094010,1885010,657894,100631,91754,96749,80711,1068769,570876,1870208,1425911,113260,96505,88581,145673,879950,571260,1275495,1279988,102210,92568,101646,193799,348003,681093,1476599,28335663,106783,98188,116990,98356,1099872,380273,1899517,1259652,101821,101361,103717,221291,
209,1505502,311555,334401,175348,98088,7340,6762,99983,888736,586832,999924,2732255,104757,96837,79134,87762,137344,569513,155658,710191,95041,111567,94954,84673,178011,416792,925352,238201,98797,89497,94669,78879,424861,214448,922653,625515,111206,94451,87115,92834,333409,208690,510290,515866,99478,90195,98368,116701,170977,266584,671730,26017033,104124,95617,113614,87127,456538,161732,981135,553914,99383,97282,100998,113053,
210,577906,137846,134944,117376,96127,6776,6153,92342,296213,191145,342938,1636970,101953,94077,77374,85526,103351,175504,93777,218156,92147,108017,93194,82925,104763,150104,221017,116092,96341,87377,91771,77004,158121,110433,297786,196612,108730,92183,85446,81840,134533,106969,170610,170619,97027,87927,96033,98622,128584,119357,231207,24550370,101798,93006,110421,84110,164104,104558,341571,197338,97071,95005,97872,87518,
211,228245,110255,103322,109461,93740,6134,5545,90018,148080,110000,158598,1423342,99536,92214,75449,83609,99106,106550,86735,119421,90097,106002,91198,81730,97315,110204,134106,100819,94066,85499,89325,75129,114715,96513,142656,112327,106039,89630,83444,79728,106248,95300,115887,113117,94372,85586,93612,94155,120912,95588,132009,23753737,99053,91576,108040,82210,107310,95724,162398,121393,95083,92886,95950,82908,
212,122797,104752,96201,106714,91601,5596,4952,88019,113101,93698,111397,1351581,97341,90952,73638,81806,96585,93953,84096,101993,88313,103601,88586,79862,94637,102521,105682,97309,91968,83694,87234,72962,105679,93416,109888,96700,102377,87573,81261,77721,100108,90885,105860,102510,93153,83358,91499,92230,118148,89782,108867,22855979,97901,89339,106117,80687,94908,92557,115830,103174,92308,90788,94359,80993,
213,105294,101902,93561,103674,89342,4733,4132,86072,107215,90390,103699,1313373,95481,87842,72316,79492,94187,90660,82436,99802,86047,100885,86502,77754,91894,99625,101723,94891,89552,80567,85585,71229,103302,90313,104352,94035,100250,85032,79236,76115,97422,88805,103694,100415,90214,81551,88656,90599,115666,87527,104532,22046659,95374,86883,103289,78799,92040,90433,107654,99439,90307,88532,91655,79454,
214,100661,99744,91174,101091,86359,4011,3348,84169,103295,87746,100440,1268569,91921,86102,69647,77240,91563,88683,79889,96308,83701,98444,83857,75044,89493,96978,98922,92292,87092,78530,82773,69262,100387,88741,101610,90711,98664,82810,76601,74856,94892,86961,100376,97571,88289,78882,87036,88337,111896,85515,100983,21053473,93143,84879,100256,76971,89530,88966,104944,96385,87864,86198,89335,77157,
215,98479,97393,89298,98774,84365,3416,2655,82729,100928,86572,98305,1230099,89255,83203,67647,75404,89534,86367,78581,94810,81871,94872,81841,73080,87455,94666,96913,89929,84362,76237,80368,66765,98289,86492,99362,89264,94975,80178,74038,72852,92887,85114,98017,95646,85630,76819,84818,86526,108690,82890,99188,20161190,91294,82784,97315,75981,87511,85738,101537,94476,85446,83718,87277,75957,
216,96356,94992,86386,96224,82240,2567,1792,80327,99455,83993,95572,1194789,87213,80934,65367,72659,87263,84336,76945,92159,78950,92451,79563,71290,84976,93282,94367,88121,81303,73528,77487,64643,96062,84237,97354,87277,92265,77047,71791,71708,90607,82797,96900,92546,82885,74115,82541,85442,106584,81006,96605,19260777,88258,80093,94775,73796,85477,84552,99448,92271,83386,80969,84887,74197,
217,93910,92382,84826,94187,79615,1832,1249,78596,96825,81926,93279,1152148,84052,78579,63259,70248,85009,82304,74522,89746,76907,89505,76680,68680,83276,91339,92479,86197,78884,70693,74335,62432,93206,82276,94881,85367,88757,74762,69199,70399,88417,80697,93634,90024,80280,71283,80019,83125,103770,78957,94461,18317852,86421,77892,92371,72199,83457,81149,97373,90791,81034,79021,82436,72128,
218,90427,89869,82209,91399,76099,1262,943,77494,94405,79489,91534,1104960,80400,75735,60514,68051,81959,80147,72158,88109,74253,86166,74075,66009,80920,88532,89964,83492,75679,68489,71316,59727,90411,80308,92504,82786,85652,71483,66484,69035,86308,78530,91268,87913,76652,67411,76957,80791,100721,76877,92035,17214510,83622,74943,88996,70774,80750,78809,94786,87499,77830,75733,79430,71171,
219,89765,87263,80302,88325,72920,950,812,74893,91515,77485,88391,1066347,77180,73116,57933,65585,79618,77852,70585,84888,71609,83123,71134,63251,78199,86710,87477,81055,71956,65496,68337,56733,88525,76880,90080,80806,81890,67894,63742,66844,84001,76981,89090,85274,74295,64385,74219,79082,97565,74154,89641,16272947,80578,72134,85162,68021,79307,77335,91963,85467,74440,73175,76300,68763,
220,86479,85221,77424,85450,69727,791,732,73534,89489,75017,86651,1016836,73192,70262,55023,61898,76500,75798,68202,82804,69382,79852,68141,60913,75854,84090,85108,78602,68620,63305,64923,53411,85358,74382,88061,78635,79099,65012,60746,65680,80807,73336,86121,82259,71568,61804,71583,77024,93665,72444,86762,15161335,78104,69804,82409,66595,76517,74118,88987,82629,71959,70859,74183,67270,
221,84817,81405,75071,82924,66237,815,779,71639,87163,73681,83996,974210,69590,66931,52087,59531,73454,73715,65512,80392,66520,76769,65170,58248,73123,81148,83570,76360,64597,59123,61292,50328,82911,72452,85312,76231,75119,61871,57370,63291,78299,71668,83576,80085,67899,57407,68293,74385,90820,69896,84548,14128072,74623,66895,79159,64091,74342,71654,86706,80766,68842,67538,70988,65258,
222,81791,78657,71807,79565,62175,759,723,68260,84058,70017,80983,917329,65331,63148,48466,56169,70226,70813,63282,77963,62937,72921,61055,53954,70225,78563,79527,72312,60024,55743,56888,46245,79502,69784,82489,73121,70158,56232,53124,61323,75432,68621,80794,77130,63346,52556,65192,72146,86136,66693,80815,13041544,71338,63186,74132,61881,72198,68011,83516,77762,64695,64508,66965,63011,
223,79088,76187,69606,75941,58617,684,657,66820,81293,67997,78452,869196,60310,58921,44313,51995,66811,68998,59768,74963,59353,67979,56877,50166,67009,76709,77625,70519,55856,51230,51867,41432,76519,67328,79701,71088,65577,51893,48909,59340,73047,66182,77610,73970,59826,46476,61708,69878,82682,63776,78557,12090118,67387,59766,70624,59297,68991,65399,80919,74993,60821,60845,63218,60898,
224,75745,71464,65037,71214,49450,635,607,61825,77795,64355,74308,790826,48659,51578,34325,44058,61540,64844,56781,70944,53304,61076,49037,42732,62396,71955,74008,66144,43498,41010,39315,28587,72083,63210,75949,67731,56643,39978,37948,56154,68815,62644,73631,70049,50773,30859,55586,66138,75996,60065,74372,10722263,61461,52831,62000,55613,64433,60449,76624,71010,53636,53763,56273,57382,
225,72470,67422,61684,67231,40293,655,625,59517,74925,61005,71593,734167,37213,44710,24809,35982,57221,61988,52787,67769,48389,54683,41314,34672,59815,68748,71506,62797,31461,31057,27356,18136,68352,59498,72604,64512,48013,28362,27570,52907,65025,59391,70498,67016,42323,18507,50028,62521,71354,56693,70870,9826748,55275,46098,55467,52280,61908,56688,73235,67867,47236,49406,49670,54436,
226,69072,63364,58252,62231,27226,557,527,56077,70751,57650,67676,666246,22116,33865,13358,24269,51607,58890,48843,64148,41400,44413,29278,23135,54651,65156,67555,59209,17758,18155,14625,8840,63716,55392,68881,60585,34431,15005,15180,50278,60786,55169,66136,62949,29565,8687,42252,59445,63857,52583,67632,8837222,46505,36868,44114,48812,57651,51505,68870,64448,36425,40845,39947,51740,
227,65899,58905,53313,56770,14977,545,520,52642,67503,54350,64686,598764,10567,21349,6183,12809,44614,55638,44478,60688,31006,31740,17572,12355,49856,61250,64705,55077,8684,9056,6952,4331,59719,51604,65212,57628,20492,6951,7162,47501,57329,51650,62034,59508,16832,4410,31910,55819,55838,48119,63909,8002356,34404,24976,31117,44029,53955,45392,65479,60333,23912,30017,26813,48443,
228,62121,52310,47842,48360,7591,507,483,48949,63376,49746,60215,517808,5448,11172,3375,6033,32846,51241,37531,55818,19931,19196,9208,6126,43172,56460,59959,49544,4531,4707,4051,2702,53172,45263,61188,53108,10303,3774,3894,43848,51212,45759,57437,54746,8461,3129,20590,52202,41857,42073,59111,7123151,21604,14347,18647,38743,48277,35880,59799,55481,13376,18929,15385,44613,
229,57531,44776,41480,37620,4129,521,492,43308,59865,44177,55731,434258,3681,5514,2598,3273,20363,46488,28541,51122,10744,9610,4530,3503,33495,51428,56064,43468,3351,3118,3121,2458,45970,37395,56409,48002,5325,2961,2956,39285,43939,38605,51674,48936,4420,2783,10670,47230,27081,33137,54379,6436365,10916,6905,9004,29956,40876,24714,54617,50032,6528,9502,7655,40048,
230,51904,31536,29404,22947,3081,479,469,34792,53569,35064,49841,316933,3313,3386,2286,2619,8848,39332,16244,42236,4970,4995,3146,2689,19625,43257,49448,32309,2988,2714,2779,2311,33193,24804,49605,40038,3788,2783,2545,31445,32554,26857,41967,40125,3138,2621,5056,39096,12807,20609,46490,5707514,5412,3723,4595,18825,27966,12311,45657,41164,3862,4536,4135,31979,
231,45323,18625,18094,12233,2971,450,437,23901,47252,24162,42058,213360,3184,2998,2229,2447,4423,29644,8380,31849,3246,3627,2794,2506,10015,32760,42040,20742,2911,2593,2792,2190,20881,14092,41489,29687,3498,2573,2518,21811,20764,16061,30024,29694,3010,2581,3330,28692,6468,10774,37379,5203626,4016,2937,3578,9931,15950,5919,35088,30288,3107,3124,3264,22091,
232,35357,8921,8705,6033,2854,449,440,13482,36775,13028,31241,130645,2974,2856,2150,2406,3109,17628,4175,19680,2745,3330,2681,2472,4662,20152,30605,10666,2693,2538,2714,2123,10604,6595,29715,17665,3278,2644,2412,11847,10775,7348,16559,17171,2925,2497,2724,17593,4370,5142,24532,4792671,3695,2825,3358,5011,7538,3447,21538,17719,3044,2716,3083,12629,
233,23674,4746,4535,4048,2746,448,440,6900,25168,6524,19670,87766,2870,2881,2047,2307,2915,8860,2813,9981,2572,3220,2597,2303,3240,10508,19252,5292,2631,2508,2532,2025,5361,3686,17790,9227,3137,2482,2325,6074,5687,4039,8192,8609,2795,2440,2732,9406,3926,3296,13617,4492913,3532,2603,3311,3240,4179,2896,11036,9152,2808,2517,2944,6367,
234,11288,3263,2928,3315,2688,455,448,3782,12288,3343,9111,69881,2810,2550,1999,2279,2731,3977,2474,4575,2526,3173,2507,2219,2801,4816,8384,3314,2487,2336,2362,1883,3528,2806,7947,4261,3034,2305,2233,3250,3407,2763,4043,4173,2612,2214,2538,4829,3715,2684,5950,4196970,3387,2585,3099,2580,3133,2675,5053,4419,2729,2428,2800,3266,
235,5733,3085,2678,3154,2541,479,469,2855,6210,2704,4955,64529,2496,2597,1965,2158,2566,3011,2351,3239,2489,2849,2413,2080,2712,3400,4507,2758,2535,2252,2318,1972,3117,2645,4278,3153,2962,2272,2139,2612,2969,2561,3194,3107,2556,2165,2522,3231,3577,2464,3781,3976350,3252,2520,2953,2360,2969,2505,3530,3332,2622,2404,2639,2572,
236,3286,2979,2707,3069,2474,384,386,2594,3754,2588,3317,60827,2512,2464,1864,2070,2483,2621,2247,2842,2325,2764,2279,2083,2599,2986,3255,2714,2412,2182,2241,1808,2975,2510,3184,2714,2702,2110,2030,2307,2866,2583,3033,2765,2445,2175,2505,2819,3398,2468,3152,3721468,3223,2432,2927,2264,2759,2537,3079,2969,2496,2315,2688,2304,
237,2994,2969,2500,2893,2340,404,396,2517,3093,2430,2988,57423,2504,2464,1790,1962,2387,2505,2143,2820,2306,2650,2202,1924,2494,2909,3051,2729,2307,2138,2147,1711,2852,2460,2963,2716,2654,1970,2035,2330,2727,2363,2882,2564,2324,1938,2338,2663,3369,2426,2999,3502039,3121,2432,2729,2184,2829,2456,3122,2857,2512,2241,2575,2235,
238,2884,2743,2465,2873,2258,392,383,2503,2969,2424,2776,54513,2394,2277,1695,1867,2315,2462,2063,2739,2151,2655,2134,1865,2394,2751,2955,2508,2205,2021,2061,1686,2775,2364,2979,2577,2556,1937,1910,2170,2636,2315,2783,2579,2232,1874,2250,2409,3086,2288,2808,3241396,2991,2261,2654,2117,2647,2274,2809,2710,2377,2231,2353,2143,
239,2854,2666,2320,2749,2181,385,377,2263,2817,2322,2692,51173,2371,2102,1643,1812,2227,2291,2083,2595,2025,2480,1994,1794,2328,2668,2705,2363,2087,1893,1850,1529,2760,2264,2732,2470,2443,1872,1877,2043,2677,2089,2715,2465,2194,1798,2229,2439,2940,2247,2657,3053475,2919,2217,2536,2113,2454,2182,2774,2556,2286,2017,2428,2075,
240,2669,2517,2337,2684,2047,376,369,2251,2757,2196,2579,48050,2171,2055,1561,1658,2066,2333,1979,2509,1932,2389,1889,1753,2154,2511,2751,2309,1936,1779,1783,1476,2545,2190,2586,2364,2354,1771,1786,2083,2394,2142,2705,2306,2003,1698,2038,2324,2784,2156,2731,2800568,2770,2105,2441,2016,2398,2082,2630,2521,2086,1928,2259,2017,
241,2618,2542,2197,2495,1913,374,362,2177,2668,2062,2549,45025,2066,1931,1449,1605,1967,2197,1839,2356,1878,2264,1854,1614,2126,2486,2687,2262,1842,1686,1655,1441,2436,2078,2614,2311,2076,1566,1559,1933,2363,1966,2479,2210,1923,1537,1993,2294,2753,1982,2515,2594807,2675,1944,2250,1932,2273,1994,2621,2541,1973,1828,2133,1911,
242,2472,2303,2009,2358,1876,363,360,2040,2504,1960,2329,41832,1929,1830,1369,1551,1955,2124,1816,2303,1817,2190,1727,1532,1972,2369,2357,2121,1692,1614,1590,1319,2258,1967,2400,2096,2108,1562,1563,2022,2301,1966,2355,2115,1870,1510,1877,2163,2591,1931,2519,2365207,2503,1878,2067,1759,2146,1936,2478,2273,1892,1664,1953,1892,
243,2394,2170,1951,2309,1699,370,364,2038,2426,1992,2329,38466,1880,1741,1323,1492,1739,1998,1752,2195,1704,1946,1574,1426,1872,2244,2279,2081,1554,1523,1483,1202,2219,1948,2356,2059,1895,1368,1402,1932,2040,1873,2304,2043,1723,1332,1713,2064,2507,1887,2340,2181139,2429,1725,2029,1845,2116,1726,2365,2269,1845,1640,1920,1791,
244,2236,2131,1850,2204,1643,370,364,1977,2356,1855,2162,35619,1650,1617,1170,1375,1694,1923,1578,2068,1669,1930,1506,1349,1734,2154,2242,1974,1499,1401,1405,1188,2206,1803,2180,2022,1778,1308,1354,1740,2007,1862,2236,1914,1687,1263,1636,2013,2213,1726,2314,1982093,2288,1691,1938,1676,2026,1714,2264,2114,1793,1554,1819,1696,
245,2132,1968,1680,2131,1496,377,370,1913,2267,1758,2189,32999,1505,1513,1115,1284,1594,1861,1549,1997,1536,1731,1428,1303,1691,2009,2179,1855,1404,1242,1220,1005,2031,1748,2119,1922,1615,1149,1124,1686,1905,1693,2059,1839,1520,1096,1563,1979,2275,1637,2201,1811015,2159,1561,1721,1635,1950,1662,2232,2094,1662,1545,1725,1641,
246,2056,1800,1694,1930,1436,328,325,1849,2102,1673,2040,30027,1432,1456,935,1147,1454,1700,1377,1939,1397,1622,1310,1084,1585,1995,2037,1725,1217,1149,1103,857,1905,1541,2010,1784,1520,995,1063,1658,1753,1612,1997,1747,1364,959,1446,1844,1978,1541,2078,1628682,2136,1434,1691,1624,1924,1467,2009,1865,1490,1332,1520,1673,
247,1967,1789,1598,1841,1246,347,344,1748,2053,1531,1906,26961,1250,1327,840,1030,1320,1706,1309,1872,1313,1522,1210,1075,1540,1860,1994,1686,1031,1007,949,739,1854,1554,1921,1750,1336,859,945,1543,1757,1507,1843,1661,1139,761,1353,1752,1874,1476,1965,1481654,1971,1365,1493,1507,1699,1404,1919,1884,1458,1266,1493,1592,
248,1789,1629,1470,1720,1087,309,305,1649,1880,1477,1839,24128,1069,1200,667,821,1203,1548,1277,1660,1169,1353,1068,947,1356,1819,1904,1630,959,851,807,580,1682,1399,1865,1657,1197,676,743,1494,1592,1377,1717,1547,1079,625,1275,1715,1692,1343,1853,1334536,1837,1263,1365,1472,1680,1294,1806,1738,1190,1129,1203,1485,
249,1753,1534,1421,1595,950,320,316,1591,1811,1475,1711,21468,853,999,468,697,1078,1443,1207,1569,1040,1209,902,778,1313,1729,1778,1486,701,669,573,437,1508,1255,1809,1489,1002,508,553,1397,1568,1396,1619,1444,907,469,1115,1610,1504,1258,1788,1213555,1652,1152,1174,1396,1533,1147,1739,1699,1052,973,1155,1361,
250,1649,1434,1284,1424,680,334,332,1424,1704,1275,1612,18344,619,817,416,600,911,1338,983,1407,938,1023,682,559,1186,1596,1731,1323,499,478,468,384,1409,1171,1604,1439,807,371,455,1340,1439,1179,1492,1339,636,338,976,1569,1250,1161,1565,1076714,1420,857,955,1237,1439,1013,1631,1512,909,836,922,1280,
251,1610,1237,1170,1270,549,283,282,1445,1578,1176,1519,15862,514,711,352,460,736,1247,931,1425,728,797,568,433,990,1445,1575,1201,416,450,360,322,1295,1090,1471,1298,578,306,352,1340,1256,1126,1386,1278,524,338,777,1410,1008,996,1495,977164,1175,659,772,1217,1313,818,1457,1377,678,703,697,1250,
252,1456,1099,975,1049,412,325,319,1265,1480,1078,1402,12918,414,477,340,375,545,1133,777,1268,614,584,473,394,845,1258,1466,1130,387,371,391,334,1067,907,1391,1188,430,293,378,1183,1140,999,1293,1192,433,375,599,1391,750,821,1343,874520,919,550,587,1065,1118,647,1312,1286,533,526,553,1173,
253,1259,958,835,851,402,297,294,1271,1376,889,1315,10349,415,421,332,370,433,1056,582,1089,500,490,385,360,688,1205,1325,1016,363,360,372,340,913,769,1235,996,369,294,359,1157,966,799,1065,997,378,345,519,1255,566,668,1290,792966,623,455,474,975,851,468,1230,1143,410,421,463,1116,
254,1170,688,706,626,369,308,303,1120,1266,776,1113,7289,406,397,350,349,366,937,480,961,399,380,362,333,463,983,1191,819,355,289,366,343,716,558,1094,852,339,275,374,1030,696,630,891,815,368,338,398,1153,470,509,1088,712200,562,400,416,797,583,393,972,948,366,352,325,916,
255,1005,517,512,542,350,277,275,1012,1175,581,939,5093,358,358,321,333,347,716,437,687,361,347,339,299,423,902,1075,615,340,336,352,323,583,428,952,726,342,294,356,883,568,501,771,579,317,320,348,1024,398,417,946,657363,495,400,431,705,465,317,770,773,401,370,349,813,
256,911,459,446,462,358,298,294,756,1034,448,864,3947,424,373,325,336,337,595,358,606,357,342,345,318,399,750,940,541,351,338,351,317,436,380,787,586,331,250,331,685,488,450,625,511,323,303,319,751,410,348,737,616565,451,394,403,469,397,323,587,591,351,287,314,581,
257,773,413,380,402,363,243,237,592,833,382,748,3166,386,391,321,297,370,455,324,433,356,375,314,309,342,592,716,441,350,307,372,298,413,359,645,429,309,280,364,555,393,340,468,369,351,326,361,608,378,364,656,572809,401,406,382,405,336,352,444,508,350,311,323,467,
258,503,377,346,408,376,277,271,481,612,388,516,2830,390,332,295,314,327,381,347,384,362,326,315,307,363,452,568,397,357,306,318,330,361,335,495,368,285,260,325,430,372,326,362,282,297,304,371,471,377,364,459,525355,424,352,426,394,357,290,388,390,363,330,318,435,
259,428,386,351,403,339,278,273,426,488,363,410,2505,368,338,322,335,320,341,349,354,344,336,316,293,349,414,440,378,322,322,312,314,332,330,394,325,313,242,330,368,374,318,377,284,337,306,363,374,397,357,418,487274,443,353,398,403,335,334,379,379,305,314,343,381,
260,405,364,343,424,333,263,260,429,385,316,349,2399,400,366,285,321,332,332,325,366,315,331,318,332,349,375,437,354,352,321,334,306,362,347,329,354,308,251,320,379,343,344,363,315,284,319,293,366,354,376,415,447973,453,354,364,357,354,306,311,347,337,307,290,378,
261,370,334,334,397,328,276,273,356,360,319,343,2183,350,308,287,303,298,315,308,337,295,336,331,312,344,364,409,359,315,289,308,282,324,345,335,323,284,211,320,374,320,301,343,260,283,309,322,366,334,318,392,413188,418,348,355,372,344,315,330,385,319,271,325,341,
262,360,340,326,392,300,265,263,347,360,330,341,2007,360,321,257,334,320,298,315,317,329,316,351,275,343,392,383,372,323,312,326,300,351,348,330,301,296,246,317,370,359,363,382,222,314,289,294,373,327,332,371,375798,424,336,358,312,320,320,310,365,320,295,304,345,
263,343,334,354,369,299,250,247,342,337,322,311,2036,336,308,285,266,277,342,311,355,302,313,300,263,355,370,388,347,315,310,308,293,328,319,344,309,302,232,295,359,327,328,329,253,289,295,304,332,324,343,352,345423,392,350,343,337,324,303,293,334,339,296,281,356,
264,345,352,337,351,267,244,243,367,329,306,328,1803,327,309,268,283,309,289,313,332,301,279,304,281,304,333,343,345,269,299,270,261,324,333,339,303,254,252,283,364,358,304,328,258,278,273,298,300,307,314,365,314090,401,304,344,321,357,317,282,350,324,243,299,348,
265,332,326,320,367,286,252,248,340,328,314,322,1707,328,335,250,291,305,315,311,342,319,304,260,288,325,380,388,288,302,266,291,238,357,302,312,311,290,220,283,350,314,305,339,259,275,271,287,334,310,318,363,288069,403,324,316,314,329,248,343,335,300,289,301,321,
266,334,322,324,374,282,251,245,337,309,310,327,1573,303,310,263,287,312,309,289,317,308,272,300,267,334,353,373,317,295,288,222,273,367,327,293,316,263,211,256,345,281,307,341,269,297,253,286,304,288,301,378,258295,392,301,302,329,279,274,293,327,330,264,255,322,
267,349,326,320,336,291,245,240,334,319,314,326,1409,303,299,280,298,301,326,310,298,293,292,295,286,304,345,385,310,287,252,273,258,336,309,341,320,249,199,268,322,329,309,310,261,290,216,280,300,318,322,340,234752,351,329,326,338,314,269,296,280,311,240,267,329,
268,357,329,289,336,234,252,247,317,292,285,308,1381,330,311,220,261,295,306,274,308,317,286,310,257,289,338,367,370,276,242,274,258,325,281,325,313,247,212,280,330,315,278,304,234,264,257,262,308,300,287,340,209667,397,302,325,302,320,268,302,338,258,262,262,336,
269,331,269,286,356,265,233,229,296,270,281,313,1242,302,297,256,256,270,297,258,310,260,267,294,248,318,346,357,307,238,297,250,219,284,280,297,288,216,156,240,291,317,294,316,213,285,234,293,308,293,303,329,190920,343,277,287,309,282,242,314,282,257,232,261,325,
270,295,306,323,327,245,240,235,299,312,272,303,1134,273,276,230,248,241,295,281,294,238,270,247,226,303,284,338,314,273,266,274,219,289,285,265,316,252,192,265,330,285,274,316,224,262,242,254,297,285,233,327,169648,332,291,287,331,295,272,282,286,272,237,232,316,
271,339,273,273,329,265,228,225,325,289,296,284,1004,317,257,221,246,264,282,266,305,268,250,268,257,303,330,361,324,215,228,273,256,292,257,308,280,253,189,250,321,304,281,292,247,250,221,243,235,278,306,336,153856,326,259,272,295,281,265,302,303,259,222,246,319,
272,277,268,305,303,221,203,198,305,281,285,260,891,289,265,234,246,266,278,271,266,250,217,259,214,285,298,317,330,255,221,260,243,282,247,300,270,214,212,241,308,272,266,262,196,253,239,246,268,250,260,305,136584,325,263,271,274,270,226,264,296,271,220,210,300,
273,324,294,292,286,236,219,218,290,276,278,299,780,265,253,246,255,243,241,224,291,272,256,244,236,267,296,327,290,233,238,254,227,261,251,286,248,221,184,213,295,298,255,282,201,223,209,229,298,243,273,299,123566,305,286,290,302,260,271,253,293,269,209,252,308,
274,269,299,266,281,207,236,232,298,286,263,242,674,271,235,240,195,246,246,221,272,250,215,261,231,288,299,309,292,231,220,227,214,256,260,271,259,215,177,220,292,259,246,281,185,213,207,252,286,235,261,294,109720,313,235,294,287,255,225,258,294,258,224,224,310,
275,315,273,278,295,233,201,199,269,249,252,259,593,271,245,212,238,255,242,256,264,249,219,217,242,280,309,318,293,240,230,245,219,283,243,267,280,221,153,232,261,256,238,254,207,226,224,237,264,243,279,339,99253,280,236,268,268,206,217,264,277,231,199,230,301,
276,283,249,279,288,220,211,209,322,241,254,269,522,259,218,216,206,219,281,223,261,268,212,235,212,224,286,320,298,211,211,214,227,255,238,245,230,201,178,214,299,244,237,244,203,205,216,201,277,244,229,282,88948,304,262,244,265,219,207,267,250,261,213,214,268,
277,248,244,228,291,254,224,220,309,235,233,241,414,236,256,207,214,238,238,198,248,240,231,247,208,250,303,332,254,226,236,231,256,233,233,253,242,191,164,232,255,241,245,268,218,232,200,223,265,209,245,287,80605,249,242,240,253,242,211,253,269,206,198,192,292,
278,277,256,263,275,229,200,198,254,217,253,266,396,229,217,221,218,242,258,241,242,249,221,279,223,270,296,301,293,234,236,233,211,245,208,230,248,204,176,254,290,233,233,242,181,224,209,208,259,231,237,242,72362,256,239,241,276,213,226,247,262,254,188,196,245,
279,300,237,256,264,212,181,177,251,199,226,232,323,268,218,214,199,230,251,215,231,259,226,224,224,229,262,296,292,213,231,199,224,252,221,249,227,200,157,211,268,263,249,237,189,244,209,216,229,226,215,265,67003,257,241,255,267,230,213,237,231,219,193,180,257,
280,266,250,250,255,199,206,203,265,225,197,251,347,245,239,188,214,234,215,216,235,243,209,241,220,205,276,301,254,222,237,226,208,253,233,239,240,177,177,231,260,237,248,235,179,214,228,226,257,212,223,264,61217,233,240,259,227,197,207,215,236,209,209,190,277,
281,254,239,223,236,223,209,206,257,223,237,226,328,253,204,201,200,192,228,224,213,226,203,211,216,228,250,260,237,218,225,231,219,228,206,234,233,184,170,225,232,235,241,240,192,202,218,188,229,226,233,236,56357,270,245,240,266,193,215,244,235,237,186,210,296,
282,231,255,246,263,230,188,187,208,199,221,199,331,231,233,200,202,249,229,224,234,223,223,221,225,225,269,271,231,225,210,246,181,240,231,218,242,201,169,236,233,238,237,205,182,224,210,199,215,227,227,251,51030,277,232,228,277,190,222,224,224,203,208,195,273,
283,209,230,240,269,196,202,200,246,212,212,211,295,240,239,195,218,223,209,226,214,207,196,225,236,215,254,257,268,235,207,210,205,253,228,209,228,181,199,196,240,243,221,236,151,214,207,210,245,205,252,240,46973,277,236,283,277,209,219,211,227,242,185,193,259,
284,205,253,228,243,204,210,203,254,243,201,235,323,204,220,211,219,226,242,223,235,221,195,207,195,234,250,291,257,223,251,215,202,248,218,184,214,198,165,218,255,232,225,212,167,200,207,208,226,234,233,244,41996,240,233,257,270,199,213,217,221,219,173,190,247,
285,251,237,252,263,217,187,184,240,196,194,234,296,263,202,171,217,198,234,199,212,228,177,198,207,221,252,265,227,202,205,231,230,227,184,238,215,186,152,214,228,236,220,245,166,211,180,207,226,227,191,242,38553,265,246,229,246,168,199,201,224,239,201,177,260,
286,226,232,217,251,225,159,152,246,200,180,195,284,236,224,197,192,189,220,243,240,195,165,227,197,215,225,277,224,186,217,191,195,239,172,248,195,171,169,186,244,214,200,227,160,197,201,206,246,227,217,233,34001,230,245,208,244,222,211,210,224,217,171,210,258,
287,232,218,243,241,199,197,195,206,180,187,207,281,213,197,203,189,210,209,213,218,196,185,180,193,216,247,267,231,196,206,204,197,201,190,196,227,177,144,198,231,224,220,217,148,219,176,185,204,200,225,243,31030,230,241,237,229,183,202,203,200,215,163,200,237,
288,230,214,244,261,219,166,165,216,218,224,222,268,237,229,203,192,187,215,204,235,227,170,194,196,217,262,245,248,211,191,225,210,231,233,180,204,160,155,186,244,231,191,202,148,224,180,164,202,191,214,250,26797,236,230,246,245,177,205,201,209,188,186,177,250,
289,227,241,215,220,196,180,176,211,176,192,197,257,193,204,172,205,170,203,181,229,216,183,217,191,218,243,247,225,184,204,219,210,226,206,178,207,204,164,228,223,183,216,225,140,191,217,180,209,194,209,239,24506,233,200,224,232,210,189,179,224,186,176,164,258,
290,235,211,246,257,174,181,179,201,194,201,199,256,219,189,194,187,211,218,208,193,226,196,196,204,209,243,241,240,185,212,201,190,217,199,205,209,170,135,181,212,227,219,226,153,181,187,186,245,201,221,240,22085,209,219,247,213,184,181,223,205,194,170,177,219,
291,204,214,215,237,184,160,157,219,181,187,186,288,224,185,175,184,190,222,205,226,206,171,188,191,217,215,254,227,178,162,172,179,232,184,214,215,170,135,188,208,234,211,207,130,185,180,186,195,192,218,230,19780,229,224,233,240,161,162,184,224,191,181,188,232,
292,225,187,224,237,178,152,149,228,202,193,200,238,223,200,177,189,189,188,175,195,193,183,209,168,222,239,256,239,210,173,186,185,206,206,222,198,171,161,218,236,209,209,184,146,185,171,177,205,200,205,219,17483,221,187,205,237,173,173,180,202,202,155,151,227,
293,230,230,224,230,213,156,154,223,193,204,196,229,199,196,205,184,181,213,177,203,206,191,199,187,230,221,276,227,193,186,175,167,227,209,181,228,172,133,192,238,206,207,213,163,188,194,202,210,181,196,233,15819,218,232,205,283,179,200,176,199,201,165,167,213,
294,219,209,207,257,182,163,161,189,180,177,203,224,202,195,183,161,210,176,196,209,205,162,195,183,201,227,246,231,175,166,186,158,184,202,214,207,169,136,187,203,218,200,222,137,193,195,198,204,202,211,225,13974,213,197,211,215,171,153,185,172,187,169,177,224,
295,219,190,205,201,190,166,162,231,181,207,196,216,181,180,177,187,181,183,205,196,215,174,163,166,187,215,229,223,195,180,176,150,206,205,191,210,151,141,192,239,199,173,203,143,174,195,166,204,157,203,210,12683,227,208,188,221,169,167,175,214,195,155,188,229,
296,217,214,175,208,182,167,167,227,192,178,210,245,198,185,165,180,188,177,180,175,202,180,215,193,221,197,247,214,195,170,193,162,208,182,207,207,175,135,174,229,212,186,198,147,192,197,184,175,184,192,206,11157,218,185,204,200,173,194,176,184,210,191,161,230,
297,201,198,177,231,189,151,150,226,175,180,167,197,188,193,153,166,187,182,180,210,190,165,199,157,200,205,248,203,184,181,177,179,198,180,199,195,173,136,176,175,181,176,210,147,174,147,176,189,179,194,205,10084,213,183,184,189,178,183,211,193,170,203,163,227,
298,186,213,200,234,188,157,156,225,171,201,207,210,201,160,186,158,172,224,180,205,178,172,175,175,194,226,241,251,170,225,229,156,173,186,170,189,157,174,161,199,195,205,201,130,179,170,186,182,190,172,220,9192,183,175,213,194,167,183,183,203,182,167,157,229,
299,231,184,192,217,176,158,158,207,175,191,167,204,200,186,162,163,207,180,184,200,180,147,181,190,191,209,246,223,218,189,170,178,189,182,212,212,162,112,151,243,201,201,189,135,172,170,169,171,202,185,214,8277,200,229,210,208,174,179,181,193,200,158,168,211,
