165,117383,101489,119530,157245,194250,50511,72136,198018,166729,77934,145154,97181,218801,194422,155508,169875,75912,89804,101511,91903,170017,194137,187465,156567,118187,206726,138377,176939,193797,161286,169329,148887,90007,129748,154241,95185,211427,169708,149438,146519,126302,145877,110886,146002,187124,170257,180081,199915,145554,80905,146190,93429,189667,184164,224622,178591,74149,85280,78369,138830,186438,180546,187169,145282,
166,151119,144214,147991,180989,207605,78229,99927,267153,177939,113592,161808,129608,231343,207623,151580,179910,124192,136229,145349,138291,182246,206519,201941,165671,174435,204157,183565,191192,208207,171484,181725,159256,134465,152761,179613,131391,225644,181274,159922,177436,164804,175835,153770,190182,200670,183714,193209,270374,185051,118583,159025,140598,202061,193568,226607,259923,108742,126328,124952,153878,199562,193515,201306,160564,
167,166844,168631,160455,190665,234435,104330,126189,469827,188234,131751,172111,146134,253762,229479,160357,192729,170943,178215,171868,182604,206072,225037,235878,181865,217056,195476,205504,185019,228666,184362,197340,173226,160656,162210,188491,159857,249306,193577,170787,274082,189893,176793,191760,213057,218257,201054,212407,457786,201986,138450,166427,167909,224062,207341,237711,477631,126856,147751,152595,162500,221176,208098,232027,204532,
168,175986,180491,166959,201367,343846,131830,178661,922048,199828,143833,181218,156723,333936,313808,174155,229932,209783,187183,165214,207683,289022,273765,362050,239247,213977,202354,197111,189692,306506,215210,249561,220159,177729,167861,191598,173665,329297,217900,186578,530142,191213,174964,205140,206118,271016,275781,276261,852180,214912,149739,176719,185218,300363,253274,259608,880834,137712,159948,169536,171950,304400,256813,352043,350520,
169,183462,188504,176553,214534,663524,193041,302905,1550478,212753,152567,192522,165384,624684,609115,219869,369090,203006,175934,161454,197716,530880,448346,694418,431256,201721,211955,194139,199633,566810,333706,438488,391502,185407,176924,201475,172330,590202,310629,240419,873027,193444,181839,196344,206026,465389,532174,488258,1260895,229458,157272,186687,193897,549492,419984,323814,1319507,146205,169796,179495,181485,558630,421978,665968,657825,
170,195723,203163,190880,233584,1321514,367674,537813,2034474,245743,161576,209306,177723,1359536,1369061,430298,844621,198337,179725,169959,196979,996093,905724,1212648,855541,207840,238989,206095,224656,1116228,703511,903226,814481,198429,190599,216918,178153,1130115,659697,478142,1085391,205512,197125,201286,219455,957436,1057052,979577,1454091,248099,169664,202864,207378,1107478,866496,589856,1619429,155918,182434,192892,193876,1087285,858545,1182567,1066967,
171,209538,217762,206082,266328,2037040,592756,727728,1759140,339052,173657,233909,189435,2309795,2223764,948283,1657716,208422,188977,183565,206933,1372544,1410893,1527471,1211110,222325,314036,222769,287382,1582820,1179803,1374165,1238674,211948,213801,241635,189516,1532590,1156299,905035,1124355,222764,228343,213579,238382,1429988,1449445,1433947,1441405,269320,180568,234820,221284,1713585,1435678,1135038,1471737,166553,194992,204348,215441,1625445,1390428,1573777,1307283,
172,238081,252567,258807,416354,2120649,746707,887309,1523407,656722,191896,332291,215396,2501163,2245109,1651129,2129720,234137,213686,230040,229907,1511248,1673031,1607339,1350714,269188,624087,279932,543896,1694339,1464860,1563451,1422458,235696,315386,335442,215008,1617647,1446892,1239577,1130221,273992,368937,247685,309404,1622221,1494749,1569404,1435250,348963,204626,361444,243805,2086115,1909432,1818248,1365448,183539,224245,222386,300310,1822504,1760201,1630744,1345213,
173,323895,377516,430118,790683,1789726,907610,1237648,1482901,1117548,241863,601889,303947,2067593,1838941,1865661,1822010,310098,294484,393398,292439,1489253,1686407,1607800,1377842,435115,1221807,471157,1050263,1643056,1460399,1529227,1396973,305549,595140,604086,295210,1624482,1516456,1362083,1147765,446282,717713,358090,532356,1586480,1475313,1537402,1457083,602183,279800,678772,303923,1837575,1861643,2385179,1357740,227017,327274,263153,541166,1667931,1757528,1552656,1315627,
174,669127,844871,937133,1463750,1975312,1705469,2884902,1980547,1530017,483850,1166043,655391,2229462,2050193,2078162,1897991,697957,668899,966213,602501,1756817,1963096,2114038,1789719,1058730,2203412,1065465,1930236,1934340,1655269,1782903,1698916,621144,1181903,1221522,628615,2108206,1965690,1876372,1679118,976516,1411200,784797,1170784,1877817,1944905,2105922,1990466,1279813,598404,1263873,592604,1926290,1868706,2488066,1749129,436356,722429,470925,1073417,1903697,1934679,1876441,1675520,
175,1198759,1447741,1453592,1779312,80171913,96625622,82018167,130541720,1648006,924962,1575041,1126902,125938801,129579328,185316768,113754101,1483033,1371219,1696874,1256672,101554655,106352055,127138661,138098689,1944086,2324223,1842591,2169942,108287043,85520216,97133743,110758306,1169714,1625840,1795519,1178118,154184961,147148089,162279172,174238022,1626455,1942973,1459670,1944026,110356641,156371840,247143279,175591666,1801576,1005591,1556228,1107116,97943605,89729395,101048025,121204284,823554,1187874,896021,1404789,107206563,101628360,128482876,130418503,
176,1670684,1842860,1678117,1855457,223973366,180785799,176653292,217977515,1742333,1355712,1733231,1495648,220104585,234087952,249312218,221165969,2282057,2020964,1881567,2111146,194998566,205128489,160258363,262465704,2316092,1981018,2205709,1883510,207508981,175045252,183542747,203367933,1689237,1854790,2000182,1742139,212961382,206307430,227759914,234188621,1990924,1935481,2090806,2324062,192671972,231371820,243966104,252059890,1940167,1443488,1539589,1638585,212164534,188472713,191761177,234996288,1257803,1468685,1446302,1462682,215263222,200709316,235576223,226316524,
177,1773815,1969315,1759828,2127043,294081347,244361063,249573712,293354810,1965129,1547855,1855051,1653740,273513594,286244699,243471866,254429945,2137711,1901103,1693918,2180340,203482679,227521989,221258540,271523539,2147769,1869516,2050544,1775252,212860931,192094223,182607492,188703380,1956698,1971086,2033601,1858434,169853746,165772437,173076356,178124488,2048445,1923384,2116627,2195567,206749096,177582236,186780819,212208355,2096414,1495488,1578909,1735307,286651440,188155728,257707689,298398757,1397861,1562836,1619375,1518766,270027948,248768631,277385389,243998903,
178,4464870,4786799,4525413,5374654,339321649,292374939,315809214,338712481,6694025,4723771,4581475,4639266,334245386,341285921,283337312,292906648,5181568,6479805,5136115,4648113,204096715,230087338,217867007,306829230,5278573,5003269,4461231,5315301,216045198,188895319,183536714,208402244,6258144,5611384,5107796,4493683,165598087,158793626,103861429,164540512,4861221,4816936,4666881,5126067,198285124,165670625,180806659,200961779,7587133,5145430,4839082,4084444,332556185,263982042,282238406,322142451,6116292,6451974,4428946,6601589,296773455,271083952,244382119,251647593,
179,155133633,148328796,145769388,152452903,374586210,324062746,361529724,375208563,230706193,178176060,138596608,163222522,398803403,397319788,338014324,339558255,217926406,268460261,202231369,153816214,209763043,266220057,219919883,286085236,188968192,182116588,138102302,173519320,211076498,193694699,183457603,192893682,218157432,186860130,169221242,149333549,162179404,156998128,160208381,167017793,150998912,156529477,150636947,181563742,317724482,162965001,174957724,184177001,302459759,199440847,178094554,129938505,362622509,307623636,295087876,328599660,260010342,273228787,213276260,277970757,305365378,282209429,269577266,259293323,
180,180014782,179942381,165788595,181847962,403055513,338148848,443623517,436188321,224890491,191696139,101227948,176260083,449886777,455961296,395669757,380153790,356610102,256553033,216293037,178261897,219890168,218873046,93646471,285853512,205449863,204911199,172929034,162072797,221188567,195863163,283963634,199375888,220952884,205658989,212807712,179118461,160823415,158078761,161059296,162126508,181699843,192371238,185706626,214190112,194064925,163256019,172021765,178055260,238201643,196838559,189470018,165490843,381219401,327762480,308844700,353590195,239299127,240073414,213870186,241639933,317868121,291603324,270875234,303433575,
181,182043353,185179686,178981413,184570341,417030777,339519249,388329338,472005072,210326655,188636815,174978088,175234599,510728877,526926577,494067293,410507228,268335838,259358363,245725441,190502283,199250777,199705227,214012665,276800057,238845381,234937049,206735756,234704193,200106565,189172290,180261102,195360157,234241176,232032037,280981420,234166970,162636534,160083320,164307643,159687692,234252220,238322098,243684035,250732909,143774342,164721092,169194816,173829562,188393850,175172395,177720162,182370471,378619758,348557584,319373362,377460015,190095540,188769708,182606923,188957577,320478849,295341068,257705190,226783703,
182,183090746,189524609,171679422,181385692,417421851,343836750,394433950,497974062,209364881,161935673,182408408,171762960,571022318,593898960,616093317,537232058,279057029,280869843,265496806,216631640,182257950,218262081,209595713,257475220,271053440,295814379,259716815,275633496,181668892,175220915,169325488,179546756,259168716,251341191,333337124,280633188,157574998,156508720,158264534,162118396,277138002,274817378,291481878,280569069,170085273,159930767,161111657,163412045,169925591,167434888,169570829,193874131,360186674,361083091,323210929,365084893,176486477,170404270,170472229,166178872,315830650,299700670,241892397,218536364,
183,190095304,192439764,172692378,178832196,409852792,340774451,393767629,497715906,210599822,211792706,181178183,172040653,581070378,607086018,642407392,582826513,300916644,309056294,302987831,248837091,168494388,170428270,193318830,236986707,316592474,338812140,294674223,308878598,168237135,162298675,158954366,169681637,21386971,249677597,365289290,301236771,154482512,153758439,154892226,157580567,297965885,290080020,320085326,299449133,167844420,157601265,155323414,158631543,155855908,164225060,165891314,199552599,335825086,360469952,330267826,338675158,162759284,163960393,165266258,171262830,304511884,289401259,252247496,210073416,
184,196474580,177431049,169731967,180315561,393688922,337397473,399509838,486434311,209056366,171188955,214835422,171593819,561395675,587886484,625315291,577257528,329792684,352296160,344931469,286216361,161791390,165058150,128504132,206443544,359825697,374572505,318614883,334840383,161756208,157661437,155580035,165669280,297446248,265581671,416923160,312466590,153955380,153086844,154084783,155435729,310059289,301915820,345236067,320222150,155599506,158957031,154394775,158034390,160687594,160644967,162625944,199146487,321433583,347208152,326576703,327765916,161875061,158953589,161633287,163591506,292483131,279418948,215243183,203703650,
185,196822283,204357478,167706836,172045084,430227640,349449940,434155110,490095098,204522700,199741902,180547918,170532296,547308215,576991014,615294465,560723447,363461733,389544122,387314207,316343398,158959396,162791005,180431998,180396307,395980642,400682713,365166145,346281007,158507613,156398996,154715366,162874953,293709025,271887897,385293479,324619080,153394030,152560188,153125608,155074306,319183951,317171151,355521297,332689320,154372129,161742220,148760715,158011782,159480337,159471472,160773921,191046260,315253754,334857633,341163638,313538811,159772499,158373905,159275220,162041479,414826730,267249506,207217174,200615302,
186,187407175,210751376,170311488,171053422,409141860,383915848,468177220,495219723,211396475,217970095,284139863,170660032,545822556,576639465,591539386,600805300,352298240,420481719,431355703,349681020,158083942,150762803,173783001,208460595,432063747,417078180,337790309,346522577,155236495,155913584,153377150,162593400,296398563,261713270,394552663,329976034,152851292,152243416,154404000,153046487,321343003,319510098,369038015,339961025,153699101,166033554,153317680,156753058,155925095,158934936,160853454,187759270,318085257,329676455,302039357,313450316,158705258,158828147,158523409,159103859,268835134,256495346,208185152,203528734,
187,188176864,213400886,176594623,185237906,444425326,430945201,465748853,488556634,197130391,190988094,177846320,171271359,539472957,564589717,583871360,587080382,451981833,438401510,453454821,377871385,155605990,159839622,170917892,208248665,455947330,422776700,342326863,346489342,154401411,154768258,152449507,162124449,295817612,264393390,378552546,329282413,151794862,151504159,151866987,152207781,320120712,320601690,366354776,346460557,153112481,167296327,152539665,155024296,157913996,159101998,161563334,183960944,333943507,333951879,316543160,320524261,158623871,157908952,157911617,162519723,260530681,249431615,208606207,205706827,
188,192105625,212479265,177168138,173778490,404484377,432201692,368025077,448255915,208412308,188505083,170253325,169658617,495285809,504232665,519634564,534871005,402392740,455792797,472764493,410928680,144934642,148100663,157707671,192536673,472375653,435586117,349772676,348962299,144839336,144366147,142665866,152583304,290193944,267293268,352340749,328893603,141865363,141518290,142006246,147677173,318669471,326281329,362637696,352211379,143738940,153240599,142456993,144186343,157294008,158720002,160171584,179882204,332458152,321263085,310061346,316488744,161172747,157901982,157131573,28968352,242329196,228787604,194530903,192641043,
189,187916224,208661295,175616459,170124858,227991241,259612068,236015726,282332733,209235751,195693630,167602762,165569252,281408612,282414912,292278315,313957897,419795462,467012360,483393611,431800446,84960087,86095996,91839645,110058977,484389421,448081496,356838773,362918014,83236832,85061562,84212286,89137226,154397653,254579371,378709190,315358691,83566904,83557671,83564473,83589429,327432241,327842659,355718792,355751583,84868799,89338113,83980236,84676420,158008192,158574401,126186591,179304554,212019225,198235848,202597814,190322750,153186800,155780079,156429036,157506193,142865947,132771730,112570408,110892001,
190,178330055,202205442,168680791,165186418,44203502,42425526,43192714,40241302,191942324,138828631,158228369,160719787,42442593,42424666,43847497,46146812,463165986,450472453,468527180,429242119,14018604,14265438,15098324,17355359,476526076,438536097,365009182,363469232,14282114,13990369,13965060,14410554,269430717,132592298,371358809,300295234,14016370,13905105,13736129,13597044,314165812,311947251,338408966,343355990,14131546,14609575,14021266,13986777,149033461,151356703,152735586,175031823,35588597,33195501,29809295,30941645,149570740,148563610,149145451,146551674,23246569,21383923,17923758,17571947,
191,113513623,128188647,107065458,130039844,2376436,4460682,4402946,2215228,117196335,114685448,104879409,102279723,2521418,2353323,2147000,2376495,286521873,285808609,317164074,273122849,1713246,1881228,1853868,1671290,293278606,277375401,237565691,233761162,1853672,1638660,1731912,1605740,171516327,141073400,230238776,177977321,1869703,1756322,1613936,1408659,201023978,205052136,214201653,221011410,1824794,1705561,1779709,1710824,95009760,95550502,96549297,112046757,2321096,2218795,2406637,1973638,63706948,95359667,94416541,92701485,1994245,1977688,1784458,1619218,
192,6456865,7288744,6204215,6189594,1457592,3580477,3554683,1394387,6730769,6210060,7591667,5881827,1651431,1483166,1230307,1415960,18141560,14467343,14244789,13839648,1436369,1602094,1558520,1324752,14410764,14102084,12669106,12404558,1568841,1359921,1452909,1317566,8787537,8331902,11885477,9845962,1593010,1478278,1335208,1131601,10883921,10634230,11386912,11734138,1548303,1415713,1502804,1432410,6003732,5602655,5710840,6590868,1508168,1442107,1757745,1280206,5611477,5647825,5780638,5645056,1479901,1536848,1437698,1269963,
193,1857976,1918607,1764570,1879947,1458353,3550460,3502254,1392480,1897491,1666743,1829935,1647238,1648300,1477417,1228607,1414949,2335876,2165475,2090706,2281182,1431784,1592518,1552818,1322370,2284221,2322442,2230337,2181444,1567890,1359587,1454723,1315248,2032412,1767371,2208504,1934539,1587425,1476498,1332915,1128943,2109205,2036462,2122753,2277681,1545459,1408877,1499516,1430265,2076433,1622370,1727239,1898266,1507584,1439558,1750641,1279966,1654409,1704811,1829238,1684562,1478081,1533907,1436040,1268576,
194,1548739,1562135,1469378,1600972,1453766,3488707,3327773,1390641,1581906,1371114,1548221,1366980,1643777,1477089,1226919,1409131,1499370,1333498,1279833,1496898,1427876,1591345,1550966,1319066,1483790,1525445,1483922,1458559,1562212,1355860,1448047,1312479,1567891,1417383,1569476,1379068,1584928,1473153,1329923,1128169,1489010,1437417,1482330,1599509,1541529,1406479,1500313,1427295,1816495,1355080,1457018,1589594,1503821,1438921,1745829,1276020,1386995,1439865,1559636,1420307,1475245,1530117,1433790,1268477,
195,1542747,1560744,1464851,1597476,1450248,3303939,2834511,1388937,1577078,1370086,1544591,1362762,1640865,1473358,1225333,1410660,1497600,1330400,1275985,1494567,1427295,1588606,1548838,1318158,1480621,1523550,1480492,1455985,1559030,1352910,1445689,1307620,1565733,1414335,1567746,1374910,1582153,1471280,1326861,1126346,1487090,1436731,1478404,1597996,1528590,1403678,1494689,1428037,1815026,1352535,1455206,1588578,1501631,1433293,1743319,1276281,1385962,1437002,1555605,1419495,1470961,1527864,1428493,1266604,
196,1543109,1556474,1464838,1597629,1450214,2841145,2008363,1389093,1576716,1365058,1539638,1364394,1638501,1469832,1221740,1409908,1496542,1330033,1271551,1494370,1426067,1589756,1546505,1312683,1482464,1520314,1480536,1455163,1560223,1353414,1445859,1304131,1564801,1409477,1567255,1370929,1582778,1467949,1323222,1126614,1483521,1435139,1474645,1592661,1528000,1402663,1493975,1425146,1807646,1352680,1454697,1584762,1500306,1432777,1740315,1272924,1382340,1437653,1554782,1414154,1470434,1524999,1428448,1265803,
197,1536960,1553265,1461741,1590719,1448930,1948175,1071873,1387025,1572415,1363252,1539904,1360617,1633554,1468209,1219793,1403027,1493941,1327503,1274291,1489857,1422668,1584224,1541534,1308449,1473370,1514343,1477626,1455401,1553638,1346225,1439606,1304442,1561068,1410354,1561422,1371181,1573316,1466703,1320397,1123854,1485204,1430246,1470184,1590708,1535632,1402828,1490664,1424071,1802619,1346363,1449218,1576376,1495464,1429683,1735408,1273943,1377591,1433835,1553276,1410358,1465310,1525368,1423529,1264618,
198,1536706,1546653,1457337,1586586,1441882,1022750,553225,1385415,1569724,1361556,1533573,1356320,1627151,1463236,1215495,1399607,1489412,1323158,1266891,1484883,1417250,1581904,1540090,1310064,1470922,1513643,1473430,1449045,1548582,1344056,1434132,1300482,1557580,1405963,1558937,1367286,1573657,1461320,1314711,1121816,1475771,1425802,1469793,1585726,1521489,1395149,1485499,1422989,1798994,1343970,1445276,1581629,1492970,1425713,1733700,1271326,1376596,1428195,1545896,1406794,1463729,1518806,1419067,1264178,
199,1532109,1544503,1452327,1585283,1437012,571243,420951,1384892,1564172,1356362,1529390,1357081,1624652,1458756,1213589,1394182,1485144,1321552,1264887,1481876,1413199,1578771,1535689,1305130,1467543,1512892,1471841,1443991,1543439,1339733,1431198,1295366,1552790,1406829,1555619,1364160,1566114,1452481,1311341,1119108,1473820,1424812,1465358,1585588,1519955,1388830,1480051,1417588,1786572,1339790,1445094,1574502,1487929,1421671,1729592,1270100,1374840,1427935,1548833,1406693,1457449,1517442,1416648,1260458,
200,1526916,1542038,1451582,1576695,1431732,427845,393375,1380705,1565335,1353424,1526643,1351173,1616952,1452564,1209996,1392145,1481343,1319155,1261813,1478403,1411194,1570776,1528582,1300282,1465147,1508830,1468163,1446136,1539305,1336426,1424508,1291760,1552076,1400178,1553068,1362893,1557786,1446512,1305580,1118896,1466706,1426345,1463759,1582980,1511750,1381339,1474321,1417198,1782062,1338248,1440744,1569067,1482868,1416943,1725270,1266035,1371136,1421828,1541836,1402752,1455198,1513951,1410942,1259048,
201,1525922,1538190,1448600,1574054,1426588,394133,383757,1377222,1560020,1352344,1522289,1353833,1613043,1447234,1203088,1384488,1478228,1312705,1256480,1476458,1403161,1568212,1528009,1294318,1460821,1503027,1460735,1438922,1533612,1333256,1418951,1285390,1548878,1398367,1546951,1359335,1553715,1442715,1298705,1113675,1466748,1420109,1459969,1576949,1506288,1380585,1466675,1411960,1780821,1337015,1436861,1565796,1480105,1413151,1720027,1262281,1368543,1420777,1538181,1397637,1449849,1507585,1405728,1258374,
202,1520918,1532787,1444325,1570750,1423731,384161,377769,1373958,1554756,1347638,1519790,1346684,1606166,1440737,1200634,1379683,1471080,1311749,1252249,1472905,1397910,1561049,1517863,1289318,1455243,1498522,1464763,1434878,1527812,1323276,1414558,1280171,1542572,1393644,1545077,1354331,1542729,1435414,1296845,1114356,1462935,1416401,1455940,1571774,1502471,1375038,1460323,1407538,1770710,1330805,1432689,1562552,1471420,1407093,1715843,1260718,1364247,1412620,1534250,1394634,1442448,1501190,1401116,1254974,
203,1517548,1527897,1439380,1566078,1417311,376056,370130,1369946,1550122,1346843,1515642,1343934,1601054,1440137,1195792,1375032,1469032,1305728,1254749,1468951,1393065,1556823,1509680,1285463,1453429,1495156,1463197,1429566,1519952,1319083,1407407,1276384,1538543,1393144,1541151,1355723,1538633,1431913,1290483,1110585,1460218,1414891,1453576,1568497,1504434,1367863,1456671,1405114,1768286,1329154,1428717,1558130,1467321,1404842,1705635,1256501,1355685,1407425,1531639,1389239,1438988,1498964,1392154,1254234,
204,1513027,1525376,1434968,1559698,1414594,370319,364259,1370446,1547024,1343734,1511389,1341536,1598188,1433183,1191884,1372181,1463639,1304032,1248957,1465085,1384889,1546083,1505463,1281853,1446409,1489042,1458106,1423986,1515484,1315574,1402112,1272810,1536026,1386045,1538379,1350275,1534257,1426881,1286336,1103699,1454756,1410807,1448450,1564385,1488236,1359454,1450285,1401334,1758502,1322636,1421569,1553134,1464088,1396786,1702325,1252844,1351122,1402093,1525314,1382835,1433561,1491613,1390694,1251232,
205,1510984,1517080,1430321,1553687,1406095,365137,358917,1364996,1544163,1342497,1507006,1331714,1592070,1429753,1186077,1365545,1457392,1297674,1244053,1461354,1382986,1543473,1499207,1275341,1441778,1487159,1453330,1420537,1509353,1308713,1397143,1268572,1532875,1381382,1533858,1345962,1528385,1422564,1282070,1103513,1451977,1405284,1444785,1562213,1488978,1355004,1446408,1397679,1760094,1318396,1418713,1550072,1456909,1394089,1694445,1252222,1346606,1394727,1515371,1375997,1425912,1486316,1386329,1245772,
206,1503516,1511493,1421534,1545827,1402535,358396,351578,1360955,1537547,1333651,1499673,1327879,1585179,1423911,1186089,1363033,1454179,1295988,1235508,1457506,1380842,1536840,1493022,1272707,1437832,1480882,1448787,1414891,1504188,1304373,1394359,1260954,1525221,1376995,1525768,1339081,1518209,1417641,1276037,1100695,1444698,1400293,1439612,1554013,1488436,1349450,1439582,1393947,1743940,1311459,1411432,1540276,1450576,1385405,1686025,1247075,1342067,1391343,1508952,1372188,1423546,1479474,1379593,1243243,
207,1500838,1505225,1418151,1539316,1397298,349656,342232,1359090,1532227,1315887,1493446,1328899,1576469,1421423,1176164,1357126,1450228,1289279,1232652,1451091,1371580,1530742,1489919,1267262,1430687,1478150,1443296,1411223,1498468,1301285,1385976,1253609,1518870,1369779,1520979,1335591,1513562,1409079,1270229,1098772,1439196,1394716,1432839,1547598,1477476,1345850,1434407,1391506,1740154,1308518,1407297,1533220,1445690,1383891,1678867,1248203,1333529,1385650,1503736,1367966,1417729,1472010,1374796,1240634,
208,1491644,1500188,1411932,1531672,1389930,340559,331763,1355276,1523375,1305469,1485296,1321784,1567083,1413588,1171047,1348396,1442041,1284717,1227788,1444142,1368209,1523840,1482579,1260232,1426859,1470057,1438150,1403747,1483567,1290059,1373761,1239991,1511154,1362770,1511338,1327473,1503678,1399785,1262328,1098156,1433860,1387783,1429033,1539742,1476259,1311694,1427138,1390103,1733342,1300346,1401243,1528889,1440292,1377342,1675165,1245207,1327187,1382158,1499076,1363322,1409348,1469852,1368268,1237718,
209,1485835,1494861,1405980,1525805,1362071,331270,321219,1350972,1516649,1301276,1481217,1315155,1530214,1401287,1149521,1338599,1435213,1280758,1224770,1439700,1361850,1514200,1466352,1245964,1420044,1466379,1435723,1398351,1436966,1261284,1335346,1184252,1506105,1359750,1504718,1323403,1492143,1365247,1231044,1097310,1427701,1385651,1422529,1535380,1444761,1208327,1421493,1385594,1721088,1298195,1397271,1523454,1434181,1368660,1661481,1242023,1325503,1377466,1495081,1359451,1400353,1461349,1356168,1234464,
210,1481909,1486230,1401220,1518472,1252031,319589,306561,1349889,1510768,1295762,1475317,1307143,1383167,1351836,1057406,1291896,1429666,1274490,1220178,1435751,1344475,1479018,1415910,1182711,1414641,1459388,1429090,1394983,1259784,1140426,1182945,1001805,1500071,1353741,1501578,1317423,1440744,1227873,1116986,1092245,1418043,1377488,1420229,1527435,1381350,927429,1405214,1381848,1712399,1291333,1388515,1516846,1406939,1333872,1633068,1235485,1321116,1371561,1489847,1353387,1347402,1441526,1307208,1231720,
211,1477143,1479911,1395011,1513023,990005,303640,280348,1342042,1506494,1289065,1470553,1307114,1045894,1189757,835258,1134009,1422802,1268407,1213818,1429310,1290436,1359452,1251209,1003553,1409377,1457713,1421795,1389794,915243,874933,876357,694656,1490871,1347632,1495093,1312797,1269274,931921,853982,1090458,1412370,1373193,1411088,1522846,1190133,565421,1339598,1377429,1694408,1285861,1383936,1510170,1315410,1220116,1520620,1218801,1312973,1361557,1484992,1346606,1185171,1375352,1161411,1228977,
212,1469306,1472035,1386962,1498654,658070,278337,237287,1321495,1500821,1287141,1461011,1303614,651461,888809,545028,844807,1402999,1261986,1207444,1420926,1145739,1112267,958833,726874,1400154,1453137,1418014,1383827,562654,565361,545666,413344,1483843,1339371,1487991,1310074,954735,587082,543916,1084221,1410940,1368965,1404650,1515808,860937,313651,1170532,1366962,1681058,1277548,1377011,1503860,1109641,984842,1271801,1156622,1308036,1346501,1474622,1339433,904986,1208190,897210,1221260,
213,1465649,1459773,1378320,1460408,353584,229627,170636,1244483,1493738,1285895,1456790,1295319,339021,509896,281223,474699,1342693,1257077,1184551,1415328,847310,726095,577052,412267,1384804,1443934,1414849,1368876,300155,302068,288613,220363,1474116,1325786,1484423,1302737,556489,239509,283072,1047007,1399030,1353776,1398836,1510180,492414,188174,831218,1323846,1590899,1265021,1372443,1496104,754712,629401,852691,982533,1299522,1299622,1470037,1330909,543810,878644,548479,1189966,
214,1457934,1385710,1337496,1294266,201350,161578,103923,1011700,1482784,1265025,1445262,1259378,207277,254882,155315,230882,1111302,1244909,1086102,1402418,474277,376843,293979,212018,1300019,1420957,1402192,1315359,194023,177662,177427,147187,1419708,1250156,1472112,1290480,288684,184890,166830,909190,1350537,1294228,1375552,1486732,255399,151697,444496,1161990,1316409,1196808,1357712,1466035,395246,319822,441379,649097,1264881,1125307,1454073,1309213,279842,489776,284038,1070307,
215,1443754,1195005,1209744,990462,163970,106283,69515,672765,1447035,1197171,1416026,1150120,179137,176346,127011,160452,751637,1191822,869901,1345794,259046,226648,191113,151588,1084697,1341252,1374165,1156918,170806,148276,152135,131675,1275205,1063563,1442875,1236138,204242,157849,141166,646019,1223313,1120138,1285489,1409925,182326,144966,244362,853323,907620,1033057,1302446,1369757,225550,195811,254404,362802,1166442,825371,1410681,1233025,185738,266339,187355,819686,
216,1393054,839701,922414,600339,156144,71865,57232,372254,1329877,1000934,1308500,895002,173548,156769,121304,142306,403522,1021136,551170,1173732,174290,179525,162930,136907,719672,1114026,1263479,833904,165405,141933,146452,127956,968881,740475,1339306,1071755,181656,152047,136560,368445,936556,799404,1051701,1174485,164055,143431,176002,502334,503867,725819,1137260,1113864,171285,160980,198089,208251,919526,478216,1269632,1025822,161377,183476,160803,502539,
217,1234790,477940,566840,331895,152520,59099,54668,225434,1059659,686608,1063410,565861,171566,151732,119124,138814,223609,713449,299221,854772,151237,169856,157082,133528,392867,760009,1010949,496579,162736,140139,144198,126723,601724,426031,1086016,773202,175897,150437,134909,208426,585467,467899,700903,805342,161265,142537,157763,285782,287856,416748,828080,735149,157289,152938,186755,154229,577529,260884,974793,699941,155303,161867,154190,278376,
218,851128,237466,273642,205927,151740,54245,52634,168845,611665,339292,635517,275538,170430,149567,118695,137196,164217,351747,164582,438354,144527,165320,153897,131661,207940,379572,586812,248376,161218,138408,142797,125078,294645,217122,647778,400961,173911,149252,133176,146077,290115,232977,343022,401819,158483,140752,151617,191684,208115,210399,435505,362629,153649,150237,182600,134839,272553,170728,534272,350781,153768,155498,151725,171214,
219,491239,176996,182461,179868,150466,52504,51305,149723,335901,195107,352912,179081,167898,148571,117540,136491,156054,199022,136602,241128,141792,164260,152003,131099,167133,227004,313489,177972,159542,136692,140891,124585,197674,162044,354388,222936,172675,147152,131856,126966,192402,168330,207968,234546,158003,138773,149107,162274,195279,156149,248033,224243,151646,148589,181325,126187,170664,156086,291466,210545,151742,153465,150783,137861,
220,252736,163203,154253,173320,149621,51424,50244,142126,207823,147728,206920,150979,166961,147689,116314,135239,153888,148669,129182,169576,140065,162956,151267,129994,156730,173109,187582,156461,158777,136111,140291,123910,169197,146984,207610,156935,170487,146638,131307,119028,163266,148243,164536,176511,156407,138361,147982,150450,191498,142194,173277,181760,150083,148013,179738,122944,141889,151085,190761,163614,150326,151549,149889,126660,
221,184300,159865,149538,171196,147860,49928,48826,138744,176124,139155,170971,145647,166289,146753,115731,134208,151659,139373,126926,156212,139137,161612,149494,128997,155035,161500,161184,151692,157799,135008,139753,123251,165435,143892,173710,144748,168997,145175,130318,115442,158442,144235,157331,165072,155348,137280,146363,144993,189570,139031,156475,174863,149453,146792,178554,122022,134830,149533,170646,154335,149794,150745,149195,121317,
222,163924,158703,147343,169607,146752,49160,47879,136777,164285,135418,158980,144115,165207,144764,114710,133294,151093,136414,126290,152982,137925,161450,148519,127982,152511,156971,154210,149352,156607,133508,137906,121958,163154,142049,163750,142026,167409,144237,129444,113258,156387,142667,155274,161129,153415,135907,144821,142718,188346,137611,151286,171714,148223,145826,176959,121595,132959,148773,165298,150354,148887,149249,147782,119182,
223,159906,157759,145650,167552,145640,47550,46338,136478,161332,134293,156017,142648,163413,144376,113963,132189,149968,134973,125676,152226,136974,158479,147443,126451,151589,155147,151671,147606,155169,132517,136706,121174,162151,140665,161203,140701,166650,143217,128381,112995,155288,140573,153285,159506,154051,135288,144498,140995,187497,135829,148515,169661,146802,144333,174820,120350,132167,147613,162413,148469,147008,147870,146101,117524,
224,157513,155405,144217,166379,143814,45228,43795,134461,158652,133003,153791,140643,161969,141885,112128,130826,148515,133916,123886,149330,134881,157481,145038,124804,148764,152956,150015,145342,153608,131854,135372,119016,160449,138735,158758,138386,163846,141062,126744,111525,152640,139642,152029,157758,151277,133307,142229,139085,184121,134137,147201,167857,145082,142820,173195,119382,129647,145038,160483,148233,145887,146698,144826,116212,
225,155808,153980,143380,164522,143068,43682,42069,133727,157864,131303,152292,139532,159734,140561,111652,129225,147187,132090,122920,149363,133487,155928,144221,124536,148566,152242,149122,144281,152552,130012,134176,118203,158022,138032,156525,137552,162745,140640,125144,110823,151551,138337,150651,155951,148231,132178,141061,138553,183194,133734,145836,166965,143967,141415,172377,117799,128995,144423,159509,145873,144488,145577,143427,115600,
226,154209,152377,141267,164107,141472,41812,39927,133007,154915,130715,150440,138573,159326,140022,110716,128438,145549,130729,122204,147273,132323,153409,143127,122855,147463,150787,147808,143519,150841,128407,133568,117264,157213,137171,155557,135371,160643,139156,124262,109506,150137,136819,149188,154702,147266,130955,140222,137631,181166,133153,144732,166064,142586,140047,170239,117483,127481,142702,157798,144553,143614,143829,141623,114855,
227,152604,152051,140131,161676,140427,38971,36030,132535,154877,128781,149923,136897,158033,138820,109974,127222,144624,129835,121019,145609,131757,154237,141318,121687,146777,149454,146254,142547,149585,127710,132040,116560,155718,135887,154538,135024,160020,137939,123461,109296,149074,136207,147971,153217,145934,129661,137934,136754,179591,131185,143333,164321,141260,139886,168894,116920,127018,141409,156634,143744,141775,142743,140929,114112,
228,151368,150439,138162,160607,139180,35633,31283,131366,153074,128233,147237,137501,156517,137000,108540,126751,143060,128894,120575,144103,130147,151751,141181,120873,144875,148562,145379,140816,148595,126292,130581,114539,154524,134184,153612,134000,158697,136934,122893,108699,147492,134983,147215,152958,145549,128130,137345,135873,177525,129631,141957,163174,139427,138442,167676,115722,124586,140330,155868,142088,140866,141393,139867,113313,
229,150234,149114,138185,159028,138189,29759,24222,130478,151602,126906,147560,135418,155062,136928,107457,124833,142537,128469,119329,143699,129545,151519,139524,120155,143171,147922,143867,139285,147603,125255,129307,114280,154078,133070,151696,132503,156810,135121,121081,107792,147193,134475,145610,150466,144236,127467,135725,135277,176860,129020,140972,161423,138965,137113,166688,114648,124618,139188,154327,141650,140229,140796,138970,112748,
230,149501,147376,136388,158100,136770,22854,16821,129509,150940,125022,145307,134121,153063,135382,106748,123737,140682,127050,117730,142438,128679,149598,138202,118675,141852,145858,142891,138577,145218,124201,127952,112690,152078,132209,150605,131963,155960,134059,119142,107148,145354,133242,144698,149761,143232,125945,134612,133675,175327,127201,139096,159726,137991,136642,164777,114159,123341,138529,152664,140105,139261,139500,137489,111443,
231,147923,147084,135421,156889,135656,17222,12115,128277,149343,125274,145043,133668,152709,133701,105129,122740,139474,126533,117014,141409,127675,148297,137010,118521,141391,145320,142155,137717,144421,123476,126855,111775,151110,131063,149946,130754,152954,132689,119249,106330,144584,131590,143792,147983,140702,124536,133835,133035,174294,127170,138466,158532,136421,135614,163402,113285,122094,136719,152160,139881,137238,138332,136382,111126,
232,147248,145862,134832,155398,134361,12786,9703,127637,147998,124255,143979,132234,149927,133202,105015,121270,138601,124887,115427,140624,126068,146596,135077,117483,139639,143788,140968,136266,142567,122172,125287,110184,149580,131023,147976,129822,152134,131333,117916,105473,142679,131146,142837,147469,139457,123342,132699,132317,172565,125197,137903,157181,135011,133863,162128,111894,121007,136104,150293,138261,136010,137094,135087,109819,
233,145276,144519,132401,153872,132724,10029,8753,126973,147156,123054,142523,130920,147910,131784,102577,120086,137440,124753,114754,139975,124567,144832,133979,115332,139124,142824,139830,134803,140602,119970,123813,108983,148926,129408,146980,128427,150936,130127,115749,105120,141207,130266,141186,145672,137649,120663,131397,131768,171846,125128,135874,156464,133933,132258,160538,112011,120007,134985,149533,137127,134945,135310,134356,109740,
234,143971,142705,131929,152664,130961,8796,8318,126082,145083,122602,140858,129572,146933,130251,101588,118406,135626,122004,113487,138216,123077,143451,131766,113437,137654,141399,138737,134067,138328,118745,122240,107271,147488,127787,146130,126791,149277,127626,114558,104081,139198,128345,139816,143677,136262,119268,129420,131001,168996,123084,134987,154379,132090,131406,158288,111122,118969,133185,147241,135774,132415,134123,132247,108660,
235,143541,141751,130550,152004,129158,8501,8220,125045,144589,121244,139032,129022,144520,127687,100299,116900,134724,121543,112062,137226,122064,141394,130703,112900,136395,139902,137040,132430,136725,116744,119881,105449,146172,126084,143624,126818,147405,126310,112320,103899,138703,127853,139651,142766,134561,118118,128048,129050,166856,122442,133961,153683,130714,129069,156337,109867,117064,132524,147110,134337,130702,132407,130829,108081,
236,141689,140146,129504,148937,127744,8134,7894,123590,143429,119972,137972,127564,142687,126208,98257,114939,132565,120899,110714,135100,120512,139908,127625,110587,134392,139133,136231,131969,135419,115338,117815,103491,144277,125685,143328,125706,144284,124187,110674,102287,137565,126094,137414,142310,134055,116736,126401,128830,165495,121026,132260,151264,129434,128012,153891,108619,115965,130677,144722,132600,130062,130717,128697,106706,
237,140339,139299,128096,148352,125009,7942,7701,122764,141797,118170,137080,125960,139861,124480,96970,114275,131130,119510,109720,133968,118731,137804,127071,109482,133693,137280,135316,129234,132469,113180,116401,102122,143569,123969,142837,124182,142429,121991,108987,101912,136007,125175,136331,140557,130537,114358,124223,126672,162597,119553,131345,150782,127581,125964,152097,107987,115288,129532,143727,131945,127501,129273,126851,106017,
238,138985,136270,127123,145739,123230,7550,7341,121304,140476,117372,134947,125034,137349,122600,94739,111814,128678,117945,107427,132947,117109,134861,124855,107687,131597,136083,134088,127820,129788,111601,114569,100335,141616,122774,140920,122847,139695,119982,106848,101449,133898,123861,134487,139073,129213,111510,122016,125795,159682,117628,129680,147797,125506,123868,149981,106880,113564,126955,142208,130004,125960,126794,125397,104623,
239,137692,134942,125105,144114,121272,7411,7144,119726,138385,116435,134046,122625,134927,120544,92667,109880,126278,116747,106950,130416,114301,133145,123062,105608,129631,134518,132091,126788,127579,109221,110781,96857,139388,120357,138622,121406,136811,117278,104594,100058,131944,122252,133005,137529,126649,106277,121387,124717,157363,115684,128811,145155,123539,122154,146584,105005,111558,124942,140927,128536,123343,125464,121985,103935,
240,135423,132409,122761,141159,117717,7105,6847,118940,137415,113765,132398,122056,129772,117921,87489,107075,124964,114101,105261,128856,113360,130569,119988,102842,127831,132741,130542,124486,120999,103881,104990,90636,137233,118704,137287,119444,134259,111256,98915,98538,130319,120317,131106,135263,123701,94209,118892,123742,154685,113834,126896,143945,121836,118953,143934,104340,110323,123333,138745,126706,120729,122697,120547,102695,
241,133724,130689,121147,139096,111598,6744,6461,116600,135605,112156,130488,119237,121975,115223,78681,103888,122311,113345,102804,126889,110958,127725,117355,98947,125931,131762,129048,122616,110455,95553,93613,77861,134925,117494,136097,118235,129537,98877,88257,97623,128315,119263,129713,132872,120150,74364,116556,121906,152280,111864,125136,141193,118105,116912,139776,102632,108271,121099,136307,124866,116562,120508,117269,101996,
242,132234,128363,118553,136367,98305,6440,6125,115734,133859,110432,128374,117251,100481,109028,61433,95078,119521,111276,100787,124472,107404,122648,109040,88945,123916,128928,127194,120374,86699,76113,70651,56351,132268,115070,132712,116262,121304,75522,67050,96740,126586,116629,127600,131367,108056,49184,113346,120432,147675,110264,122679,139141,115041,111962,132168,101561,106592,118109,133991,122786,109656,117043,111610,100264,
243,130306,127007,117418,133717,75717,6021,5549,114463,131385,109371,126598,115203,71589,95445,40815,77296,113620,109725,99121,122433,103098,110700,93760,70867,121132,127103,125125,118532,59535,53219,47084,37203,130076,113690,131744,114569,103669,50069,44657,95254,124113,114393,124808,128948,86427,31365,107348,118784,141495,108232,121601,137237,106975,100378,116261,99689,104868,115241,132418,121353,95441,110052,99446,99389,
244,128128,122330,114857,127812,53153,5517,4914,113378,129146,106448,124220,113163,46383,75231,26512,55476,98869,107823,94632,120869,92338,91788,72926,51295,117209,124736,123388,116298,39147,35451,31516,25023,126402,110495,129449,112176,79357,32812,29785,94497,120970,112144,122365,126101,63213,23449,95709,116702,129047,104504,120028,134321,93828,81818,91566,98130,101722,106023,129515,118963,75261,97600,80903,97221,
245,126137,117951,110765,119184,34337,4793,4040,110372,127256,104391,122001,109731,30916,50611,19209,34850,76185,105459,87595,118891,72637,65456,48539,32553,111247,122730,121660,113609,28315,24958,23401,19156,121337,106738,127006,109750,52050,23935,21760,92998,117528,108939,119502,123712,40534,20964,74291,115060,105644,99392,117018,130157,70421,57739,62330,94016,96597,90521,126698,116987,51241,75976,56671,95973,
246,124404,102882,102550,97612,25048,3894,3135,107637,125196,97654,119866,101879,26190,31310,16635,23314,45902,101519,69136,113616,49093,41553,30858,22459,94451,119501,118095,107101,24399,20885,20578,17523,108708,94529,124236,105819,34352,21456,19471,90032,109329,101191,114444,118274,28118,20022,49148,112675,71362,84536,113989,121985,45872,35828,39365,87508,85659,62985,122143,112537,32677,50259,35879,93811,
247,121077,81107,87990,72009,22448,3149,2401,103417,121682,86576,116926,87648,24770,24119,15926,19537,30059,94555,49205,106297,31871,29691,23942,19377,70862,113959,114571,94512,23395,19663,19932,17058,88307,77261,121112,98563,28257,20875,18982,85114,92823,86647,102689,109923,23934,19901,32324,108784,46010,63944,109598,105677,30569,25995,29616,74302,66074,41486,113500,103532,25167,32464,26687,89602,
248,115151,54296,63877,47533,21525,2497,1612,92450,117412,66417,110933,65075,24303,22044,15753,18787,23650,78539,31759,89228,23627,25378,21480,18297,45236,100642,108037,72901,22784,19323,19530,16928,62013,54432,114034,82345,26140,20678,18817,76137,69856,65601,81570,92932,22987,19334,24050,99891,33230,41637,100019,78804,24057,22697,26591,54421,43946,28530,94171,87507,22701,24674,23316,80478,
249,104791,35625,42812,33556,21574,2040,1604,74518,109084,45426,98449,43892,23977,21132,15593,18205,22054,57934,22854,66351,20944,24058,21096,18073,30726,80183,93980,50295,22310,19013,19433,16585,41627,36206,100239,61159,25650,20474,18361,59935,51836,44572,57924,69162,22308,19126,21855,84205,29258,28173,80967,53314,22021,21848,25725,37501,28676,23254,69985,65101,22093,21989,22075,64563,
250,81134,25582,27179,26547,21207,1692,1516,50877,87235,28180,73703,27695,23702,20794,15333,17926,21198,34418,18448,40429,19696,23133,20586,17697,23829,51999,66434,31642,22353,18919,18978,16628,28318,24491,72413,37819,24953,19978,17970,39847,31143,27854,35085,42377,22214,18988,20442,60737,27614,21411,54139,33891,21149,21106,25483,24773,20524,21569,42662,39973,21547,21031,21596,43915,
251,55965,23132,22524,25252,20699,1480,1397,34501,62711,21348,50620,22406,23631,20437,15008,17645,20995,24200,17765,28188,19116,22750,19955,17428,22330,34744,44498,24863,22069,18666,18789,16266,24417,21203,49323,25896,24613,19771,18037,26869,25012,22359,26145,29690,21676,18544,20237,41309,26863,19886,36126,27518,20364,20719,25093,19707,18329,21286,30186,28293,21526,20652,21356,29323,
252,35009,22496,20712,24736,20745,1478,1431,26056,38777,19109,31748,21211,23036,19953,14927,17552,20589,20274,17267,22663,18477,22646,20043,17396,21765,26037,28929,22029,21639,18278,18392,15971,23301,19950,31507,21400,24471,19883,17477,20894,22964,20358,23032,24287,21533,18783,19765,30221,26633,18923,25781,25385,20469,20546,24531,17849,17556,21138,24882,23422,21152,20259,21040,21622,
253,26440,22356,20172,24637,20376,1392,1349,21945,28818,18534,25209,20497,22653,19995,14909,17504,20617,19364,17125,21781,18506,22316,19551,17189,21105,23390,23719,21057,21572,18331,18074,15848,22938,19547,25239,20247,24388,19309,17464,18276,22278,19735,22086,22668,21549,18373,19670,24274,26058,18845,22632,25029,20172,19983,24367,17026,17510,20414,23625,22486,20901,19994,21040,18073,
254,23002,21823,19575,23581,20015,1300,1245,20109,24314,18530,21973,20081,22346,19597,14484,17279,20015,19029,16837,21185,18177,22202,19507,17008,21162,22354,21982,20418,21390,17898,18193,15749,22808,19329,23061,19504,24174,19112,17060,16779,21624,19569,21944,22013,21237,18170,19736,21268,26224,18599,21053,24315,20028,20343,23709,16506,16993,20210,23096,21624,20541,19797,20577,16376,
255,22192,21815,19447,23916,20130,1240,1174,19414,22840,17912,21513,19905,22259,19732,14492,17068,20075,18771,16485,20792,18215,21546,19280,16673,20802,21642,21437,20049,21099,17524,17714,15457,22339,19138,22394,19312,23682,18993,16980,16102,21330,19171,21595,21833,20616,17929,19272,20260,25874,18532,20912,24305,19586,19780,23958,16188,17037,20475,23132,21309,20418,19794,20736,15918,
256,21790,21338,19457,23509,19430,1156,1116,18553,22453,17856,21191,19906,21802,19108,14307,16786,20050,18578,16517,20601,17816,21201,18827,16133,20886,22000,20835,20128,20384,17317,17271,15234,22272,18787,21886,19294,23269,18462,16680,15730,21290,18775,21301,21575,20163,17490,18799,19653,25447,18171,20926,23811,19591,19718,23400,15791,16595,20023,22456,21030,20094,19539,20062,15487,
257,21739,21330,18985,23123,19484,1096,1037,18535,22259,17802,20691,19735,21563,18753,14062,16412,19600,18191,16492,20372,17685,21295,18566,16108,20204,21480,20757,19938,19851,17129,17445,15027,21602,18700,21766,18796,22834,18291,16544,15455,20904,18702,21187,21286,20237,17298,18641,19097,25128,18217,20725,23814,19130,19398,23084,15628,16670,19710,22373,21152,19685,19277,19854,15255,
258,21269,20923,19018,22671,18976,1029,976,18283,21777,17674,20422,19394,21418,18414,13731,16234,19555,17955,16176,20201,17270,20856,18223,15840,19983,21193,20516,19623,20069,16815,16832,14755,21583,18409,21594,18776,22660,18063,16169,15453,20776,18364,20995,21007,19487,16977,18525,18901,24963,18019,20144,23453,18786,19231,22791,15511,16164,19699,22111,20625,19516,18957,19514,15413,
259,21294,20324,18536,22607,18920,939,855,18041,21675,17077,20308,18959,21281,18378,13521,16260,19007,17887,16034,19700,17229,20786,18205,15697,19859,20740,20446,19379,19660,16586,16997,14589,21333,18220,21230,18685,22142,17679,15967,15317,20621,18326,20672,20720,19564,16803,18110,18873,24598,17513,20018,23144,18579,18832,22541,15363,16030,19399,21925,20344,18859,18560,19467,14797,
260,20827,20493,18438,22215,18817,855,775,17965,21095,17381,20032,18816,20781,18356,13500,15904,18877,17530,15930,19680,17010,20458,17904,15510,19579,20626,20432,18901,19531,16514,16504,14317,21004,18066,20927,18457,21889,17612,15807,15164,20236,18141,20361,20530,19569,16616,18116,18794,24308,17405,19718,22819,18348,18244,22412,15048,16039,18989,21596,19885,19037,18594,18961,14718,
261,20252,20008,18165,22110,18286,716,630,17878,20950,17237,19734,18779,20343,18044,13249,15745,18798,17453,15475,19521,16713,19955,17725,15329,19253,20208,20004,19046,19245,16163,16070,14339,20867,17714,20694,18178,21600,17100,15572,15099,20047,17972,20123,20269,19166,16485,17674,18557,23817,17166,19390,22875,18272,18617,22017,15169,15743,18870,20913,19861,18757,18376,18690,14623,
262,20261,20155,18110,21560,18156,605,498,17521,20765,16697,19710,18542,20068,17845,13177,15502,18258,17341,15407,19088,16298,19851,17380,15130,19119,20122,19888,18473,18948,16045,15971,13859,20366,17655,20799,17947,21384,17068,15186,14896,19883,17682,20140,20135,18794,16010,17628,18323,23547,17287,19539,22353,17998,18193,21528,14978,15688,18466,21039,19825,18518,18051,18483,14376,
263,19950,19982,17813,21560,17957,510,386,17347,20361,16433,19262,18082,19501,17477,12758,15126,17837,17097,15316,18958,16299,19631,17153,14972,18919,19953,19817,18693,18635,15783,15789,13592,20363,17379,20359,17795,21065,16675,14981,14512,19698,17529,19394,19643,18514,15658,17115,17923,23076,16778,18978,21977,17647,18043,21505,14961,15220,18339,20818,19789,18393,17842,18395,14453,
264,19889,19453,17427,21241,17553,425,345,17220,20215,16499,18978,18289,19313,17112,12699,14839,17976,16883,14997,18857,16176,19181,16923,14838,18869,19710,19307,18141,18474,15419,15437,13069,20053,17087,20077,17544,20656,16238,14928,14370,19334,17443,19531,19213,18204,15265,17113,17597,22795,16454,18662,21654,17275,17634,20953,14680,15116,18045,20474,19261,17785,17451,18190,14123,
265,19646,19339,17209,20731,17015,380,299,17075,19821,16239,18605,17698,19046,16854,12264,14733,17483,16659,14874,18586,15741,18834,16585,14481,18336,19401,19111,18214,17923,15000,15156,12936,19988,16826,20107,17371,20421,16277,14435,14028,19129,16991,19186,19180,18117,14922,16809,17624,22462,16556,18465,21404,17283,17277,20654,14510,14911,17698,20346,18944,17775,17201,17787,14384,
266,19715,19034,16885,20758,16663,311,280,16587,19825,15809,18654,17549,18977,16609,12014,14488,17289,16142,14467,18462,15300,18598,16330,14052,17975,19206,19041,17691,17343,14793,14860,12776,19616,16786,19631,17118,19818,15749,14181,13972,18780,16904,18604,19109,17542,14581,16151,17551,22087,15936,18563,21241,16960,16924,20442,14367,14663,17724,19983,18655,17558,16979,17541,13970,
267,19166,18718,16849,20379,16338,241,227,16649,19503,15592,18308,17317,18375,16078,11725,14095,16912,16166,14099,18055,15146,18104,15731,13889,17645,18931,18803,17411,17171,14350,14508,12372,19202,16508,19458,16969,19448,15406,13893,14037,18552,16445,18696,18639,17227,14321,16083,17149,21417,15733,18073,20806,16666,16822,19981,14344,14544,16998,19555,18375,17081,16537,17207,13632,
268,18913,18563,16477,20273,16058,249,240,16662,19410,15409,18079,17126,18127,15804,11365,13839,16810,15930,13815,17990,14763,17784,15779,13399,17634,18819,18414,17088,16683,13968,14054,12170,18984,16095,19212,16606,19080,14918,13539,13815,18224,16436,18439,18544,16848,13848,15935,17249,21058,15636,17973,20672,16488,16497,19799,14014,14208,16729,19316,18280,16721,16203,16794,13456,
269,18594,17826,16281,19311,15717,233,220,16454,19104,15083,17826,16869,17210,15515,11182,13538,16220,15722,13749,17576,14496,17314,15080,13155,17213,18634,17980,16954,16314,13707,13525,11578,18725,15832,18836,16204,18547,14489,12797,13477,17967,16019,18066,18201,16542,13090,15514,17054,20669,15069,17623,20251,16065,16066,18989,13860,13810,16544,19335,17791,16089,15996,16492,13437,
270,18236,17875,16002,19298,15434,267,258,16214,18675,14720,17612,16604,16725,15518,10282,13195,15611,15645,13321,17066,14255,17237,14912,12769,16815,18222,17730,16654,15491,12940,12593,10763,18300,15394,18733,15776,17937,13624,12137,13578,17559,15927,17929,17813,15878,11676,15249,16608,20027,14785,17243,19673,15512,15733,18406,13402,13733,16062,18765,17546,15847,15845,16206,12997,
271,18154,17069,15831,18626,14630,229,220,15875,18398,14646,17354,16033,15959,14843,9281,12751,15264,15169,13219,17092,13937,16700,14567,12397,16471,18044,17616,16256,14590,11989,11500,9590,18008,15145,18168,15843,17493,12322,10898,13216,17153,15625,17523,17427,15418,9503,14874,16663,19809,14542,17078,19587,15009,15225,18123,13372,13476,15840,18340,17455,15438,15133,15611,12907,
272,18067,16829,15099,18453,13569,194,188,15384,18154,13982,17152,15854,13840,14076,7065,11885,14593,14656,12806,16726,13618,16048,13871,11673,15913,17634,17649,16239,11785,9950,8915,7077,17524,14860,17830,15405,16777,9510,8527,13097,16886,15235,16816,17162,14291,6752,14545,16069,19044,14241,16854,18885,14887,14783,17029,13061,13195,15348,18190,16820,14997,14919,15009,12717,
273,17405,16512,15047,17824,11780,196,184,15612,17802,13841,16856,15438,10982,13484,5263,10469,14063,14517,12487,16305,13176,15248,12809,10173,15881,16783,16736,15687,9139,7735,6615,5185,17235,14480,17338,15070,15514,6911,6167,13040,16611,15113,16885,16969,12639,4582,14052,15702,18170,13959,16280,18529,14260,14026,15710,12840,12889,15188,17712,16927,13781,14576,14277,12693,
274,17286,16183,14446,17321,9148,172,157,15006,17746,13437,16371,15018,7744,11641,3532,8173,12415,14220,11995,15989,12389,13713,10933,7822,15161,16839,16637,15529,6297,5261,4406,3667,16751,14276,17044,14815,12924,4710,4285,12797,16046,14618,16568,16517,9967,3643,12974,15525,16907,13529,16008,18254,13309,12328,12924,12654,12188,13863,17214,16522,11775,13307,12740,12433,
275,16474,15447,14164,16740,6437,191,167,14974,17298,13108,15949,14872,5527,9258,2702,5765,10048,13841,11358,15530,11224,11402,8144,5596,14839,16313,16391,15006,4625,3878,3489,2931,16049,13796,16883,14174,9942,3721,3432,12524,15449,14194,16375,16194,7161,3242,11538,15351,14643,12885,15822,17751,11812,9859,10032,12156,11801,12688,16931,15885,9427,11938,10517,12117,
276,16358,14713,13695,15486,4869,156,138,14645,16786,12848,15667,14180,4477,7059,2567,4095,6821,13468,10003,15016,9304,8899,6226,4127,13545,16206,15963,14612,3938,3383,3178,2665,14900,13177,16365,13960,7172,3416,2960,12247,14960,13924,15521,15556,5278,3260,9769,15377,11293,11938,15273,16845,9697,7649,7307,12115,10899,10182,16280,15214,6973,9808,8003,11865,
277,15773,13446,13061,13268,3898,128,116,14454,16351,12117,15194,13594,4101,5022,2431,3264,4842,13122,8189,14619,7105,6185,4346,3270,11940,15800,15703,14077,3775,3236,3019,2548,13687,12342,16172,13625,5491,3318,3119,12006,14201,13097,14852,15353,4177,3120,7244,14934,8275,10386,15062,16028,7151,5417,5352,11674,9448,7398,15583,15073,5110,7329,5748,11765,
278,15432,10425,11121,10209,3695,98,91,13915,15957,10699,14887,11558,3977,3819,2469,2830,3739,12330,5845,13653,4940,4549,3567,2970,8876,15194,15005,12813,3805,3144,3033,2552,10861,10193,15408,12485,4629,3279,2984,11808,12126,11914,13510,14368,3755,2974,5061,14426,5780,7644,14298,13756,5037,4195,4502,11186,6719,5118,14467,14267,4140,5092,4338,11192,
279,14911,7598,8905,7521,3547,102,82,13743,15623,8574,14522,9460,3823,3408,2437,2771,3532,10949,4202,12118,3756,4162,3309,2798,6319,14498,14556,11057,3744,3022,2928,2531,8321,7877,15184,11256,4405,3063,2975,11331,9586,9866,11832,12607,3519,3045,3941,13952,4888,5419,13782,10830,3931,3641,4161,10120,4896,4050,12509,12960,3760,3878,3836,10677,
280,14282,5373,6385,5661,3530,71,57,13119,15142,6313,13634,6886,3776,3337,2329,2773,3466,8847,3352,9703,3198,3865,3251,2807,4732,12914,13596,8841,3631,2956,2988,2461,6005,5806,14045,9146,4275,3090,2802,10732,7379,7586,9101,10344,3503,3019,3584,13705,4470,4107,12621,7952,3445,3457,3982,8563,3467,3517,9721,10744,3537,3484,3691,10275,
281,12772,4338,4569,4539,3262,64,54,11713,14288,4370,12155,4889,3776,3331,2358,2731,3275,6437,2890,7186,3066,3798,3147,2850,3836,10579,11937,6446,3463,2829,2902,2429,4718,4288,12365,6707,4123,3187,2834,9363,5571,5452,6428,7756,3490,2927,3257,12665,4380,3449,10584,5670,3360,3321,4087,6553,2965,3587,6938,8105,3396,3334,3588,9181,
282,10178,3820,3649,4328,3292,42,38,10211,12698,3411,9986,3896,3659,3118,2355,2626,3303,4394,2751,4872,3012,3648,3086,2616,3490,7677,9127,4629,3465,2920,2835,2427,3961,3510,9666,4647,4109,2976,2861,7416,4246,3884,4657,5407,3549,2945,3183,10638,4290,3125,7917,4672,3298,3331,4021,4692,2714,3511,5039,5676,3529,3219,3455,7317,
283,7420,3645,3224,4035,3281,49,41,8020,10579,3101,7432,3557,3609,3225,2224,2712,3166,3497,2685,3941,2956,3580,3086,2640,3456,5639,6790,3767,3481,2862,2767,2473,3763,3276,7136,3760,4120,2953,2661,5520,3800,3564,3953,4281,3430,2880,3110,8739,4173,3033,5780,4229,3166,3326,3853,3564,2634,3477,4202,4504,3463,3062,3472,5434,
284,5214,3520,3241,3919,3258,47,47,6143,7383,2930,5149,3286,3537,3128,2215,2599,3140,3206,2596,3577,2869,3426,2983,2628,3421,4416,4853,3350,3415,2822,2755,2317,3648,3141,5023,3365,4043,3002,2700,4189,3526,3173,3661,3681,3338,2731,3082,6647,4228,3049,4158,4138,3122,3296,3807,3026,2593,3121,3862,3901,3285,3235,3430,3911,
285,4223,3629,3132,3989,3163,55,49,4584,5501,2833,4219,3404,3550,3018,2172,2540,3136,3090,2556,3445,2935,3479,3006,2624,3440,3848,3910,3272,3229,2815,2693,2398,3665,3008,4083,3254,3997,2953,2679,3353,3570,3030,3549,3563,3221,2834,3007,5106,4097,2915,3641,4125,3063,3157,3724,2741,2593,3323,3814,3651,3328,3149,3378,3241,
286,3650,3461,2952,3843,3135,46,43,3566,4155,2850,3638,3335,3519,3093,2151,2518,3148,3054,2562,3366,2784,3369,2896,2493,3255,3540,3612,3214,3308,2658,2673,2375,3546,3043,3737,3109,3855,2895,2539,2914,3412,3091,3583,3562,3178,2800,2898,3969,3980,2951,3410,4004,3116,3195,3786,2607,2572,3215,3777,3521,3241,3065,3336,2744,
287,3523,3493,3059,3753,3061,51,51,3275,3818,2831,3429,3134,3322,3001,2065,2424,3041,3043,2474,3237,2777,3423,2868,2465,3280,3498,3589,3163,3383,2706,2666,2267,3498,2951,3666,3141,3837,2837,2579,2746,3403,3070,3450,3408,3249,2724,2871,3654,4058,2854,3424,4017,2942,3034,3691,2441,2549,3184,3664,3575,3153,3110,3331,2473,
288,3528,3344,2951,3728,3026,33,34,3092,3577,2718,3298,3133,3288,2915,1996,2422,2887,2932,2498,3239,2623,3256,2770,2335,3056,3388,3397,3125,3160,2558,2607,2137,3485,2819,3412,3095,3733,2667,2511,2576,3168,2977,3413,3296,3239,2683,2819,3207,3847,2842,3255,3903,2994,3069,3530,2406,2422,3000,3469,3444,3104,3004,3161,2344,
289,3411,3401,2950,3680,3025,20,20,3042,3557,2581,3171,3077,3268,2902,2071,2417,2953,2874,2341,3224,2595,3304,2734,2385,3067,3429,3385,3132,3177,2519,2476,2197,3423,2836,3384,2939,3815,2743,2486,2471,3277,2980,3280,3260,3118,2548,2759,3101,3919,2736,3328,3704,2855,2948,3463,2396,2422,3141,3557,3476,3068,2819,3103,2344,
290,3331,3166,2898,3589,2852,29,28,2943,3528,2630,3118,3122,3230,2822,1948,2429,2855,2805,2380,3124,2725,3211,2684,2313,3092,3343,3373,3082,3081,2458,2444,2086,3448,2812,3359,2916,3663,2712,2346,2531,3250,2802,3400,3224,3005,2484,2787,3062,3727,2686,3228,3730,2892,2910,3422,2402,2364,2935,3403,3265,3063,2896,2975,2298,
291,3318,3139,2778,3552,2988,32,26,2915,3505,2695,3203,3095,3098,2769,1995,2271,2738,2718,2363,3030,2526,3115,2685,2375,3057,3269,3238,2955,2980,2444,2394,2073,3311,2859,3295,2871,3546,2633,2345,2430,3173,2841,3200,3175,2980,2519,2715,3011,3789,2668,3238,3591,2848,3081,3402,2295,2327,2996,3490,3315,3008,2828,3019,2297,
292,3304,3167,2867,3555,2720,24,19,2814,3343,2543,3073,2930,3138,2729,1881,2276,2741,2684,2307,3062,2512,3103,2587,2264,3050,3283,3329,2956,2873,2482,2377,2034,3167,2664,3299,2890,3436,2454,2332,2378,3104,2796,3280,3105,2938,2416,2642,3003,3502,2633,3045,3663,2769,2891,3384,2360,2294,2861,3350,3163,2856,2851,2987,2213,
293,3247,3051,2683,3399,2755,23,17,2910,3296,2531,3020,2914,3040,2699,1811,2160,2799,2829,2299,2988,2418,3014,2622,2256,2816,3074,3277,2844,2870,2454,2327,2005,3135,2594,3192,2743,3437,2465,2337,2272,2957,2680,3075,3011,2994,2331,2608,2872,3445,2507,2944,3511,2693,2843,3290,2313,2282,2854,3336,3243,2913,2700,2927,2244,
294,3145,3024,2724,3397,2687,14,14,2855,3276,2530,3036,2922,2941,2674,1790,2152,2675,2636,2148,2970,2448,2963,2604,2100,2844,3186,3075,2775,2695,2367,2166,1930,3059,2581,3109,2810,3313,2352,2152,2381,2972,2723,3135,3027,2826,2328,2574,2807,3498,2561,3006,3513,2650,2698,3177,2229,2217,2751,3330,3222,2798,2598,2866,2196,
295,3015,2955,2583,3368,2619,18,14,2727,3218,2424,3002,2885,2957,2623,1649,2165,2612,2607,2177,2823,2337,2885,2504,2082,2836,3067,3152,2836,2659,2243,2169,1917,3065,2581,3122,2639,3280,2292,2087,2289,2987,2607,2954,2982,2809,2182,2500,2695,3463,2412,2909,3417,2731,2693,3135,2166,2106,2784,3310,3174,2839,2662,2796,2133,
296,3047,3085,2653,3311,2559,6,6,2763,3208,2390,2838,2705,2878,2577,1682,2074,2554,2551,2136,2846,2415,2840,2469,2165,2687,3029,2964,2753,2604,2155,2045,1786,3050,2579,3068,2656,3158,2238,2034,2254,2959,2636,2940,2910,2697,2133,2523,2827,3331,2445,2869,3390,2521,2642,3092,2254,2169,2748,3145,3004,2706,2534,2832,2061,
297,3024,2886,2497,3220,2522,9,5,2706,3163,2387,2935,2691,2670,2450,1662,1989,2442,2514,2158,2769,2304,2788,2332,1962,2722,2979,2964,2618,2544,2146,2034,1833,2902,2553,3084,2662,3095,2252,1988,2293,2936,2652,2952,2861,2625,2076,2386,2805,3209,2327,2869,3251,2502,2589,3093,2293,2032,2543,3153,2891,2690,2529,2648,2070,
298,2970,2885,2456,3172,2409,10,7,2706,3097,2299,2739,2618,2771,2381,1628,1999,2336,2465,2069,2787,2235,2690,2221,2032,2622,2979,2966,2622,2478,2030,1907,1604,2886,2499,3020,2556,2994,2135,1958,2272,2817,2489,2837,2785,2509,1973,2349,2613,3071,2354,2845,3149,2384,2467,2835,2128,2022,2562,3007,2923,2550,2417,2590,2044,
299,2942,2667,2439,3074,2280,10,9,2519,3097,2269,2767,2598,2510,2328,1470,1864,2280,2397,1905,2719,2217,2628,2179,1861,2582,2849,2916,2632,2345,1978,1870,1543,2877,2411,2980,2577,2884,2035,1722,2260,2679,2426,2806,2756,2374,1748,2347,2674,3014,2280,2819,3099,2391,2499,2806,2128,1992,2501,3023,2959,2535,2318,2574,2062,
