165,93940,78835,98659,136899,182616,39256,57965,179833,152633,58102,128095,75761,206183,182254,150883,159945,56240,68445,80713,69908,157796,180379,172932,145348,92887,184477,113968,154617,179967,149861,156783,136822,68827,112021,133373,73234,194470,156543,138241,134824,103287,126754,87394,122517,171688,158272,166068,180374,117855,61264,130938,70319,176604,173775,212901,160543,55284,65216,58464,121856,173601,168109,173325,135113,
166,131977,123481,130784,165319,192505,63188,84227,227818,164475,94972,148034,112174,214726,192029,143921,166911,100459,111368,121572,114142,169146,192430,185631,153146,144068,199035,156716,183235,192945,158965,166630,147499,112474,139415,163066,112130,208876,167481,147613,156376,142130,160126,129787,163449,184355,170050,178548,229379,164283,99925,148535,116361,186566,179427,213935,216409,91152,106688,100910,141746,185024,178811,186051,146444,
167,152895,152541,148073,178547,212886,88729,107976,378165,173494,117421,158851,133413,232286,210640,149126,178376,142837,152975,156876,155606,186439,205972,210046,166292,194345,187612,190129,178298,209833,170060,181939,158908,142690,151308,177805,140643,226068,179687,158357,225089,171738,170474,166587,198454,197868,183991,193640,371531,185660,124938,154452,149832,202322,192078,220675,388113,113333,131869,134175,150772,202229,191829,209393,178337,
168,165129,169643,155961,187422,289389,113989,149568,763806,184292,132287,168683,145857,287004,266154,160314,203736,192054,180216,161262,194550,242929,241512,297782,204539,210627,186090,191277,178867,262903,191185,216509,191233,162842,155952,179880,162955,280626,196462,171213,431933,184193,165122,195198,201143,235759,235019,236911,714032,198167,138712,164109,168958,255638,222793,237893,749965,125873,146201,155492,158980,258571,223108,294370,283449,
169,170580,176132,163400,198721,548011,161311,249512,1363657,196445,139337,178608,154106,506426,491183,191903,303006,198929,171304,153444,193811,432028,371388,572768,351465,196216,195807,183630,187028,464045,278825,357918,320297,173502,164131,186625,163582,479935,261311,208071,774136,181143,169168,189515,194449,379868,434863,398263,1148499,211481,145653,173342,179419,446619,345644,283800,1195512,134998,157095,165480,167835,459419,344678,552867,546964,
170,182138,187799,176104,215406,1140615,302576,463045,1985725,221220,149483,192434,164797,1144934,1151494,347941,689183,186938,167771,159001,185332,864709,768680,1078481,733927,194911,216230,189949,205040,964814,589333,769794,693692,184946,177822,200278,166234,980221,541238,391570,1040006,190271,181017,187753,202135,803825,922864,837996,1416167,229295,156823,186048,192240,942080,730452,487198,1578703,144833,169171,177792,180830,942987,718683,1050734,959799,
171,192850,201577,189392,239471,1887385,519590,662740,1819310,284816,159906,210568,175647,2105920,2061520,783428,1441540,194680,175920,168201,192724,1277548,1279516,1448282,1126282,205178,267776,202490,247389,1476957,1056813,1254943,1136782,196705,194071,218332,175443,1437523,1022434,786795,1103381,204527,203999,197160,216878,1310887,1370248,1329705,1422869,247542,167464,209239,204124,1600192,1277058,966864,1497279,153630,180303,189344,196295,1496893,1241048,1491060,1249384,
172,215455,229311,226825,348465,2135174,682262,816198,1542333,536168,175268,280725,195763,2507447,2276650,1410216,2069469,212789,193666,201335,209302,1469594,1607384,1571426,1305757,238156,499262,243267,439743,1661635,1467890,1517206,1380225,216837,264274,284649,194563,1582564,1375822,1158288,1113945,242002,303812,222724,267597,1580346,1409294,1538257,1411705,302389,185775,301248,223578,1985348,1805514,1618656,1362348,167424,202462,203796,254752,1794239,1671729,1618303,1330663,
173,274776,316696,350795,655833,1834204,833807,1119503,1461299,968355,209913,489955,257895,2131590,1891082,1869626,1887718,266990,248952,317423,253537,1472833,1667346,1579828,1346683,353930,1011927,381863,873898,1618525,1450688,1508892,1379699,264621,483418,491435,250290,1588362,1488931,1330126,1128723,366624,582431,300948,429299,1572001,1450592,1515425,1427603,490790,236551,554505,265109,1880601,1890777,2298071,1335581,196538,274537,233973,441369,1680810,1757564,1543700,1299069,
174,544550,701395,787202,1308279,2019951,1554604,2595300,1948317,1444609,391621,1016134,539714,2212951,2035577,2111498,1895897,561379,535786,787313,484383,1730328,1932787,1955201,1762315,856669,2007608,878341,1734224,1895723,1628598,1751977,1669854,508162,1025315,1046648,511491,2065017,1930192,1844263,1659865,814804,1223818,644020,976354,1846341,1911526,2050051,1961548,1107747,487453,1117211,485186,1919013,1876566,2509384,1717134,351378,599406,384597,934698,1884863,1920063,1706019,1659285,
175,1040865,1289413,1321053,1715902,99389559,91177111,92660976,140592468,1606870,791426,1470421,998355,119283873,122722065,171686125,107825899,1248625,1157723,1516028,1044059,94122494,97462519,120752322,133666568,1710762,2331282,1622572,2153042,102888578,81372842,91968893,104770786,1016002,1522839,1642326,1015264,144569093,139268023,154087361,164749594,1448932,1812842,1265929,1723700,106064415,147983217,161360657,166791534,1688644,931634,1494228,949557,92961203,85308506,95944710,114541658,694246,1063330,750477,1328794,102822617,96246838,150941581,121825206,
176,1575860,1780295,1643521,1833502,223137468,180336058,178280861,233050227,1706504,1266187,1696728,1426816,220370063,235173267,249732905,220530997,2188052,1947028,1881839,1955848,194394375,205148239,222897349,262195336,2285526,2031014,2172037,1919877,204430974,175230800,184231830,199002241,1585876,1760656,1966890,1636246,202860038,207731056,224543320,235940724,1935165,1943821,1987894,2276413,205947635,232734868,250625133,254807338,1901368,1383974,1527028,1535542,220298152,182608762,190580406,235583999,1167668,1417798,1333061,1443453,214717669,203160599,238560510,221135474,
177,1744979,1934001,1738442,2081359,294627264,246422483,249203171,289504522,1922590,1491788,1827768,1627190,276653016,286951472,242593027,254708646,2170876,1927791,1717464,2175863,195942571,256950594,228503052,278569801,2175888,1879102,2074374,1779660,218690013,191515119,181953249,190032522,1893769,1944938,2025758,1818981,156981247,165574173,174284289,178530431,2034576,1926819,2096993,2199224,193484236,177074359,188211009,211249162,2046846,1474513,1549382,1705047,287707116,238880138,250159148,297572634,1355292,1520320,1574673,1484390,268982213,252614463,253407310,268982566,
178,4326874,4626790,4388845,5140016,338335837,291959158,317021450,337425664,6434542,4716255,4423467,4479292,335584992,341228497,283237180,292650618,5019878,6295892,4961849,4588369,202789325,221640889,212916501,289486443,5133336,4977724,4407382,5001013,219434366,191107228,177483211,188293268,6049353,5442611,4939108,4375352,161552107,158493704,163682094,165966600,4730213,4671012,4616987,4977525,200542100,166222041,180972907,199710113,7242693,4968285,4656254,3930761,343333400,281386796,281605543,327720038,5893356,6196084,4269024,6263887,249664712,267638147,257305325,241547345,
179,150332094,147927177,146081577,151838858,376578151,324571427,361508946,389551704,230981265,173817568,140814239,163539734,392770614,397326372,337595351,339807878,192121970,269683900,199822534,153526066,210059166,221735976,211195542,284599314,189819252,183282350,141658460,184164891,221998118,193150398,181639030,195273576,201714004,188898567,168682048,149355758,158297638,157678444,162396615,162530325,153674633,156592513,150631351,180852953,184215830,163029218,174964590,183784645,295395521,199313823,178014995,129755699,361575061,316343507,299892214,332362496,258181786,272462898,213210110,292780385,69810169,282703171,272448108,381346603,
180,178105246,146155273,177487676,180301437,372799947,339127276,388271909,434424891,224216138,291261035,168814744,179081689,453101548,457172068,404702808,381524910,255296832,255424949,221958014,171048944,213085394,209784652,207369918,287969266,205517988,208272263,172114615,288279507,212178882,195229335,183324247,196664993,218546659,200934899,215931340,179599945,160201558,158143873,161830869,166360679,182258562,158536032,190096817,214609109,222890917,163179405,171720012,176746503,239657282,196861269,189776598,161520324,384944184,333596510,329083311,353429969,244917202,240841977,213383630,232095771,317504480,302041534,265714713,258680713,
181,183165590,184458785,211538114,183940173,415920753,339092322,368761496,470690628,210276642,178549600,183972567,170378274,513858842,529552282,513271865,427885929,264668605,259665016,238205975,223323842,197524469,208642596,214653487,297484335,231407472,239313129,207040110,235099654,209493565,187744134,181399648,194190777,239934645,231547647,283757621,235313021,162366251,159938174,159839035,169662684,224341814,238111558,240773981,247579594,188249983,164095754,168846387,173326718,188911527,178259286,177812029,181520778,377498476,351054547,314866321,395897248,196343740,187076698,181268890,187217911,321467678,291262462,260173830,237596600,
182,185720179,188902380,172709608,241542396,423475870,343428064,394341386,498801294,211664657,205019001,181877258,173805608,570467452,595113744,615934861,536324493,280005550,281242916,268487329,216774009,181698188,185188239,202224050,258597035,267009202,296938683,259703658,276567183,178474008,176178562,153153397,181455366,255159615,253888860,334205510,280739884,157893576,156763605,159225894,161605120,278640541,277070328,291358255,289988882,168851653,159969419,161273663,164162379,168884575,168633932,169808834,194195241,361863327,360564769,325980168,367406654,182638251,169570195,169779264,169715756,315468449,291964288,240642630,229549169,
183,191117757,191797667,197670885,187351590,410404009,340588637,392659534,498716197,213560490,194999629,219341029,105476333,582124876,608196948,643674784,582867759,297200051,311483718,301520090,248667913,168395254,171339411,193638381,239083284,314189207,339692666,294264082,309247468,163427590,162172968,158221793,170762247,277510765,266907289,363007829,302867144,154871889,153991960,154937764,156754270,298712826,290155388,320421127,300402793,159293065,157464259,152327093,156378810,161529868,164169541,166312343,199861965,334764302,361898434,325715890,336064918,166128246,157189228,165952776,156999195,304664279,288290561,226318340,207269241,
184,188045038,197667531,169912732,177113894,393295371,338055197,398751664,487712434,209721009,205214049,183626223,171116431,558548641,588724264,626395804,578345615,339729879,352195975,343405518,285081425,161007235,164116529,188120435,223368967,358738281,374662936,318768193,160627371,159856108,157882375,155507380,164773431,299050760,257155966,380352052,316243249,153323618,152981695,153874746,157052679,303991243,302474744,340615442,321973576,128799856,158594252,154252533,157831992,161036553,160651913,160060039,196880859,319580458,347803025,356379751,319847845,162205047,160054758,163767548,161197884,288285375,274143706,215522908,202707754,
185,187265324,204747463,168963689,172657444,391180305,348609562,415311752,489204374,205859237,207196803,181555182,170464112,545259228,575357675,615095551,586131785,364446640,388772824,385683278,316951577,158574574,162763892,170849984,215321557,395676773,397313744,331855188,347263323,156594249,156312640,153197933,163526064,289266909,262225811,394447143,315981106,152604450,152619552,153099424,155505707,318488165,311789372,363825612,332697063,154488740,160411097,153293223,157825902,159213510,92537635,160686236,195204408,315129138,334496716,301235918,314186657,151212985,158656982,159430140,159868899,280976589,267965911,210164871,200173331,
186,186970807,209399316,170419297,172967130,398530652,380592621,460791960,494710306,203681076,194676631,171276626,168936998,544440688,576483664,605815803,596386425,401604970,420200105,428145872,349885332,157921433,162188370,175844727,204362249,430983738,415389888,338043497,346189935,155019714,155738435,153376543,162642271,295183240,259182524,384835517,331778938,152594928,152220159,152650435,153627412,322347619,319978535,368966417,341311833,153575303,165793439,153301265,157308337,158157614,158687925,160710687,186946597,317655844,331360538,303729347,317188596,159842109,158023685,158106879,158817381,268713581,254452434,208070616,203608184,
187,174916232,211563459,174869214,174742344,429501540,431176882,466096415,488451757,204963676,205015131,175626566,170076837,540293277,566215034,585353161,587628956,449378260,437819456,454401845,376256543,155584905,160356941,171423518,207255229,455971667,422402557,342025443,345783779,154264738,154751991,152447852,162182476,295715554,251202405,390884672,332430802,151758256,151507883,151854789,151452543,324160824,323494456,359094106,345074613,152965109,167510145,152431607,155196880,158108022,159643109,161236880,184962842,331972885,334323996,348667242,323647760,159329143,157202106,157934762,153871197,260221943,248204314,208111124,205688511,
188,190172210,210335457,176202204,173031916,456748354,433524381,419463682,441792275,205398398,192367393,197543601,169409836,483101629,506243742,521595113,536913163,484653074,455713006,456937286,167263858,144778098,148532138,158433729,199969297,475241676,433842606,349734951,353069976,145052796,145152556,143123615,152793513,292014730,254845702,343571225,327688564,142136805,142166947,142473691,142486143,325039188,326165139,360549349,351721783,144166888,154404186,143064697,143893349,157215158,159438102,160248930,182617348,333380440,323288673,302985920,323413772,156482508,157193183,156908705,187875088,242953786,228807558,194930460,194162074,
189,188509116,207236289,178075493,170767503,283994241,255832202,246865049,256071673,201903217,172326917,164433915,167897436,275886149,279102175,288429684,301029545,482428857,466765199,483192427,428633523,83695078,85021600,90684874,109181490,480618820,453899196,360987902,363126189,84435158,83770114,83130431,88084258,287184740,256149665,399711289,323584909,82675615,82414780,80831973,82336903,326447732,328091202,357666167,359179424,83740949,88241948,83019978,83547528,154462469,158449786,159589671,184634243,208308187,192941265,219702789,185900086,156827209,158024464,156485015,156592100,140341063,129094203,111032605,110740477,
190,175165179,201684669,134886759,164814120,43178072,41316390,39964604,39026252,183784688,167638789,162250775,159397364,41257432,41340689,42637034,44851799,438894994,447832791,464021723,427794340,13640924,13857305,14660182,16953683,464065615,436134414,362045288,364756516,13881099,13600321,13565929,14012223,268115456,237724119,375938110,302980407,13647571,13459617,13411814,13211348,312098846,309844414,320934440,342147267,13712631,14262962,13625465,13603623,149115691,150533114,151638324,174869146,35405515,32016112,19772517,29971943,148407135,147842651,147061709,146048516,22376018,20642644,17340357,17016971,
191,111472774,131598105,106687037,106335163,2257875,4328130,4313414,2136441,119468172,105073984,104262003,100620432,2419422,2251125,2051595,2275805,286890297,284884709,291091720,271803240,1663604,1822217,1792055,1618619,292782973,278427285,236534877,232216444,1799835,1592342,1678538,1556189,166908089,157980718,235065270,176432531,1830417,1704956,1564636,1367095,200426519,197868705,213058030,219197702,1779765,1653527,1729948,1661729,94692274,95262814,96551275,111086746,2232172,2099152,2328803,1959193,93944215,94277607,94047125,93565960,1949917,1913165,1739272,1576815,
192,7628197,8621175,7352543,7347080,1430300,3510104,3479985,1370924,7967079,7350890,7144304,6952978,1619243,1453575,1207702,1389047,17769698,17661982,17443558,16865392,1405437,1561651,1522326,1296025,17499382,17172843,15147607,15068332,1538518,1332241,1422670,1291614,10555608,9879292,14457346,14179531,1591379,1451897,1306437,1113932,13124882,12875513,13723773,14187897,1517082,1381533,1472504,1405017,7027416,6618856,6757660,7771184,1478219,1411656,1717644,1255731,6632319,6653918,6791276,6653856,1449303,1506974,1408392,1252150,
193,1622813,1651084,1542995,1667121,1427265,3481799,3413444,1370030,1664362,1436061,1615922,1445011,1615860,1448810,1205979,1385808,1751971,1596770,1533350,1744051,1404431,1561532,1520064,1295965,1734732,1775473,1722687,1678806,1535835,1328356,1419107,1290620,1692698,1541742,1764160,1541167,1591338,1449507,1303047,1110623,1676126,1619092,1673928,1797613,1501054,1382629,1470436,1404600,1868547,1423326,1523766,1668104,1475708,1408587,1716796,1256416,1452795,1504686,1624678,1485578,1447565,1505747,1407918,1248131,
194,1517874,1529992,1441348,1567407,1424542,3396224,3151855,1369407,1552362,1333051,1515529,1343151,1607272,1449186,1204420,1385812,1469738,1306761,1252776,1468701,1402333,1559557,1519849,1292662,1451345,1498614,1463081,1430334,1532061,1327949,1418658,1286876,1540197,1387083,1536492,1349350,1587962,1445908,1304094,1109026,1457058,1410918,1452428,1564745,1497931,1379063,1467738,1401955,1773575,1327459,1429860,1560016,1472465,1407219,1712576,1253849,1360133,1412467,1529859,1390796,1446739,1499124,1404485,1250048,
195,1512260,1529671,1437292,1564121,1426031,3111376,2489830,1366943,1544546,1327514,1513592,1344504,1609432,1446321,1202504,1381517,1469319,1306499,1247709,1465584,1397322,1558495,1515897,1288409,1451354,1492236,1458459,1429288,1525551,1323748,1419177,1285402,1537612,1385629,1536197,1347073,1584784,1443274,1298852,1106824,1457088,1408740,1450680,1558729,1494518,1376281,1464308,1401369,1773170,1327579,1426738,1554916,1468639,1402200,1710118,1253001,1358959,1409716,1526928,1389953,1444159,1496505,1401731,1248251,
196,1510388,1525855,1434460,1561222,1418187,2503904,1594978,1366927,1543112,1327660,1509069,1342368,1604862,1445575,1200048,1379890,1464494,1303674,1247981,1463043,1396230,1556515,1513104,1287137,1448813,1489442,1458831,1424032,1527282,1322053,1414879,1283106,1530769,1382105,1533338,1344283,1582089,1440639,1295744,1108426,1453273,1407738,1445562,1556318,1501546,1374563,1463486,1399709,1784365,1323832,1424069,1552585,1467679,1399883,1706657,1252682,1355030,1404705,1523898,1385792,1438931,1495997,1399724,1248469,
197,1510447,1522711,1436218,1558261,1418489,1563207,804383,1366175,1542551,1321013,1505003,1338703,1602801,1439038,1194706,1373930,1465465,1298579,1246276,1458566,1392421,1549442,1510469,1285987,1445412,1486420,1456211,1421433,1520368,1317056,1410474,1280172,1531633,1378503,1530563,1341133,1552711,1434301,1292688,1107797,1452956,1403671,1441559,1554301,1503159,1371598,1458998,1396712,1780154,1321635,1422421,1551482,1465996,1400913,1701769,1248955,1353574,1402722,1520546,1385634,1437593,1494381,1396389,1247780,
198,1503810,1516761,1429387,1553854,1411750,777667,458812,1364569,1540330,1317407,1504473,1336844,1595310,1432142,1193531,1372282,1458303,1296544,1242510,1457334,1392698,1546754,1509001,1282465,1442611,1483105,1450386,1424180,1520047,1317260,1407663,1275650,1526897,1377983,1526145,1339535,1547526,1431298,1289669,1104283,1447347,1398577,1440973,1552801,1492950,1367159,1452403,1393670,1771555,1320323,1418041,1546154,1462183,1395585,1699456,1250506,1350076,1401258,1520073,1378642,1431200,1490451,1394303,1244822,
199,1504247,1513394,1425001,1550195,1406541,472517,386634,1360084,1537742,1315285,1501718,1331540,1589749,1429876,1186388,1368289,1458121,1295864,1238972,1452448,1384193,1542929,1504012,1278662,1437953,1482412,1446544,1417755,1515838,1315663,1400845,1271032,1521898,1372527,1521747,1336903,1543556,1424023,1283653,1103001,1442369,1398739,1436637,1546622,1485925,1361603,1450042,1392444,1766647,1314780,1416316,1538886,1455725,1392566,1694995,1247231,1348347,1398709,1518239,1378182,1430538,1487505,1390012,1244905,
200,1501011,1508353,1423371,1545118,1402929,388367,369387,1358020,1532405,1309582,1493727,1331213,1583417,1424466,1184340,1360867,1452015,1291461,1235836,1448710,1382719,1538409,1493310,1273720,1434278,1477949,1443474,1412463,1510301,1306821,1395792,1266604,1520652,1370771,1521503,1333453,1532972,1416059,1277125,1100199,1438681,1394502,1433605,1543472,1482664,1357730,1445024,1388240,1759209,1313467,1410740,1539907,1449949,1386757,1689361,1245552,1343025,1394163,1510394,1374828,1425746,1479919,1383811,1241054,
201,1498221,1508959,1418804,1541257,1395474,369854,362409,1352612,1531938,1314577,1491751,1327096,1578550,1420357,1180645,1356883,1450459,1288152,1231743,1444745,1377365,1534042,1487515,1268341,1428303,1473735,1440520,1409666,1499425,1301635,1390814,1259239,1515440,1367360,1514562,1332172,1527978,1413195,1271646,1096130,1435134,1391515,1429837,1542066,1486945,1352874,1441132,1386631,1752651,1310383,1410183,1536654,1447155,1383321,1685409,1240890,1337947,1389580,1507571,1372072,1418724,1476816,1379733,1238365,
202,1492789,1501294,1413226,1537738,1389921,361254,355421,1347306,1526301,1308316,1489744,1325221,1573366,1415152,1174403,1351258,1445334,1282289,1227637,1441373,1373638,1527012,1483748,1262196,1424736,1468127,1437809,1405965,1493614,1296920,1382928,1255011,1513980,1363691,1512395,1326138,1511257,1406232,1267678,1092837,1432844,1390517,1426055,1538227,1468419,1345608,1433004,1381880,1748976,1305107,1403223,1530409,1441658,1374388,1677764,1237896,1333318,1383208,1505406,1366005,1412913,1472327,1372860,1234503,
203,1490618,1499085,1411874,1530329,1388704,354952,348928,1346793,1523314,1302787,1485226,1318757,1566847,1409648,1170354,1347506,1439646,1278994,1222851,1438235,1364432,1518821,1477713,1258855,1420485,1464956,1432130,1400499,1488320,1289645,1379147,1248382,1505823,1362420,1508412,1324380,1515520,1402854,1264554,1088714,1427844,1387385,1424078,1533573,1462601,1341116,1429264,1377956,1734141,1300240,1401704,1527131,1435357,1371937,1669645,1233373,1329804,1377728,1495800,1359661,1408055,1465941,1367636,1231041,
204,1486138,1491814,1406210,1525572,1382477,349715,343767,1343983,1516233,1293397,1480259,1313846,1564203,1405221,1168123,1347359,1434212,1273660,1218426,1433964,1360168,1510966,1475175,1254284,1414065,1459568,1428053,1396079,1484155,1288022,1374693,1249780,1505419,1355172,1505711,1320701,1512464,1398604,1260238,1086312,1423321,1380720,1418529,1527212,1460635,1334250,1425577,1373113,1730944,1295534,1393699,1519474,1430132,1366827,1663595,1233189,1322719,1372175,1488966,1353363,1405847,1457067,1363945,1228496,
205,1480299,1487777,1400611,1518751,1377556,343712,337261,1339816,1514159,1298204,1475447,1308991,1561831,1402990,1164869,1338644,1430505,1272134,1217005,1431592,1355490,1505612,1468217,1249376,1411510,1455925,1426035,1390908,1479319,1282363,1369293,1241498,1500967,1349485,1498929,1317819,1501396,1393797,1256036,1085079,1420067,1377587,1416539,1523370,1446092,1327279,1418282,1371591,1726761,1288758,1389169,1513034,1426029,1362316,1658725,1227581,1319278,1369325,1485466,1349816,1401568,1450975,1357132,1224356,
206,1472572,1482891,1393707,1511199,1372686,336574,329666,1337053,1504198,1304166,1467153,1304811,1550485,1396633,1161174,1334630,1422592,1266753,1210682,1425059,1349828,1497804,1461481,1243988,1404775,1451230,1411231,1386005,1475071,1277265,1362150,1235795,1493765,1344414,1494690,1314327,1495702,1391391,1249224,1080657,1412465,1371626,1410479,1516909,1444011,1323054,1408535,1371528,1715589,1284634,1385247,1509546,1420871,1358456,1653294,1227027,1313692,1362721,1479368,1343810,1392451,1447880,1352511,1224311,
207,1465477,1476213,1387376,1507969,1364275,328882,320959,1335561,1498179,1301206,1462575,1299531,1542694,1392056,1153441,1329697,1419251,1263366,1205371,1418512,1345115,1496418,1454471,1241467,1403121,1445613,1407592,1381969,1464903,1270521,1356767,1226995,1487397,1339439,1487654,1307067,1489062,1380015,1243447,1080007,1405558,1368076,1404695,1510077,1446690,1305664,1404273,1365102,1717548,1279256,1377891,1505814,1415738,1352961,1645230,1223026,1308416,1359328,1474568,1340103,1388694,1442112,1346994,1220017,
208,1460631,1469821,1383803,1501447,1346926,320399,311374,1331746,1494082,1296348,1457407,1295575,1517730,1380660,1137741,1316935,1411556,1260346,1202623,1414975,1341200,1487846,1444779,1228698,1394126,1440930,1402069,1375149,1432614,1249945,1329925,1188142,1482197,1333883,1481526,1304486,1478636,1356763,1221214,1078532,1400966,1360319,1399798,1504411,1422495,1227184,1400227,1359542,1706641,1274468,1372799,1497862,1410075,1345756,1636596,1221010,1303147,1352481,1468811,1333092,1379122,1437890,1338848,1215862,
209,1456342,1461299,1378159,1493602,1280824,309947,298722,1327071,1487740,1289432,1449055,1290109,1429154,1355319,1083506,1290437,1408837,1253021,1195628,1411167,1327991,1466625,1414269,1188826,1389349,1435373,1398346,1368816,1316179,1175329,1231175,1061233,1472816,1329724,1474728,1297997,1446229,1274418,1151659,1077180,1395481,1355932,1392622,1497507,1383192,1023405,1387874,1355121,1693359,1270250,1364655,1491525,1392277,1324106,1617497,1218065,1299537,1348041,1462899,1328332,1349015,1425285,1310072,1213743,
210,1448879,1458179,1369836,1488101,1064298,294007,275295,1323213,1481284,1282576,1441402,1291218,1143873,1229215,901406,1175781,1398730,1248873,1192989,1402760,1290043,1379218,1287140,1052541,1384288,1428168,1392007,1363506,1010130,950167,964963,775973,1466476,1323875,1468718,1290537,1318997,1018091,929682,1074503,1391317,1352841,1386215,1490319,1225033,651578,1343797,1354906,1687615,1264152,1360387,1482932,1326695,1243586,1538652,1203273,1294786,1340837,1456945,1323145,1224828,1375883,1194638,1211497,
211,1444819,1449539,1366046,1478103,715310,271029,235812,1305912,1475339,1277900,1436446,1278078,720834,945195,598741,897170,1391165,1242945,1186149,1397825,1164881,1154263,1009722,775632,1376909,1425262,1394565,1358942,620741,619785,603390,456481,1459591,1318726,1463125,1288835,1018093,645005,602065,1067085,1385119,1346646,1384816,1487274,913996,347279,1194797,1345149,1668828,1257846,1356666,1477307,1142071,1027342,1318300,1153551,1288127,1329509,1450494,1318103,957762,1232653,944553,1203705,
212,1439517,1435725,1356227,1446724,412986,231780,178844,1253000,1470086,1271280,1428638,1275422,394324,594490,332534,554859,1343252,1238886,1170136,1391942,923575,821872,660720,475918,1363893,1417246,1388265,1349463,344813,353059,334457,250320,1449056,1306040,1456865,1281336,644335,356639,333692,1042291,1375289,1335899,1377712,1478761,568624,200451,918770,1314718,1604259,1245978,1351791,1468647,837648,710176,962050,1020258,1280306,1294281,1443558,1312411,626036,963361,630089,1184629,
213,1431573,1401521,1336275,1354204,222989,173635,114504,1083629,1459796,1259741,1422695,1253852,221215,302496,173357,275709,1205734,1229986,1117300,1380896,570002,458839,350186,247337,1320695,1407038,1382171,1321891,204605,194114,190822,152723,1425284,1264466,1450211,1274293,337500,197619,182011,950975,1351264,1301892,1361340,1468150,295070,149597,542200,1207854,1435092,1211377,1338933,1452667,480836,386429,544122,743315,1263132,1194933,1431512,1297182,332753,589377,340900,1103104,
214,1422427,1240298,1231577,1058061,160922,111475,70212,745172,1435435,1208148,1399270,1164213,173569,177964,123794,161681,840112,1186696,919251,1341679,289234,241275,198067,152710,1129255,1343201,1358759,1185996,164505,143399,146926,126694,1300889,1099392,1427204,1232036,204859,152518,137726,709960,1241628,1147824,1295150,1402465,183352,137542,271509,924981,1005678,1066731,1298963,1380473,244700,206699,277233,413554,1184649,895829,1400112,1238440,191902,297109,194281,876755,
215,1386428,933811,992154,685115,147946,73418,54456,425644,1349037,1057748,1322907,960321,164396,151015,115050,137412,475129,1061527,622556,1212147,179199,178127,158985,131284,803972,1166009,1283431,911098,156055,134283,139194,121704,1050519,811526,1351329,1109021,175580,145184,129730,425853,1005189,867174,1112414,1224377,158796,136058,177282,576070,587980,799743,1173703,1178472,169696,156703,196335,227193,985370,553421,1296203,1074864,156295,186963,156315,572075,
216,1261899,544309,629517,368625,145076,56098,50395,237408,1110241,754486,1108995,631953,162286,144331,113447,132154,244524,778762,335421,920357,146787,161898,149096,125592,442315,822777,1066440,550171,154333,131823,136498,120054,674084,472065,1132845,834723,166534,142703,127163,228369,648115,514490,771676,874319,152025,134603,151211,314467,313312,467988,890914,816842,150464,145243,178082,153684,645502,289658,1037569,764128,148179,154879,147613,311848,
217,981165,288352,337789,221868,144154,50655,48817,168693,744705,433610,769344,349712,161622,142436,112253,130013,166821,451563,184896,557555,137076,158210,145493,124423,237530,474239,723635,297984,153596,130605,134929,118726,366581,255380,779862,504560,164997,140853,126445,149402,356775,276934,436289,504765,150224,133413,143924,198468,214575,249898,545329,460975,145894,142378,173537,129646,346106,180673,668840,440504,145777,148417,145223,182416,
218,544886,176113,183266,173239,143154,48338,47177,144506,364925,207453,385647,183118,159503,141726,111417,129224,148120,211545,132019,259726,134778,155311,143381,123724,161432,234687,347570,176170,152273,129889,134697,118105,200582,158715,386579,238420,162603,139482,124948,122222,195306,165554,216412,245926,149413,132426,140918,158411,186873,154147,263972,232984,143416,141532,172072,120613,174541,148987,319264,220072,143667,144272,143189,135501,
219,294200,157080,150456,164786,141604,47186,46094,135443,220407,148198,224633,147180,158023,139374,110770,128491,145366,149006,123797,173558,133357,154236,142900,122717,149539,173188,202775,150811,150357,128290,133592,116639,165666,140789,224096,160164,161299,138628,124224,113276,159289,143647,163339,177150,147674,130877,140116,143533,183219,135966,177989,179487,142894,140166,170109,117158,138838,144524,199350,162795,143547,143440,141686,120750,
220,182557,152651,141768,162142,140680,46356,45256,132067,169345,132362,164087,138896,157692,138690,110176,127101,145037,132680,120893,149811,131293,153487,141804,121688,146409,153783,155546,142986,149683,127811,132104,116500,157156,135885,166769,138074,160245,137587,124226,109497,149669,136414,149468,157478,146949,129804,139245,138034,181904,132260,149798,166562,140210,139094,169418,116448,128383,141767,163780,147270,141551,142135,141064,115846,
221,158420,151659,139648,160915,139157,45211,44108,130873,157035,129187,152170,137488,156232,138087,109833,125696,142596,129753,120148,144833,130251,152100,140682,121287,145051,149285,147257,141136,148042,126338,130965,115503,155208,133847,155857,134654,157988,136685,122471,108115,147751,134966,147679,152671,146316,129709,137343,135323,178768,130524,144217,163140,140522,138040,167450,115180,126010,141415,156368,143183,140738,141125,139957,112899,
222,151880,149660,137357,159264,137820,43577,42321,129436,152603,127917,147897,135717,154642,136466,107265,124713,142155,128543,117980,143326,129702,150710,139183,120050,143962,147155,145195,139707,147280,126225,130176,114208,152969,132763,152793,133202,157244,135481,121388,106993,147077,134313,146085,151282,143984,128553,136820,133881,177280,128972,140665,161624,138417,137421,167155,114103,124482,139260,153957,141184,139542,139797,139170,111608,
223,149133,147740,136731,158733,137705,42230,40940,128121,150500,127274,146350,133651,153986,135518,107199,124109,140282,126886,116831,142345,127981,149382,138746,119456,142262,146132,143800,138204,146196,125011,128880,113872,151842,132551,150455,132203,156649,133918,120702,106043,145427,132288,144180,149210,143735,126808,135141,132965,176942,127574,139627,159485,137790,136578,166018,113750,123471,137930,152795,139831,138691,139037,137548,111236,
224,147415,146454,135261,156114,135787,40176,38678,127200,148654,124876,143686,132775,151728,133812,105732,122853,139291,125727,116098,141252,127360,147565,136035,117410,140967,144526,142708,136647,144527,123340,126312,111505,150580,130638,149003,130421,155292,132942,119293,105082,143263,131154,142715,147478,141158,125941,133586,131032,173616,126213,138047,159300,136349,134569,163266,112467,122419,136263,151938,138393,137321,137944,135735,110061,
225,145829,145793,133621,154485,134514,38597,36753,126624,147351,124424,141975,131675,150767,132698,104779,121111,137729,124285,114813,140031,125288,146351,135656,116284,139095,143144,140796,135420,143042,122264,125954,110997,149016,129277,147265,128444,153497,131348,117693,104548,142113,130440,141944,146570,139809,124211,132697,129847,172805,125158,136877,156946,135205,133739,162543,111206,120964,135767,149465,138028,136035,136643,135133,109016,
226,144923,144399,132894,153742,132837,35922,33127,125335,146567,123112,141669,130330,149038,132243,104340,121085,137171,123537,113849,138528,124458,144950,133956,115166,138521,142288,139442,135142,141658,121354,124894,109510,148371,128955,146368,127900,150886,130590,116076,103980,141241,129594,140368,145538,138815,123044,130402,130114,170570,124493,135424,155391,134220,132453,159892,109980,119861,134673,148802,136250,134650,134712,133860,108334,
227,144213,142723,132324,152307,131606,32077,27556,124690,144878,122622,140236,129373,148306,130103,102624,120671,135172,122906,113326,137458,123793,144666,132639,114965,137253,141647,139354,133233,140472,119998,123551,109170,147179,127672,145377,127444,149491,129283,115996,103044,139909,128353,139905,144429,138172,122347,130478,128223,168097,122637,135265,154821,133536,130613,159545,109771,119233,133775,146975,135473,133594,133853,132832,107962,
228,142147,141532,131069,151531,130844,26864,21396,123579,144063,121042,139288,127633,146715,129038,102275,118685,134878,121249,111667,136255,122723,142973,131315,113726,135840,139880,137898,132336,138859,119155,122368,108516,145517,126267,143833,126285,147865,128632,114558,102469,138621,127389,138461,143216,137175,121412,129036,127854,167681,122599,133086,152906,131403,130468,157895,109591,117605,132567,146179,134132,132468,132388,131150,107927,
229,141223,140259,129562,149835,130308,20886,15039,123026,143195,120363,137497,127409,145058,128482,100850,117509,133713,119770,111628,135930,120985,142145,130937,112576,135417,138621,136477,131160,138634,117668,121466,106871,145221,125270,142203,125494,146594,126886,113824,102150,137147,125914,137348,141979,135788,119614,127722,127670,164468,121396,132744,152374,130190,129502,156454,108626,116830,131017,145118,133063,131359,130996,130891,106272,
230,139355,138981,128268,147880,128662,15290,10601,122080,141211,119870,136541,127319,143254,127195,100000,115995,132421,119757,110297,134159,120903,140363,129503,111664,133243,137464,135026,130302,137172,116368,120141,105894,142799,124131,141436,123497,145847,125675,112274,101255,136759,124831,135930,141124,133984,118234,126071,125956,164319,119766,130792,149996,129847,127682,155436,107588,115412,130436,143020,131480,130522,130134,129837,105850,
231,138779,138076,126620,146706,127053,11240,8493,121339,140599,118387,135885,125170,142803,125877,98631,114966,131952,118979,108998,132921,119528,139710,128233,110141,132901,135604,134473,129530,135737,115649,118939,104317,141317,122752,140229,123412,143708,123409,110746,100386,135258,123965,135437,139765,133029,117026,125709,125597,163344,119603,130168,148580,128724,126150,153361,106740,115438,129371,142548,130964,128812,129330,128065,105169,
232,138122,137009,125962,145712,126030,8814,7786,120463,139271,117183,135152,124530,139748,124156,97129,113993,130076,116797,108194,131839,118064,137597,126763,109275,131783,136344,132933,128078,133082,113972,117056,103248,140162,122667,138876,121962,142797,122570,110019,99808,133936,123218,134158,137841,131490,115036,124387,124282,160895,117877,129553,147304,127042,124387,152460,106252,113606,127969,140575,129266,127541,128186,126681,104490,
233,137285,135812,125771,143982,123833,7711,7319,119274,138465,116506,132714,123354,138013,122435,96486,112279,129010,116552,107371,131236,116803,135992,124644,107578,130224,134106,132573,126651,131571,112688,115737,100899,139946,121237,137514,120885,139405,120670,108159,99227,132638,122217,132415,136882,130019,113352,123165,123671,158475,116964,127959,146190,125706,123905,150310,105428,112535,126145,140795,128632,125899,126979,125061,103422,
234,135556,134215,123376,143340,122429,7514,7260,118907,136831,114860,132716,122555,136147,120770,94407,110648,127345,115211,105801,129517,114667,133980,123177,106895,129283,132748,130735,124746,128875,109899,113552,100365,138248,119461,137770,119913,137820,119281,106054,98988,131336,120704,131089,135287,126731,111480,121511,122866,157326,115164,126776,144910,123477,122432,148806,104101,111247,125791,138884,127604,124353,126353,123784,102314,
235,134342,133474,122798,140889,120489,7363,7151,117483,135213,114014,131365,121537,134026,119497,93258,109272,125870,114611,104933,127740,114303,131875,121875,105056,127440,131995,129708,124354,128494,108679,111278,98263,136726,118954,136079,118512,135361,117579,104745,97714,129939,120212,130555,134617,125501,110372,119086,121537,154349,114848,125961,143634,122614,120556,146147,103009,109811,123592,137237,126388,123169,123520,121268,101436,
236,134104,131657,120686,139317,119295,6913,6706,116916,134824,113080,130112,119640,132897,117288,91606,107480,123830,113018,103962,127677,112342,129852,119928,103254,125634,130255,128631,122853,125329,107355,109625,96402,135095,117539,134494,117334,134559,115394,103231,96658,128712,118343,128987,133299,123473,107732,118552,120587,152515,113262,124414,141715,120694,119302,143438,102413,109000,121825,135617,124243,121502,121415,119700,100830,
237,131819,129963,119453,137417,116375,6868,6655,115944,133142,111272,128352,118749,130133,115651,89819,105668,121603,111840,102079,125454,110252,127751,118298,101519,124435,129701,127569,122396,123187,105041,107693,94643,133800,115351,132799,116326,131896,112947,101557,95681,127573,117597,127120,131169,121169,105094,117109,119897,150100,111184,122422,140619,118870,117757,140879,100911,107628,120357,134762,123307,118943,120167,118147,100136,
238,129695,127704,118099,135806,114399,6438,6238,114362,131376,110021,126298,117182,126915,114213,87178,103918,120266,110181,100565,123915,108934,126074,115879,99448,122481,127086,125591,119317,118959,102588,105084,90764,131821,113974,131613,114453,129741,110083,98126,95005,125419,114801,125737,128463,119019,98724,114141,117937,147924,109969,121828,138597,116990,114974,138967,100076,105635,118270,132620,121961,116692,119027,116174,99033,
239,128817,125073,115887,133990,111318,6382,6177,111968,129903,108357,125466,115267,121658,112229,82679,101496,118928,108971,98639,122529,106933,124150,113808,97417,120136,126163,124166,117865,113975,97178,98163,83189,129501,113053,129562,113330,126138,103127,92812,93388,124200,114104,124907,127000,116318,85797,112153,116957,145650,108527,120139,136313,114585,112785,136067,98806,104611,116928,131627,120480,114380,116461,113706,97026,
240,127178,124385,114232,131879,102724,6030,5786,111289,128197,106842,123700,113806,109254,107678,69812,96669,115460,107486,97092,120228,104751,119634,108395,91362,118516,123964,122323,115848,97573,84212,81898,66478,127637,110290,128422,111630,121280,86486,77563,92873,121596,111689,122091,125727,109564,61536,110231,114823,141717,106013,118155,133387,112144,109740,130703,96605,102334,114751,129049,118208,110097,113768,111113,96726,
241,125185,121518,112174,128960,86859,5624,5339,109630,126695,105311,121326,111400,87217,100220,51585,85564,112523,106075,95733,118103,101348,113404,99514,79553,117154,122144,121074,114406,73740,64507,59663,46660,125149,108355,125662,110137,111653,63548,56882,91418,119322,110320,120337,124132,95280,39915,105916,113909,138751,103879,116584,131733,107167,103029,121957,95554,100726,111506,127133,116923,101857,109250,103131,95316,
242,123328,119404,109711,125380,61831,5276,4795,108587,124554,103238,119856,109976,55549,82549,30881,63816,104117,103992,92881,116109,93161,98081,80360,58656,113837,119943,117459,111735,46329,41631,36939,28454,122500,105931,123857,108208,89539,38588,34855,90103,117236,107630,117951,120842,71796,25326,97497,112639,130806,101798,114602,129788,96020,88108,101174,94291,98113,106861,124525,114661,82653,99347,87770,93861,
243,121189,116433,107954,120032,40025,4637,4036,106122,123044,101259,118038,106903,35135,58939,20318,41391,89152,101932,88351,114027,79305,74861,56362,38379,110178,118099,115937,110063,30318,26793,24424,19642,119671,103803,122192,105745,61701,25523,23107,88954,114726,105931,116209,119757,47323,20239,81543,110910,117084,98494,113085,127714,77506,66082,72856,91706,95848,97101,122260,113054,59469,83132,65440,92099,
244,119125,108780,103802,107111,27668,3930,3219,104945,120031,97300,115182,102307,26301,38861,16088,26650,61335,99720,77039,111821,59881,51497,37457,25427,100388,115724,113898,105931,23909,20687,20173,16819,111796,97063,119090,103069,41170,20808,18655,87978,109309,101138,112216,116366,31308,18806,60598,108846,87132,89823,110349,122014,56487,44411,49199,87894,89085,76766,119548,109982,40065,61126,45118,90735,
245,117302,93461,94165,85584,21879,3185,2477,101657,117993,90347,113100,94384,23222,26101,15180,19623,38370,95167,60414,106666,39430,33808,25614,19260,83281,112034,111036,98587,21618,18650,18326,15805,98154,85322,117596,99348,29515,19462,17301,85396,99822,92636,106054,110330,24058,18247,39755,106494,58410,74904,107622,112350,36326,29170,32519,78902,76334,53908,114569,105348,27326,39831,29766,88075,
246,113143,65302,73291,56364,20085,2585,1852,93931,114208,73815,108724,73516,22446,21004,14694,17633,24316,84135,37771,93949,25555,24946,20613,17267,54419,102540,106699,80087,20932,17738,18055,15355,72250,62716,111836,87657,25176,18811,17275,78260,78680,72084,89972,97024,21241,18136,25625,100628,35845,49892,100510,90359,24673,21866,25455,62604,52792,31910,100734,92336,21827,25884,22526,81705,
247,105961,42614,50362,37267,19979,2003,1442,80610,108648,53136,100608,51815,22096,19323,14490,16947,20721,66631,24725,74787,20276,22396,19351,16501,34606,86363,96611,58192,20671,17615,17548,15291,48837,42192,102237,69500,23866,18669,16618,66074,55666,50998,66900,77827,20889,17622,20944,89166,27716,31880,87336,63822,20770,20142,24206,43831,33719,23382,79605,74123,20344,21565,20531,69713,
248,91092,28109,31629,27659,19604,1586,1351,60973,94931,33971,83823,33058,21707,19158,13951,16489,19563,44174,18459,50782,18198,21701,18892,16440,24212,63586,78680,38036,20562,17385,17500,15029,32311,27392,84197,47189,23189,18408,16565,48378,36187,32433,43555,52795,20558,17697,19279,69939,25528,22465,65882,41175,19546,19656,23547,28624,22102,20446,53794,49937,20158,19816,20120,52356,
249,68879,22643,22929,23450,19030,1363,1266,40837,74635,22902,62293,23631,21752,18772,13925,16572,19476,28380,16563,32829,17610,21346,18534,16146,20755,42228,55927,26301,20284,17056,17171,14922,24879,20930,60411,30460,23145,18291,16522,32180,26469,23137,29163,34564,20117,17390,18637,49014,24786,18737,44218,28806,18947,19433,23166,20427,17826,19794,35254,33043,19820,19221,20138,34988,
250,42687,20858,19428,23074,19055,1175,1130,27113,46923,18299,37725,19965,21273,18790,13902,16520,19208,19919,15830,22919,17161,20857,18323,15896,19993,26984,33429,20840,20330,16864,16925,14508,21994,18454,36298,21473,22709,17912,16141,21361,21505,19108,22559,23923,19801,17212,18320,32195,24397,17724,27808,24301,18665,18897,22906,17051,16721,19459,24454,23448,19385,18756,19640,22802,
251,28375,20905,18564,22688,18901,1213,1180,21577,31714,17319,26648,19221,21274,18260,13505,15829,18856,18160,15851,20295,17202,20563,18074,15521,19667,22274,24472,19450,19706,16926,16922,14589,21310,18065,26132,18959,22402,17627,16274,17633,20304,18181,20929,21283,19620,16957,18128,24002,23732,17459,22086,23581,18626,18837,22745,15777,16193,18903,22378,20915,19080,18366,19322,17807,
252,22467,20516,18172,22176,18858,1176,1139,19386,23883,16724,21622,18519,20679,18356,13559,15963,18645,17641,15387,19593,16757,20458,17713,15731,19421,20836,20785,18916,19475,16851,16625,14358,20967,17710,21814,18170,21882,17296,15897,15547,19986,17998,20384,20407,19179,16598,17997,20586,23795,17199,20105,22715,18185,18361,22111,15251,15733,18812,21369,20073,18982,18394,19396,15678,
253,20758,20120,18103,21834,18282,1078,1047,18329,21925,16511,20099,18401,20555,17937,13619,15611,18377,17673,15356,19339,16798,20483,17690,15238,19399,20104,19751,18492,19057,16064,16234,14385,20713,17374,20977,17879,21992,17634,15792,14901,19796,17929,19995,20143,19151,16594,17756,19006,23367,16907,19579,22248,18181,18365,22132,14978,15509,18275,20872,19733,18868,18259,18786,14910,
254,20146,20220,17689,21625,18279,1036,995,17523,20810,16261,19400,18148,20149,17829,13298,15488,18272,17344,15026,19113,16631,20205,17661,15388,18641,19774,19780,18302,19180,16330,16211,14230,20351,17161,20554,17779,21497,17189,15663,14573,19293,17526,19835,19667,19199,16476,17463,18496,22889,16811,19054,21800,17838,17871,21567,14736,15333,18557,21013,19686,18565,17790,18697,14561,
255,19999,19438,17409,21747,17960,942,893,17356,20489,16091,18922,18145,19898,17449,13176,15091,18231,16866,15083,18678,16392,19677,17334,15077,18861,19534,19424,17976,18801,15935,15924,14044,20269,17166,20361,17532,21318,16996,15131,14373,19277,17172,19267,19642,18495,16204,17157,18165,22898,16611,18882,21999,17690,17802,21642,14862,15218,18109,20685,19343,18055,17771,18478,14273,
256,19581,19554,17458,21328,17623,875,822,17067,20009,16190,18755,17933,19425,17003,12780,14986,17995,16680,14872,18447,15915,19427,16993,14711,18411,19395,19043,18130,18645,15612,15699,13687,19872,16761,19939,17322,20917,16715,14860,14282,19462,17026,19417,19348,18180,15663,16704,17593,22652,16402,18635,21596,17429,17731,21158,14313,15054,18020,20171,19120,17847,17563,17968,14139,
257,19609,19328,17189,20805,17339,853,799,16840,19962,15826,18527,17928,19110,16880,12473,14690,17397,16634,14461,18487,15928,19088,16667,14580,18251,19111,18692,17666,18047,15248,15319,13639,19601,16496,19849,16925,20585,16349,14545,14259,18871,16755,18964,18962,17841,15562,16835,17629,22393,15990,18553,21424,17395,17408,20626,14133,14803,17812,20344,18824,17798,17130,18139,13867,
258,19116,18944,16969,20633,17154,755,657,16654,19701,15832,18312,17404,18977,16513,12421,14597,17616,16341,14539,18012,15603,19090,16500,14101,17791,19023,18807,17442,17940,15464,15163,13073,19356,16372,19521,16763,20372,16197,14278,13907,18697,16664,19179,18478,17813,15346,16464,17278,22242,16069,18539,21183,16951,16961,20528,14298,14793,17584,19898,18911,17436,16893,17683,13627,
259,19143,18957,16697,20380,17102,672,575,16301,19375,15497,18164,17194,18692,16204,12240,14228,17146,16119,14297,18060,15417,18569,16301,14085,17782,18716,18448,17341,17642,14916,14826,12931,19651,16410,18813,16891,19896,15903,14330,13865,18713,16452,18552,18652,17678,15020,16173,16964,21652,15713,17921,20837,16583,17063,20337,14196,14566,17309,19633,18462,17197,16953,17320,13569,
260,18947,18701,16807,19850,16553,544,438,16416,19254,15689,17988,17117,18557,16447,12005,14352,17091,15871,14213,18006,15353,18439,15962,13971,17624,18554,18577,17296,17484,14724,14587,12815,18935,16250,18800,16470,19895,15470,14265,13742,18579,16516,18390,18545,17340,14643,15958,16794,21448,15651,17695,20547,16806,16799,19880,13798,14433,17150,19429,18187,17052,16794,17129,13496,
261,18738,18188,16304,19865,16651,475,360,16087,18901,15276,17831,16850,18328,16019,11749,14263,16791,15722,13800,17385,15113,18017,15696,13578,17413,18540,18099,17186,17241,14535,14567,12461,18724,16016,18861,16365,19364,15577,13870,13516,17925,15961,18002,17967,17079,14567,16085,16738,21218,15437,17645,20425,16323,16391,19636,13494,14130,16983,19110,17926,16721,16394,16899,13158,
262,18375,17693,16150,19460,16125,407,279,16049,18660,15007,17480,16999,17896,15672,11413,13792,16440,15430,13795,17292,14776,17707,15494,13417,17193,18244,17663,16964,16823,14208,14076,12100,18463,15621,18543,16162,19143,14990,13539,13379,17766,16037,18038,17811,16668,14351,15679,16657,20581,15251,17300,19942,15961,16245,19323,13554,13934,16790,19016,17860,16756,15750,16717,13237,
263,18140,17941,15933,19185,15848,314,245,15792,18553,14765,17429,16600,17485,15509,11285,13172,16235,15018,13434,16929,14411,17587,15054,13317,17087,18197,17695,16629,16892,13823,14118,11731,18185,15526,18420,15984,18870,14983,13246,13398,17706,15946,17898,17747,16585,13933,15511,16360,20530,15021,17306,19990,16002,16039,18818,13529,13905,16555,18766,17765,16436,15946,16441,12801,
264,17590,17621,15679,18922,15549,258,224,15722,18299,14651,17103,16357,17293,15119,11047,13239,16037,15078,13256,17051,14381,17355,14888,12992,16832,17796,17488,16504,16197,13647,13720,11536,17926,15272,18091,15721,18389,14665,13249,13022,17427,15555,17442,17374,16231,13531,15373,16104,20126,14842,16782,19615,15528,15991,18557,13187,13765,16115,18383,17454,16102,15919,16244,12925,
265,17710,17233,15520,18943,15058,228,217,15253,17940,14385,16818,16134,16916,15092,10828,12988,15508,14794,13136,16749,14054,16850,14605,12762,16427,17304,17197,16105,15546,13087,13152,11482,17809,15298,17862,15453,17858,14090,12949,13086,16928,15359,17299,17449,15825,13482,15003,15950,19855,14664,16839,19108,15421,15492,17964,12959,13327,15929,18069,17029,15643,15426,15721,12474,
266,17427,17006,15296,18451,15059,228,216,15045,17815,14129,16763,15832,16498,14603,10558,12491,15286,14664,12689,16339,13837,16480,14460,12600,16226,17289,16982,15838,15370,12933,12736,11313,17743,14962,17249,15210,17560,13844,12272,12814,16849,15128,17210,17002,15569,12814,14442,15740,19337,14345,16489,19095,14986,15150,17832,12880,13094,15698,17914,17053,15622,15083,15612,12450,
267,17161,16840,14923,18186,14522,212,206,14978,17542,13943,16425,15475,15960,14366,10030,12531,14989,14686,12450,16093,13226,16182,13999,12259,15961,17093,16509,15774,15081,12520,12491,10684,17182,14863,17545,15093,17070,13341,11853,12856,16681,14989,16835,16560,15079,12086,14260,15800,19245,14134,16078,18539,14645,14781,17473,12797,12916,15230,17642,16576,15096,14961,15189,12309,
268,16791,16383,14631,17386,14141,197,190,15136,17372,13755,16123,15226,15418,14124,9534,12206,14703,14096,12277,15917,13117,15787,13899,11830,15649,16742,16458,15546,14220,11952,11839,9962,16836,14292,17246,14856,16789,12407,11294,12586,16186,14614,16511,16388,14562,10949,14001,15483,18953,13695,15992,18482,14584,14461,17195,12563,12295,15001,17424,16563,14589,14681,14950,12240,
269,16656,16116,14679,17591,13498,186,176,14721,17189,13333,16082,14879,14816,13540,8643,11724,14141,14086,12295,15415,12933,15331,13236,11443,15255,16588,16256,15157,13444,10997,10688,8830,16420,14268,16902,14752,16216,11395,9978,12282,16164,14433,16239,16064,14541,8843,13700,15114,18274,13452,15743,17849,14049,14256,16563,12348,12345,14729,16856,16091,14349,14121,14546,11970,
270,16409,15776,14145,17049,12582,189,178,14382,16791,13129,15473,14738,13146,13163,6750,10934,13695,13532,11647,15302,12377,14893,12977,10723,15003,15971,16004,14638,11354,9311,8486,6859,15933,13763,16345,14167,15691,8897,7862,11946,15598,14077,15939,15576,13405,6487,13155,14973,17655,13073,15236,17677,13534,13656,15970,12093,11950,14352,16766,15615,13657,13852,14169,11946,
271,15887,15373,13800,16455,11215,151,142,14300,16502,13023,15422,14677,10451,12435,4950,9598,13000,13511,11497,15015,12134,14022,11867,9319,14358,15972,15795,14499,8587,7056,6110,4798,15932,13391,16053,13892,14347,6359,5765,12090,15152,13733,15765,15643,11765,4394,12819,14706,17068,12797,15272,17232,13191,12903,14492,11663,11754,13628,16130,15432,12694,13286,13500,11738,
272,15786,14898,13443,15956,8409,145,138,14013,16323,12438,14857,13955,7126,10773,3263,7390,11574,13075,10948,14314,11386,12738,9892,7095,14174,15628,15289,14207,5697,4720,4105,3294,15241,13344,15856,13618,11828,4221,3900,11840,14836,13394,15191,15252,9331,3393,11868,14429,15776,12392,14950,17068,12430,11488,11904,11650,11302,12997,15773,15050,10956,12489,11882,11324,
273,15441,14461,13121,15427,5988,151,141,13787,15731,12132,15127,13638,4933,8909,2426,5213,9392,12790,10506,14285,10305,10484,7594,5048,13739,15487,14960,13726,4130,3600,3141,2665,14720,12648,15609,13375,9122,3456,3049,11720,14355,13222,14774,14954,6586,3083,10566,14280,14014,12082,14615,16485,10612,9210,9284,11319,11044,11647,15634,14622,8721,10925,9731,11235,
274,15234,13679,12432,14086,4168,132,117,13303,15564,11808,14359,13236,3866,6037,2286,3434,6369,12488,9307,13978,8046,7575,5104,3355,12615,15002,14708,13408,3612,2915,2838,2436,13980,12048,15081,12841,6135,3043,2825,11264,13723,12677,14207,14535,4486,2859,8486,13832,10611,10839,14094,15720,8278,6437,6281,11135,9948,9210,15108,14535,5947,8468,7077,10943,
275,14628,12223,11761,12384,3438,111,96,13309,15130,11161,14044,12313,3523,4355,2195,2842,4423,12027,7583,13201,6049,5413,3768,2860,10974,14532,14305,12707,3404,2778,2759,2372,12430,11245,14855,12727,4737,2878,2649,11042,12874,12216,13836,14101,3756,2774,6142,13670,7644,9240,13907,14616,5945,4585,4599,10721,8577,6877,14567,13864,4417,6214,5078,10646,
276,14466,9759,10163,9469,3136,79,68,12854,14908,9765,13747,10611,3391,3343,2149,2541,3415,11341,5396,12359,4317,4172,3243,2619,8214,13930,13777,11871,3370,2702,2724,2227,10206,9548,14296,11760,4102,2891,2611,10850,11142,10824,12682,13029,3395,2775,4564,13455,5168,7046,13396,12944,4384,3648,3935,10310,6393,4586,13250,13311,3753,4637,3951,10458,
277,14013,7088,8152,6911,3065,72,57,12541,14462,7979,13326,8615,3470,3148,2079,2523,3148,9784,3846,10968,3450,3636,2946,2477,5921,13190,13288,10306,3184,2667,2677,2244,7812,7191,13961,10242,3854,2792,2588,10302,9020,9105,10942,11588,3216,2691,3470,13192,4368,4980,12815,10216,3518,3259,3756,9251,4574,3733,11728,11981,3369,3562,3486,10211,
278,12897,4913,5493,4853,3043,61,35,11810,14040,5479,12432,5873,3413,2905,2074,2511,3028,7757,2907,8669,2798,3480,2901,2443,3944,11521,12449,7549,3217,2647,2597,2269,5268,4841,12651,7775,3864,2726,2408,9632,6345,6430,7892,9089,3304,2714,2986,12517,3904,3601,11457,6674,3141,3058,3622,7780,3048,3166,8393,9349,3158,3004,3224,9407,
279,11624,3856,3955,3980,2969,49,44,11047,13104,3877,10973,4327,3382,3028,1970,2311,2790,5515,2584,6445,2640,3261,2690,2345,3371,9412,10831,5541,3075,2494,2593,2224,4038,3577,11221,5877,3813,2774,2500,8557,4717,4700,5635,6843,3101,2606,2858,11426,3834,2979,9427,4898,2986,3000,3638,5982,2605,3034,6071,7056,3179,2926,3169,8172,
280,9340,3343,3224,3626,2979,49,46,9262,11462,3046,8980,3452,3368,2849,1982,2421,2893,3874,2471,4439,2581,3243,2724,2357,3101,6962,8395,4076,2957,2569,2551,2157,3462,2999,8790,4199,3776,2785,2473,6778,3786,3474,4304,4960,3132,2589,2768,9889,3824,2709,6970,4082,2892,2998,3513,4231,2400,3081,4361,5002,3027,2755,3040,6507,
281,6928,3298,2921,3646,2927,40,34,7190,9260,2695,6778,3202,3295,2877,2009,2324,2799,3098,2320,3314,2635,3221,2697,2378,3070,5105,6049,3350,3214,2499,2462,2129,3395,2850,6272,3305,3558,2600,2380,4973,3358,2996,3489,3694,3063,2508,2780,7904,3733,2737,5013,3857,2832,2894,3430,3179,2365,3017,3866,3941,3051,2856,3146,4874,
282,4675,3258,2824,3560,2827,37,34,5214,6533,2558,4486,2939,3260,2759,1845,2276,2847,2867,2397,3181,2520,3081,2639,2285,2976,3729,4192,2933,2995,2460,2458,1993,3257,2739,4373,2985,3551,2683,2324,3610,3336,2751,3190,3307,2883,2443,2728,5737,3675,2626,3636,3681,2710,2916,3392,2567,2282,2949,3395,3335,2932,2796,2987,3387,
283,3764,3098,2798,3400,2799,39,34,3828,4738,2670,3550,2965,3117,2795,1937,2236,2782,2785,2330,2980,2440,3198,2540,2275,3065,3461,3559,2910,2907,2455,2424,2048,3180,2665,3578,2833,3471,2611,2334,2847,3175,2727,3226,3026,3011,2516,2690,4302,3593,2584,3264,3687,2738,2760,3345,2423,2265,2853,3384,3180,2893,2821,3042,2722,
284,3206,3085,2695,3337,2772,36,34,3237,3806,2519,3132,2915,3086,2653,1906,2301,2708,2651,2248,2970,2437,3165,2570,2173,2834,3063,3165,2890,2886,2375,2306,2052,3197,2685,3292,2813,3457,2577,2219,2547,3047,2684,3222,2992,2880,2438,2587,3479,3636,2565,3055,3327,2565,2758,3320,2233,2277,2821,3322,3121,2898,2607,2902,2419,
285,3150,3016,2695,3501,2633,37,36,2858,3438,2469,2990,2825,3014,2707,1850,2200,2738,2707,2266,2832,2606,2991,2542,2195,2884,3294,3070,2913,2773,2397,2212,1929,3095,2618,3086,2726,3421,2476,2209,2376,3027,2655,3220,2942,2849,2378,2501,3086,3499,2554,2948,3470,2653,2661,3277,2282,2197,2677,3293,3054,2863,2646,2952,2214,
286,3222,3000,2659,3361,2809,27,27,2745,3177,2370,2935,2818,2993,2700,1817,2171,2616,2552,2212,2894,2472,3029,2440,2116,2825,3007,3095,2914,2839,2289,2198,1919,3075,2661,3197,2680,3355,2394,2138,2335,2930,2651,3032,2988,2781,2352,2540,2930,3412,2537,2892,3445,2672,2773,3265,2194,2159,2730,3191,3077,2774,2551,2868,2099,
287,3134,3010,2745,3274,2643,26,25,2647,3228,2411,2839,2789,2965,2498,1777,2112,2634,2523,2236,2814,2296,2990,2358,2162,2781,3021,3070,2701,2691,2323,2244,1874,2949,2556,3072,2646,3327,2349,2175,2265,2938,2597,3151,3043,2686,2351,2494,2764,3387,2450,2878,3326,2526,2619,3195,2168,2083,2727,3086,3085,2787,2607,2880,2114,
288,2970,2919,2651,3265,2566,16,15,2645,3106,2275,2704,2781,2850,2396,1626,2061,2571,2501,2073,2878,2274,2788,2448,2091,2737,2942,2908,2659,2652,2163,2148,1905,3035,2460,3053,2612,3197,2256,2082,2136,2873,2483,2956,2866,2633,2226,2503,2710,3250,2307,2820,3315,2657,2604,3067,2130,2052,2614,3104,2998,2705,2537,2835,2113,
289,2977,2930,2521,3160,2543,29,23,2600,3029,2337,2794,2777,2744,2454,1771,1983,2539,2421,2115,2738,2255,2735,2389,1924,2647,2933,2884,2709,2527,2155,2186,1733,2988,2528,2964,2448,3097,2360,2015,2170,2895,2438,2903,2841,2678,2152,2301,2621,3286,2388,2820,3292,2515,2488,2996,2112,2036,2567,3093,3000,2668,2531,2633,2040,
290,2862,2877,2501,3191,2504,18,14,2580,2921,2355,2783,2692,2812,2493,1606,1959,2357,2411,2096,2708,2248,2758,2317,2001,2565,2852,2855,2588,2456,2066,2101,1736,2798,2442,2886,2596,3102,2210,1988,2122,2771,2384,2849,2766,2563,2170,2285,2732,3164,2311,2710,3210,2424,2549,2923,1984,2080,2537,3058,2930,2566,2391,2604,1943,
291,2841,2710,2431,3068,2493,13,9,2587,2965,2246,2641,2576,2651,2374,1671,1929,2394,2400,2096,2674,2150,2767,2187,1936,2599,2802,2914,2576,2481,2132,2031,1606,2987,2465,2874,2487,3016,2216,2013,2136,2737,2442,2868,2797,2490,2060,2303,2567,3041,2300,2652,3060,2449,2491,2860,2110,1934,2583,2912,2871,2517,2336,2460,1988,
292,2724,2768,2340,2984,2423,10,8,2509,2894,2232,2662,2599,2564,2308,1631,1898,2407,2375,1950,2614,2196,2598,2172,1988,2529,2781,2612,2573,2479,2023,1970,1688,2831,2393,2728,2394,2948,2097,1993,2135,2704,2310,2644,2682,2450,1927,2274,2567,3073,2239,2666,3159,2363,2472,2955,1977,1869,2399,2931,2743,2577,2388,2672,1965,
293,2679,2542,2302,2907,2276,19,11,2460,2808,2147,2535,2576,2593,2267,1519,1850,2380,2363,1921,2566,2074,2627,2161,1915,2547,2736,2748,2507,2458,2031,1979,1626,2808,2288,2761,2395,2878,2066,1844,2093,2585,2316,2718,2629,2441,1866,2263,2544,3037,2183,2591,3054,2270,2354,2733,2000,1954,2513,2851,2693,2403,2313,2558,1882,
294,2719,2611,2285,2829,2160,10,8,2431,2888,2126,2521,2418,2477,2251,1481,1775,2211,2303,1882,2513,2078,2549,2131,1855,2545,2690,2675,2442,2287,1940,1888,1584,2610,2297,2749,2338,2787,1975,1838,1976,2683,2274,2590,2640,2420,1865,2263,2575,2901,2245,2596,3005,2300,2212,2667,1934,1928,2337,2815,2757,2323,2372,2492,1820,
295,2690,2574,2155,2801,2206,10,8,2428,2745,2087,2543,2387,2450,2194,1413,1781,2191,2214,1848,2481,1989,2496,2028,1766,2413,2688,2715,2362,2255,1855,1763,1581,2646,2234,2695,2249,2802,1937,1753,1975,2526,2302,2598,2459,2310,1817,2112,2366,2837,2140,2529,2936,2246,2367,2594,1934,1870,2329,2784,2640,2352,2205,2364,1880,
296,2652,2520,2158,2709,2116,5,5,2348,2723,2034,2529,2379,2406,2102,1354,1660,2125,2263,1844,2430,1978,2479,1995,1671,2356,2568,2576,2320,2140,1798,1648,1427,2592,2159,2614,2191,2628,1824,1636,1964,2394,2191,2556,2493,2266,1676,2041,2541,2826,2027,2446,2846,2205,2229,2470,1972,1749,2266,2710,2577,2336,2143,2292,1849,
297,2542,2452,2158,2617,2048,3,3,2411,2660,2036,2398,2284,2210,2049,1207,1647,2015,2169,1750,2336,1857,2419,1958,1688,2302,2588,2604,2266,2022,1702,1603,1374,2603,2084,2663,2189,2641,1691,1513,1984,2390,2212,2498,2436,2211,1419,1974,2344,2700,2053,2419,2829,2125,2164,2496,1978,1737,2154,2686,2507,2221,2011,2288,1750,
298,2514,2396,2052,2624,1975,8,5,2241,2615,1966,2362,2321,2041,2049,992,1577,1892,2053,1669,2295,1859,2232,1899,1603,2254,2498,2492,2282,1847,1485,1356,1046,2474,2013,2488,2102,2468,1410,1233,1914,2295,2177,2514,2383,2008,1060,2034,2359,2568,1940,2377,2616,2080,2108,2392,1945,1665,2134,2585,2503,2195,2036,2152,1795,
299,2447,2299,2015,2528,1836,9,9,2233,2600,1899,2285,2184,1829,1873,825,1405,1849,2047,1692,2220,1822,2260,1730,1511,2170,2562,2479,2184,1437,1301,989,808,2440,2061,2527,2184,2367,1118,974,1927,2322,2040,2343,2300,1974,849,1858,2351,2453,1973,2345,2610,2093,2046,2196,1818,1623,2032,2472,2400,2049,1929,2071,1827,
