165,324026,317782,309533,368010,472776,281504,335293,1034509,367533,265073,338866,281208,504549,474415,304668,385152,327249,290890,279860,326354,466730,451565,536983,379906,342458,362432,331292,344423,463478,359747,406184,347670,317106,308723,351163,287747,537276,375582,325660,655027,331018,312849,325926,362773,433438,404211,461321,1023522,403641,274710,325403,333765,483081,412623,448891,995920,263006,294192,315232,317191,453823,436781,480690,510977,
166,340692,339041,328188,391253,730393,356234,479991,1556664,399071,281525,360300,297453,724172,716852,345893,513361,330408,302893,293774,334364,708705,596928,861250,552159,358370,388152,347404,368934,668433,451021,563043,485776,335384,326436,370480,302361,766502,453055,369575,1022143,348316,331280,340016,383345,597935,589700,655659,1462574,428152,291894,346025,353694,713283,553757,507729,1412607,277535,311548,335053,334121,666272,597829,747531,828976,
167,357359,358483,345309,414214,1213084,509929,721562,2069946,447233,295534,381856,314260,1232682,1230664,474537,845337,344639,316294,308131,351486,1126183,936361,1346815,902388,375092,427626,363691,403275,1099313,697242,925851,807976,353712,345453,393015,318160,1209606,680415,509026,1251728,366571,353632,353666,402088,975162,994074,1042262,1696206,451847,308660,368337,371925,1166752,890840,675568,1728711,293382,328302,351330,351974,1088870,956596,1189156,1204533,
168,377893,378125,369956,450582,1825166,782204,1010285,2188997,555255,312307,420957,330196,1988906,1970876,825348,1438962,365161,333763,329001,369152,1548093,1461157,1752358,1331319,398398,521501,390104,478320,1639499,1145477,1431813,1263989,373426,378621,429151,334630,1698897,1138819,854896,1324427,390265,399736,373793,435978,1499565,1495139,1532713,1734637,483317,325565,417376,390975,1733409,1408683,1099952,1798419,308738,346069,371804,383409,1611264,1470377,1635679,1470267,
169,412908,406273,415912,542039,2382710,1061402,1212591,1871095,779305,333913,505710,355672,2769167,2609191,1403616,2140577,387090,358801,366349,394983,1786826,1886303,1926426,1584762,440600,741201,438653,657586,1986758,1575655,1796993,1604950,396449,453241,510332,360213,1956599,1596966,1302789,1334000,434142,504124,406015,502243,1862407,1785989,1845647,1723902,540333,348863,515921,416439,2253944,1898387,1737908,1639701,328834,371054,388612,451956,2016922,1911288,1896065,1574039,
170,513951,496947,574132,856408,2299821,1259183,1364832,1724124,1282564,390152,764561,432087,2732337,2404097,2078437,2338672,445619,438554,503100,460492,1824408,2063072,1950104,1660170,588530,1306772,613586,1141321,2022881,1783051,1895433,1708049,457768,706493,773955,438230,1988811,1810552,1593929,1341755,585495,829942,505173,714317,1944576,1796143,1885877,1724778,743621,423716,808443,479874,2323746,2241383,2445250,1579900,387086,450116,441117,668763,2072576,2117845,1883135,1552836,
171,734772,739877,904178,1359136,1982325,1392873,1582843,1727977,1704242,531391,1193704,625947,2295559,2026421,2036469,1965260,612621,637381,826299,632523,1802688,2040305,1959931,1670214,935473,1962020,993070,1704740,1986495,1742999,1859979,1675921,620233,1135406,1230398,630403,1990712,1833158,1656020,1350162,917357,1323413,746782,1150066,1921394,1781100,1864026,1741691,1175051,599446,1246512,629456,2046219,2062530,2740217,1587265,520240,654514,559782,1056681,1926962,2024860,1829308,1548736,
172,1238238,1312682,1466528,1932251,1910251,1602473,2180464,1767606,1934010,913841,1718059,1083616,2173099,1943052,1731661,1827981,1154742,1161751,1497839,1132321,1814098,2038955,1977757,1689128,1684494,2649782,1691424,2369102,2002563,1723204,1857966,1679070,1080709,1687059,1834638,1109773,2022732,1847348,1673708,1368704,1532063,1934722,1321330,1883168,1922006,1805676,1876697,1764950,1874346,1037055,1726875,1056030,1960730,1899998,2500579,1613999,875294,1142494,911738,1542921,1900249,1976543,1839403,1561804,
173,1730226,1860601,1862967,2116033,1990236,2451764,4051738,1873426,1966409,1365290,1971181,1510059,2250688,2025617,1644648,1862606,1946735,1837069,2137222,1821927,1842495,2077206,2018032,1731509,2476681,2520528,2369309,2394423,2061445,1763379,1901946,1726399,1621642,1983721,2251502,1638238,2082670,1900771,1726705,1408790,2086818,2287145,1955395,2558494,1965828,1891723,1922093,1821758,2263519,1480433,1870914,1581105,1996089,1900949,2328753,1676027,1302227,1569933,1398965,1740343,1941917,1998155,1893654,1585136,
174,2052070,2136422,1921186,2047739,2965265,5712799,8116250,3011031,1977144,1704001,1977197,1747799,3377462,3178558,2973467,2806106,2660214,2341622,2133172,2589676,2534137,2830128,2915160,2719035,2634559,2085938,2528145,2003760,2821757,2375318,2593817,2516337,2059237,1918205,2226483,2131486,3233647,2983302,2948224,2655211,2287627,2050994,2509875,2735700,1757214,3004298,3016385,3056417,2315793,1734331,1819305,2006221,2760299,2584541,3023968,2574732,1621632,1773201,1841414,1751076,1755973,2709010,2829060,2450079,
175,2030953,2072861,1879275,2076860,98416439,121083681,124098570,176170825,2037937,1762988,1992854,1760998,155481597,159962533,261164336,138613777,2398951,2086866,1852471,2470959,123461071,130150085,154466881,172270945,2291095,2011985,2211602,1927654,125773815,105569663,118858051,136278524,2114887,1923230,2120601,2064392,185506268,180274733,197507398,211369183,2116310,1953384,2327571,2418556,136367332,192028651,251816377,212537032,2330855,1725423,1817614,2036945,121912179,110061296,123970041,141618700,1694148,1808940,1942621,1762695,131201989,124102829,154299695,156708099,
176,2002486,2112911,1942471,2277036,220582654,186778182,180884791,240806264,2173241,1783755,2087529,1789120,223261032,236373568,245092987,224627459,2098796,1844481,1761387,2154326,195889369,206281341,224597841,265093479,2117421,2092879,2068852,1987415,203900841,187546740,183261516,205638758,2168038,2058914,2154600,1949784,209491146,200193879,218527542,226319916,2087506,1989162,2139876,2283678,207857161,225928843,238146801,246136328,2462852,1740610,1879220,2000665,219180658,208289526,195486306,238556286,1722853,1883733,1957931,1828940,219470739,226934974,239036736,225413982,
177,2101121,2381084,2163872,2693272,292812856,245532237,250608989,287458193,2480230,1899009,2315721,1978724,277682182,286115942,227924895,257330264,2112076,1855090,1857943,2104573,208109041,225579832,225342647,288425845,2201168,2289072,2136062,2154670,220421495,192807618,183624379,196255153,2374719,2359720,2319968,1985410,169907796,165815482,176516826,174882401,2233153,2167533,2159719,2346198,202555900,178395074,188501047,209782557,2793023,1863334,2052955,2075671,285402210,241534563,246433395,296302116,1790462,2070114,2045678,1986934,269006737,248521477,260822560,199577760,
178,4669046,5182645,4845692,5747993,339166289,296470264,308533432,338930853,6820757,4783605,4910206,4812476,331473054,340790613,284920044,294908310,5459399,6272747,5292176,4612393,211796726,201281696,205589015,297024031,5411706,5504336,4624809,5523378,228061326,185446441,178942582,187070503,6324887,5887062,5286864,4487234,169925824,158895367,159111482,164579885,4989361,5013675,4790374,5319392,189329499,166624272,179219825,196484778,7791685,5218936,5111842,4387792,332601177,282981422,277418240,324866391,6002841,6532902,4754440,6588177,293425821,266124708,266586026,254346841,
179,144193206,140073768,137685365,143629256,375849143,323805157,360748852,386744286,212147584,169140617,128948222,152366943,394053273,392759941,337457764,339085537,258450168,248474543,188319133,145030326,209766301,248350302,230763713,296360567,177429040,174578958,135867304,301577845,216737169,156339688,182281572,196118311,205680902,176664167,158634336,139379465,161633333,157346578,159599046,163680636,143532192,147762741,142884344,172309302,199865526,163800469,176066502,184862739,267774976,183393789,166085798,123425161,359526744,317488495,296296277,325318431,240739756,246256715,195354693,261602440,329016061,281492302,257908775,296544970,
180,180915729,178695584,174529920,181185231,395150453,337861430,382066228,431370862,222623038,186176318,164614928,174629810,445046189,453146167,402064222,379850578,254253236,252146961,222347520,172703884,208487128,226734589,226278386,292687271,204469798,204711452,172534899,301605926,215239345,195167439,184847238,198646375,219093528,207422436,217655899,178806125,162015509,158727857,162710164,168099154,181072960,192916222,192915815,210376997,200317101,163616373,171297071,178235485,233873295,193398097,188035757,161498159,380605217,329759393,305847538,353576777,238258515,234921488,208878638,235629758,315815944,288607778,258087084,251689737,
181,144313569,184483164,178027926,183798001,414730214,339891984,384258295,466048176,209902452,228306394,167548824,177556207,505035078,522266707,504573898,424540912,264837929,259174574,240739462,188191442,199329091,210638012,216254590,273567812,231205669,239531044,207562488,243606248,196296891,187863933,180998198,189838862,232332877,231860455,280149112,233205161,107249176,160144453,164300290,168981966,230763485,239666378,243485302,247655731,194967054,164945518,168589376,174529758,188044271,176716589,177534167,169817628,376537627,345939885,320624223,371258213,192076770,193583765,166005871,187497892,318973069,291251749,258784861,290696890,
182,183443216,186834315,172898013,179287002,420220877,344632395,392246923,492811871,218803553,205004187,184213326,170797295,562418744,585272582,602930378,530428738,279640110,281183677,251018639,206735693,174156154,187209702,201855773,261239461,268867235,296351244,260147834,275439576,179184644,176727159,169791240,179755003,262688671,250801805,329239753,279467088,160336162,156765270,158669156,154659297,275456614,274340354,289790440,278778473,171624006,161152404,160746036,165595687,169895376,167318921,169674973,190950764,362112760,358007038,324738762,363851456,208498736,169564314,164982224,170573223,314732789,300806723,239068998,238964086,
183,187145166,192710089,172279303,177875712,408503677,343289664,395156643,494924147,213430924,205427289,181231471,172988861,573792457,599539527,629222291,580768593,298939177,310060912,303947267,250339343,169903133,173639458,193739128,239513946,314160014,346150657,295354483,267906676,168866693,165657225,160349973,179094647,266689629,265103894,357930026,300062485,163042705,154292042,156952761,157859961,296562473,289174286,455030695,302004679,163885095,158285654,157375273,160149453,163867838,163848601,166151983,198379550,341066453,359039482,325517950,333825505,155807068,152812902,164705717,164557204,304347337,295760137,228172865,218651515,
184,188000583,197270859,170301553,182438003,384255191,341878078,403216800,488684952,207613254,233440176,199207499,163865887,564547005,584887019,617987076,575026805,331899208,351138338,339898710,285351194,165518196,191408420,187786982,227615756,360812792,374114696,319023683,334999315,160460104,159838930,156554778,166306967,281526368,262364206,373941948,314891378,154172038,153399270,154890223,157774283,312967836,301570003,344039988,315663652,156888914,159761922,155461816,158800094,161034610,160456959,158897933,198995563,323785360,346346756,326193223,305969439,163297349,160093270,161991612,161277380,293285193,281666556,219213941,208016919,
185,184513639,199758916,168959542,176292518,385469895,354843285,430192837,486877077,163555587,215389106,184456805,169632446,547208798,575412950,609917521,560888084,364940580,387913948,384048177,316390909,161352356,165116760,181935786,218994760,397970082,400020637,331005388,345772874,157530660,157427328,154877376,163494469,306320876,263163462,391199069,357732908,153642494,152902918,153566922,155786613,326419485,311217544,362178971,332522282,152033824,162150385,154873479,159040345,159543249,158983419,161172869,194335262,318630115,303863518,322746307,316881217,161406648,158474291,159574850,161414731,281354701,275718818,206431610,204002057,
186,204476967,209061186,170845229,178184190,398681608,389482887,459313451,477239613,198797695,194825440,175299405,168997019,543918620,575457829,599924757,579287401,426796761,419024541,426895750,351897030,158786844,164349968,173957791,211455471,431238740,409980817,336582524,336109763,156849447,150599402,153934175,162639541,241979254,265227696,395973507,331657174,152462484,152324379,152765253,153624724,322368193,318550561,368040620,341620659,154550436,166084072,153587667,157248547,158401291,159308671,161052440,187314598,307778298,330726092,316433436,319759272,145268217,156969847,158827679,155459832,270372643,258826710,212879929,209154377,
187,190683611,208799994,181042027,151685438,473219908,432206981,415057374,486017613,204558519,182338357,171300515,172188469,536940619,560482075,578991794,586551189,422030463,438157191,451556173,379850586,156305123,161482120,170018308,208764128,454490247,425068558,340933227,347654497,156371719,155402206,152544681,160435499,295045317,270267996,370823499,330314129,151516644,151268181,151898972,151707565,323771607,321634075,365067949,348123590,153457499,166248386,152438796,154759779,155871319,159205423,160779590,183468571,334548396,335023801,282087503,326050176,147866886,157669478,158130695,159417922,263190766,248342046,211830844,208469246,
188,191420268,207187906,176652211,172655293,389171112,426019201,415951385,441858322,204000473,199035478,175345995,170342497,484315086,495900749,510475422,525792498,461351986,454896249,470693953,411273322,143235821,147288359,155419714,198247405,474713921,442771847,351501331,354610765,144224144,143774873,141426277,150605126,292625754,260769144,66192801,324438526,140280535,140058384,140269509,140356580,284121304,325060484,360605844,353668138,142639902,151938858,141376801,142465367,190583442,158041651,160176648,182463936,325928482,320980591,294712045,314517762,157995458,153191219,156980183,191816364,243018319,228383205,195563565,193070142,
189,182931139,206221381,175773296,162950830,278090885,255824084,248089617,254419010,201516671,218792688,174205006,201593761,274167434,273907329,286249228,294867273,484902897,466524674,483130435,433294633,83972223,85685072,90434074,97002417,482675251,450710659,362415803,365112131,84427139,84465985,83371341,88063836,284773052,261122171,322999366,415001969,82598511,82413848,82500007,82792378,326572134,327321785,357368805,359227809,84394919,88238875,83229079,83664793,156281053,156586632,159737387,183550729,209757759,195921944,175895335,188595750,151745011,154380273,156418576,155614320,143098356,132348625,112774713,111088158,
190,168061081,202917347,170253781,163977854,47070365,53078857,44776028,41824421,190934069,179829803,164737709,162786132,44520340,44429485,45874734,48170311,466487466,457434672,473030220,435657314,15000856,15333938,15482389,18205653,473560589,444783854,372569491,369809808,15362606,14992867,14943848,15365289,271787362,244169863,370492057,300649829,14995714,14824156,14679917,14408453,318054345,315803546,342813610,350625810,15138019,15572653,14994467,14893634,151790195,153456911,154854886,176946091,36981812,34721625,35955264,32917439,151973375,152570599,151179430,150728229,25490869,22846979,19276375,18909774,
191,124028119,140393334,118984994,114154030,3051598,5713049,5649482,2821264,78765200,123005113,123677394,112489936,3273306,3058268,2805662,3087335,149962835,316764250,323428957,303189745,2192693,2399250,2356253,2133378,324019097,307989280,265992519,261073603,2355144,2087128,2220595,2044944,185129709,272650805,252341032,200148575,2391772,2219357,2047941,1746980,223214694,218921688,237317571,244872512,2293552,2167009,2265489,2138555,105110547,105537022,106724204,121020550,3015127,2841559,2947614,2496927,104346144,104289558,104924432,94460010,2589332,2547130,2285727,2041932,
192,13730345,15577360,13259068,13148446,1786336,4471608,4441294,1681212,14799410,15043388,12958476,12562382,2049332,1835771,1519963,1736262,39213633,33566108,33180010,31807139,1789661,2000000,1935390,1643581,32686059,32350572,29192251,28611763,1950685,1690668,1822916,1637026,19659739,18060781,26661094,23175519,1997853,1823327,1649737,1356817,24810026,24235553,25280058,27067605,1898126,1751426,1866052,1740818,12527697,11967700,12171900,13964457,1886977,1789436,2170233,1548137,11952048,11980505,12162746,11985205,1825994,1914844,1766440,1536581,
193,2470948,2479127,2326976,2492696,1785833,4434313,4402897,1676785,2528220,2212587,2439438,2171672,2041202,1825551,1514067,1730396,3362335,3119080,3029293,3247282,1788392,1996408,1930769,1637622,3271899,3294860,3171567,3099299,1945807,1686529,1818132,1633583,2725027,2767707,3081539,2675045,1987792,1822229,1646889,1353059,2942129,2836203,2988339,3295122,1892493,1750711,1858825,1734378,2757184,2157645,2284020,2507226,1879992,1786867,2162524,1547858,2196950,2251877,2414535,2223020,1821221,1909147,1756277,1534099,
194,1936604,1945107,1831301,2001475,1784462,4404748,4374467,1674936,1980828,1698619,1944534,1691698,2040060,1824049,1511626,1726905,1870580,1667899,1619729,1884763,1777827,1989601,1925645,1632222,1874642,1902457,1876627,1831119,1940304,1680916,1813182,1630169,1952867,1781785,1968958,1715979,1982472,1817275,1643778,1349102,1859941,1795123,1850777,2073485,1888401,1746598,1857240,1733393,2302206,1692123,1820097,1981836,1875299,1784372,2162075,1546348,1733494,1794223,1945747,1760478,1817783,1904581,1755086,1529826,
195,1921030,1930844,1816793,1991561,1779492,4372332,4340124,1668416,1961338,1685108,1934191,1683230,2036264,1822031,1509050,1722543,1845851,1642576,1596162,1856413,1774366,1982471,1921446,1628853,1851563,1877113,1850812,1803639,1935980,1677937,1809217,1622577,1934013,1766500,1945564,1696214,1981272,1813020,1634955,1345573,1837534,1772118,1829587,2041300,1877948,1743355,1850737,1729717,2287169,1679669,1809514,1970035,1871904,1779575,2154310,1543064,1720210,1784076,1932853,1748810,1812660,1899428,1752393,1530638,
196,1911109,1925298,1811615,1983629,1777493,4345610,4306528,1668019,1954633,1680508,1925426,1675301,2031743,1816038,1504187,1720338,1839057,1638724,1592480,1851435,1771301,1975405,1917861,1625616,1841569,1877060,1842643,1799800,1931351,1672198,1806256,1622171,1929740,1761821,1939356,1686570,1972579,1812146,1633764,1343213,1828979,1768419,1821990,2037193,1871298,1736871,1847286,1728109,2280213,1676613,1802918,1963244,1865146,1776189,2146637,1539506,1714794,1777487,1927397,1744036,1806865,1895485,1747842,1523052,
197,1910121,1921728,1806307,1981594,1771247,4299075,4236165,1665874,1945120,1674057,1918249,1672922,2026498,1813544,1502609,1718938,1835287,1632515,1586574,1848006,1767699,1972925,1911567,1621678,1839623,1871047,1838874,1792533,1926839,1669777,1799349,1615682,1925923,1755795,1933597,1688434,1967591,1805602,1628087,1342198,1824278,1761380,1817522,2031862,1871723,1728511,1842393,1724305,2283416,1672857,1798632,1956124,1861686,1771706,2140138,1538220,1709380,1775349,1925530,1737715,1804752,1890451,1741408,1522158,
198,1903051,1916989,1802360,1976882,1765187,4225202,4051071,1662176,1937560,1670526,1914772,1664135,2019756,1807033,1498305,1715298,1827224,1627434,1583675,1841245,1764161,1970524,1907637,1619339,1831076,1864807,1836621,1789316,1923015,1662966,1798361,1612992,1917950,1750640,1928177,1681805,1963772,1800401,1622536,1342099,1822189,1758357,1813338,2025787,1864949,1733344,1836147,1722688,2280514,1666664,1794448,1951911,1854909,1764993,2137831,1535401,1705334,1771548,1916350,1733879,1797569,1887799,1739076,1520315,
199,1898321,1907326,1798042,1970972,1764863,4007392,3523288,1661479,1933772,1662694,1908036,1660927,2012856,1804678,1492753,1710698,1825615,1621887,1579407,1838520,1757773,1963745,1902323,1615638,1828705,1859579,1832640,1790165,1914525,1659743,1791815,1609438,1914293,1750353,1922811,1679450,1960009,1798953,1618687,1339243,1816683,1753003,1811267,2022933,1864996,1721433,1833824,1721112,2267269,1663721,1789058,1950881,1850417,1762662,2133189,1531808,1701526,1766330,1915630,1730078,1795029,1883988,1736023,1518025,
200,1892645,1905629,1792399,1962264,1758244,3433995,2531978,1655439,1929263,1661301,1902038,1661822,2008821,1798674,1489225,1705111,1821781,1619335,1575044,1834631,1754649,1958154,1898100,1608182,1824304,1857140,1827763,1782222,1913007,1652681,1785477,1602679,1908034,1746820,1920700,1676447,1949146,1792767,1613457,1337642,1811313,1747842,1804370,2016969,1851380,1716235,1828958,1718659,2240624,1659081,1782547,1945576,1844476,1759106,2131795,1530413,1695201,1762380,1908361,1728424,1790185,1876400,1729942,1515919,
201,1886862,1899021,1786264,1956136,1755846,2478035,1529671,1652595,1923091,1657391,1897526,1651099,2005082,1795798,1485325,1700689,1818451,1612332,1572127,1829188,1747355,1955616,1893636,1606181,1818171,1851361,1821693,1779391,1905146,1652682,1780729,1600100,1903328,1738075,1915363,1673187,1944293,1788846,1607941,1335790,1804954,1745666,1800274,2010892,1855608,1714553,1821873,1714330,2240377,1651390,1777709,1940104,1839370,1754812,2124105,1527403,1692235,1757077,1906610,1723493,1788720,1870498,1723375,1512015,
202,1884282,1894309,1779085,1950715,1746803,1483299,934463,1649512,1920907,1652139,1891664,1645508,1998467,1791331,1481223,1695423,1808325,1609313,1564522,1825129,1742608,1948770,1887153,1602242,1813808,1848535,1815075,1772079,1902329,1644440,1774215,1596353,1894753,1733540,1909022,1665350,1939105,1778941,1604078,1332119,1800297,1738948,1796410,2007446,1845212,1708053,1814906,1710027,2243518,1648596,1773573,1931049,1835662,1750020,2118024,1526553,1685438,1752311,1899205,1716776,1779951,1867895,1719356,1512792,
203,1878596,1888874,1772665,1945650,1739865,960330,750923,1645364,1914684,1646622,1884531,1646035,1989416,1779889,1475887,1689564,1805558,1603254,1562982,1818067,1735148,1940050,1884536,1597932,1808519,1842162,1811274,1766285,1893929,1641434,1770014,1588162,1891377,1729752,1901694,1658242,1932352,1775258,1595889,1333668,1795810,1735580,1787846,1997497,1843603,1703326,1809233,1708299,2241631,1644729,1769111,1928598,1830477,1745259,2111906,1523612,1682514,1749998,1893023,1710860,1775333,1857542,1715905,1510180,
204,1869170,1878526,1768220,1937162,1735027,766841,696746,1644804,1911109,1642930,1879441,1636175,1983939,1772396,1469667,1684699,1800091,1597810,1556143,1808978,1731135,1936698,1874435,1592287,1801235,1835748,1803566,1761637,1885853,1635283,1765039,1580590,1883722,1723908,1895756,1657348,1925269,1769321,1589198,1328411,1788120,1727987,1786089,1990104,1834322,1697534,1803312,1703808,2233158,1635616,1762484,1920865,1825475,1739088,2109021,1518246,1677682,1739948,1885998,1704469,1771036,1854572,1707243,1508861,
205,1868290,1873657,1763750,1935751,1728407,700199,676032,1641776,1906837,1640706,1876579,1635307,1976546,1766716,1464945,1676054,1793529,1596379,1550566,1804889,1723261,1930866,1867247,1586222,1796658,1829136,1801758,1759094,1879916,1628124,1755942,1575269,1881744,1719979,1890037,1651534,1920685,1758672,1583320,1323524,1780262,1723344,1782596,1986776,1823925,1689331,1796532,1698804,2218023,1633572,1755698,1916682,1818578,1731530,2097148,1515809,1670890,1732579,1879867,1703493,1763785,1849913,1701889,1505013,
206,1858511,1865972,1758888,1926213,1720247,674878,662670,1640155,1897706,1634015,1868346,1628284,1965546,1759104,1456698,1668238,1785322,1589742,1544952,1799031,1718897,1924629,1858215,1578492,1789728,1821305,1797242,1754878,1872000,1623638,1745706,1568213,1877839,1712782,1884527,1648397,1907694,1746282,1577104,1319147,1780187,1718042,1776992,1980694,1815042,1677615,1790600,1695867,2211236,1626189,1749950,1906190,1810118,1726510,2090173,1512570,1662857,1729180,1872451,1695401,1757453,1842922,1693709,1502568,
207,1855479,1864216,1754797,1922805,1710160,663074,652822,1633173,1895201,1631985,1865180,1627751,1959440,1752623,1452161,1665464,1780980,1583049,1542187,1799528,1712186,1914723,1847413,1569914,1785545,1821278,1790603,1747660,1861102,1612605,1737988,1563415,1870785,1709485,1879595,1642911,1895761,1740579,1569453,1315239,1772631,1713533,1771949,1976643,1802459,1670642,1779712,1688608,2204829,1617261,1747824,1904798,1801979,1719547,2081013,1508396,1661086,1723111,1865391,1689615,1748720,1834811,1687754,1496806,
208,1848405,1858087,1746269,1912498,1703148,650448,640863,1627810,1885304,1624936,1859033,1616945,1949888,1745827,1443887,1653744,1774308,1576854,1535259,1790048,1698053,1903427,1836423,1563489,1776575,1812932,1783791,1741924,1850108,1607183,1732222,1555362,1867146,1703328,1873053,1639407,1885250,1732557,1563164,1309550,1765994,1709749,1766331,1970588,1796280,1662252,1769400,1684670,2189448,1611508,1740643,1894953,1795421,1710870,2070132,1501936,1651158,1714354,1863317,1683056,1738531,1825134,1676464,1493384,
209,1841961,1851800,1739759,1905732,1699051,640530,630942,1623435,1881292,1621829,1853640,1613202,1940526,1735356,1439952,1648025,1768428,1574183,1526840,1784940,1693021,1893111,1830759,1555062,1772387,1806735,1781476,1734482,1846352,1598002,1721646,1548673,1861938,1695628,1868455,1633892,1878524,1728297,1556212,1308016,1762031,1702780,1760362,1966090,1792067,1655105,1762979,1680462,2175604,1607209,1733953,1889902,1783988,1703279,2061298,1498194,1647868,1708318,1854304,1674841,1729999,1816414,1672277,1487405,
210,1836290,1845248,1734381,1892677,1688657,630146,620537,1618671,1874780,1617492,1846275,1602773,1936247,1732703,1433640,1644569,1759583,1566890,1523450,1778441,1683169,1883137,1819752,1549242,1762256,1797053,1773768,1723318,1838369,1591723,1714058,1540332,1851571,1693772,1860037,1628920,1865998,1719825,1549526,1302161,1755065,1695101,1755397,1953216,1787043,1647365,1752562,1670937,2163028,1597097,1723293,1882130,1778493,1693509,2049928,1495410,1634719,1700072,1844955,1666131,1725093,1807975,1658558,1484510,
211,1829503,1835200,1727293,1888720,1682364,619427,609506,1612813,1867236,1609495,1835946,1603401,1925047,1725088,1426980,1635564,1751291,1560791,1513958,1770463,1676818,1876982,1812591,1540922,1756267,1790762,1765283,1714808,1828258,1583522,1708989,1532651,1846329,1685042,1851680,1624124,1861719,1711831,1543070,1299460,1745821,1691275,1745204,1945173,1767255,1639624,1747318,1670667,2144899,1590985,1718196,1875993,1771148,1687428,2041767,1490626,1628586,1693527,1836821,1659763,1717259,1799528,1655098,1480257,
212,1821450,1826698,1715813,1877433,1679254,609822,599496,1610269,1857422,1602380,1824977,1595506,1917871,1718866,1423846,1629110,1745771,1553427,1506918,1763067,1674394,1870377,1804169,1535547,1748038,1780360,1757995,1706587,1822502,1578049,1703667,1526851,1837820,1675201,1842407,1613681,1851288,1706832,1538384,1296366,1733808,1682767,1737552,1936173,1765154,1635252,1739796,1665042,2136191,1581275,1710276,1869245,1762459,1680591,2031506,1489145,1620882,1684130,1828059,1651780,1712931,1795281,1647137,1476751,
213,1814875,1818949,1709997,1872441,1671944,596752,585849,1610441,1846059,1592555,1818084,1589404,1911275,1711236,1417542,1623593,1735565,1548223,1500124,1754647,1664684,1862469,1800313,1532402,1740979,1775825,1754480,1701763,1815079,1570811,1695513,1522872,1830075,1668012,1834001,1606617,1844894,1702163,1530031,1297356,1732648,1678026,1731344,1930154,1761226,1629267,1733352,1659210,2129930,1583268,1703218,1862357,1755683,1675026,2024450,1483114,1613469,1677835,1818672,1646476,1706350,1786973,1642389,1475185,
214,1807351,1809830,1698474,1861568,1663740,583045,570500,1602537,1839897,1584159,1809648,1583157,1902491,1704321,1412365,1616781,1731755,1540539,1495904,1745810,1659886,1853778,1792722,1526225,1731729,1769446,1745563,1697251,1806337,1565192,1688955,1514827,1818001,1660329,1825976,1599859,1836601,1692801,1522786,1293897,1721448,1666491,1721410,1917880,1750298,1622919,1724635,1655426,2120011,1572179,1692774,1850166,1749092,1667190,2018612,1483016,1609688,1668702,1811262,1638218,1699653,1778806,1634674,1469266,
215,1798102,1801339,1693336,1853986,1659361,573110,559666,1603079,1832798,1582675,1803248,1572206,1892951,1697510,1403563,1614664,1723498,1537204,1489670,1738740,1651504,1850056,1782158,1518111,1724944,1762218,1736143,1687488,1799505,1557832,1677890,1506575,1812508,1653835,1818246,1594089,1827554,1684467,1513903,1288766,1713174,1665808,1716536,1913908,1743131,1603033,1720737,1654398,2109554,1564120,1687931,1844968,1740922,1662556,2011403,1476937,1602210,1665765,1805681,1633182,1695281,1770671,1627447,1465598,
216,1791458,1795184,1686555,1843519,1642978,560833,546339,1596645,1823581,1574966,1799522,1570404,1870541,1688386,1391759,1605042,1713611,1528060,1483403,1732965,1646080,1840362,1774000,1513403,1718717,1754189,1731542,1683380,1775060,1539927,1656926,1476100,1805786,1647898,1811360,1589462,1817448,1664620,1495558,1287817,1706793,1657280,1705775,1903940,1727550,1538639,1711611,1650030,2094213,1556515,1681420,1836279,1734610,1653361,2000445,1474775,1594530,1659682,1799130,1627594,1681107,1764150,1620550,1462307,
217,1787426,1787138,1682513,1837132,1595511,545934,529912,1597692,1817804,1566536,1789280,1562850,1807876,1672098,1349609,1585712,1711813,1522595,1479603,1729300,1637305,1819029,1756512,1489418,1710405,1752409,1722428,1674459,1689690,1480614,1581123,1387509,1796847,1641523,1806828,1580854,1805486,1599499,1434822,1286220,1700936,1648930,1705123,1896600,1706105,1350236,1702557,1647796,2081223,1549353,1674988,1826857,1724533,1641125,1987467,1471613,1589563,1650813,1791672,1620386,1663219,1759087,1599139,1460428,
218,1776143,1778803,1673671,1829191,1424059,523957,502835,1590129,1809612,1564628,1782296,1556090,1572885,1597183,1203545,1516591,1703610,1518624,1473798,1721511,1616115,1755952,1679757,1398203,1707898,1744840,1716513,1668177,1427441,1284436,1350676,1138703,1787768,1631871,1793855,1575953,1726592,1392015,1237094,1283194,1692372,1646209,1697032,1888375,1597847,976854,1677093,1644020,2065532,1543529,1667873,1821083,1687812,1593508,1928249,1466507,1580656,1642677,1783604,1612367,1579004,1733171,1525522,1454926,
219,1773426,1769814,1668130,1817229,1096343,498501,462664,1583557,1802569,1554578,1774179,1550333,1162852,1387553,916418,1319378,1687671,1511091,1464769,1716604,1543254,1578852,1477084,1182518,1699139,1739262,1713280,1664241,1026410,953462,979049,793298,1781350,1627777,1790092,1569824,1501466,1028891,906915,1278135,1685553,1641295,1694498,1879779,1337475,612778,1588285,1635193,2051035,1536958,1663501,1810263,1577405,1446208,1755578,1448711,1576022,1632819,1777244,1607766,1363286,1649236,1329212,1453014,
220,1764433,1757962,1656988,1793947,746953,458049,400159,1564301,1797045,1551615,1765319,1542298,757896,1050003,608064,994281,1640510,1506747,1454388,1707723,1374147,1273691,1149951,875474,1685576,1732222,1702726,1651747,671518,634587,641734,510411,1769462,1616268,1781521,1564594,1144192,675954,594450,1268028,1677081,1630625,1683329,1869615,977919,399089,1382460,1622474,1990112,1524735,1654706,1801582,1339107,1172032,1433631,1388747,1565292,1594409,1769154,1599223,1039696,1459191,1026517,1446431,
221,1757718,1723869,1644046,1719949,461666,386827,307851,1490868,1790354,1538215,1756876,1522156,468092,652709,364403,610272,1497443,1496280,1409986,1698145,1036750,849164,742671,544198,1653101,1720557,1694389,1636148,430551,398428,405347,329377,1742537,1591921,1773477,1555337,725313,419583,367826,1228641,1659005,1614142,1673309,1859306,607887,301679,1001988,1581942,1839676,1496218,1646150,1785040,947196,783014,962192,1203011,1550763,1497770,1756870,1592819,660071,1095249,663035,1418803,
222,1743875,1573342,1577305,1463936,326483,297500,217517,1269496,1771163,1501740,1738923,1457939,353401,402948,256848,368878,1120183,1465709,1249357,1666049,645789,516872,456062,343759,1524077,1687638,1681673,1550198,332505,292551,306303,257150,1636955,1487167,1758633,1526633,463605,311568,273942,1083796,1583770,1528463,1622533,1815567,389432,264809,606515,1422995,1428260,1387583,1616943,1716861,573700,469692,570279,861782,1487004,1213304,1732553,1547125,411606,744898,412714,1306827,
223,1728383,1275569,1398891,1087815,284987,222229,164378,922480,1727357,1390821,1698804,1283864,317117,314396,225334,288549,724036,1376687,969077,1577829,427089,375976,344646,274101,1246888,1586457,1637973,1338775,300574,261049,274290,234408,1404509,1257715,1722357,1448627,372749,279108,246997,817662,1401857,1326357,1485260,1691619,317323,253807,404745,1115451,973412,1154611,1535752,1542347,387486,337824,402906,549886,1320019,853444,1651266,1427813,318956,440291,318270,1067151,
224,1584776,687230,881178,566626,265797,150199,133247,452874,1468544,966256,1454776,802633,299897,273096,209695,249359,371965,983242,503543,1176793,307899,306673,287563,239513,679652,1155672,1373970,810005,286265,244110,256316,224324,842984,734056,1490421,1083858,323023,263133,234433,399949,887413,806441,1000475,1202895,282926,247215,301562,564401,509134,652697,1168704,987957,297986,277399,331742,311239,823424,431977,1286457,1000686,275371,309198,272065,552064,
225,1314192,433550,550531,400875,262185,134873,128093,344230,1099574,616641,1102204,501094,296981,263812,209080,241688,299591,630625,332793,783891,280928,294180,274888,232971,433805,766643,1012924,514022,281890,242303,252919,221113,528506,463812,1137581,723716,311608,259922,231703,292046,564323,506966,699959,785063,276101,245655,278406,396403,399174,413868,795068,626189,278700,266619,319648,268629,506929,318986,888350,651279,268553,285572,262913,366633,
226,841710,319310,354843,331267,259004,128558,125146,296276,650649,365682,660226,326150,294125,260115,205044,238434,272058,369747,258387,446987,266925,288257,268485,229714,322340,454641,584412,352192,279673,239162,250663,219591,354636,320154,680445,416283,305984,257241,229774,247172,365109,338626,384946,467077,272930,242682,266608,328157,354790,294641,469870,401248,269194,261972,314341,240224,325713,277397,511197,398282,264493,272258,258939,283125,
227,532476,289921,298640,309493,256503,124459,121850,269839,444855,286404,442133,275154,291449,257639,203670,236275,266537,288047,237587,332820,260549,285853,265104,227662,290658,352263,389190,305173,277581,237495,247960,217074,308208,278094,448370,308148,301892,255112,227611,224277,308158,289325,311462,362761,271527,241415,260806,295131,343118,261331,352425,338063,265925,259608,310977,222407,272754,265986,371371,320549,261679,268240,256950,250643,
228,367049,278028,270518,300172,254301,121661,119174,251678,352657,252778,339870,256266,288504,256007,202261,234485,263342,253287,228452,287117,257571,282864,264207,226408,277157,307521,306849,278132,276771,235037,245857,216034,288727,259793,341070,264278,300312,252812,226123,207960,283388,263289,281162,317513,267475,238388,258096,271032,336327,245552,299637,309515,263044,257338,308299,212263,248057,261023,313235,282686,259352,266415,254727,228855,
229,316156,274425,260831,298656,252332,119147,116656,238135,316893,241237,303998,249388,286680,253272,200893,232933,260135,241348,224785,273386,256062,281012,261849,224336,272473,286692,280579,267248,273176,233559,244613,214644,282876,253194,307075,251159,297688,251273,223930,196361,274067,252254,271590,297935,266427,237777,255832,255049,333432,241966,278717,301512,261468,255754,306764,206595,237331,259760,295023,268807,257621,264103,252541,213902,
230,288691,272757,256699,294887,250917,116900,114488,231568,292122,234518,282412,245753,284451,251447,198422,230338,257522,235372,221548,267214,254358,278508,259679,221916,267944,273538,268692,259091,271688,232058,242984,211992,279446,249017,287731,244494,295173,249096,221981,189757,269880,247556,266877,288624,264054,235110,254218,243887,330327,238824,264481,296676,258969,252473,303925,204944,233078,256188,285251,261928,254606,261855,251838,203253,
231,279215,269109,253930,291127,248452,112813,110431,229107,282717,233986,274799,243710,281854,249381,196835,228575,255312,233235,219792,263500,251357,275972,256428,221228,265836,269576,264415,258002,268740,229403,240252,210688,276570,247132,281066,241886,292054,247686,221313,186892,266512,245570,263399,283743,262836,232934,252092,241032,327010,236977,259619,294084,257047,251263,303242,202884,230774,253647,282348,257529,252953,258583,248837,201170,
232,274265,267904,251774,289793,246433,110747,108295,227525,277260,232539,270283,240741,279568,247495,195670,226532,253928,230983,218422,261632,249340,274557,255488,219640,263224,267033,263025,255547,267475,227951,238499,208161,274370,245490,277311,239498,290604,244606,219076,186111,263044,243289,261410,282323,259883,232099,249332,238274,324497,235051,256552,291410,255076,249537,300208,201823,227911,251748,280714,255795,251543,256398,246464,199787,
233,272200,264924,250369,286484,244654,108314,105693,225432,274838,230631,266897,239254,278183,246322,194369,225273,252070,227858,216292,258307,247766,271969,252158,216795,261339,264541,260411,253319,265602,226103,236477,206941,272800,242842,274217,237854,287552,242996,217414,184702,262373,240975,259456,278751,258283,229942,247093,236160,322496,232717,255039,288225,252040,246587,297397,200445,225999,250995,276408,252913,249502,254899,244243,196894,
234,269038,263066,247474,284580,241765,105097,102229,223637,272193,226463,264822,237026,276151,243368,192398,222606,250347,226255,214067,256090,244986,270000,250673,215232,259009,262618,257947,250273,263012,224364,234516,205990,270230,239624,272468,234777,284840,241348,215361,183876,259255,238307,256493,275763,257475,228164,245440,233794,318482,230446,251773,285852,250829,245515,295293,198918,224288,248045,274540,250974,247151,252590,243516,195496,
235,267878,260338,244933,282428,240344,101742,98820,222558,270279,226673,262945,235299,273945,242870,190685,221447,248150,225113,211988,254192,242765,269287,250249,213957,257902,260635,255231,247844,260801,222244,232190,204517,268901,239455,270347,234455,283123,238769,213263,182198,258754,238340,255340,274073,256344,226534,243599,232839,315982,228616,250296,283283,249224,243525,292466,197422,222692,246267,272263,248607,246636,250551,240928,193321,
236,265173,259129,242149,279364,238873,98802,95607,220538,266507,223958,260730,233002,272372,239988,189412,220208,245308,222781,211650,252440,240968,266533,247259,212391,255245,256996,254142,246262,259351,221237,231002,202610,267241,237375,268093,231608,280251,238248,211877,181901,256402,234670,253091,271671,252340,224680,240701,230673,312833,226908,248491,280813,247417,242032,291602,197111,219045,244280,269566,247107,244980,249812,239800,192457,
237,261076,257120,241352,277932,237658,95006,91513,220117,264655,222111,258376,231734,269984,238007,186914,218557,244871,220838,208753,250942,237977,263303,245620,210662,252948,256476,250716,244459,257659,218651,230005,201767,264741,235091,265352,230838,279749,235463,210551,179819,254354,233124,250044,270814,251339,222628,238558,229462,310233,223928,245815,279260,246172,240203,288063,195693,217636,242689,267699,245678,242146,247294,238405,191979,
238,259399,254888,239045,274402,235071,90855,86620,218095,261900,219169,255624,230442,267690,236052,186206,216995,242681,219215,207968,248521,237206,262623,242788,209555,251678,254084,249560,241947,255287,216803,227312,199123,260918,232829,262889,227397,278163,233786,209017,178929,251367,232379,249847,268122,249563,220233,236208,228001,308873,222997,242840,276413,242166,238431,287156,194466,215553,240806,264297,243452,240210,244338,236341,190120,
239,257531,254175,237481,273703,234151,85238,79204,216156,260785,218958,253975,226905,265081,234254,185697,215004,240056,217087,205343,245266,235501,259803,240460,208011,250029,251402,247956,240748,252993,216407,224969,197648,261141,231451,261863,227177,275311,232106,207275,177922,249593,230125,247311,265421,247549,217230,234964,226094,307050,221653,241403,274699,241138,237007,284486,192462,213898,238226,264046,241614,238816,243625,234214,189679,
240,255679,249860,234276,271705,231584,76018,67056,215656,258654,216169,251595,226447,262206,232512,182581,212745,238577,215792,203071,243886,233057,257454,237882,205617,246581,249029,245909,238259,251118,213366,223318,196130,258204,229102,259278,225247,272478,230516,205269,176729,247898,228111,245307,262972,245119,217107,232408,224251,303785,219280,239086,272579,239892,234420,280897,191240,212485,236352,260191,239876,236427,241742,232037,188100,
241,254943,248495,233446,269034,229938,65166,54861,214186,256351,214932,250431,225015,260572,231739,182149,210971,236059,213636,203229,242873,231572,255747,236549,203820,245440,247489,244022,236951,249797,211883,221257,195147,256280,227983,256765,222842,270341,228648,204269,175275,245160,226893,243912,260578,243665,216033,231462,223153,301597,217994,237464,270190,237715,233239,278933,190602,211091,234629,258852,237640,235143,240844,230790,186222,
242,250683,246429,232252,266690,227985,53391,42642,212753,254301,213352,247791,222693,259028,228302,180141,208395,235078,211580,200669,240050,228980,253134,234812,201790,243156,246198,241455,234476,246214,210077,218568,192695,255058,226111,254776,220999,268345,225727,201817,173587,243563,224729,242160,258225,241395,212482,229784,221864,298974,215537,235866,268114,235530,231215,277363,189266,208870,232570,256099,235083,232604,237883,227922,184624,
243,249536,244647,229273,264432,225083,43846,34420,211241,251757,212234,246171,219731,256331,226488,178420,207992,232309,209981,199154,238893,227634,251004,232368,200647,241006,244754,239577,232593,244457,207611,217137,190002,251941,223533,253747,218909,265246,224893,200366,173435,241609,223680,239901,255665,239232,210628,228220,220419,296326,214213,234722,265488,233410,228464,274403,187435,206901,230733,255325,234065,229258,235588,226789,183980,
244,248255,241393,227402,262310,224389,36899,30424,209640,249829,209113,243817,219095,254387,225735,176973,206351,230604,208309,197098,236228,225315,249358,229700,198476,237933,241843,239494,231334,241540,206695,214709,188402,249398,221981,251026,217553,264584,222036,197595,172017,239628,221589,238844,255025,237508,209912,225752,218834,293718,213613,232351,263606,232162,227637,272944,187116,205091,228436,252907,231902,228981,233809,223498,182110,
245,246512,240382,225342,260215,222632,31632,28286,207679,248475,208848,240739,218556,251254,223153,174445,204269,229247,206554,196546,235205,223098,247547,229136,197491,237236,240332,236638,228385,240426,204208,212642,186544,248093,220547,248701,216104,260029,219636,195687,171527,238661,219738,235706,251434,235023,206706,223482,217830,291079,210486,230424,261270,229366,225351,270126,185659,203329,226884,250719,230158,226777,231724,222164,181657,
246,243966,237974,223295,258312,219401,28967,27438,206735,244994,206400,239143,215053,248443,220084,172144,200715,225899,205508,194527,231403,220134,244442,225888,194190,235562,238075,234331,226900,236498,201125,209220,184284,244982,218697,247244,213830,257757,217631,192651,170464,235320,216733,233778,250754,231806,203601,221354,217188,287251,208496,227865,258708,228292,223060,266935,183050,201393,225209,248320,227594,224163,228850,220511,180234,
247,241097,235551,221597,255796,216407,26985,26155,205646,243867,204857,238066,214907,244890,217404,170164,200123,224277,202848,192501,230870,218565,240764,224418,192554,233456,236226,231322,225105,233556,198921,206811,181412,243585,217085,245305,212831,253244,214194,190150,169068,233575,215651,232809,248089,229887,201077,219042,214563,285064,206448,226532,256159,224214,220865,263590,182197,199866,223189,247606,225751,220850,227250,217371,179288,
248,240692,233514,219235,253137,214645,26403,25708,203366,242295,202807,236008,212447,241391,214730,168152,195440,222015,201498,190001,229449,214968,238131,220013,190292,231199,234758,230915,222803,230165,196174,203128,179498,241522,214455,244021,210759,249613,211041,188112,167854,231834,213933,230176,245365,226839,198347,216439,213673,281722,204807,223907,254598,222462,217899,261609,180271,198373,221104,244639,223401,219045,225002,214206,177768,
249,237628,231945,217041,251329,210532,25445,24829,202093,240468,200844,233067,210030,239274,212735,164915,193976,219492,199878,188080,226811,214161,236216,217661,187500,229427,232205,230045,221227,227045,193280,201101,176544,239118,213403,241314,208850,249560,208763,184987,166316,229992,212316,227838,243467,223363,194793,212708,210795,277895,202266,223033,252285,219188,215334,256926,179327,195511,218277,242432,222326,216479,221703,213469,176602,
250,236304,228413,216233,246766,208515,24209,23578,200329,237834,198557,231505,207900,235177,209601,162713,191079,216110,197765,185685,224339,210558,232429,215020,185288,225329,229494,227513,218113,223299,191446,197970,174383,236229,210335,239234,207608,248766,204629,182674,164949,226897,208981,225990,240989,221001,191821,210585,209294,274194,200971,219931,248608,217441,211848,253486,177287,194245,215023,238486,220133,212691,219483,209534,174755,
251,234678,226258,212848,244288,204203,24131,23481,198744,235766,196373,228564,204862,231487,206012,160336,189162,213587,195413,183753,222053,207673,229345,211817,182549,224120,227788,224730,215441,220831,188501,195887,171468,234199,208114,236377,204053,242332,202064,180148,163193,224680,207794,223954,238815,216473,188604,207412,208029,270790,198274,217622,246226,214067,209592,249999,175972,190183,213506,237719,217509,210216,217469,206774,173582,
252,231895,222831,209495,240547,202166,23109,22496,196317,231907,194133,227021,203946,229317,204494,157146,186934,209628,194243,180660,218420,206136,226360,209091,180166,220397,225286,220837,213599,217366,184835,192531,168861,231163,205163,233946,201808,237465,199058,176399,161897,221644,205438,220774,234523,214058,185619,205224,205929,267769,194689,215424,243176,211621,206937,247684,174436,189218,209007,234982,215565,208497,213676,204037,171458,
253,228384,219992,207914,237385,198703,22422,21724,195604,230236,191868,223254,199122,225227,201005,155079,183734,206802,191924,178853,215966,202456,222418,206684,176955,217913,222343,219370,209497,213888,181142,189519,165006,227578,202598,230910,199317,233429,196737,173750,160748,218496,202784,217432,232036,211013,180000,202649,203755,264733,193403,211662,239147,208003,203687,243437,172263,186101,207162,231062,212626,204909,210979,201045,170269,
254,226273,216275,203479,233818,195499,21765,21100,193209,227514,188740,219776,198688,220497,197526,151546,180732,202545,187547,175514,213313,200092,219977,202608,173869,213882,219237,216829,206391,209049,176729,184153,160356,224541,199205,227116,197894,229501,191013,168278,158623,215296,199716,214673,228510,206276,170319,199655,201700,259108,188967,210488,236419,204697,201373,238948,171534,182788,203586,228125,209602,201465,207648,198540,168389,
255,223866,213465,201287,230952,190697,21293,20579,190890,224649,187584,218147,194158,214736,194248,144703,176893,200617,185876,173838,210488,197154,215314,199274,170549,210035,216894,213679,204741,199906,168641,174879,151060,221058,195858,225765,195513,224772,182636,159560,156609,212070,197428,212255,224798,202546,151785,195471,199222,256222,186944,206896,233263,201426,196783,234491,168642,180444,200770,225084,206944,197414,203945,194585,166887,
256,220931,210632,199768,228124,170782,19546,18744,187230,222499,185209,216685,193136,181732,184766,115758,166300,197044,183304,171102,207794,191580,205194,189978,158819,209859,215446,211914,202643,163566,137473,137366,115871,219341,195577,223206,192285,216757,144787,122042,154071,210510,195503,210133,223378,187187,98932,190000,195339,250949,185360,204440,231086,194998,188901,222185,165737,177780,197495,222678,205505,186861,199165,186023,162900,
257,218522,208205,196616,224095,145164,18706,17817,184881,220337,181410,213081,189561,145878,172485,88107,151110,191722,181896,168036,205138,185948,192923,175907,141876,205530,212991,209453,199283,126217,107373,103680,86645,215673,192906,219877,189548,199765,109525,91247,152330,207785,192332,206767,219451,164917,72565,183487,193534,246022,182267,202711,227006,188733,180204,203693,162674,175425,193788,220244,201929,171787,192874,173591,160924,
258,215254,203040,192853,218471,108662,17734,16625,182475,215827,178057,209060,186685,103192,147006,61417,119724,179748,178844,164041,201370,174742,167909,149294,112887,201903,208511,206999,196182,90587,76941,74021,62176,211378,188572,217075,186840,166094,77218,65468,150995,204487,189340,204168,215894,129886,56823,171727,191200,235766,178685,199593,223213,173630,158275,169532,160167,172135,187589,216382,198090,144053,179534,148661,160020,
259,212660,197699,189553,213155,79392,16042,14689,180102,214095,176021,206569,183803,77434,114135,47115,86999,157337,176352,159546,198478,154656,133363,114685,82909,197232,206314,203371,192727,69897,59430,58838,49214,206063,185983,214254,184316,124850,60458,52372,148221,200883,186189,200006,212196,95828,50232,148800,189251,217609,174100,196727,218959,148596,125838,128805,156628,168631,174670,212353,195334,110328,157522,116499,157402,
260,209417,187885,184309,198143,63690,14413,12891,177322,210908,171697,203646,178070,65890,85437,41348,65907,117867,172288,147422,194608,126665,102671,86878,63567,189106,201454,200222,187732,60448,52083,52380,44224,195703,179260,210335,181161,95318,53923,47223,146219,194547,181552,195513,208163,73840,47609,120141,185165,181564,165272,192514,211896,119397,96136,97029,153206,160492,148818,207571,191725,83980,128688,88505,155191,
261,205159,169184,176402,174589,55284,12191,10618,174228,207160,164808,199670,168644,59997,65657,38940,52758,84703,166910,128144,189106,94521,77352,66758,51446,172186,198805,195050,181863,56778,47869,48833,41399,180521,170630,207051,175155,77071,50726,45033,143315,185327,175411,189900,203824,61344,47089,89163,182969,138549,149041,189805,200281,88928,71238,75068,143164,147289,115379,202133,186299,65784,95880,68266,151848,
262,200810,131242,157557,134110,51776,10794,9096,166366,203320,148539,195218,147024,57668,55646,38027,46565,61952,155985,96521,178542,70287,63739,56799,46445,137932,192122,190347,165963,54611,46094,47397,40674,146824,147963,202061,166197,67930,49370,43381,136776,163211,159834,173482,192005,55923,45819,67652,176740,97280,117770,182708,171892,67604,58451,65300,123097,116650,80794,187724,175948,56930,71619,56931,146348,
263,195281,97823,128691,99750,50284,9261,7444,152786,197450,122273,187685,116967,56198,52010,37249,45045,54076,137134,71699,157658,58814,57826,52061,44074,104141,179924,181828,141484,53520,45135,46235,39934,112662,119259,194429,147835,63868,48000,42826,121370,134452,136250,147050,170974,53362,45366,57019,163946,79263,87660,171814,136074,57784,53118,62007,97965,87157,62751,163776,155820,52836,59438,52989,134076,
264,182840,71085,95143,77106,48969,7913,6668,128267,188699,91913,176275,86342,55855,49341,36722,43563,50850,106807,54866,125396,52421,56427,49979,42933,75737,154895,165649,108926,53002,44625,45747,39541,82806,88133,180678,119363,62020,47986,42357,98302,102103,104856,112090,138161,52173,44763,52638,141739,70021,64782,149567,100019,52921,50869,59753,73389,64197,54602,128316,125005,51319,54108,50542,114032,
265,163334,59934,72080,66197,49011,7065,6361,100716,171525,67932,153231,65880,55312,48944,36743,42834,50024,79114,47404,93159,49531,55001,49094,42208,62455,124826,139079,83106,52136,43845,45238,39125,66420,67094,156905,89114,61235,47117,42060,75406,78031,78095,82941,104998,51749,44032,49603,113145,66887,54076,119036,77746,50635,49808,59048,56832,51962,51401,95649,94629,50438,50898,49675,89006,
266,124560,54194,56751,60927,47978,6544,6128,75487,135781,53309,116644,53877,54604,47791,35821,42421,49196,58331,43875,67652,48362,54090,47958,41256,55441,90175,101339,64154,51891,43301,44722,38284,57668,54939,117669,64945,60231,46898,41737,56771,62057,59934,63606,76447,50759,44144,48590,85455,65262,48316,85772,65275,49741,49096,57729,47992,45659,49910,70865,69323,49648,50340,49070,65640,
267,93761,52380,51448,58811,47411,6108,5905,61446,103920,47398,88104,50407,53790,47339,35916,41800,48220,50221,42284,57553,47120,53624,47429,41293,52826,71255,76381,56199,50755,42940,44587,38078,55340,49960,88924,53801,59122,45931,41541,47976,55688,52869,56013,63803,50248,43643,47827,68285,64023,46107,68243,60767,49062,48598,57272,43616,43427,49251,61744,59744,49033,49555,48850,52543,
268,70483,51644,48836,57362,46620,5833,5656,54495,77886,45345,66982,48182,53570,46842,35359,41099,47728,46098,40970,52033,46749,52858,46887,40805,51820,60454,60623,52206,50732,42507,43527,37933,53635,47922,67955,49103,58410,45390,40547,43033,53058,48946,52377,57576,49731,43124,46905,59186,63095,45823,57682,58844,48719,47773,56900,40526,42194,48834,56741,54490,48421,48826,48395,45652,
269,60227,50709,47646,57488,46569,5738,5559,49637,65950,43755,58596,47059,52638,46198,34857,41201,46980,44641,40811,51098,45800,52309,46598,40358,50556,55706,55353,50261,50293,42545,43133,37624,53196,46806,59823,46845,57326,45745,40541,39550,52208,47018,51394,55018,49122,42632,46537,53374,62579,44741,53748,57783,47775,47428,56179,38676,41650,48234,54678,52068,47690,48090,47431,41392,
270,54766,49686,47142,55689,45890,5352,5175,45535,58250,43278,53088,46724,51827,46320,34294,40553,46510,44240,40145,49450,45779,50876,45615,39789,50168,52826,51665,48283,50029,41449,42636,37040,52554,46229,55052,45870,56845,44580,39836,37106,50941,46085,50398,53204,48680,42104,46108,48908,62206,44293,50393,56525,46772,46833,55904,37418,41164,47428,54333,50886,47303,47490,46648,38341,
271,52911,49549,46155,55810,45353,5301,5150,44020,54967,42309,51485,46311,51664,45838,33856,39922,46258,43618,39296,48785,45123,50955,45336,39121,49465,51644,50180,47895,49192,41180,42636,36294,51528,45218,53433,45021,56330,44699,39406,36153,50199,45543,49832,52682,48159,41321,44961,46481,61043,43876,49265,56090,46381,46372,54529,36901,40462,47064,53527,50042,47116,47106,46440,36865,
272,51931,49343,46018,54743,44549,5048,4878,43036,53305,42228,50347,45171,50811,44840,33543,39810,45532,42886,39019,48877,44415,50126,44692,38981,48713,50512,49607,47210,48576,40731,41358,35759,50861,44710,52353,44388,55620,43841,38808,35287,49845,44630,49394,51144,48077,41082,44701,45090,59878,43102,48492,55209,45534,45991,54605,36083,39695,46365,52172,49331,46381,46557,46030,35969,
273,50840,48824,45650,53971,44691,4936,4765,42246,51892,41527,49401,44689,50705,44397,33276,38835,45193,42201,38799,47959,44009,49409,44194,38393,48323,50207,49192,46876,48027,40290,40905,35849,50149,44237,51834,44239,54750,43391,38642,34807,49121,44255,48754,50944,47449,40566,43889,44114,59223,42519,47876,54439,45699,45953,53807,36257,39710,46114,51905,48644,45995,45700,45531,35339,
274,49961,47577,44571,53220,44024,4643,4456,41604,51337,41322,48558,44540,49880,44077,32972,38907,44697,41910,38505,47234,44195,49571,44271,38001,47475,49171,48530,46051,47514,40032,41079,35144,50009,43922,50739,43766,53915,42408,37957,34332,48847,44016,48377,49837,46786,40062,44063,43469,58864,42086,46801,54123,45250,45445,53429,35383,38927,45529,51236,48362,45081,45745,45254,34924,
275,49416,47223,43957,53103,43278,4502,4321,41090,50553,40597,48050,44029,49302,43493,32471,38080,43993,41205,37819,46617,43506,48664,43146,37538,47715,48788,48247,45872,46535,39272,40591,34332,49079,43403,50273,43144,53093,42048,37530,34327,47976,43712,47614,49690,46097,39474,43038,43317,58629,41606,46507,53394,44965,44413,52572,35122,38486,45463,51069,47552,44676,45044,44385,34620,
276,49237,47039,43295,52078,42808,4361,4169,40628,50141,39931,47538,43452,48694,42852,31823,37866,43616,40655,37397,46004,42685,48416,43193,37489,47051,48080,47727,44678,46222,38803,39874,34019,48815,43171,49597,42621,53208,41822,37189,33906,47594,42562,47052,49037,45800,39292,42843,42771,57384,40910,45834,53049,44346,44187,52186,35451,37962,44344,50102,46945,44239,44444,43641,33801,
277,48514,46161,43267,51949,42416,4070,3857,40409,49655,39976,46573,43063,48379,42381,31704,37563,43451,40105,36970,45570,42479,47633,42476,36648,46441,48027,47289,44689,45614,38570,39028,33771,48235,42411,49232,42028,52066,40832,36772,33348,47080,42401,46731,48525,45161,38729,42266,42303,56860,40284,45793,52291,43139,43425,51678,34657,37829,43551,49746,46940,44107,43822,43360,33834,
278,47755,45737,42419,51056,42303,3843,3553,39960,48731,39345,46233,42088,47411,41552,31162,36735,42506,40102,36323,44983,41815,47017,41926,36646,45515,46989,46155,44154,45079,37671,38675,33326,47693,41629,48309,41686,51572,40695,35890,33375,46160,41766,46541,47373,44841,38208,41932,41841,56666,40125,45141,51417,43301,42856,50819,34680,37010,43158,49264,45880,43400,43549,42959,33399,
279,47338,45613,41963,50348,41479,3438,3100,39358,47898,38934,45552,41946,47016,41330,30799,36363,42084,39358,36015,44310,40554,46028,41307,35903,45586,46860,45907,43732,44392,37499,37923,32914,47152,41620,48223,41158,50871,40008,35693,33031,46173,41604,45406,47458,43974,37712,41448,41327,55338,39965,44636,50940,42875,42347,50338,33889,36646,43164,48752,45431,43033,42988,42816,33161,
280,46842,44606,41869,50141,40780,2906,2640,39525,47700,38655,45246,41655,46506,40946,30265,35981,41368,38900,35769,44176,40677,46095,40865,35365,44780,45846,45810,43124,43816,36665,38181,32369,46533,41297,47653,41166,50205,39554,35503,32421,45008,41404,45277,46665,43069,36718,40806,41052,54884,39150,44376,50807,42266,41674,49371,33695,35971,42530,47890,45142,42025,42324,42532,33064,
281,46301,44325,41072,49231,40724,2672,2362,38537,47133,38243,45025,40820,45148,40297,29812,35700,41158,38778,35536,43361,40311,45898,40402,35089,44513,45628,45361,42494,43345,36539,37003,32255,45911,41052,46905,40443,49620,39039,34673,32000,45040,40816,44784,46099,43139,36620,40075,40178,54234,38954,43370,49690,41747,41675,49041,33218,35833,41897,47741,44636,41923,42190,41543,32487,
282,45879,43547,40996,48540,39664,2344,2048,38124,46229,37377,44397,40646,45366,39845,29340,34866,40683,38436,34815,42951,39614,44328,39788,34544,43449,45285,44393,41879,42480,35894,36674,31614,45657,40460,46661,40026,49153,38568,34075,32062,44261,39947,44236,46170,42496,35722,39899,40436,54259,38373,43690,48955,41077,41037,48525,32889,35701,41660,47104,44011,41052,41601,40908,32280,
283,45329,43030,40444,48353,39716,2160,1798,38097,46334,37004,43398,40510,43945,39325,28933,34351,40266,37359,34478,42533,39287,44014,39084,34293,43382,44617,43745,41289,41810,35406,35893,31101,45244,39841,46378,39598,48197,37540,33669,31340,43982,39711,43575,45059,41530,34863,39389,39771,52765,37516,42341,48821,40490,40520,47863,32368,34680,40809,46223,43692,40871,40741,40856,31869,
284,44876,42487,39611,47693,38604,1939,1637,38027,45730,36646,43195,39504,43773,38965,28377,33940,39538,37365,33784,42180,38421,43581,38905,33416,42589,44096,43552,41161,41263,34131,35181,30648,44227,39097,45439,39085,47620,37144,33070,31268,43523,39320,42779,44898,41309,34819,38325,39688,52401,37135,42500,47814,40364,39809,46600,32007,34585,40073,45769,43068,40025,39949,39767,31297,
285,44247,42083,39039,47015,37854,1731,1554,37522,45338,36268,42619,39380,43357,38381,28018,33434,38546,36809,33900,41592,38390,43044,38333,33195,42190,43803,42901,40167,40444,33999,34590,29852,44019,38494,44749,38737,46580,36828,32526,30789,43063,38794,42364,44360,40266,33712,38163,39274,51487,36776,41586,47890,39465,39236,46288,32019,33493,39849,45467,42680,39833,39921,39322,31016,
286,43482,41506,38724,45788,38070,1478,1371,36784,44198,35416,41812,38786,42433,37312,27262,33303,38167,36495,32972,41243,37037,42031,37300,32423,41609,43541,42046,39899,39923,34133,34169,29427,43346,38166,44243,37786,45582,35803,31917,30196,42227,38482,42370,43503,39889,33201,37413,38903,50985,36287,41268,46718,38545,38819,45290,31593,33225,39196,44571,42086,38977,39306,38815,31001,
287,42889,41078,38404,45900,36677,1478,1414,36367,43740,34744,41658,38245,41506,36978,26852,32258,37687,35848,32297,40542,37088,41334,37105,32076,40709,42487,41710,39718,39259,32750,33450,28885,43022,37562,43972,37477,44782,35267,30997,30422,41500,37665,41393,42942,39219,32795,37421,38064,49757,35552,40584,46143,38406,38248,44650,31121,32896,38552,43520,41627,38130,38244,37756,30622,
288,42855,39998,37617,44538,35694,1371,1328,35864,43411,34472,40946,37737,40027,35997,25679,31490,36074,35266,31798,39502,36246,40435,35418,31058,39837,41785,41150,38836,38029,31457,32139,28057,41434,36968,42988,36933,43903,34063,29822,29853,40836,37417,40994,42257,37374,31195,35829,37474,49037,35053,39767,45139,37285,37203,42772,30576,32076,37604,43238,40733,37272,37272,36861,30096,
289,42271,39326,36935,43708,34938,1322,1272,35715,42688,33994,40515,36889,39431,35236,25125,30617,35940,34807,31258,39248,35143,39650,35227,30207,39562,41330,40461,37960,36973,30844,31099,26949,40913,36376,42381,36483,42846,33116,29162,29442,40231,36579,40105,41274,36995,30454,35369,36909,47851,34265,39333,44578,36887,36323,42584,30524,31499,36913,42424,39654,36786,36852,36306,29490,
290,41310,38649,36408,43400,34277,1266,1223,35038,42422,33226,40080,36294,38157,34569,24644,30116,34706,34179,30703,38950,34649,38535,34288,29517,38530,40831,39481,37669,35889,30047,30237,25989,40219,35600,41851,35827,41347,31984,27811,29209,39262,36295,39237,40764,36295,28421,34715,36644,46946,33652,38965,43914,36053,35459,41244,29650,31282,35952,42246,39632,36038,36242,34835,29387,
291,41011,37736,35708,42266,33330,1188,1154,34613,41322,32501,39002,35403,36810,33962,23140,29150,33934,33803,29710,37954,33742,37455,33526,28871,37806,39879,39316,36637,34728,28804,28891,24777,39885,35131,41203,35101,40902,30541,26068,28613,38743,35287,38801,39686,35259,25175,34203,36159,45987,33166,38346,43035,35142,34683,40410,29172,30470,35512,41137,38726,35033,35740,34894,29086,
292,40018,37581,35020,41593,31771,1140,1103,33960,40966,31852,38373,34450,35546,32934,21193,28628,33042,33033,29430,37496,33521,36820,32780,28206,36597,39909,39128,36146,32459,26588,26076,22671,38524,34246,40562,34563,39866,28037,23576,28420,37673,34877,37946,39522,34533,21631,33133,35695,44926,32529,37548,41972,34502,34487,39611,28879,29539,34890,40126,37908,34314,34699,34073,28434,
293,39553,36265,34095,40305,30336,1109,1058,33488,40389,31663,37638,34423,32545,32295,17994,27542,32061,32066,28868,36504,32477,35977,32090,27134,36531,38416,38045,35436,28955,23119,22577,19216,38170,33859,40293,34198,38678,24036,19700,27994,37339,34204,36987,38689,33018,17127,32768,35466,43711,31821,37238,41153,33954,33953,37662,28448,29255,33682,39626,37611,33116,34168,33128,28383,
294,38525,35437,33387,39416,27151,1027,976,33108,39797,30507,37224,33094,27076,30758,14051,25374,29415,31721,27755,35627,31723,34092,30248,24849,35697,38064,37546,34764,23581,18492,17523,14759,36864,32913,39374,33094,36136,18556,15188,27319,36448,33622,36326,37992,30484,13478,31654,34866,41997,31135,35757,40101,32660,32089,35241,28398,28194,32830,38674,36866,31230,33118,31871,27571,
295,38208,34504,32744,38140,22455,997,940,32693,39382,29980,36856,32873,21812,28424,10909,22189,25801,31037,26959,35074,30800,31604,27810,21900,34959,37724,36632,34160,18452,14836,13902,11835,36239,32309,38629,32494,33385,14665,12355,26918,35846,32987,35728,37031,26323,11591,30327,34400,39312,30276,35680,39827,31477,29680,31254,27756,27590,30758,37868,35993,28402,31960,29335,27515,
296,37533,33921,32039,37040,17934,919,856,32456,38700,29513,35811,31912,17178,24984,9181,17722,20857,30530,26163,34164,28964,28095,23930,17692,34057,37218,36296,33378,15263,12042,11844,9813,34898,31727,37865,31999,28008,12237,10732,26993,35195,32354,35277,36174,21546,10603,28464,33739,34319,29225,34927,38442,29425,26448,25700,27027,26324,27519,37089,35169,24359,30220,25702,26807,
297,36741,31838,31497,35061,14385,846,798,31963,37245,28657,35204,31248,14307,20354,8337,13836,16478,29759,24323,33336,25924,23453,19340,14248,32326,36049,35327,32726,13071,10699,10648,8972,33298,31012,37467,31416,22855,11169,9699,26151,33783,31550,34408,35269,16977,9996,25563,33485,28951,27321,34373,37292,26285,21850,20286,26985,24799,23518,36365,34533,19722,26858,21481,26385,
298,36185,28004,29971,30814,12171,799,734,30974,37209,27467,34536,29429,12883,15898,7806,11024,12774,28459,20731,32171,21933,18220,14871,11338,29236,35333,34731,31539,12149,9939,10104,8625,29878,29120,35961,30316,18261,10632,9353,25891,31917,30346,33038,34352,13937,9930,20662,32625,22363,24633,33426,34346,21260,17104,16045,26068,21941,18239,34562,33662,15392,22694,16551,25974,
299,35034,23717,27561,26052,11346,761,700,30790,36002,25179,33790,26884,12353,13215,7741,10026,11386,27588,17004,31265,17404,15002,12823,9935,25605,34525,34105,30477,11663,9639,9827,8412,25783,27252,35381,28840,15913,10462,9282,24911,29595,28974,31410,33479,12401,9651,16674,32305,18182,20649,32588,30824,17171,13866,14194,25424,18062,14814,32946,32421,13099,17884,13635,25442,
