165,246965,248577,235100,281374,323091,176185,204452,541514,279211,201182,256089,215046,359716,324667,232100,278204,266697,254137,232281,279160,313632,326145,333101,263788,297525,278528,272374,264786,326455,267147,287774,250891,243173,235644,268667,235001,361680,281968,248904,344080,264668,245279,276997,291033,310977,284123,308829,543055,302685,208257,248338,255730,322969,299006,342430,528955,196321,223290,237190,240913,311992,306929,318564,288504,
166,259459,260794,249045,298497,407112,213417,261143,957512,297722,214441,273984,228649,425355,396229,248690,317026,281289,246318,227990,275115,399629,370911,451304,313391,285001,294326,271852,279617,388201,295294,332925,289926,258911,249836,283241,238834,439932,305596,267045,586514,268939,253816,271691,293435,360531,338616,376561,930010,321762,222143,263855,271443,397228,340845,368440,924173,209779,238565,254965,255603,380516,356593,414512,434147,
167,272408,272874,262706,315866,652023,275928,385507,1471957,315332,224714,287840,240100,634824,622839,286257,428160,272797,246630,235866,274126,624870,505515,742331,468840,288716,309971,283595,294856,582917,376775,477876,415676,270006,262365,297134,244395,648428,376209,305339,931350,280916,266999,275502,304204,505951,519405,552810,1347240,340839,234407,277048,285673,603699,469547,418193,1332015,220372,251437,268469,268353,581853,495504,666782,724183,
168,287555,290765,278150,334841,1163163,423358,618968,2046591,355208,239444,306775,254107,1173183,1168017,415818,773487,281034,257155,247869,285082,1061934,862135,1236957,832934,303285,341507,297566,322870,1035167,640596,855700,751089,286801,279303,314701,257967,1108753,612735,453245,1175680,296318,286048,288384,321599,894401,947406,953793,1598684,362296,248413,297701,302201,1067929,818906,592485,1676881,233768,266877,283991,285099,1019471,858082,1123916,1115504,
169,303741,309164,297099,365566,1810046,679552,878438,2083960,438042,251268,334545,268919,1982382,1972967,780632,1393197,297062,271177,265951,299998,1498928,1380211,1635635,1249091,321254,413795,317038,382929,1564029,1093026,1347870,1204209,303263,302622,342872,270832,1595625,1075335,808942,1246627,316502,318397,305257,346630,1407002,1438575,1441336,1628344,387449,263430,331094,319497,1651152,1333828,1021444,1708660,246365,281303,298321,306467,1538637,1367601,1566481,1391764,
170,336429,337872,346458,474760,2349122,943367,1067417,1730537,707174,272352,426607,295157,2758907,2540373,1472703,2185898,322058,297358,305458,324812,1752989,1811551,1812468,1501178,364600,670961,368954,590193,1893948,1541876,1718465,1544972,329083,386882,429583,298180,1834327,1547218,1279847,1260157,364005,435890,337260,414379,1768107,1690324,1751398,1614042,450739,288794,442500,344193,2221722,1900856,1734881,1529745,267420,306785,320318,380296,1969832,1851923,1817399,1492396,
171,413779,417025,474933,756131,2127059,1095723,1226355,1625632,1141972,316994,644380,357848,2517292,2207230,2040511,2183524,372359,359483,420145,376449,1765124,1923404,1824397,1549304,486125,1163366,511274,1014034,1879529,1670328,1762845,1593817,378073,602135,645811,359046,1842313,1699352,1505075,1265424,489754,716950,417660,588771,1800351,1669851,1759517,1620930,627316,344280,695144,392334,2161589,2139380,2412298,1495644,309756,373937,356501,567221,1932192,1999470,1759493,1469933,
172,672883,728869,869930,1354238,1864934,1231730,1524721,1639078,1623526,480824,1146416,599680,2140793,1893751,1907775,1837505,593579,602239,818788,582152,1745393,1895984,1832400,1561166,910783,1998504,964254,1717915,1852354,1621714,1725411,1562253,579788,1115289,1181778,591251,1855754,1717063,1548910,1278470,890915,1297704,713254,1100217,1768039,1664898,1738280,1636957,1154659,560261,1216190,576752,1912161,1924970,2601688,1504203,460802,635899,495653,1025743,1803574,1893811,1720860,1466363,
173,1118585,1243808,1371849,1836570,1825015,1631229,2599128,1715170,1805237,827312,1599743,1010207,2055045,1842896,1606013,1726465,1104808,1092375,1443102,1034237,1763596,1908159,1859174,1589279,1615121,2561046,1598478,2309348,1884375,1620246,1741211,1581543,998294,1597685,1718450,1021048,1898920,1744168,1580644,1307791,1440785,1862384,1231093,1755830,1787818,1718345,1760714,1677205,1770561,957028,1628019,968928,1838299,1776980,2315802,1548567,776143,1073846,813436,1446640,1791137,1853508,1744923,1479305,
174,1709638,1876879,1808232,1974430,2501122,3795298,6043303,2532985,1836729,1355997,1868876,1496127,2819916,2622116,2436057,2334295,2138483,1958042,2135790,1940211,2237118,2425036,2476489,2266972,2522913,2294952,2405606,2195134,2472819,2041091,2221552,2129959,1646107,1894191,2201157,1683776,2701123,2489583,2423714,2164058,2111931,2183011,2049934,2561171,2259358,2503455,2619588,2509908,2148074,1475076,1742493,1605243,2356443,2220146,2644668,2184791,1280316,1541962,1402121,1639333,2343188,2337314,2407405,2077581,
175,1944127,2019276,1819440,1947835,128091958,118552337,121543202,162986715,1888734,1618467,1881120,1674952,153445300,158013487,226696018,139604851,2528438,2224770,1993088,2469629,123425214,129084476,151568848,179127725,2477433,2003917,2370239,1923689,118991690,103574140,119476823,134582471,1964259,1853408,2134245,2029159,184830338,178273629,195395273,210493407,2171979,1989660,2380527,2550261,135992858,191904260,168294272,211129430,2171315,1635775,1704392,1908915,120568480,108737363,122437398,144136303,1521763,1668597,1740248,1639970,130207210,119415853,152834068,154996965,
176,1905335,1985468,1808123,2091983,229523995,182997146,178995045,238576857,2003577,1686052,1927244,1689320,222727013,235324404,248528872,222835966,2164293,1906352,1726500,2261088,190731182,209638772,226500061,264052430,2140923,1942464,2061964,1847588,201719789,182355626,185846671,200230170,2049023,1924862,2055013,1941496,209465389,201589762,217165765,230479667,2049387,1903100,2179123,2258014,192570182,228523923,246995138,250167900,2234274,1621390,1728121,1910016,218842700,305684671,194280296,237696339,1591447,1722295,1821523,1675608,217148088,203508425,232794040,226205388,
177,1946634,2178240,1991619,2471628,297684520,245560991,246623846,293306899,2278277,1779037,2124761,1828734,277034403,286466660,245028760,256099436,2009342,1771364,1702868,2068224,205050463,265822055,224032528,289297097,2060861,2076930,2000765,1961041,219188538,296125965,183100349,197595155,2212521,2182728,2158026,1911554,172570550,165939939,173861763,177053014,2107873,2014483,2098576,2193592,204046489,177186441,187666912,210211258,2513770,1700010,1863447,1916221,287135653,245662669,250084300,283271499,1641481,1861623,1871743,1805188,266077516,248882416,214441924,245759440,
178,4566511,5005704,4704262,5549758,338906919,293037146,312345627,340821176,6722318,4799876,4765068,4719987,337316003,341160965,285021811,293135660,5220207,6255485,5177381,4517752,199798082,222059008,215034293,291769771,5282721,5317355,4555655,5358609,212878687,192479554,178680405,184119074,6263766,5662302,5164306,4417707,157816574,158693282,163402996,165180179,4817346,4894460,4610744,5157809,197755479,166261288,181793737,198585954,7620931,5153263,4985431,4230174,358138557,116266408,276174433,324710657,6010937,6470284,4570478,5504027,292009972,268750032,266126558,244463070,
179,148769913,143624021,143461109,151546677,378680182,327449513,360567644,386540295,222221549,177063574,133446861,157110566,395105538,397003320,338947925,339370421,213316889,257551775,194103011,148376526,210959594,215376200,209155140,297345214,184082737,185480669,139432171,178504327,214037730,195707261,181858239,193697869,202054647,180848090,169913938,143725468,166168460,157293090,160988291,162097287,148760972,151626634,146005809,176196654,241718111,163639207,176919174,185517733,279414149,190390937,171098294,126109876,362626943,313128088,290677739,333483344,245758476,244420745,202982096,278785119,305227441,281603082,295438382,269614147,
180,178788247,179344653,160355428,140725695,397935869,337953060,381776758,432357302,207090942,190414860,165215678,177911624,434869973,453318904,403103323,378123910,284921603,253065712,219879865,171638791,191380457,216537157,188715275,289698329,204889080,207486026,172275085,201606635,209739389,196720007,184164293,180649664,219355726,202134823,215681871,178516106,162531562,158520713,159805152,169215867,180350436,192585311,191626243,214123820,180442342,165888829,172517176,161145373,236648307,195220066,189190043,163158104,381036279,330566772,307244944,354632078,254274633,236322954,207124692,234521087,315207424,280392412,257986770,279514820,
181,186257825,184559134,176702335,218529076,411000272,339924506,385680710,470816331,210128719,188194294,175989191,175904212,507417866,490755270,477180092,426651902,244520530,259249909,238507742,191215212,199883756,202709384,209237052,273542700,230871392,243487676,207736390,227839811,202808695,192023920,183927942,183830226,233715428,231066095,246764386,233885936,161501966,160471730,164731364,168794159,233699491,226194439,240346483,248592473,187171830,164859817,169620825,174180337,188085916,176781174,177235635,173840760,378903554,346350445,318908728,368557475,195365617,184028895,182218334,190419927,319708102,290750198,268830278,250100490,
182,188446217,188401634,170814646,183765462,421700352,344367388,374469054,495345686,210564373,220469651,181234544,172674737,570832230,588413313,608525210,533197828,279268174,281302103,267103889,215660891,182643969,182954429,201776535,260215509,244431481,293561289,260021995,276126488,178855043,178940906,169565731,182248737,258462642,248544000,329577943,279586668,153019270,157151046,159313040,162173607,272721499,272818539,285718836,282196081,171843347,160308077,160022212,165004060,167826418,167767730,169427288,192147716,362034135,359592081,325821551,362744551,173942019,166352765,169194666,183945037,315803883,301445625,241133966,239776707,
183,197065380,193238269,171875637,181712415,410664354,341893365,395758632,497657560,212186110,193734647,188158374,163532179,576420084,599857759,635201160,577835804,302452981,310863599,301622960,246885356,169324766,173843485,194041805,239399898,315292577,338416941,294442285,309554807,164204735,162935517,159706650,171309004,314924592,265506970,357596251,301671348,154677247,154191126,155319084,156904420,296964917,289256638,520398458,299770976,158363681,158320413,157036387,160396431,164026051,163309350,166224763,199451047,337549954,360787042,325756774,343319860,176852749,164377852,163010052,152945754,304473829,288323520,230359227,212262993,
184,219625136,198027003,169689235,197377271,393936580,341097202,401973263,488176231,210828626,196967826,183138256,168486940,556589551,594523540,622048225,573809289,328571458,351579313,344129166,286847718,162675457,166459557,185653114,228203881,358322897,370283601,318358492,331908439,158380292,158645576,156312526,167381030,299535811,405882583,369237243,311870453,154244855,153334410,154674369,157454919,311453903,301566091,335646475,321726518,156149020,158989276,154754723,158371416,160099132,160674344,162936169,198984224,321880605,344286030,330113390,317735527,162730298,159854055,157728072,160169968,292575904,288699258,201551928,202805719,
185,188982032,202505676,160067044,172504165,393634382,352076824,434594375,490016762,203708478,198487449,114774516,167607350,545948258,565682250,612300077,579057314,362570852,388124963,382301477,317433555,159975344,163920041,184742078,216243632,395833017,400104398,332155431,345511255,155932224,157325746,155190290,163507881,301528699,263224315,399813947,324913254,153135940,152827212,153107806,154188407,319207386,313907857,359486572,335355745,156494542,161702535,153683728,158288935,159383345,158835011,160481951,193637179,317483440,335028249,302883518,314127284,156418451,166296244,159823718,168178878,292631200,264392038,211686817,202889693,
186,221554750,210765891,171642574,204710101,406090295,387302233,461321014,493434997,206451583,194987289,200226130,169193663,544531775,542090420,606430632,595543650,406161534,419591141,415845733,349726194,158701169,162296446,174679229,210208532,431738910,416192873,337752549,349152464,157944413,156653675,153658334,162801827,297197207,255276641,394166061,326903085,152524005,152271139,152630764,153290839,321564718,319051015,367676578,340876364,153388046,166200825,151459332,156803271,158728216,159258214,167371902,187333868,321476327,331495951,343831278,317005393,157902568,157619363,158954921,157668015,270419118,248125080,210825105,206926491,
187,199134987,208391630,175063031,179150545,469316066,431819389,464116361,476426709,206492815,282895349,181152955,169774284,540353530,563101984,581891861,585017938,408162078,438199633,453731097,377285535,156328115,160960307,170991477,209035649,452246517,422898470,342753515,346339844,156635967,154795179,152562777,161412873,293149114,261015932,410170508,329968324,151546759,151424905,151719511,152171617,322838984,324476443,367471383,334152086,153183729,166567289,152390737,155208895,156556451,163389281,161363128,184799580,334434279,332529446,450710353,351861706,159263984,166936675,157670940,160897169,262408542,249239685,211080822,206356806,
188,190680787,207712325,184353918,174378330,444306600,429371386,428797649,444696398,207242433,193161277,172812279,169464899,477721861,500510111,514711401,530313480,456172925,455405029,471447772,410808554,143793749,147836592,156440682,192015802,473210971,432994506,350446710,353773839,144277508,144354347,142091444,151370937,289039808,248424898,377050905,328756557,140996083,140767351,130533859,141117988,313333132,321978404,364156085,352621118,143101836,151966760,142044143,143154122,157299843,158784480,160627075,180918799,331612107,317156820,372453102,312160499,156281050,154622700,157068939,158469809,242640247,230168414,195111262,193182801,
189,184937190,214446016,175416319,170810283,283094323,262701438,260276687,261708561,203094077,194118358,169757127,167858106,281949385,284452660,294857861,309985484,473758132,463880640,483953170,432454231,86034739,87464448,81906718,110984638,482998295,444697069,362431188,364794265,87579840,86417995,85315864,90443864,288917121,294416149,381007057,323100507,84702624,84529608,84637139,84531329,326778218,327394808,354667135,355094940,88120309,90307649,85302335,85745868,156468552,90810213,160141987,182405329,214406201,202318647,172175942,192240367,152241473,153806109,156374642,155243619,145724320,135097345,115317470,122350989,
190,179181215,203614739,170312285,167453197,51846127,50480021,48439656,47436106,125546226,146504577,160619724,161451125,48353067,50356055,52174822,54583755,480299975,480469082,471388642,434681728,16739171,16987163,17784313,20683142,472242042,444161995,369771732,368420350,17015916,16666580,16611047,17169249,270027223,249860918,379950983,300526103,16636238,16488496,16215311,16121436,315421816,315670764,342983822,356760190,16790803,17327984,16658140,16617504,150785572,152788874,154094233,176917562,30663938,39901418,31754976,39275624,150437034,149942422,150499438,149451109,28066965,25220049,21447133,20888286,
191,121679536,121789317,111764924,114435572,3233957,5656683,5832208,2979298,131800873,124010167,113263550,110774129,3390240,3174582,2970241,3252598,295448815,312823887,352253886,298772780,2200078,2324825,2291422,2112844,319245549,304070786,260307828,258972307,2286148,2040942,2153252,2003679,180729781,205053129,254734321,199743278,2310847,2167157,2002752,1743725,219434008,217159700,233564740,241220882,2227840,2122330,2201095,2098252,103498709,104268621,105202416,121435050,3073616,945767,3501243,2628950,101699101,102491139,102852242,102520463,2571879,2531718,2251134,2031713,
192,11951528,12878899,11450009,11309740,1666582,4140890,4113002,1569752,12502812,9279760,10465071,10934734,1900566,1698499,1410588,1615363,28811881,28778636,28344629,27412831,1721088,1848803,1786521,1521205,28076986,27655343,24943851,26188020,1807002,1565423,1681641,1514762,16851927,16432072,25654792,19553531,1843770,1691121,1528526,1269803,21209802,20797078,21970168,23288429,1755703,1625965,1727282,1623103,10829586,10357350,10888775,12138045,1738606,1660598,2013840,1446933,10339967,10367804,10890445,10334723,1692821,1771310,1638737,1441313,
193,1979729,2013746,1874973,2023977,1664103,4110163,4083430,1570161,2017868,1755862,1974607,1738693,1894681,1697505,1407849,1611500,2222946,2057016,1989668,2224311,1713976,1846755,1785706,1518924,2223265,2249777,2192219,2139639,1801874,1561730,1678169,1510290,2082713,1898136,2225341,1884157,1839265,1690218,1526279,1267284,2104575,2030300,2107419,2303677,1752979,1622938,1723910,1622018,2267699,1727292,1848930,2030450,1737579,1656652,2008062,1446706,1768714,1823488,1968749,1797765,1690412,1769852,1635967,1437498,
194,1783702,1791941,1687634,1843304,1656006,4080396,4050586,1565001,1819797,1559740,1793473,1567028,1892148,1691173,1403175,1606318,1715865,1525805,1476595,1724659,1711593,1840832,1783434,1516013,1710631,1745086,1718211,1677048,1799023,1558000,1674236,1506821,1797062,1640137,1804398,1578639,1833160,1687398,1523610,1267119,1708413,1648977,1696754,1877744,1745822,1618376,1719608,1618664,2099676,1559697,1681473,1832136,1732350,1650970,2003618,1443752,1598441,1652105,1795783,1628054,1687312,1765558,1632298,1436337,
195,1777968,1785219,1684949,1840098,1657159,4056493,4013875,1565400,1813224,1566054,1784698,1559957,1889548,1689245,1402046,1605551,1713692,1524110,1472785,1720497,1706250,1830087,1779936,1513199,1707065,1739785,1709567,1671189,1794538,1556769,1673439,1503614,1792446,1632557,1798536,1573198,1827004,1685180,1518923,1264033,1705354,1644480,1694285,1870604,1750156,1616461,1718747,1615154,2111511,1557826,1673234,1827473,1728574,1649845,1998299,1438599,1593392,1650943,1791531,1623277,1684134,1760966,1628264,1433044,
196,1771313,1780852,1681327,1834197,1650608,4013701,3928991,1563708,1807038,1567379,1776590,1553850,1882545,1683385,1398658,1602426,1708911,1520159,1468278,1717498,1704505,1831763,1774912,1508549,1704862,1739374,1708693,1668005,1790030,1550778,1665817,1499783,1790296,1627931,1796612,1571832,1822909,1681469,1513122,1262398,1695733,1642508,1689735,1865535,1745012,1609584,1712789,1613449,2104047,1549829,1668204,1823569,1724259,1644157,1991729,1440474,1590844,1646153,1785759,1618236,1680996,1753478,1626810,1429064,
197,1767939,1778533,1675608,1830734,1646803,3916977,3660551,1561574,1802405,1556248,1766860,1552853,1881023,1682599,1395903,1600126,1703461,1514669,1465765,1713091,1698548,1826840,1770329,1503475,1700371,1736174,1706130,1664007,1785831,1549375,1662260,1497458,1783278,1625183,1792148,1568318,1819850,1674903,1514009,1258440,1696494,1635284,1686269,1861801,1744912,1606674,1708936,1608406,2101787,1549964,1663968,1817870,1722407,1639230,1989662,1436549,1586724,1642262,1783283,1615776,1674953,1754587,1621331,1429135,
198,1761984,1773903,1668897,1826165,1642802,3560513,2878864,1557406,1797712,1540220,1767222,1552608,1872792,1677167,1390691,1591899,1701155,1511353,1460399,1710265,1695422,1822771,1762350,1501090,1697147,1729045,1701756,1657245,1781595,1544547,1657958,1491504,1780503,1618145,1786229,1564435,1814934,1670495,1505147,1261110,1689868,1634524,1680583,1857678,1731135,1601272,1700227,1607534,2096004,1542815,1662195,1813978,1716686,1637989,1981743,1432865,1579907,1639858,1778806,1610875,1671502,1747165,1614868,1426135,
199,1755829,1771057,1668705,1824366,1637165,2807823,1836735,1556830,1793291,1554388,1761199,1547600,1866205,1670203,1385056,1588966,1702352,1507526,1459373,1704189,1690279,1817823,1757768,1495631,1693730,1725616,1695862,1657320,1776831,1539873,1655548,1486901,1779216,1615831,1783993,1560265,1810086,1666048,1503713,1258999,1686425,1630542,1679434,1852872,1735049,1595681,1697351,1606268,2087685,1540863,1657211,1810336,1711623,1631552,1980269,1430387,1576815,1636594,1777187,1606879,1668441,1745561,1614028,1424729,
200,1752762,1763168,1662005,1816860,1630657,1799189,1024074,1554042,1788948,1548252,1755313,1543392,1864656,1669188,1382743,1587970,1692645,1502563,1458849,1698319,1684184,1810986,1753163,1492709,1686650,1719412,1693751,1653921,1772066,1533512,1649450,1482886,1771549,1609288,1774220,1557195,1798580,1661887,1495261,1255227,1678618,1623161,1672674,1845435,1731141,1592231,1690025,1603759,2080144,1536863,1653837,1806298,1707272,1628422,1974835,1429749,1572961,1631953,1771739,1602898,1665012,1740080,1608973,1424298,
201,1747413,1757326,1655136,1811259,1627737,1044270,683640,1553145,1786414,1535620,1750007,1537632,1858387,1661848,1377054,1581036,1688126,1499689,1451390,1695121,1683236,1806029,1750268,1488459,1683004,1718045,1685429,1647763,1766570,1531659,1645319,1476954,1767187,1609008,1773506,1553131,1796952,1655805,1491605,1250409,1677364,1621939,1669271,1841364,1730278,1589019,1685403,1597001,2074102,1535142,1650689,1805347,1702356,1625526,1967052,1428315,1567341,1629194,1769319,1600672,1660794,1735037,1604452,1419776,
202,1745819,1752525,1652840,1807590,1622073,688747,587818,1549184,1781309,1531980,1747369,1538254,1847198,1658271,1372235,1576029,1678150,1496338,1448632,1692736,1678596,1801020,1747004,1485887,1676056,1714698,1685907,1645028,1759404,1527015,1638743,1475470,1760398,1604726,1766244,1549819,1791416,1648522,1487066,1252175,1669358,1614097,1661419,1836718,1711970,1581225,1681328,1596516,2065455,1527123,1645408,1796713,1696683,1617942,1963440,1426520,1565672,1621591,1762633,1592726,1654171,1729447,1598408,1422082,
203,1738451,1750661,1648987,1800646,1615706,590447,562019,1545114,1775328,1528607,1740908,1534090,1841579,1652501,1371537,1566365,1676489,1490458,1443051,1686617,1672559,1797579,1738742,1480005,1674234,1708067,1680843,1638988,1751837,1520195,1631613,1471496,1762718,1599900,1763000,1543286,1783804,1641816,1481172,1244931,1667011,1612255,1659429,1833822,1704386,1574605,1675331,1593891,2064010,1524217,1640343,1789567,1690313,1612896,1957192,1424484,1559477,1618455,1757626,1592358,1647922,1726315,1595009,1416367,
204,1733900,1745281,1642727,1797103,1607439,564753,552197,1542602,1776619,1526996,1737197,1523628,1835885,1642818,1363796,1564469,1672966,1485743,1439207,1681424,1664669,1793853,1734445,1476177,1668981,1704307,1675399,1636565,1746916,1516121,1624511,1463393,1754431,1597279,1756970,1539823,1774200,1632252,1472013,1242777,1662534,1606866,1657246,1826561,1685988,1565468,1670351,1588779,2051710,1520558,1633005,1786499,1684266,1609729,1953168,1419354,1555627,1612020,1750424,1584404,1642938,1718210,1587888,1413821,
205,1728257,1740658,1638783,1790270,1602563,552566,543688,1538673,1767316,1520186,1733366,1524975,1829255,1637186,1360112,1556844,1668993,1482115,1437258,1677463,1660287,1784958,1724830,1469267,1661963,1698081,1670352,1630631,1738247,1508174,1617770,1455197,1750398,1593399,1755757,1536801,1766732,1630127,1466959,1238995,1656556,1606888,1652141,1824533,1706601,1556170,1660659,1584109,2045538,1514855,1629868,1782021,1680204,1601864,1944546,1417663,1551291,1607671,1748259,1581113,1635158,1712028,1579017,1410870,
206,1725818,1735744,1631493,1784539,1596469,543348,535224,1533699,1760333,1516913,1728506,1517468,1821760,1633744,1352738,1553666,1661639,1478801,1429145,1673207,1650884,1773931,1715579,1460792,1656583,1693435,1665152,1623738,1727567,1500519,1609089,1449933,1746162,1587581,1748011,1531023,1757116,1619755,1460260,1235239,1655330,1596548,1649301,1815211,1680131,1548931,1653290,1577473,2033104,1510775,1622392,1770205,1669124,1592023,1938705,1412260,1544500,1600342,1738375,1574828,1627264,1703130,1573419,1407428,
207,1717984,1730783,1625476,1778428,1591722,532051,523817,1529282,1753291,1512015,1720839,1515365,1814935,1630030,1348064,1546478,1653830,1472382,1423359,1666558,1642008,1764042,1706902,1454483,1651789,1686536,1658758,1618983,1723516,1492880,1602250,1443571,1737398,1583790,1743780,1526532,1752768,1615702,1456786,1230744,1647483,1598091,1643756,1811551,1679864,1543629,1648833,1574734,2023850,1503000,1619709,1764421,1662654,1587131,1925310,1409046,1537321,1593945,1730669,1567592,1621327,1694923,1565523,1403610,
208,1713201,1721764,1619238,1767670,1580946,524443,516259,1522771,1749177,1508640,1714790,1502409,1806011,1622006,1341609,1540534,1648980,1466189,1417150,1660125,1632509,1755819,1698166,1447463,1645184,1678568,1654897,1611382,1718940,1484140,1596895,1436845,1735159,1578465,1740163,1525038,1742482,1615094,1451285,1227887,1640723,1592691,1637397,1802854,1663616,1536112,1639144,1570055,2017745,1493008,1611353,1760018,1655507,1580888,1918802,1403425,1531108,1586589,1721730,1558266,1613978,1689998,1559112,1397273,
209,1712287,1716814,1614094,1761359,1578571,514905,506475,1521765,1744741,1503020,1708822,1499510,1798587,1611890,1339210,1533343,1643962,1463664,1413152,1653303,1631004,1753558,1695235,1443052,1637824,1674224,1645988,1605393,1706697,1481453,1589676,1431352,1729210,1568650,1731727,1520739,1736119,1599959,1442991,1224239,1637660,1581550,1630440,1798324,1666758,1532135,1633906,1568196,2008678,1488591,1602976,1750705,1652789,1575240,1911535,1400711,1521287,1580236,1716326,1552403,1606957,1679496,1551886,1395457,
210,1702228,1708610,1605670,1751742,1571937,504887,495799,1517452,1735077,1493125,1700491,1492166,1791885,1606437,1330483,1525775,1639063,1455465,1404066,1646617,1622549,1743428,1688375,1435678,1629143,1671779,1633558,1593800,1701891,1475104,1585231,1427209,1721119,1560743,1722614,1507021,1724185,1595706,1439300,1223846,1628081,1575720,1622928,1787103,1654751,1526583,1628293,1562577,2002661,1480928,1594512,1741397,1643760,1568568,1899020,1396110,1514294,1572407,1708265,1543257,1598001,1675456,1544238,1392180,
211,1696655,1699244,1598993,1745594,1564429,495852,485825,1512573,1727137,1487445,1694517,1489120,1785614,1601356,1326755,1522855,1630907,1447657,1401032,1639076,1615520,1734258,1679702,1431436,1623984,1660623,1628828,1590981,1695290,1469338,1578187,1418148,1713809,1556005,1717409,1503219,1717561,1595124,1431695,1222881,1618859,1571384,1617066,1784339,1642026,1520557,1622936,1562178,1988544,1480003,1592138,1734014,1637952,1568243,1895589,1396496,1508550,1568045,1701365,1539356,1593618,1672976,1538292,1387876,
212,1688825,1691597,1590705,1739425,1562365,485420,474285,1512366,1718918,1480972,1685111,1485124,1782210,1597424,1320848,1517649,1622989,1444288,1396115,1630545,1610245,1728594,1673465,1426807,1615051,1654600,1622626,1586535,1688578,1464210,1571388,1415440,1704334,1547852,1710623,1497415,1712525,1581634,1426666,1218744,1611622,1564505,1609593,1774406,1649645,1505603,1614119,1556152,1971901,1472342,1583149,1725726,1631048,1564417,1885878,1393282,1503456,1563879,1694865,1534819,1590610,1664320,1534192,1384867,
213,1679525,1684096,1584657,1729028,1549391,474078,461965,1509152,1712521,1474846,1677903,1480117,1766291,1588444,1313551,1509104,1614734,1440988,1390880,1626918,1605190,1725936,1664594,1418053,1608318,1647163,1615096,1577253,1671323,1451793,1555338,1393898,1696826,1540616,1700447,1489700,1702708,1572078,1411482,1215389,1606669,1557133,1604748,1766941,1631538,1468577,1606441,1554120,1962520,1463031,1580224,1720565,1623969,1552705,1878367,1390753,1497862,1558545,1690540,1529463,1582831,1656200,1528362,1381695,
214,1671407,1674754,1577187,1721771,1515642,458668,445201,1506765,1704529,1468447,1673322,1469170,1712064,1572848,1279891,1496725,1607803,1431756,1382666,1622184,1595538,1713761,1649435,1398884,1600945,1645256,1606628,1572398,1605988,1404213,1498290,1318045,1689914,1534226,1693507,1484325,1684180,1518496,1367478,1213797,1602199,1550525,1596749,1757290,1612335,1318615,1599342,1548598,1954886,1458405,1568127,1714607,1616092,1538437,1865711,1384512,1490518,1550121,1682616,1518968,1568404,1647857,1510320,1381961,
215,1669373,1671231,1573204,1715331,1393632,445495,428279,1501289,1700861,1465666,1665160,1469993,1549408,1523501,1179812,1451185,1605073,1427741,1377126,1615144,1578773,1674095,1595755,1335563,1598117,1637024,1602184,1567755,1413021,1270392,1332767,1131915,1681659,1528659,1688563,1480717,1631464,1369207,1232972,1212137,1594847,1545194,1592602,1750605,1544580,1020395,1586056,1547732,1936688,1449443,1565324,1709615,1589739,1507333,1829138,1383001,1485901,1542575,1674884,1516069,1510667,1628222,1461030,1376150,
216,1662120,1660983,1564737,1703469,1109830,424836,396728,1497793,1692031,1459135,1659457,1458999,1184694,1351673,933457,1288323,1590511,1421664,1372355,1609084,1520241,1532618,1432254,1154537,1590347,1630026,1593022,1559529,1042665,975633,995950,806509,1675264,1523484,1682647,1476465,1453259,1049034,939676,1206512,1583174,1541608,1584565,1747179,1321959,639130,1516143,1542813,1921286,1446161,1561028,1702833,1501042,1393116,1699309,1365654,1477412,1531367,1668007,1507457,1336999,1566652,1301912,1373773,
217,1653376,1654122,1558605,1690256,731655,389432,339124,1476822,1690259,1451082,1652323,1450901,736394,1011627,600219,961074,1566674,1416817,1363744,1604782,1355896,1235796,1096907,837285,1582946,1627955,1590977,1553869,647716,623759,621592,484051,1668468,1516422,1678283,1470582,1092429,658343,586878,1197832,1578260,1536703,1579750,1739105,949631,373395,1319562,1531295,1893874,1438456,1557111,1694838,1271494,1125002,1396716,1307715,1472664,1512788,1663237,1506335,1006740,1381662,998121,1368403,
218,1649386,1628630,1545019,1628389,409950,322286,251028,1397727,1678128,1445986,1644384,1441348,407418,584772,323204,545775,1457095,1408618,1330182,1594803,989977,790490,665920,481294,1554629,1619744,1593335,1537178,370745,350483,350529,279179,1645300,1495826,1669442,1461710,645985,364779,324379,1157127,1563661,1519189,1569983,1725063,545697,250629,925838,1482292,1760112,1415808,1545109,1680779,861915,709359,904002,1114502,1456489,1433738,1651015,1494020,602143,1000552,607771,1337272,
219,1640745,1544131,1506938,1462243,277082,244637,172127,1186514,1671693,1423078,1631388,1406939,294387,347296,216460,318813,1201141,1391785,1229333,1575708,615956,469504,397512,294241,1474462,1598044,1581738,1486095,275909,246585,253957,212406,1586481,1424773,1660134,1446042,397775,260044,231943,1028297,1516529,1462367,1542659,1704196,337276,218110,555708,1336292,1478875,1352141,1529934,1642077,512906,417945,529926,799510,1420209,1244848,1636335,1466015,363568,620412,368510,1232394,
220,1621658,1271531,1344504,1073037,236942,179788,126069,875877,1629575,1326416,1593141,1255099,261972,262285,186234,240564,753197,1314965,950634,1500738,389167,324564,289709,226960,1209563,1501032,1535894,1286098,248320,215677,225034,192643,1375345,1203032,1621199,1377783,308175,229382,205219,791327,1348265,1263424,1422740,1593365,266334,209537,354746,1063444,972601,1128728,1459020,1492751,336209,288120,354704,509901,1278984,860635,1570944,1362990,270204,390226,270384,1015176,
221,1568817,884844,1042788,683673,223306,131575,104584,542141,1506690,1104344,1483994,966890,251492,230851,176346,213266,437658,1120493,624209,1306780,281195,268420,247705,202020,831902,1272318,1425752,959115,238892,204157,214661,186496,1037718,870663,1519067,1193592,273473,220380,196600,500603,1045143,941869,1160122,1338953,240342,206234,268673,698766,586884,804827,1278044,1193825,260672,239732,287995,317742,998610,527260,1402515,1137399,235350,281807,234014,691668,
222,1350605,474747,605933,388195,216771,106207,97095,335543,1162519,702200,1161442,566026,247132,220425,171616,201484,271658,724010,336491,880873,239065,247740,229666,194494,447770,829867,1090785,546769,234748,200082,209820,184690,598123,487442,1197380,809394,258576,215951,192315,297267,619631,536117,719144,861674,230210,204021,236095,414059,363714,443505,878188,721787,234000,222161,268452,236946,577114,303724,998123,727570,224321,242328,221411,401737,
223,994407,307688,363854,293615,216239,97173,93644,261787,761091,413202,777249,342229,244561,216405,170487,198748,233449,423427,234064,526553,223010,241820,222415,190969,297818,499440,705632,344821,232690,199553,206863,181403,364599,309400,801224,487120,253076,213942,191198,223460,379255,332082,425438,516211,227892,201644,222564,299108,304591,283871,536235,432656,224129,216462,262254,206496,340297,240256,616479,437409,219669,227814,216733,269022,
224,480679,240212,244686,255956,213640,92503,90523,218214,380242,240053,382892,229605,241100,213410,167256,194814,221290,241697,193353,281395,213988,235833,218002,187516,237810,291555,337413,248150,230205,195915,204122,178709,256738,227992,387504,261670,248389,210884,189492,182256,254815,234956,260373,299278,223022,197758,214804,237271,281788,215631,296491,283201,218744,213873,257731,181177,224981,219546,318670,266207,216902,220624,212669,201574,
225,320272,230812,222797,249103,211537,90703,88855,203151,293496,209855,285249,213118,239602,210214,166650,193346,219320,210949,187568,238682,211726,233530,217188,186290,227269,252233,258238,228412,228050,194377,203484,177652,239946,213499,287697,220728,246644,208447,187371,168093,233476,216090,233741,258529,221038,197604,212325,218481,278016,204334,248656,257831,216735,212043,255713,174989,204105,216811,263157,233937,214918,219361,212104,184238,
226,255962,227737,214967,244263,208317,88222,86342,195453,255399,197744,244653,206483,237283,208989,166188,192147,216296,198998,184912,224463,209069,231332,215571,184730,224125,232171,228977,217489,225498,192686,200465,176379,234867,207581,248725,206320,244497,206801,185073,160807,226400,206214,223826,240835,218995,195637,210716,206846,274503,199780,225192,249446,213998,211685,253494,171198,194066,214290,241589,220171,213228,216474,210268,173136,
227,238348,225460,212153,243578,209210,86285,84370,192609,239726,195240,231130,203176,234698,207438,163733,190078,214374,195243,182405,220165,208584,230290,213458,182934,222274,225523,221626,214325,223238,191167,199583,175740,232927,205351,237405,201858,241682,206012,184172,158926,222305,203806,221179,235659,218538,194351,208956,201752,272882,197239,217199,247118,213151,208948,251436,170714,191248,211524,236415,216215,211532,215120,207952,169048,
228,229630,223574,208805,241060,206930,84186,82255,191250,232135,192747,224972,201732,234675,206216,162838,188784,212635,192105,180726,217929,205818,228733,211701,182068,219086,222301,217869,212942,223110,189894,197209,173503,229227,202694,229901,200068,240402,203341,182704,156541,222119,203067,218966,231987,216914,193439,206379,199193,270693,195732,213370,243287,211867,207808,250112,168065,189599,210530,232354,212863,209073,212936,206757,166667,
229,226690,220664,208094,238939,205237,82336,80316,189584,228701,191681,222512,199977,232223,204814,161582,188091,211498,190746,179685,215853,205299,226748,210199,181052,217068,219937,216132,209899,221563,188644,196179,171944,227864,200970,228486,198567,238053,202700,181751,155946,219248,201750,217885,230404,216083,191618,205167,198699,267437,193258,212566,240808,210280,206004,248685,167685,188507,207947,229900,210840,207832,211763,205964,165852,
230,223581,219943,204690,236763,203252,80371,78331,187216,225795,189157,220438,197994,230053,202398,160854,185117,209027,189125,178016,213829,203216,224484,208915,179168,214990,217863,213080,208054,219291,187475,194756,171265,227210,199594,226690,196182,235865,201298,180666,154545,217240,198376,215116,227736,214846,189562,203579,195692,264878,192282,209984,237855,207715,204322,246870,166770,186221,206884,228110,209010,207291,209477,204003,164328,
231,221702,218692,204561,235093,201990,77550,75209,186734,224622,188534,217931,197347,228548,201127,158735,184864,207247,187411,177289,212476,200769,223182,206643,178596,213547,215813,213087,207118,218381,185087,193329,169369,223710,198195,224568,196044,234193,198856,178643,154641,215854,197446,213417,226167,211764,188189,202022,195050,263300,190391,209329,235647,206076,202569,244479,166112,185189,205480,227039,206539,205871,208383,202680,163308,
232,219895,215381,202006,231863,199859,74497,71939,185904,222427,185689,216443,195847,227984,199440,157886,183195,206541,185671,174314,210320,199253,221965,205188,176336,211758,214228,211951,204602,216735,184488,191874,168465,222801,196530,222875,193294,230806,197841,177108,153145,213826,196009,211582,224531,209993,186778,200177,194084,260215,188112,206093,236027,205149,201405,241742,164672,182924,203519,225401,205786,204205,206404,200187,162599,
233,218263,215062,200287,230529,198276,72093,69187,184711,221190,184388,215327,193337,225142,198826,156414,182229,204368,184011,173550,208460,197807,219977,203593,174908,210395,213115,209818,203178,214098,182841,190077,166690,220612,195738,221242,192820,231056,196786,175324,151419,212667,194146,209874,223484,209472,185281,198140,191762,257952,187518,203729,233048,203356,200917,241144,163983,181635,203501,222572,203695,202955,205557,198908,160749,
234,216010,213031,199115,229083,197094,68297,64670,183216,218290,183706,211775,193891,223296,196197,153880,180272,203430,182539,172329,207183,195778,217673,201567,173274,208680,211542,207881,200945,212479,181054,188432,165785,218644,194207,219391,191574,227796,194142,173835,150977,210664,192929,208844,220728,207001,182997,197648,190871,255751,186297,203372,230754,201673,198674,239165,162956,179505,200710,221194,202363,201388,203735,198096,159578,
235,215367,211250,197355,229185,195755,63143,57509,182520,216876,180160,210425,190543,220649,194935,154547,179478,201469,181793,170528,205569,195206,215149,200722,172801,206978,209324,206055,200226,209642,180388,186928,163295,217553,193088,217305,189086,225950,192917,172281,149048,208543,191828,207234,219009,205159,181463,195347,189380,255099,184987,200772,228949,200485,196851,236464,160938,177541,198432,219781,200898,199128,201831,196671,158858,
236,211766,209391,195121,225822,195011,56338,48686,181044,214088,179998,208564,190140,220217,193258,153016,177230,200292,180002,169350,203018,193711,215120,197484,171472,205265,207560,204861,199330,208887,178352,184851,163149,215762,191047,215642,187784,224865,191604,172016,149314,207133,189716,204768,216420,204531,181234,194458,187766,252695,183621,199124,228104,198339,195460,234475,161087,176764,196806,217862,199659,196799,200511,193488,158108,
237,211505,208446,194446,223546,193073,46319,38030,180053,213080,178600,207154,187931,218160,191881,151126,175260,198790,178458,168383,202179,191508,213303,196661,170114,203355,206623,203067,197282,206996,177312,183638,161160,214396,188850,213644,186545,222260,189873,169989,148214,205394,189080,203270,215956,202099,179940,192739,187408,249199,180755,198319,225806,197094,194605,234033,159423,175381,196233,216063,198097,196186,199226,192603,156763,
238,209452,205800,192582,221689,192592,37625,28878,178242,210936,176730,205379,186300,216194,189303,149403,174788,196889,177599,166627,199614,191103,210870,195136,167795,201931,204756,201175,195622,205428,174194,182796,160466,212276,187895,211849,184722,220153,189013,167947,147158,203519,187250,201625,213228,199804,177499,190800,186287,249199,180323,196481,224186,195565,192162,230500,158324,174091,193889,214336,196639,194087,197805,191303,155388,
239,208001,203876,190330,220399,190091,29825,22727,176818,210034,175764,204493,185490,214479,188388,149182,172326,194981,176543,164860,198545,189104,208838,193782,165991,201274,203081,198569,193803,203120,173609,180104,158446,211239,185986,210595,184573,218465,186049,167197,146391,202029,186514,199258,211799,198137,175006,189383,186215,245303,178829,194399,222102,193540,190191,228478,157877,171700,192738,212729,194672,192315,196122,189988,154777,
240,206671,202526,189297,219426,187144,23572,19649,176191,208252,173464,201455,183398,211595,186814,146202,170191,194118,174721,163834,196579,186862,207560,191181,164823,198501,201085,197552,191908,200330,171923,177317,156063,208729,183887,209181,181864,215481,184794,163618,144856,200362,183907,198598,210099,197102,172991,186745,183774,242598,176526,192805,219694,191432,188924,226885,156281,170176,191826,211166,192713,190719,193748,187216,153908,
241,204205,200203,187384,217034,185427,20343,18707,174777,207160,172243,200381,181185,208898,184429,144201,168829,191728,172937,162103,196446,185167,205602,188271,162891,196341,200235,195272,189761,197452,168782,175131,155111,206997,182889,206779,180035,214048,182112,162487,144993,198966,182627,197186,209234,193779,170776,184568,182380,241993,175690,192016,219041,189548,186730,224697,155368,169582,188564,209122,191626,188186,191697,186321,152886,
242,203252,198598,186538,214804,182737,18601,17832,173088,204819,172037,197846,181130,206543,182654,142462,167145,189348,171852,160996,194203,182714,202291,186853,160862,194440,197786,195184,188354,195192,167290,173200,152618,205479,180802,205180,177714,210944,179029,159982,143931,196294,180637,194922,206266,190944,168619,182401,181033,238540,172934,189608,215472,187709,184450,221689,153070,167336,187298,207687,190137,186068,189960,183193,151479,
243,200758,196843,183964,212187,180458,17921,17453,171995,202540,170007,197862,178398,203621,180382,140588,165058,187133,169986,159288,192547,180260,199391,184767,159123,194020,196055,193256,186342,193773,163652,170826,149940,203387,179730,203384,176788,207578,178151,157367,141952,195284,179819,193440,204019,188768,166194,180554,180401,236362,172220,187859,214938,185523,182750,219106,152726,166191,185123,205302,188301,184231,187659,181006,150016,
244,200765,195441,182660,210102,177933,17179,16716,170892,200977,168862,194491,177115,201302,178744,138996,163302,184415,168159,157661,190742,179089,196702,182391,157394,191632,194249,191184,184649,192161,162358,169105,147960,201742,177259,201953,175811,205834,175116,157102,141402,193052,178576,191793,203179,187726,164494,179340,178936,233395,170995,186085,212471,184153,181089,217929,151415,164927,183326,203006,186576,181011,185722,179015,150193,
245,198265,192782,180551,208218,176134,16797,16373,170068,199623,165743,194003,174585,197984,176788,137165,161362,181473,166890,155901,189203,175715,195422,180261,154597,189417,193170,190206,183124,189007,160708,165846,145526,200031,176419,200256,173576,203202,172641,153272,140168,190928,176630,190332,200074,184153,161573,177298,178552,231661,168872,185714,210784,181795,179120,214434,150254,162769,181560,201968,185218,179497,183950,176245,147791,
246,196159,190271,178717,205404,172910,16574,16091,169049,197322,163561,191761,173549,195436,173679,134104,158440,179948,164333,153408,186777,174106,192426,178046,152980,186580,190907,188427,180986,185345,158016,163270,143376,197085,174200,198679,172279,199701,170281,151058,138948,188524,174298,188499,198223,181668,158906,174046,175264,227400,166113,183102,207682,179226,175078,210700,148513,160332,177933,199574,182731,176930,181606,174458,146737,
247,194767,188884,176896,202361,170906,15966,15491,166521,195342,162251,189479,170954,192314,170964,131446,156073,177473,162299,151801,183730,172148,188493,174523,150668,183948,189266,186880,177913,182537,155025,161333,140683,194329,171337,196186,169874,196481,167328,148422,138215,186737,171602,185301,195465,179408,155594,172406,174039,225185,163628,181346,205086,176486,172886,207570,147106,158003,175868,196916,180538,174004,178911,171957,145652,
248,192249,185943,173854,199062,168012,15192,14756,164615,193584,159809,187953,169020,188901,167271,129685,153740,174698,160725,149573,181834,169889,185837,171679,147806,182264,186833,184998,176638,178398,151768,157558,137848,191717,169415,194037,168467,193232,163638,146009,136284,184886,170856,184240,192879,176136,150873,169533,171898,220976,161791,178908,201928,174379,170801,204507,145268,156303,173748,194452,178057,172057,175933,170324,143387,
249,190464,184150,171412,197788,164425,14539,14094,162901,191622,158781,184852,166784,184228,165806,125209,151322,172526,159073,146800,179560,166750,183583,168256,145396,179320,183663,182015,174081,173215,147343,151665,131758,188832,167635,191586,166284,188935,159303,140100,135271,181433,168672,181145,191437,172638,139317,167407,170011,215813,159651,176256,199655,170500,167513,201010,143726,154023,170926,192243,176645,168180,173392,166924,142559,
250,187124,181042,169138,193263,158277,14179,13684,161199,188323,155393,183013,164150,175867,162482,117166,148103,168701,156647,144101,176857,163751,178947,164467,141685,176371,182275,180144,170822,162976,138603,140006,120476,186338,165038,188467,162893,185404,148026,128626,132981,178259,165879,178323,187880,168592,117673,163213,168347,212374,156317,173382,196940,168009,164738,196987,141683,151209,167268,189000,173913,165458,170965,163104,140521,
251,184622,177017,166258,191007,147400,13847,13302,159131,185552,154850,179909,162556,158286,156555,101585,141437,165963,153743,141865,174066,160270,174596,160017,134626,174656,180094,177847,169295,142511,120935,119452,100507,183246,162267,186572,160742,178332,126787,109521,132278,175867,163560,175814,184948,158943,87951,160584,166454,209490,154603,172547,194234,164393,160854,189793,140123,149412,165479,186483,171103,159447,167938,158686,138855,
252,181981,173748,163723,186629,128712,13041,12444,157316,183501,151388,177189,159116,130663,148448,79541,129942,158278,151602,139164,171829,156984,166390,150236,122890,170998,177221,174708,166233,113634,96904,93072,76002,180229,160314,183979,158945,167660,98032,83611,131163,173398,161310,173211,182379,144374,63233,156790,164361,201926,151934,169017,190190,159314,153548,176743,138998,146632,160658,184166,168518,149431,162944,150609,137216,
253,179392,170027,161109,181448,98970,12369,11564,156031,181082,148723,174888,157160,94053,130674,54902,106378,144921,149109,136339,169074,148823,148756,129680,99750,167276,174222,172863,163161,80996,69539,64864,53290,176698,156692,181615,156540,142611,67943,58143,129119,171574,157663,169528,179126,116998,46421,147227,162972,191076,148279,167053,186991,148697,138221,153340,136234,143783,153038,181332,166034,128239,154163,133539,135594,
254,176884,162859,156229,172014,68704,11163,10119,153016,177957,146615,171474,152047,64043,98751,37573,74319,113629,147548,127447,166017,131586,117079,96876,70301,161131,171266,169299,160132,56466,48658,46342,38760,169705,152387,178341,153849,105746,47879,42122,126975,166039,154850,166117,176582,81995,38991,128263,160253,162866,142014,163190,182620,127193,108776,113896,134132,137827,134338,177396,162929,96500,134240,102721,134094,
255,173836,151258,152006,154641,50344,9738,8574,151084,175335,140736,168900,146486,50122,69235,31266,51151,81361,142921,113469,161802,104310,84805,69242,49115,149603,168490,166454,155553,45587,39145,39202,33056,159447,145259,175341,149925,74844,40551,35916,124847,159577,150324,162503,172145,58425,35851,100272,157373,127287,131295,160085,174034,98234,79015,80443,129453,129688,108096,172260,159172,68627,106264,73859,130971,
256,171550,134892,142725,133663,39724,7510,6153,144063,173568,133735,165871,137955,43810,44019,28403,35720,60290,139423,96379,157311,60214,51575,44439,35635,133379,165237,164238,148631,41101,34639,35480,30476,142764,134753,173142,145577,51986,36928,32712,118730,149756,143294,155801,166768,42900,34882,57279,151579,98515,115970,157081,163680,56031,47131,51873,110453,115913,83765,167526,154388,44435,60233,45999,125212,
257,168531,103971,123909,101296,38183,6307,5004,134046,170406,119207,161878,117391,42557,39262,28117,33763,46047,128517,71313,145954,46464,45100,39276,33009,103193,158224,159277,132338,40447,33985,34587,29916,116638,113322,168375,136047,47890,35940,32428,108510,129604,126253,140493,155780,40339,34050,45145,143486,70720,89808,151624,139586,44791,41042,46936,88673,90669,59444,154396,143868,40388,46914,40684,117737,
258,160442,68785,90585,68564,37336,5277,4338,113942,162396,90115,153390,85133,41862,37270,27299,32455,39422,103348,48089,119575,39635,42399,37242,31683,68345,140691,147965,102002,39664,33308,34272,29310,80888,81046,158038,112099,45796,36081,31972,89160,96426,96413,108338,128979,38919,33869,39964,125110,55432,59318,135754,99312,39921,38522,45222,64012,60319,44220,124755,117939,38462,41009,38564,99474,
259,145695,50935,63936,53782,36839,4527,3952,88228,151667,63694,137918,60667,41766,36484,27087,32237,37615,76766,37807,89922,37109,41036,36382,31691,50881,114423,129354,75115,39280,33242,33137,29067,58436,58191,141074,84585,45195,35260,31690,66248,69854,70156,78492,97444,38652,33751,37195,99446,50491,44465,111285,71045,38147,37298,44314,47245,43693,39522,92144,89278,38096,38405,37639,77372,
260,115441,42718,46109,46696,36521,4088,3771,65902,123942,43637,106484,43759,40862,36029,27002,31444,37352,50790,32864,60016,36211,40388,35573,30924,42228,80768,95126,53234,38790,32977,33228,28604,45731,43025,108153,57519,44356,34969,30981,50230,50607,48857,54342,66385,38249,33389,36184,75631,48741,37145,78857,53114,37218,36850,43604,38016,35656,37852,63139,60918,37510,37391,37487,57276,
261,85493,40098,39457,44461,36017,3711,3563,49790,94600,37028,79196,38602,40539,35423,26587,30917,36601,40550,31276,46170,35418,39816,35443,30615,39882,59679,68697,43962,38485,32287,33033,28709,42201,37810,78283,43597,43556,34720,31258,38737,43524,40972,44192,51084,38094,32865,36041,57602,47871,35023,58100,47005,36273,36524,43494,33320,32709,37321,49268,47960,37005,36473,37157,43185,
262,58472,38903,36757,43513,35181,3659,3554,41073,65206,33798,54890,36440,40026,35258,26294,31487,35741,35318,30709,39933,34620,39612,35088,30272,38451,46320,48424,38966,37856,31855,32126,28251,40584,35792,55160,37321,43361,34171,30586,32917,40278,36792,40132,43214,36802,32418,35055,45185,47585,33721,45006,44424,35875,35767,43093,30611,31416,36524,43263,41298,36593,36119,36455,34432,
263,46953,38336,35498,42577,35087,3531,3405,36649,51496,32726,44972,35698,39846,34668,26159,30495,35198,33954,30656,38036,34485,38965,34923,29907,37897,42041,41862,37367,37364,31524,32279,28061,40350,34919,45570,35848,42647,33841,30215,30055,38755,35325,39117,40979,36766,31825,34441,40258,46620,33523,40253,43287,35492,35483,42326,28989,30854,36027,41372,38956,35898,35857,36003,30828,
264,41907,37752,35371,41717,34735,3333,3236,34408,44608,32125,40448,35024,39209,34415,25878,30100,35247,32690,30336,37577,33518,38512,34367,29944,37632,39572,39493,36430,36675,31521,32092,27712,39736,34395,41742,35055,42320,33292,30141,28187,38191,34702,37926,39647,36888,31448,34041,36704,46303,32898,38302,42880,34879,35238,41676,28497,30520,35853,40520,38071,35386,35467,35377,28534,
265,39959,37393,34829,41446,34406,3222,3136,33027,41635,31922,38371,35108,38836,33998,25425,29858,35022,32774,29356,37032,33549,37908,33873,29583,37115,38983,37862,36049,37382,31060,31628,27078,39148,33534,40077,34203,41437,32852,29475,27451,37816,33999,37691,38894,36187,31550,33983,35149,45456,32811,37160,42606,34895,35072,41671,27929,30461,35665,40038,37232,35818,34869,35269,27520,
266,38484,37423,34343,40622,33572,3200,3078,32386,39330,31865,37410,34349,38322,33717,25054,29279,34568,32082,29276,36589,33296,37507,33591,29029,36693,37451,37076,35736,36445,30726,30974,26539,38286,33696,39157,33574,41261,32432,29107,26755,37236,33483,37048,37980,35665,30739,33463,33951,45072,32379,36376,41649,34438,34391,40945,27477,29581,34896,39612,37397,34762,34622,34735,26976,
267,38357,36093,34009,40648,33477,3048,2927,31743,39140,31314,36482,33607,37599,33379,24559,29360,34242,31474,28894,35674,32777,37002,33333,28780,36342,37383,36955,35136,35442,30002,30522,26750,38334,33174,38254,33238,40622,32567,29133,26507,36696,33051,36612,37646,35643,30446,33020,33626,44555,32084,35735,41248,33871,34176,40531,27306,29642,34566,39252,36623,34548,33990,34354,26218,
268,37482,36033,33497,40149,33291,2953,2829,31617,38330,30828,36089,33177,37833,32960,24760,29014,33686,31312,28657,35478,32359,36491,32495,27947,35667,36827,35894,34557,35780,29687,30455,26114,37380,32545,37923,32684,40038,31772,28259,26195,36649,32573,36219,37163,35502,29985,32684,32998,44032,31375,35682,40874,33495,33612,40030,27022,29097,34441,38651,36221,34228,33710,33905,26256,
269,37282,35984,33002,39253,32996,2734,2607,31157,37689,30372,35757,33027,36827,32621,24260,28348,33371,31132,28363,35084,32102,36434,32365,27897,35464,36590,36124,33866,35216,29745,30036,25834,37233,32231,37736,32331,39652,31516,28029,26127,35992,32576,35670,37052,34499,29598,32282,32336,43519,31125,34931,40196,33117,33443,39696,26886,28676,33989,38408,35779,33740,33167,33416,26011,
270,36600,35341,32475,38980,32421,2521,2395,30928,37463,29828,34978,32712,36468,31730,23637,28263,32790,30490,27881,34609,31592,35776,31836,27724,34706,36160,35368,33616,34241,29074,29732,25528,36941,32013,36973,32082,39187,31072,27555,25751,35787,31983,35377,36632,34279,29504,31593,32196,42568,30650,34716,39783,32437,32553,39436,26146,28215,33406,37625,35212,33620,33087,33289,25814,
271,36334,34704,32112,38680,32343,2488,2316,30681,36997,29746,34893,32592,36186,31735,23700,27790,32831,30289,27837,34196,31089,35950,31700,27546,34344,35713,35275,33485,34327,28783,29194,25313,36679,31654,36616,31484,38820,30842,27640,25329,35171,31834,35259,36124,33567,29193,31192,31984,43109,30707,34264,39053,32442,32391,38494,25917,27783,33258,37497,34847,33141,32794,32621,25233,
272,35432,34654,31809,38211,31834,2138,1932,30317,36415,29315,34269,32061,35552,31269,23022,27665,32050,29793,27007,33883,30740,35189,30986,26833,34135,35134,35093,33040,33689,28351,28782,24980,36018,31365,36057,31488,38315,30124,26854,25200,34936,31544,34657,35685,33238,28494,30676,31600,41849,30119,33691,38874,31957,32144,38019,25897,27699,32586,36980,34568,32400,31976,32505,24928,
273,35271,34113,31573,37820,31404,1878,1669,29626,36086,29031,34108,31514,35231,30770,23177,27021,31947,29551,26860,33664,30730,34650,30814,26744,33836,35159,34861,32491,33308,28054,28203,24710,35619,31051,35910,30991,37627,29957,26509,24748,34174,31088,34332,35076,32649,28086,30508,31066,41435,29631,33653,38757,31421,31875,37448,25621,27353,32322,36856,34368,32404,31806,31820,24853,
274,34814,33785,31161,36925,30852,1682,1453,30048,35154,28588,33998,31057,34536,30682,22439,26816,30926,29530,26539,33133,29983,34407,30541,26104,33153,34681,33954,32051,32808,27622,27921,23851,35181,30603,35314,30451,37114,29254,26161,24616,34118,30730,33920,34883,31977,27712,30182,30923,40752,29247,32875,37904,30788,31048,37142,25212,27020,31733,35868,33725,31937,31319,31505,24622,
275,34724,33439,30822,37204,30445,1485,1239,29454,34973,28226,33542,30894,34184,30128,22222,26219,30569,28910,26038,32444,29645,33583,29881,25859,32695,34329,33588,31840,31911,27016,27395,23546,34611,30222,35409,30168,36805,29118,25674,24366,33676,30213,33450,34216,32138,27005,30150,30522,40353,29053,32409,37616,30928,31033,36430,25121,26639,31771,35414,33305,31500,30919,31206,24332,
276,34663,33316,30388,36308,29911,1265,1027,28838,35065,27793,32869,30862,33825,29656,21801,26008,30568,28589,25720,32462,29337,33303,29895,25539,32539,33868,33418,31315,31871,26617,27053,23291,34013,30082,34795,30117,36169,28691,25293,23983,33269,29845,33094,33954,31670,26959,29283,30472,40049,28649,31950,37294,30529,30518,36149,24769,26026,31125,34791,33405,30899,30644,30515,24026,
277,33689,32631,30108,35739,29446,1121,916,28765,34548,27657,32487,30338,33235,29384,21469,25666,30125,28385,25654,31744,29143,33030,29108,25120,32118,33275,32742,30970,31225,26313,26537,23021,33874,29635,34129,29448,35563,27980,25235,23964,32924,29566,32933,33328,31210,26216,28991,29902,39581,28217,32340,36463,30150,30161,35644,24322,25827,30505,34635,32567,30630,30291,30417,23995,
278,33514,31978,29599,35847,28857,961,841,28465,33792,27069,31840,30126,31982,28926,20992,24865,29295,27835,25447,31552,28488,32164,28499,24590,31720,33061,32326,30661,30510,25569,26118,22234,33334,28965,33599,29222,35133,27628,24420,23572,32435,29026,32268,33269,30135,25239,28477,29418,38407,27721,31946,36089,29649,29702,34917,24279,25573,29908,34178,32134,30074,29730,30059,23702,
279,33077,31661,29262,34901,28252,853,793,28130,33338,26629,31482,29427,32025,28258,20776,24688,28933,27344,25035,31178,28136,31817,27956,24151,31193,32812,32259,30335,30090,25300,25527,21918,33489,28802,33630,28695,34431,26974,23812,23305,31926,28771,31534,32954,29400,25037,27997,29067,38013,27287,30984,36043,29254,29449,34381,23728,25314,29580,34069,31787,29319,29593,29631,23620,
280,32739,31130,28948,34162,27728,804,773,27849,33168,26577,31447,29050,31335,28031,19954,24090,28460,27427,24146,30802,26862,31287,27749,23827,30700,32022,31446,29962,29037,24719,25080,21842,32277,28173,33200,28347,33704,26125,23619,23211,31387,28611,31756,32221,29091,24260,27748,28908,37576,26795,30930,35143,28466,28449,33543,23496,24784,29211,33494,31359,28927,29004,28570,23138,
281,32061,30621,28725,34095,27513,783,754,27268,32736,26212,30843,28762,30426,27420,19705,23687,27873,26981,23827,30282,25694,30579,26790,23309,30213,31884,30822,29417,28807,24282,24547,21123,31621,27757,32761,28260,32956,25831,22599,22720,30756,28258,31005,31826,28683,23842,27270,28779,37133,26556,30106,34779,28229,28229,33174,23147,24416,28628,32992,31243,28509,28757,28358,22923,
282,31874,30126,28020,33036,26237,784,763,27199,32302,25524,30340,27685,29375,26684,19323,23121,27391,26706,23318,29560,25302,30098,26738,22627,29945,31466,30654,28810,27874,23266,23615,20191,31174,27551,32305,27612,32262,24829,21975,22688,30193,27768,30449,31336,27867,22714,26679,28234,35995,26106,30099,33984,27460,27824,32105,23277,23812,28145,32638,30910,27807,27627,27887,22814,
283,30818,29906,27347,32430,26057,701,670,26729,31838,25210,30259,27529,28666,26043,18416,22729,26834,26164,22826,29533,24860,29449,26411,22232,28905,30786,30474,28729,27188,22528,22632,19643,31021,26864,31439,27177,31614,24185,21070,22472,30481,27412,30183,30624,27038,21048,26326,27997,35418,25728,29562,33135,27273,27071,31455,22839,23308,27572,31834,30073,27322,27030,27212,22237,
284,31203,29151,26522,32388,24976,685,660,26756,31421,24845,29531,27017,28224,25323,17122,22080,26001,25687,22586,28797,24326,28562,25417,21991,28707,30665,29773,27925,26218,21622,21603,18450,30137,26002,31250,26791,30793,22981,19947,22362,29377,26808,29136,30071,26761,18955,25479,27431,34516,24696,28812,32806,26571,26703,31044,22658,23129,26956,31158,29454,26620,26977,26163,22074,
285,30633,28023,26437,31384,24348,654,624,26232,30813,24447,29316,26616,26663,25000,15332,21669,25308,25140,22202,28131,23659,28036,24632,21215,27873,29851,29364,27261,24163,19583,19224,16395,29548,26136,30924,26294,29808,20420,17545,21919,28526,26145,29081,30015,25574,15337,25145,27262,33405,24774,28544,32231,25860,25716,29943,22453,22294,26463,30477,28828,25868,25769,26056,22069,
286,29634,27597,25994,30440,22546,632,599,25900,30563,23870,28633,26065,23262,24185,12377,20339,24132,24522,21784,27724,23411,27245,23527,19685,27249,29038,28796,26644,20445,16492,15417,12811,28933,25527,30103,25691,28501,16663,13922,21528,28390,26017,28464,28914,24352,11649,24645,27031,32512,23586,28122,31154,25257,25096,28357,21535,21874,25741,29823,28461,25042,25585,24896,21500,
287,29557,27622,25472,30010,19635,567,540,25462,30047,23218,28166,25506,19346,22933,9601,18396,22305,24164,20887,27048,22577,25943,22353,17703,27018,28652,28609,26182,16034,13018,11981,9550,28477,24681,29776,25537,27183,12380,10745,21315,27696,25290,27836,28604,21871,8927,23875,26765,31236,23397,27628,30633,24661,23604,26114,21253,21451,24551,29743,27764,23264,24535,23991,20665,
288,28787,25703,24655,28299,13605,553,508,24747,29207,22457,27395,24757,12107,18827,6381,13162,17575,23538,19781,26505,20852,21567,17732,12869,26057,27816,27834,25250,10758,8786,8359,6980,26993,24135,28749,24498,20728,8485,7378,20519,26834,24723,27059,27674,15741,7148,21515,25708,26957,22353,26762,29762,22072,19889,19454,21067,20402,21720,28314,27411,18494,22511,20121,20500,
289,28153,24859,23535,26936,10472,443,399,24382,28685,22089,26823,24005,10012,15004,5775,9696,13358,23231,18372,25596,18391,17506,13854,9721,24562,27537,26867,24909,9108,7501,7044,5907,26163,23517,28297,23984,16211,7431,6759,20217,25630,24031,26372,26944,11797,7038,18988,25167,22928,21249,26445,28821,19430,16051,14959,20293,19459,18557,27866,26577,14752,19950,16078,20060,
290,27314,22495,22740,23932,8506,416,374,24118,27910,21095,26259,22589,8830,11391,5343,7484,9644,22114,15638,24859,14992,13219,10444,7626,22374,26749,26254,24377,8389,6782,6777,5821,23747,22238,27695,23380,12676,7106,6425,20037,24646,22718,25210,26068,9476,6703,15278,24855,17009,19099,25664,26964,15650,12082,11602,19923,17223,14309,26624,25835,11087,16144,12084,19711,
291,26663,18989,21013,20434,7745,353,322,23458,27845,19715,25698,21119,8458,9145,5205,6749,8072,21181,13025,23864,11611,10649,8595,6792,19343,26112,25746,23086,7968,6606,6724,5762,20522,20179,27022,22007,10645,6892,6300,19420,22430,22226,24056,25414,8387,6536,11788,24741,13214,15752,24675,24524,11938,9433,9878,19496,14012,11190,25565,24823,9167,12388,9555,19184,
292,25889,14377,18091,15533,7333,342,308,22813,26900,16773,24794,17829,8236,7828,5247,6353,7485,19518,9490,21796,9388,8981,7673,6355,14619,25445,24995,20856,7764,6358,6512,5568,16209,17198,26254,20384,9961,6930,6169,19336,19420,20337,21697,23096,7822,6502,9543,23991,10872,12049,23941,19735,9630,8369,8981,18330,10340,8767,22439,23129,8213,9827,8326,19078,
293,25037,11002,14810,12283,7122,280,240,22307,25943,13394,24120,14136,7988,7285,4977,6089,7088,16663,7757,19012,7703,8318,6962,6129,11219,23647,23890,17953,7619,6454,6369,5506,12363,13859,25193,18000,9486,6799,6091,18607,15617,16887,18168,20732,7581,6369,8002,23102,10190,9232,22615,15505,8271,7671,8886,16790,8205,7804,19217,20571,7824,8492,7815,18518,
294,23110,8953,10471,10287,7100,262,216,21149,25198,9651,22432,10421,8070,7227,5052,6052,7040,12465,6537,14220,6844,7913,6969,6048,8915,20963,21943,13868,7554,6244,6242,5417,9752,10010,23411,13706,9134,6690,6042,17022,12058,12769,13436,16344,7537,6273,7216,22476,9740,7529,19732,11639,7465,7400,8563,14101,6770,7477,13927,16240,7370,7579,7419,17129,
295,20807,8177,8540,9167,7118,255,215,19855,23777,7859,20130,8643,8128,6917,4948,5716,6851,9762,6100,11064,6627,7887,6783,5907,8057,17362,18997,11226,7655,6160,6249,5375,8829,8282,20754,10751,9126,6491,5907,14973,9696,10208,10540,12981,7566,6315,7000,20963,9434,6904,16544,9973,7233,7185,8351,11352,6189,7151,10886,12848,7312,7088,7314,15436,
296,17201,7618,7495,8871,6909,215,184,17280,21333,7083,16685,7536,7834,6839,4873,5692,6641,7932,5906,8922,6431,7791,6670,5745,7686,13457,15166,8877,7458,6094,6184,5252,8154,7329,16853,8575,8871,6499,5851,12411,8409,8417,8826,10268,7264,6197,6884,18462,9234,6751,13163,9091,7038,7049,8258,8923,5891,7183,9231,10215,7278,7057,7261,13133,
297,13400,7708,7193,8599,6950,200,189,14161,17664,6603,13351,7167,7681,6809,4786,5534,6817,6979,5778,7880,6266,7623,6538,5703,7598,11027,11591,8078,7256,5926,6130,5168,7939,6912,13134,7482,8761,6303,5846,9812,7903,7275,8087,8727,7214,6034,6534,15253,9082,6483,10268,8690,6810,7110,8028,7233,5772,7011,8532,8741,7015,6874,7264,10115,
298,9940,7440,6789,8407,6762,179,170,11077,13279,6261,10073,7019,7717,6459,4620,5622,6643,6566,5807,7464,6224,7473,6437,5715,7365,9024,9178,7446,7170,6035,5994,5120,7782,6591,10117,6948,8677,6255,5483,7815,7598,6982,7621,7879,7137,6061,6512,12018,9056,6380,8487,8478,6554,6957,8105,6300,5629,7039,8080,8043,6891,6783,6883,8019,
299,8727,7414,6583,8319,6640,164,159,9132,10709,6141,8458,6862,7428,6517,4558,5566,6473,6534,5603,7248,6332,7403,6393,5597,7262,8223,8018,7065,7002,5927,5891,5131,7562,6578,8615,6796,8302,6282,5681,6647,7467,6780,7626,7677,6993,5829,6363,9596,9014,6333,7786,8653,6628,6885,7913,5766,5629,6906,8112,7881,6930,6644,6971,6579,
