165,7824,8396,13868,26439,60398,15628,23009,47942,34052,6415,17456,8200,72805,62200,47678,53737,9149,6912,11494,7759,48254,54565,54622,45643,14907,35526,11114,34374,60204,46061,51898,45593,8094,22376,18953,7815,62178,49629,40540,31108,13126,27327,9294,13860,54538,50306,50101,44258,22462,8355,19712,8421,56713,55729,62770,43038,6227,9527,7244,15534,53592,52332,51768,39277,
166,12443,13044,24527,41328,61841,24485,33592,51102,41089,9357,28965,13434,74593,64470,44866,54859,14620,9922,21127,10974,51513,57347,58413,48276,26866,50274,20502,46257,64209,49069,54483,47830,11263,33857,31003,12607,66148,52949,43351,32190,23608,38572,15810,25318,56796,53679,53210,47697,39205,13762,30508,11078,58436,55514,68954,48269,9178,16620,8747,26621,55705,55001,54347,41409,
167,21158,22007,34261,49846,65851,35723,43746,63392,43753,15988,37037,22348,78899,67915,44717,58280,24356,17176,31232,18624,54544,61061,62147,50902,40858,60423,30885,55561,68278,51524,58537,51123,18853,41603,40388,20661,69955,56162,46136,34698,34309,47296,25840,35919,60749,57571,56325,55830,53149,22454,37983,17263,61931,57660,68459,66089,16009,26529,13487,34143,58542,57744,57728,45165,
168,31349,33765,41957,55138,74845,44775,54209,107716,46400,24899,41955,31355,87511,76467,47086,61579,37694,27669,43723,29487,59642,65011,72684,55809,58586,57653,42572,54673,75623,55087,63052,55208,30157,45977,48162,30571,76340,59944,49539,44887,45620,50955,37108,48727,65774,64327,59998,86480,61024,32359,40772,29329,67783,60780,69517,125243,24637,36240,23105,38280,64655,62020,65205,57098,
169,39401,42783,44638,57102,115209,57026,80383,225790,49337,31554,44592,38067,120231,108115,50883,75983,53900,40903,48058,43311,79527,74766,115044,75195,67626,54237,53394,52449,105909,62138,80447,74568,40135,47358,50298,39482,100062,65811,52694,82487,53803,48860,50044,59672,80561,93179,75744,171334,65225,37999,42602,33566,89962,71919,74774,243444,30541,41328,33545,40497,86595,73937,95985,98862,
170,43793,47581,46336,60704,248170,92978,147989,447419,52468,35841,47244,41372,258134,245218,67184,144989,61877,48146,44327,55792,157315,122557,243204,151935,60741,54438,52114,54505,220716,103677,158523,152148,46483,49581,50237,45542,198382,102378,69886,177419,53022,49340,57130,57275,151193,205340,143169,322805,69467,40456,44692,47887,179857,127231,90019,401244,34262,45086,40953,43365,175677,129291,197088,204036,
171,44118,48223,49029,64376,466944,169355,237446,625876,56408,37259,50150,43451,537428,519876,133049,323570,57180,44612,44514,53080,294971,248306,395711,279991,59443,57814,49445,58103,398654,213504,310805,288282,48750,51936,52254,44730,365275,212644,136013,264796,52806,51955,53146,55434,303673,368298,285770,423204,73911,42931,48120,50558,350605,255604,153224,496549,36401,47732,43888,46011,333226,256990,348016,317876,
172,47390,52257,53228,71244,668463,247153,295147,574902,67585,40424,53950,46389,821217,750262,287155,578841,56976,43598,46224,51075,420064,407537,481665,374143,61791,68741,51760,70123,531406,355382,453614,405413,51721,57934,56374,45210,483512,359039,254226,295807,56420,59704,53312,58051,445696,460656,432921,432231,80823,46115,52414,53631,559435,420360,293746,453507,38619,51342,46988,49525,500146,418866,472794,387206,
173,49886,55829,58736,91961,656803,303680,358100,469180,106051,42265,62354,49721,815235,707008,522231,660957,60408,45619,51918,52368,481456,529572,503356,412074,68192,107386,55471,109922,543610,458846,510153,443270,54532,72721,63861,47831,508310,455649,372648,301378,62052,81620,55935,63851,517174,453815,484472,419967,91845,49194,61976,57500,674910,603227,538328,403324,41465,54772,50420,55290,576978,562314,492712,394854,
174,57701,70121,90169,194910,533077,367644,527903,436461,239176,48273,104573,59921,643572,557035,538944,522798,73731,51734,84382,58661,466730,534124,504455,417993,103326,265858,76409,259531,522825,440763,486372,488837,62550,148679,107775,56776,507211,466347,406395,304458,89863,182502,68933,93619,495375,449618,466843,424850,161730,60635,117875,63614,565480,572560,780307,396888,46234,72911,54945,91215,510599,549687,459028,382713,
175,82905,125740,180247,370413,626032,706042,1247159,882068,382073,67799,211575,98710,730795,661884,632057,600859,130427,81879,185209,83073,570398,632558,642100,569217,221099,530378,148282,489838,634156,513944,583911,537768,91427,289375,217292,90427,685018,626730,587020,483627,174197,345124,117206,186994,600456,621514,719180,625941,331575,103716,240200,84854,609715,582479,823711,531698,62999,137765,67179,185529,599529,617623,584063,517305,
176,218457,327661,387294,556715,144887265,129316279,129267918,228335381,485438,184367,407669,251986,168442743,180764297,234244459,174096689,381288,236436,450828,226863,152695156,158340974,173213544,240226070,554489,716253,387804,659599,160311702,129104251,144950538,162685450,254082,491868,445055,242908,204171743,200970115,222240918,240424158,407206,566160,315587,455338,161230228,218659439,256537859,252853874,581824,254483,423453,208319,140981729,125247532,137663722,161096234,148746,309186,143616,360566,150121848,143640291,183006210,186089009,
177,372925,513758,505820,649912,239803222,193276672,183199012,242617577,546489,310312,521508,401938,225978008,240861543,236207059,239802475,656080,467041,556023,459071,200695243,212755337,224515091,270555508,714986,657837,594832,606649,203016152,195878031,186041352,197787096,432446,608422,576179,407257,187066073,181109476,194768654,209660535,566956,594412,523154,659961,187738259,198336675,207919277,230067034,638302,389040,463899,380923,236112761,208964509,210389965,252778617,276329,412596,292079,419157,237911047,221351682,238955551,237208194,
178,534326,704625,632594,885498,298247025,247318586,252599502,285086430,733670,466891,671688,595782,276845949,288416281,254949660,267042447,695755,601379,526092,670434,203001275,211591816,212175105,275517111,708846,606053,664085,581446,203947552,188675859,181905830,191594209,684265,811089,697789,559102,162938585,162444665,169888018,174776216,712581,654535,668470,727920,193164994,170944618,180739837,205807063,751298,464747,487367,537495,287707140,276015086,251279964,323748307,401339,474833,460215,451738,274764349,255272183,254368796,236017883,
179,46492460,43363493,42348658,44977368,337571022,286253462,298564030,316513101,71712706,58977671,43546290,50779801,325251126,331689842,287534757,300230200,55704267,82174505,61495362,47774709,209855537,227142163,217994653,284805870,57735920,52458046,42841179,34661327,214263538,199499717,185213358,191347694,70056256,61926113,54917641,47822590,154877070,160852120,168214934,173542074,48199565,47933853,45484454,54830607,205499005,168323395,177292183,196803473,88730620,55068285,50828780,38622449,315881174,270696963,271725642,319345482,82640946,80731763,54346472,85955743,287549789,263725641,261509529,234367835,
180,172506453,167955665,167097248,172873442,357701665,308522131,322059116,349765360,248167962,212383915,179652845,187945012,351767966,358967556,317545716,328864798,229608161,280014272,216612565,169535834,208563291,222899867,226039321,282739349,201136174,193543097,154474068,198733012,232044839,192614458,192729024,194654204,236384210,219042261,202218101,170502318,166881853,163939324,166753429,162571652,171214090,178184050,170308904,209568707,204987501,173934934,177109395,192799261,299205936,195735575,189957636,144470910,329386568,274654156,284753797,331755890,283660074,290955701,242373006,397808859,292605075,268353733,262651110,285962270,
181,180574226,179933334,177039169,186119274,383588382,330791642,343430845,398740892,211711048,187799574,172890692,174397543,384644928,410930458,370683931,369247043,236590852,232716250,209423776,166315973,218088750,234165335,216855014,280318520,192904120,199373921,170270872,201390126,221072284,197172133,194537331,170726337,232684889,229299411,270943407,214852796,169518477,165570354,173649291,181710400,212356493,217763201,212926900,232919652,227377440,174487968,186004158,189945221,204336665,179871681,181622004,168836230,346557699,311832997,309323422,349471658,214181825,205890960,193864085,204972719,303980239,269842010,269441982,245583946,
182,173159780,179421115,171157323,175436907,388292199,342493579,364195234,451363901,204968047,189552915,208081583,168039010,460147919,493271973,487158966,422784589,240678386,229124684,210840201,171122688,201598670,197085547,201214765,262087162,208608196,232356902,208733070,237290609,200652353,194926733,188129505,202146480,252568575,253453589,335005422,280614409,169832827,166404040,174908591,188376964,273268640,276198948,274800859,269493003,184665145,173150144,187917943,190306494,170788213,169029949,173541358,185657780,345755937,334399974,324005696,359043099,175008894,170864748,171727663,172536116,304654698,276034085,243934006,218098786,
183,176541112,185269156,169040060,178771844,362884408,349042150,367138772,484866031,196271538,193634040,174758615,166998376,474916070,564682702,588184779,503721009,248119687,242362137,235084541,189367683,191274408,195959848,196383826,238620484,231667820,271545912,248593524,259701058,190136677,181696045,178177008,199691584,267843725,260066725,348783162,302871286,168345886,164498535,170208766,182883095,294415869,292827531,282879390,286355203,179834783,169449834,181281074,218453516,165430466,161954907,171350527,193758167,335684885,339618114,324782910,357190690,168807270,165686730,169222483,198708153,299124070,276777166,233678736,216630777,
184,177334810,192638295,171281777,176479322,363958804,358205578,360862940,493568537,196376516,200413402,175300287,169513101,541992742,601911231,632992926,565580179,268976704,272033613,280064538,214889792,176684193,178066500,192167160,223735881,273231753,318884155,285952025,294671118,168174081,167787675,167061138,135898938,275565665,267546146,359397435,309826267,161294588,159526159,161988085,166822019,302543005,292294431,317266982,300417341,164602370,164310076,167168831,173442656,163529424,164153374,171253836,201920399,320760352,346767127,435136541,351549633,167109389,164184166,168406274,164408469,293355848,275731039,213198580,205094239,
185,137847758,200410605,172235578,134064784,353257640,359308583,356954560,489020699,198410337,196970126,177513250,169893642,550391328,593141261,632723497,566822512,297381463,305844325,292188683,243385006,164803914,165921880,190660479,219384506,319904811,356265623,306429541,326274313,160876649,157772996,158277417,165844408,283779719,270095236,371571398,306290801,155555784,154839547,156423227,160419422,311236265,289843626,326045196,176378389,159133093,160238383,158691341,150673634,159745409,162655761,167954794,67550569,311386063,342867160,337102685,322948285,164893207,160691778,165846889,163469660,284639901,357951209,205714473,196803075,
186,171402106,206995017,171235574,173829728,353239589,358988203,384091367,497120741,197446775,197152068,163334554,169507864,551215799,580470039,629074045,570947367,326796565,345081993,335367181,284199689,158396696,158851215,189724471,218285022,364623822,388562289,328636196,345045509,154968816,154698585,154284401,158361517,290559884,267680769,377368095,314143932,153495226,153207989,153520208,152693554,313586521,296319746,464014713,326154524,154011530,157577544,154408142,159057309,159893775,160509549,163343700,195558718,307963708,327911229,338710438,297008879,161003096,159819140,163060487,163612039,270715770,256089930,197996614,187254703,
187,178311638,212992452,166882214,173294060,361135252,371511256,429241252,499732410,197818342,181632809,193963534,168720130,547677916,572268827,624529658,594193387,342827273,377804513,376072767,315590832,156193312,157279723,185069469,212076436,400749539,402865347,335425563,345857654,154198301,153839020,153317669,156492443,289951392,268089775,402780622,453631232,153242481,152959127,153145220,154051064,302464718,306167686,353753207,339506738,153264248,158006651,154110730,156103680,159461899,160331036,164320559,192234173,307178103,322039416,295960838,309733061,160744691,158957635,161644607,156262859,257019407,244834027,191655298,184796105,
188,178756259,215141365,172380133,174660016,376484036,398828838,466299371,497815230,235893449,161227521,174551993,177733763,545105473,568211532,607179713,603112866,406425293,407097537,417032521,352976905,155168650,157016602,180858766,210227173,434650711,406434144,337745415,345645944,153886678,153424028,152919631,156406680,291514271,260614681,377664579,328676721,153057328,152704534,152874907,153089228,325235792,325514364,455762248,337394902,152998649,161187193,153433259,156339977,156061458,161759713,163391281,194161287,312442862,318313783,315583684,307273399,159933563,158245544,161484078,159333756,246164007,235778102,193722489,187896562,
189,181243307,214061369,183151986,181002908,523786535,423360038,459172352,476886102,208182532,142919077,172986954,170643346,521985716,539604549,560241349,564025447,417050624,424684402,430922210,374199953,150407905,152155355,171613364,210820723,447536688,407638616,339023260,347283847,89597592,149432582,148915769,152793734,288719804,267216546,357362580,325802686,148966174,148582959,148727056,148872778,337099463,327815526,358829751,361507208,149145488,158120480,149742587,151371482,159251618,162601518,163831983,188736771,322480730,317882603,352769787,303983926,160897569,159868222,162216906,162334858,239187349,226338511,191112511,187163547,
190,179110656,208103025,174886324,172360436,230875558,264215613,191974818,273470208,206419474,193528399,144139254,170019008,295518453,299311691,310084966,315210083,597012315,439099202,409296935,397206233,88027583,88411919,98231742,119380204,451304889,414340758,343519217,356457323,89798890,87660406,87463310,89369224,289080136,276890258,337852372,332624483,87384413,87191409,87274907,87287094,344512687,337609506,345531958,372369328,87678126,91467665,87744294,88279814,159981032,163051925,163390878,187059758,206666569,193644901,266642143,183945970,159523862,159561176,188541584,160088261,142435270,140862108,112959278,112383379,
191,156405472,187884665,158839083,157161489,52107003,49825016,48777089,48720412,183602719,169791863,156556538,153574533,51605534,51567751,53686054,55675626,424840485,408284459,408691514,372586089,16059827,16115954,17375378,20873394,411056450,406677738,319348388,342683811,16081891,16011000,15992373,16129471,269374357,260698568,334038700,309476377,16001254,15946043,15909235,15825465,328970054,316962153,326098619,375591585,15254315,16419805,16100751,16121357,146136559,148805094,150003552,171104600,38000113,37242016,36469211,34796914,145497997,145898136,148941793,145900694,26748779,24428774,20933203,20386758,
192,28623803,33185595,28507426,28286106,451529,1401180,1393660,414810,32076856,30621581,28878509,27384706,543044,473705,359809,438032,76971970,71494766,71770051,66515979,451796,504535,489641,404750,71929581,68196366,57045206,59904717,505678,412686,467422,406198,47174181,48254141,59156470,57482143,499678,456381,398892,302434,61423988,58383131,59810519,63808562,481509,434212,459248,419982,26274735,26575212,26710788,30799857,469706,436545,546887,375660,26012438,26094279,26806486,26218400,452698,475396,427358,372561,
193,1166732,1287002,1163981,1221192,449792,1397535,1390761,414917,1263692,1138632,1180214,1105759,544580,473048,357622,437487,2537799,2218612,2282247,2188911,451086,504678,488038,403789,2293329,2163712,1913549,2022887,504827,412819,465988,405880,1609592,1665508,2021674,1958694,498779,455310,397528,301047,2139073,1958314,2076834,2199065,478960,434281,458307,418523,1272471,1080498,1112273,1269408,470176,435597,546348,375512,1069442,1102849,1142052,1084742,453052,475150,426246,370359,
194,459147,475182,449636,511749,449470,1389229,1379874,413044,485939,396356,471756,415062,542192,471525,358034,437934,513573,418033,419354,483800,450622,503443,487494,404173,503811,502228,473741,477147,503587,412839,465996,403788,490524,457251,488544,427054,497889,455898,395542,300270,484081,460975,479658,521927,481650,430495,456715,418718,610491,409008,436586,493775,468433,436393,546767,374427,407468,442373,468067,420160,452082,473761,425233,369947,
195,439285,454964,430450,492241,447092,1383476,1361937,412624,466469,377036,453189,393269,540076,472424,357405,436674,449149,364838,363886,432613,450615,501748,484848,401504,450862,447691,428163,430143,503085,410657,465756,404011,461136,422751,447215,385832,498082,455434,396722,300399,437674,415536,433035,474781,479268,433332,455929,417303,588586,390965,418659,476203,467539,435232,542959,374559,388611,424515,450045,401697,452830,472772,425818,369809,
196,438282,454349,429646,491159,448402,1356990,1284266,412914,464538,378631,450977,395096,540177,470383,356721,435146,451314,366020,363361,431104,450502,501384,485644,400572,450205,446484,425978,430375,501088,410684,464885,402579,460048,422824,446001,384246,496562,455067,394695,300117,435615,417376,431994,473063,476442,430795,454706,416931,589362,389519,416956,475539,467505,434448,543001,373611,386945,423561,450701,400682,451122,471727,423267,369448,
197,437675,454503,429511,490891,445628,1263983,1047912,411711,463546,379215,450640,391722,539533,470225,355824,433402,449664,363697,362391,431523,449064,500374,483230,398739,449145,445715,426100,427964,501129,411058,463798,401531,459048,423205,447080,381926,494539,454083,393703,299151,435626,415357,429831,471788,475523,430036,453648,418034,587566,388492,417655,473853,466775,432306,541775,372879,386666,423306,448386,401749,449547,470899,422725,367878,
198,436605,452058,427618,488973,445460,969639,615303,411185,463121,376531,449901,390842,537538,467868,355299,433297,448216,364534,360295,430162,446799,498591,482164,398842,447385,444259,423670,428266,498556,408567,460313,401183,459030,420462,444714,381488,493050,451101,392843,299061,434185,414965,430294,470783,474733,428798,451837,416135,589153,389067,415862,472970,464017,431964,541861,372590,385252,421382,447160,399548,448073,470145,422176,367864,
199,435322,449126,427539,487282,442946,594866,310698,409599,461964,376088,447063,390877,535018,467052,353999,431715,447018,361718,360518,428588,446254,496404,481680,397175,445232,443890,422835,427757,497003,406340,460645,399476,456977,419061,442978,380504,492249,451466,391085,298709,434018,414072,430079,469865,479617,428046,450588,415891,584674,387211,415037,472176,462803,431287,539317,372553,384540,420303,447354,399205,447517,469287,419806,366487,
200,433547,450295,426255,486408,442924,310898,187495,409861,459603,374405,445503,390327,535046,466161,354205,430773,447076,361813,360463,426992,444757,496734,479654,397516,445351,443137,420067,426268,497375,406539,458785,398957,454930,420117,442496,380416,490769,449931,390027,297928,433063,413434,429198,470113,475150,426586,450602,414127,583640,386500,415697,470970,462422,430522,538494,373377,384441,419774,445795,397504,446068,468539,418271,367955,
201,433197,448437,423628,485789,440233,193308,160731,410201,459055,374586,445962,389788,530739,462825,352189,429800,445041,361683,356911,425908,444070,495574,480460,395597,443940,441687,418211,426414,494854,406558,457313,397523,455008,418926,441042,379954,489172,446143,388990,296771,431127,411538,428974,467930,473832,425408,448327,414541,580535,385916,412999,469313,460079,429246,536433,371095,382906,417544,445887,397999,445224,466915,418077,366865,
202,431945,447879,424395,484220,439913,160675,154450,409743,458810,374019,444150,389424,530658,462685,349875,428254,442611,360167,356362,425394,441431,493127,477665,395693,442618,442203,418075,424887,492533,404587,455558,396364,453985,418306,441018,378988,485942,444445,386862,297045,430785,411606,426188,467469,474479,421710,447228,412656,581272,385033,412443,469819,458655,426736,536599,370716,381882,418262,443694,396932,443217,466380,415982,366308,
203,433043,446778,422020,482041,437698,153684,151075,407229,456289,371980,442780,387714,529762,462318,347572,427675,443696,359685,356186,425420,441192,492427,475456,393008,441597,438885,415617,424599,491068,401750,453335,394842,452615,416555,439677,377671,484181,443768,386654,296731,429023,410985,424734,465665,470149,422316,446146,413487,577719,383299,411221,468273,456015,426086,532927,369986,380410,414435,442014,394315,442105,462958,414977,364628,
204,431091,446216,421488,481564,435588,152563,150251,406310,457125,370497,443649,385715,526323,459192,348072,425240,439936,359246,355783,423762,437828,491282,473372,391756,439913,438305,414335,421778,490053,401480,452983,394388,451865,415087,438669,377293,483461,441675,385439,295364,427363,409335,423893,463732,468955,421702,444021,410982,577888,382313,410905,466580,455211,423707,533649,369440,379901,412660,440412,392810,441123,461319,411861,364799,
205,432504,444609,420677,478788,436349,148858,146770,406411,455901,369820,440622,385316,527004,457985,348492,425402,439658,356849,355198,422493,437742,487711,472655,389568,439042,437975,414550,419814,489652,399364,450925,392305,450247,414941,438283,376989,482421,441340,384569,295334,428241,408326,422724,463672,466223,418672,443006,411344,575567,382210,407565,465616,454374,423189,530295,368506,377818,411727,439149,391318,438493,460311,412664,364271,
206,427810,441044,418489,478541,434645,146890,144753,405867,454020,368826,439685,383450,524808,456813,345819,423780,438676,356618,354237,421501,435344,486682,469239,390274,437358,436793,412164,418511,487165,397967,449561,390968,449798,412709,436600,376003,479446,439430,383210,293610,424711,405312,422546,461489,464745,417059,440273,409446,570068,380697,406218,464004,452378,421101,528723,368290,375564,410759,437366,390091,438653,458812,411412,363247,
207,427337,440939,417420,474441,432270,144735,142668,403044,452578,366242,438008,383170,522241,455068,345880,422733,437139,355284,352156,420013,433781,484253,468505,388351,436815,434234,411554,418626,485306,397653,448102,389859,447656,412233,435313,375090,477983,437733,381909,294271,423268,405189,420372,459211,459563,416139,438954,408052,570048,378688,404798,462130,451300,421595,526532,367913,375450,409056,436400,388238,436454,458377,409194,361372,
208,426503,439326,415782,473862,430602,141788,139481,402602,449814,366018,437857,382135,519306,453743,343400,420224,436438,353587,350383,417537,433049,483457,466994,385351,434205,433029,410739,416522,481801,395012,444739,387773,445371,409541,433771,374632,475636,435798,379797,293989,421322,404360,421205,459169,462156,414558,437099,408295,565830,378051,404962,461650,449930,418869,526094,366704,374725,408910,434127,386914,434401,456191,408329,361115,
209,423997,438912,414049,470676,429983,138665,136181,403444,448613,366704,433331,381559,519918,452856,343044,419449,433795,352893,350077,418025,431509,481715,465098,384259,432967,431182,408576,415797,483895,394303,444768,388030,444969,408660,431426,373096,473891,435463,379536,292689,420362,402986,417167,457851,460801,414046,436621,407824,566038,376176,403097,459085,448804,418149,521678,365724,372083,407942,433541,386982,433544,455343,406424,361046,
210,422687,436482,413481,470365,427644,136335,133440,401897,447717,362530,433399,381758,517859,450730,341646,417015,432624,351812,348823,416673,430402,479786,463398,383602,431954,430849,408181,413574,479745,390992,441451,384674,442823,407493,429534,371546,472507,431851,375241,291574,419170,401805,415746,454449,455630,408118,435037,407375,564468,374453,401191,456668,447387,416028,520056,365017,371634,406323,432903,385105,432206,452938,403978,359763,
211,421183,434139,411783,469105,422538,132599,129351,400824,444926,365177,432135,380582,510788,448594,335244,414990,430854,350954,348557,414890,428991,473161,459790,380408,431250,429031,406283,412853,468825,375857,427997,375696,441155,405665,428504,369940,467739,421985,358030,291173,418875,399085,415732,453994,451525,385429,432862,406903,563614,373822,400277,456290,443887,412239,515134,364372,371061,404124,431941,385177,426394,450337,398717,359274,
212,420159,433860,410044,466407,397041,129472,125846,400664,443230,358664,431928,378961,489706,442349,313913,410805,428122,349451,347141,413505,418341,443381,445799,367579,428581,428880,406042,410598,435765,335691,389273,349036,439840,404458,427067,368143,452195,383684,311090,288913,415892,398599,412657,452682,428988,327218,423639,405775,558988,372924,398449,454565,436880,399765,489531,362310,368858,404120,429634,383523,408739,443798,378184,358735,
213,419910,429602,409519,465243,327011,125577,119919,393370,443171,359075,429065,378609,415395,414438,251323,385918,424286,348610,345251,411567,382897,365035,393018,325929,428510,427603,404738,409938,344421,243666,293266,278115,436721,402778,425450,368003,392915,287347,215702,276846,414061,397748,413592,450263,346553,218582,387003,391835,553550,371332,398263,450759,403434,347521,410038,351438,368115,397235,427518,381280,345625,414746,316215,357342,
214,415754,404492,404545,450863,202890,117415,104929,358619,440796,352799,425914,365225,263899,321766,148847,304024,389220,343340,337477,406825,285815,227309,274808,220684,422477,424799,401744,407648,201085,131322,163647,165083,417231,398886,423580,363744,263987,157298,110421,231160,407924,395877,405767,445550,214034,109622,287595,342082,532938,363060,392910,431934,312880,239034,263922,308016,358420,377275,421504,374065,224430,325810,203681,355481,
215,405674,336890,388015,405749,107895,100820,80033,283018,433414,335028,418496,332304,138261,195228,74856,186764,306032,320012,308501,382690,172048,120997,155426,121738,401673,412615,388911,390485,105255,69536,85098,86969,362612,383405,418621,349714,142780,81297,58802,154874,382024,386244,375552,421441,113253,61831,169174,248254,467374,335551,377382,378358,193906,132537,140036,224455,332353,318735,393129,350666,122048,207443,111639,342108,
216,364242,221302,333922,304048,63102,75382,52586,178291,402998,270335,382601,253413,78215,99784,43989,93775,185721,254857,238210,314322,89300,69009,83235,64573,335101,368717,342620,339619,65899,48251,55811,52192,258293,333851,390558,300319,79256,53572,42980,82571,314026,349235,297843,345881,65048,48145,87071,142278,334241,264519,325501,268142,102706,71121,77691,128685,256365,216088,318193,283273,67497,110325,63237,297465,
217,274821,116111,235154,183194,51044,52226,34563,95788,322658,173479,302363,153267,62083,61849,36727,56187,93582,157767,146189,205726,56484,54374,56826,45874,222499,275494,249475,244743,56071,43252,48010,42213,146957,243018,320757,211668,60303,48308,40079,45680,207950,269817,187385,228009,52644,45369,55760,75888,187334,165092,229234,150609,62417,50704,58938,69652,154212,118161,204661,182321,50624,65308,48258,213152,
218,142309,56116,113724,86936,48338,34152,25242,56028,181633,78874,169570,70564,58625,51242,34826,46301,51129,69385,66743,93519,46508,50824,49840,41608,104142,144020,123734,123918,53432,42026,46774,40514,68845,124322,188097,103003,56072,46569,39383,32745,99617,148500,86083,106481,50496,44881,46889,48979,91565,75813,112085,70031,50504,45921,55321,45330,66595,57440,92838,85161,47426,50543,45181,116940,
219,73139,44147,61965,58934,47489,26098,22924,44136,95708,45166,89744,45318,57650,49371,35077,44927,44567,41804,41878,52851,44184,50020,48448,40900,60485,76287,63954,68278,52955,41565,45958,40104,48487,67194,99180,55627,54674,46708,39226,28852,58102,79329,51619,60230,49471,43928,44630,41799,67072,47001,61308,50780,47774,45011,55044,37919,40974,44860,53550,50226,46293,47708,44647,64517,
220,45072,41453,44101,51696,47344,23289,22261,40881,54686,34941,51032,39165,57425,49133,34527,43901,43260,34016,34991,40696,43332,49253,47212,40519,47382,49344,42182,47318,52041,41552,45105,39335,43833,45489,53921,38455,54470,46020,38353,27963,44727,47837,42327,45987,48929,43786,44213,39402,61336,38491,43036,46408,47247,44565,54338,35615,34666,42466,42838,40349,45908,46960,44258,45603,
221,40207,40875,41078,50330,46817,22311,21802,38937,45820,33830,43042,37853,57009,48196,34173,43471,42642,33386,34413,39187,43185,49427,47198,40344,44915,43971,39189,42566,52069,41226,45306,38966,42880,41902,44274,35839,53851,45816,38259,27481,42575,42104,41160,43139,48563,43322,43909,38543,59985,36992,39284,45757,46651,44033,53714,35014,33502,41452,41382,38626,45718,46213,43557,38082,
222,38946,40519,39973,49830,46554,21461,21066,38353,43161,33671,40963,37379,55973,47817,33994,43042,42401,32944,33676,38802,42477,48687,46648,39576,43972,42892,38192,41512,51803,40778,45218,38981,42433,40899,42441,35338,53229,45280,38323,27089,42233,40116,40621,42432,48730,43122,43205,37673,59249,36928,38814,44834,46187,43983,53628,34236,33038,41059,41237,38233,44542,45748,43651,35111,
223,38434,39874,39371,49540,45984,20886,20482,38344,42602,33047,40010,37291,55948,47420,33707,42783,42008,32685,33505,37953,41965,48389,46430,39860,44240,42382,38123,41198,51637,40590,44615,38598,42399,40350,41400,34952,52646,44410,37666,27036,41633,39141,40108,42273,48632,42740,42987,37302,58579,36478,38407,45221,45465,43476,52868,34132,32686,40668,40595,37661,45196,45534,43353,34146,
224,38119,39937,39464,49248,45599,20248,19860,37646,42208,32685,39922,36783,55384,46930,33380,42185,41949,32573,33190,38247,41478,47871,45826,39007,43785,41386,37707,40770,51017,39887,44086,38165,41553,39622,40751,34516,51920,44212,37165,26548,40914,39258,39317,41645,47434,42075,42257,37421,58050,36625,37819,44100,45261,43063,52237,33637,32393,40065,39975,37048,44158,45010,42633,33568,
225,37385,39400,38856,47906,45132,19904,19450,37493,41574,32732,39824,36283,54753,46674,33155,42044,41716,31807,32930,37500,41256,47215,45712,38711,43015,41158,37338,40292,50397,39532,43796,37681,41239,39352,40585,34426,51147,43759,37182,26640,41044,38557,39537,41498,47405,41981,41940,36976,57176,35646,37225,43497,44893,42692,51814,33229,32119,39856,39897,37166,43784,44757,42068,33068,
226,37434,39138,38605,47956,44940,19357,18828,37212,41528,32245,39455,36124,54293,45909,32512,41646,40912,31429,32595,37388,40979,46820,45260,38340,42941,40857,37047,40081,50189,39097,43484,37492,40411,39022,39792,34404,51137,43406,36795,26374,40497,38467,39056,40679,46331,41349,41895,36805,57175,35318,36944,42928,44530,42563,51270,33042,31458,39555,39288,36664,43719,43994,41565,33087,
227,36970,39294,38565,48057,44417,18748,18231,37042,40833,31768,38938,35703,54033,46169,32250,41181,40710,31498,32200,37087,40962,46619,45064,38166,42611,40574,37167,39751,49728,39045,42895,36857,40899,39029,39644,33879,50741,43562,36653,25940,40287,38176,39124,40242,46477,41048,41172,36151,56866,35165,36755,42961,44716,42008,51275,33020,31458,39229,39201,36331,43405,43667,41731,33013,
228,36931,38870,37894,47614,44486,17958,17411,36539,40347,31703,38611,35448,53429,45199,32340,40891,40637,31240,32601,36714,40059,46131,44708,37869,42260,40415,36519,39398,49457,38583,42697,37162,40775,38860,39831,33715,50392,42632,36112,25872,40170,37258,38350,40008,46128,40655,41397,36347,55813,35077,36681,42886,43994,42253,50656,32975,31164,38731,39004,36251,42928,43810,41296,32405,
229,36374,38442,37947,47008,44282,17560,16880,36112,40314,31407,38100,35376,53356,45662,32173,40515,40259,31068,31858,36662,40312,46264,44485,37684,42109,39933,36574,38777,49127,38531,42256,36831,40060,38283,39250,33301,49624,42230,35888,26062,39582,37304,37974,39557,45315,40349,40505,36257,56032,34953,36152,42660,43796,41970,50336,32404,31004,38602,38460,35647,42849,43590,41113,32549,
230,36321,38073,37170,46523,43365,16250,15316,36246,40025,31003,38247,35135,53002,44661,31734,40164,40261,30875,31386,36139,39779,45107,43718,37342,41819,39665,35778,38771,48586,37889,42546,36424,39818,37600,38940,32804,49572,42270,35862,25691,39192,37152,37882,39318,44843,40156,40249,35749,55518,34495,36253,42166,42984,41308,50333,32555,30648,38477,38275,35449,42295,42939,40483,32152,
231,35775,37617,37145,46509,43143,14855,13249,35823,39523,30860,37489,34805,52853,44357,31115,39551,39390,30156,31366,36019,39262,45074,43277,36647,41136,39162,36149,38782,48219,37539,41985,36110,39815,37557,38723,32937,49168,41765,35378,25345,39241,37045,37869,39212,44680,40201,39888,35448,55231,33901,35511,41780,42992,41086,49540,32494,30349,38235,37992,35098,42336,42602,40309,31859,
232,35835,37275,36891,45545,42894,12571,10355,35780,39571,30383,37721,34360,51921,44531,31022,39332,39249,30366,30904,35638,39098,44975,42697,36583,40990,38870,35132,38256,47679,37290,41471,35925,39069,37332,38615,32632,48702,41670,34897,25212,38800,36271,37044,38912,44733,39544,39687,35171,54799,33607,35428,41372,42756,40731,49224,32127,30213,37864,38121,34796,41837,42456,39871,32052,
233,35290,36881,36934,45695,42624,9895,7723,35302,39297,30357,37060,34186,51289,43651,30835,39179,39333,30198,30851,35308,38915,44374,42393,36369,40572,39000,35530,37724,47441,36974,40987,35270,38782,37370,38092,32372,48316,41298,34380,25343,38234,36252,37152,38440,43938,39272,39652,34825,53611,33620,35036,41002,42216,40366,48813,31580,30082,37612,37628,34738,41089,42012,40154,31735,
234,35025,36755,36300,45137,42408,7459,5518,35490,38731,30024,36786,33810,51193,43648,30492,38970,38473,29328,30426,35162,38401,43871,42130,35625,40047,38704,35005,37562,46776,36449,40671,35198,38711,36520,37799,31620,47917,41008,34374,25201,38063,36034,36909,38204,43501,38593,39396,34654,53714,33259,34739,40922,42018,40163,48428,31626,29767,37277,37031,34440,40644,42028,39188,31395,
235,34525,36395,36136,44433,42065,5585,4162,35113,38414,30017,36455,33772,50526,43006,30276,38449,38370,29594,30585,34550,38296,43368,41989,35612,39771,38263,34491,37144,46345,36411,39725,34673,38130,36925,37696,31876,47397,40162,33935,24703,37749,35653,36395,37817,42977,38390,38759,34385,52423,32870,34294,40106,41912,39543,47815,31041,29213,36713,36742,34643,40175,40983,38749,31137,
236,34360,36328,35420,44041,41076,4521,3702,34758,38023,29587,36098,33202,50433,42603,29927,38524,37885,29316,30305,34354,37757,42990,41297,35326,39511,37715,34358,36948,45938,36070,39321,34079,38096,36084,36996,31210,46602,39775,33186,24374,37579,35597,36089,37154,42347,37591,38191,34286,52539,32364,34308,39681,40656,39089,47091,31257,28909,36131,36221,33659,39964,40592,38461,30908,
237,34010,35299,35039,43905,41020,3947,3649,34415,37597,29320,35849,32920,49292,42264,29427,37849,37170,28745,29681,34066,37162,42320,41346,34843,39375,37105,33898,36683,45009,35375,39058,33954,37178,35680,36744,30841,45886,39135,32728,24404,36891,35574,35725,37332,42350,37331,37864,33908,51901,31900,33719,39384,40839,38818,46505,30646,28681,36218,35516,33542,39416,40450,38226,30644,
238,33916,34990,34799,43394,40760,3571,3451,34341,37303,28789,35632,32331,48763,41572,29049,37353,36518,28282,29091,33549,36540,41603,40083,34050,38773,37093,33401,36366,44104,34783,38302,33292,36277,35150,36488,30875,45726,38891,32644,24343,36595,34728,35259,37035,41896,36813,37235,33666,51202,31828,33214,38469,40111,38319,45855,30369,28420,35216,35376,33008,38844,40113,37765,30612,
239,33387,34326,34093,42731,39635,3381,3279,33741,36764,28715,34941,32300,48174,41033,28744,36498,36104,28505,28821,32979,36200,40933,39685,34093,38251,36533,33066,35698,44395,34291,37848,33020,35945,34948,36208,30363,44789,38025,31888,23943,36323,34149,35233,36074,41089,36000,36788,33244,50523,31629,32897,38284,39518,37819,45143,30509,27984,35081,35072,32571,38241,39385,36913,30242,
240,32822,34129,33780,42533,39003,3474,3364,33426,36619,27636,34654,31414,47210,40275,27555,36274,35703,27286,28370,32633,35448,40250,39585,33362,37620,36042,32645,35543,43393,33940,37193,32331,35790,34817,35319,29886,43824,37935,31462,23329,35829,33979,34158,35653,40075,35152,36106,32939,49351,30660,32640,37678,39130,37403,44958,30122,27443,34486,34143,31800,37762,39078,36981,29878,
241,32519,33477,33396,41592,38548,3230,3146,32949,35927,27666,34156,31520,46766,39803,27439,35636,34892,27343,28143,32169,35014,39547,38583,32862,37344,35770,32258,34798,42589,32860,36532,31990,34885,34523,34932,29890,43696,36958,30610,23416,34979,33437,34041,34885,40081,34911,35340,32562,50252,30396,31741,37036,38835,36706,43670,29388,27031,33962,34172,31752,37257,38109,35968,29585,
242,31763,32762,32901,41359,37655,3092,3005,32728,35655,27331,33940,30593,46085,38996,26750,35290,33887,26823,27517,31444,34333,38694,37773,32335,36603,35106,31884,34129,41990,32025,35227,31300,34521,34058,34639,29225,42504,35634,29077,23269,34764,33267,33285,34742,38697,34023,35184,31979,49039,29925,31499,36096,38130,35885,42800,29404,26126,32967,33373,30814,36427,37686,35276,29194,
243,31248,32133,32254,40291,36673,3122,3017,32322,35049,26963,33227,29629,44918,38794,25526,34319,33109,26137,27015,31061,33841,37951,37276,31624,35896,34418,31259,33672,40332,29467,33830,30336,33546,33340,34213,28590,41829,33678,25827,22848,34202,32567,32492,33948,37548,31725,34407,31796,47645,29094,31325,35179,37385,35075,41021,28963,25781,32363,32480,30879,35715,37034,34361,28979,
244,30403,29372,31827,39464,35279,3020,2915,31834,34388,25884,32451,28812,43700,38054,23207,34217,29998,25709,26628,30201,32916,35543,36069,30603,35238,34379,30447,33225,38537,25699,30180,28604,31041,32652,33692,27608,40106,30146,21148,22217,33389,31913,31674,32868,35267,27532,33413,30934,46495,28647,30482,32837,36562,33968,37403,28549,24517,30829,30721,29855,34095,36108,33227,28602,
245,29825,25475,31036,37944,32275,2865,2758,31734,34077,24177,31595,27120,40425,37338,18596,32841,23621,24028,25341,28891,30868,29914,33495,28473,34610,33576,29567,32615,33323,19052,23387,25007,26613,31961,32871,26986,37215,22880,14414,21742,31735,31677,30465,31949,30257,21022,31571,31002,42441,26727,29719,27739,34896,31780,29981,28142,21538,27027,27667,28482,30536,34511,29925,28135,
246,26702,17152,28603,33919,26027,2847,2703,30901,33269,19784,30730,21633,32548,34523,12315,30053,14639,20175,21607,24222,25817,21014,28171,23144,32048,32598,27897,31344,24379,12207,15305,18380,18926,30551,32289,24401,29632,14263,8808,20088,28253,31235,25384,28669,22234,13171,27115,29518,34724,22713,28151,18858,31495,24988,19842,27229,15087,20099,21424,25534,24566,30480,23630,27946,
247,22565,10950,24851,27751,17922,2540,2387,29899,32137,14640,28786,15707,22957,29607,7778,24299,9182,15077,16699,18498,18909,13723,20488,16699,27034,30786,24452,29457,16033,8110,9673,12163,12243,28440,30006,19952,20832,9300,6456,17427,23258,29454,19395,23221,14418,8937,20438,27534,24937,16867,24906,11953,25439,17455,12801,26370,9872,13460,14427,20619,17019,23985,16355,27602,
248,15746,7014,18760,19590,11525,2365,2107,28257,29176,8951,24458,9725,14360,21839,5584,16566,6660,9305,11236,11856,12260,9368,13174,10607,19526,26734,18209,25293,10539,6450,7513,7632,7898,23520,26388,13918,13535,7232,5816,12895,16312,26671,12367,16585,9449,7205,13400,23050,16181,10813,19677,7805,17868,11168,9101,23821,6080,8648,9044,14237,10844,16294,10761,26917,
249,9762,5677,12132,12991,8389,2043,1731,24947,24786,5789,18377,6598,10227,14361,4864,10502,5914,6017,7309,7564,8275,7541,8884,7310,12704,20448,12053,18668,8533,6064,6702,6261,6164,17116,20506,8839,9639,6766,5316,8470,10678,21764,8053,10390,7590,6486,8592,16969,11166,7084,13143,6470,11797,7853,7889,19860,4645,6506,6376,8942,8112,10850,7532,25883,
250,6004,5354,7348,8428,7101,1538,1234,18842,16384,4628,10964,5181,8812,9236,4793,7310,5625,4601,5030,5492,6557,6887,7119,5942,7813,12672,7078,11663,7879,5806,6317,5739,5592,10229,12579,5671,8481,6532,5418,5477,7049,14228,5691,6548,7075,6318,6819,10823,8831,5231,7831,5955,8190,6648,7477,13493,4052,5758,5387,6074,6918,7525,6750,24145,
251,5067,5184,5800,7327,7067,1339,1091,12974,10807,4222,7367,5081,8660,7505,4532,6347,5614,4173,4630,5092,5980,6799,6608,5797,6513,8397,5519,7885,7729,5788,6260,5599,5411,7246,8306,4868,8209,6265,5266,4147,6082,9383,5543,5761,6976,6348,6160,7622,8395,4936,5909,5788,7003,6357,7426,8937,3923,5590,5249,5271,6542,6681,6319,20475,
252,4877,5124,5346,6995,6846,1106,856,8954,6965,4142,5789,4864,8212,7141,4587,5890,5585,4048,4545,4850,5710,6721,6543,5648,6057,6362,5049,6281,7587,5635,6249,5334,5411,5724,6071,4576,8224,6213,5244,3853,5600,6502,5361,5413,6899,6202,5953,5981,8437,4700,5223,5682,6463,6215,7375,6559,3996,5531,5111,5105,6580,6446,6309,15714,
253,4732,5150,5205,6912,6558,934,738,6629,5941,4032,5384,4891,8113,6811,4593,6050,5456,3985,4377,4780,5652,6780,6286,5480,5958,5846,4772,5788,7488,5560,6172,5304,5404,5456,5590,4594,7872,6100,5177,3604,5482,5581,5437,5381,6883,6149,6057,5221,8051,4840,5044,5678,6344,6072,7176,5242,3990,5445,5106,4955,6332,6298,6171,10587,
254,4549,5132,5123,6613,6753,790,690,5512,5611,4074,4916,4868,8165,6874,4588,6003,5345,4122,4331,4847,5608,6378,6252,5340,5992,5637,4816,5504,7215,5686,6038,5355,5213,5469,5329,4457,7686,6243,5070,3431,5520,5292,5171,5210,6808,5879,5811,5037,8171,4650,4833,5763,6417,6109,7122,4738,3869,5483,4994,4903,6292,6200,6097,7012,
255,4556,4977,5092,6703,6557,650,609,5194,5496,3933,4922,4691,7979,6807,4428,5772,5446,3957,4161,4730,5501,6469,6357,5299,5861,5456,4814,5489,7301,5442,5996,5071,5341,5331,5234,4438,7831,6055,5111,3447,5385,5218,5051,5256,6647,5880,5724,4740,7883,4689,4865,5711,6192,6082,7197,4571,3792,5321,4969,4736,6246,6216,6080,5530,
256,4596,5025,4971,6651,6477,604,587,5061,5315,3893,4990,4628,7992,6585,4333,5843,5207,3917,4337,4650,5471,6372,5949,5378,5995,5491,4664,5376,7002,5351,5825,5197,5209,5187,5194,4322,7650,5946,5034,3362,5293,5252,4919,5124,6448,5789,5724,4849,7994,4611,4962,5627,6162,5857,6899,4517,3780,5225,4930,4937,5963,6015,5904,4499,
257,4461,4811,5013,6556,6329,554,543,4928,5387,4033,4929,4806,7855,6636,4208,5641,5170,3964,4242,4526,5439,6470,5997,5215,5862,5422,4760,5470,7085,5308,5840,5075,5230,5274,5153,4196,7479,5915,4927,3401,5384,5128,4935,5180,6415,5839,5555,4724,7898,4710,4815,5489,6211,5984,6857,4343,3825,5301,4737,4913,6124,5920,5869,4509,
258,4532,4821,4999,6445,6402,592,561,4966,5263,3932,4715,4603,7780,6303,4289,5599,5148,3877,4106,4575,5438,6258,5956,5201,5834,5271,4519,5134,6942,5219,5716,5051,4978,5160,5161,4209,7191,5840,4809,3331,5196,5053,4883,5060,6517,5779,5316,4667,7863,4517,4640,5527,6050,5880,6717,4313,3695,5111,4875,4824,5761,5729,5771,4279,
259,4446,4718,4885,6449,6338,519,499,4879,5246,3874,4722,4541,7868,6379,4143,5466,5123,3849,4023,4429,5218,5937,5954,5073,5658,5325,4423,5267,6891,5086,5786,5012,4976,5079,4941,4309,7230,5752,4900,3365,5258,5030,4990,4831,6309,5586,5591,4537,7689,4479,4645,5345,5976,5690,6731,4316,3607,5071,4877,4694,6003,5847,5855,4361,
260,4459,4612,4693,6260,6172,503,480,4808,5157,3851,4814,4492,7724,6447,4095,5544,5076,3773,4095,4465,5200,6045,5781,4961,5466,5238,4464,5288,6906,5189,5555,4954,4956,5021,5042,4026,7165,5677,4684,3215,5076,4872,4785,5009,6244,5703,5261,4561,7489,4376,4491,5166,5839,5683,6616,4270,3540,4995,4602,4672,5964,5711,5680,4264,
261,4251,4716,4685,6378,6048,503,491,4780,5171,3747,4593,4382,7660,6315,4101,5450,5007,3751,3985,4439,5048,6082,5837,5019,5528,5288,4459,5066,6750,4976,5486,4856,4851,4922,4767,4179,7034,5737,4705,3230,5054,4851,4714,4934,6181,5636,5311,4520,7221,4287,4607,5005,5893,5674,6505,4313,3551,4911,4806,4608,5804,5693,5712,4153,
262,4145,4570,4472,6181,5991,508,481,4682,5197,3806,4733,4359,7334,6142,4077,5292,4790,3740,3992,4224,5085,5916,5703,4943,5410,5054,4344,5105,6565,5032,5310,4775,4869,4872,4750,3964,7007,5735,4583,3141,4913,4704,4733,4709,6069,5551,5348,4468,7313,4208,4467,5126,5738,5612,6405,4172,3452,5008,4555,4624,5760,5840,5611,4125,
263,4154,4488,4559,6054,5758,429,409,4751,4996,3649,4553,4382,7253,6029,3985,5420,4994,3642,3881,4236,4992,5901,5729,4900,5253,5126,4245,5054,6567,4999,5315,4789,4673,4839,4703,4004,6827,5453,4467,3069,4871,4897,4603,4610,5927,5496,5099,4451,7293,4230,4425,5001,5844,5468,6380,4224,3451,4848,4467,4544,5736,5557,5523,4277,
264,4149,4475,4548,5982,5875,421,405,4667,4934,3638,4536,4396,7162,5814,3894,5346,4715,3604,3945,4215,4913,5817,5604,4751,5195,4973,4256,4991,6377,4870,5134,4629,4553,4732,4637,3941,6798,5436,4423,3143,4914,4757,4624,4619,6004,5436,4936,4390,7176,4283,4168,5094,5618,5473,6254,4077,3374,4735,4480,4312,5500,5577,5606,4038,
265,4032,4453,4505,5985,5672,352,313,4590,4968,3536,4426,4151,7044,5957,3942,5240,4879,3628,3794,4251,4882,5763,5467,4809,5320,4870,4347,4830,6341,4741,5313,4641,4645,4722,4771,3923,6805,5191,4248,3021,4806,4797,4602,4567,5919,5195,5116,4319,7238,4186,4241,5006,5486,5354,6288,4067,3346,4771,4414,4321,5568,5433,5388,4145,
266,3969,4315,4457,5985,5712,316,275,4505,4769,3551,4364,4024,6983,5920,3838,5060,4579,3417,3677,4208,4899,5765,5381,4656,5070,4770,4193,4737,6334,4853,5036,4495,4422,4678,4635,3897,6681,5210,4355,3002,4744,4702,4493,4407,5827,5161,5008,4224,6826,4150,4203,4885,5414,5210,5971,4032,3297,4598,4311,4318,5478,5204,5308,3971,
267,3996,4198,4337,5853,5568,223,193,4437,4805,3440,4260,4130,7039,5812,3735,5041,4550,3502,3703,4009,4723,5368,5362,4730,5055,4849,4157,4726,6070,4549,5186,4407,4420,4612,4665,3792,6595,5205,4152,2967,4765,4545,4402,4497,5649,5010,4964,4292,7017,3925,4265,4778,5470,5209,6158,4001,3249,4538,4355,4198,5313,5281,5276,3926,
268,3877,4183,4240,5634,5521,227,189,4357,4688,3274,4350,4101,6912,5861,3729,4912,4348,3492,3636,4010,4594,5500,5290,4571,5054,4848,4043,4586,6008,4554,4983,4532,4343,4410,4516,3612,6348,5024,4162,3025,4566,4464,4236,4402,5697,4949,4843,4137,6741,3845,3960,4686,5359,5150,5796,3885,3215,4472,4090,4119,5237,5004,5172,3988,
269,3881,4271,4310,5554,5499,186,149,4281,4628,3257,4167,3935,6709,5690,3527,4834,4525,3400,3558,3959,4637,5226,5090,4445,4876,4635,4039,4571,6135,4425,4818,4450,4155,4372,4422,3622,6290,4927,3983,2935,4580,4448,4216,4334,5453,4843,4727,4227,6649,3830,4081,4513,5304,4995,5704,3803,2959,4386,4098,4061,5084,5098,5134,3931,
270,3908,4016,4161,5562,5318,175,146,4444,4502,3225,4163,3875,6532,5593,3578,4717,4278,3275,3449,3770,4447,5142,5042,4192,4788,4603,3923,4449,5913,4332,4855,4290,4232,4208,4361,3646,6107,4854,4036,2866,4408,4405,4189,4134,5491,4708,4536,4004,6406,3874,3954,4428,5090,5012,5659,3918,3049,4360,4005,3944,5024,5073,4883,3871,
271,3664,3894,3945,5298,5207,154,136,4322,4579,3210,4030,3825,6526,5498,3457,4722,4140,3166,3455,3666,4445,5063,4938,4264,4676,4600,3851,4491,5689,4211,4688,4271,4064,4359,4288,3548,5981,4898,3853,2969,4243,4358,4111,4108,5447,4611,4446,3979,6349,3760,3935,4341,5112,4862,5450,3765,2995,4222,3963,3930,4922,4948,4742,3772,
272,3634,3730,3915,5318,5116,124,115,4181,4360,3081,4041,3622,6253,5217,3376,4577,4046,3008,3342,3599,4483,4967,4842,4128,4695,4615,3801,4376,5556,4180,4554,4075,3921,4206,4175,3432,6015,4655,3661,2718,4094,4215,3974,3939,5179,4515,4468,4053,5995,3367,3724,4290,5085,4823,5403,3775,2839,4136,3777,3860,4764,4749,4743,3723,
273,3548,3616,3783,5207,4912,124,117,4177,4298,3035,3934,3615,6089,5282,3125,4562,3804,3013,3293,3501,4253,4875,4731,4166,4648,4446,3739,4323,5437,3889,4478,3945,3753,4237,4154,3397,5860,4407,3549,2803,4196,4191,3872,3956,5040,4411,4319,3852,6108,3575,3832,3998,4814,4617,5347,3791,2775,4033,3583,3781,4721,4805,4641,3773,
274,3497,3330,3773,5138,4993,124,119,4061,4177,2881,3824,3377,5998,5175,2986,4415,3476,2896,3134,3461,4187,4491,4601,3919,4479,4176,3554,4322,5180,3597,4031,3818,3454,3985,4064,3273,5567,4022,2937,2748,4052,4165,3732,3907,4979,4164,4193,3750,5947,3346,3639,3543,4760,4512,4690,3623,2431,3777,3457,3664,4619,4591,4291,3630,
275,3440,2795,3680,4942,4737,106,106,3955,4119,2678,3598,3287,5793,4896,2701,4321,2776,2780,3027,3304,3987,4269,4523,4045,4290,4207,3617,4056,5125,3044,3642,3580,3032,3949,3963,3140,5387,3499,2218,2709,3894,3935,3622,3785,4534,3558,4062,3751,5452,3246,3530,3028,4745,4491,4222,3521,2198,3412,2980,3494,4375,4601,4279,3661,
276,3061,2081,3538,4701,4534,93,89,3965,4011,2357,3597,2767,5568,4992,2286,4205,1778,2426,2840,2955,3924,3691,4273,3592,4139,4067,3380,4035,4501,2311,3005,3274,2187,3972,3903,2912,5088,2742,1604,2488,3616,3922,3234,3526,4167,2947,3902,3746,4936,2868,3421,2040,4475,3997,3449,3460,1486,2770,2244,3250,4116,4441,4039,3518,
277,2720,1472,3295,4280,3981,103,98,3867,3991,1858,3467,2275,5252,4628,1669,4080,1192,1948,2359,2407,3438,2931,3935,3311,3755,4057,3158,3877,3919,1670,2159,2760,1616,3788,3718,2629,4661,2061,1141,2515,3110,3811,2740,3122,3362,2145,3623,3627,3983,2354,3251,1478,4278,3633,2544,3387,1003,2050,1659,2945,3648,4180,3715,3464,
278,2033,971,2759,3586,3331,78,73,3774,3783,1129,3213,1439,4078,4523,1027,3588,945,1317,1787,1579,2696,2071,3189,2624,3097,3823,2672,3573,2749,1143,1505,1998,1086,3460,3577,2008,3678,1386,988,2280,2574,3726,1880,2419,2397,1532,3005,3459,2779,1624,2959,1039,3897,2727,1665,3321,724,1352,1055,2244,2760,3413,2714,3388,
279,1486,931,2144,2744,2390,95,93,3851,3560,755,2837,1049,3119,4023,919,2982,903,915,1219,1067,2061,1589,2397,1951,2500,3401,2072,3376,2005,1022,1155,1437,835,3149,3104,1350,2731,1171,858,2045,1887,3374,1348,1687,1645,1227,2309,3151,1999,1135,2304,922,3208,1997,1301,3333,575,1024,857,1671,1972,2771,2101,3399,
280,959,735,1541,1947,1710,68,64,3682,3366,699,2248,847,2156,3249,757,2167,890,711,919,869,1461,1247,1682,1413,1691,2903,1443,2792,1552,994,987,1100,851,2548,2616,1019,1977,1079,850,1585,1341,3187,963,1241,1270,1066,1648,2912,1635,908,1687,919,2332,1428,1250,3273,558,903,763,1141,1454,2023,1508,3301,
281,729,786,1037,1449,1373,66,60,3386,2817,694,1597,742,1682,2429,739,1493,860,603,721,758,1056,1137,1238,1107,1223,2194,984,2136,1340,947,1033,922,826,1706,1904,779,1533,1065,860,1117,1014,2651,854,883,1259,1074,1214,2402,1410,760,1268,913,1779,1202,1161,2846,522,882,740,923,1217,1439,1208,3193,
282,681,770,867,1192,1190,57,50,3076,2021,610,1161,757,1454,1619,705,1120,805,625,622,695,962,1047,1059,987,1006,1503,813,1480,1280,829,1038,868,810,1224,1237,703,1372,1041,862,762,932,1850,787,813,1132,997,1004,1806,1364,739,923,833,1308,1086,1145,2408,532,830,739,792,1059,1144,1169,3079,
283,705,734,788,1086,1157,48,42,2640,1361,569,866,682,1468,1395,682,1010,852,635,680,688,897,1014,1064,853,1015,1132,754,1066,1255,864,965,879,855,1010,951,682,1336,919,850,679,877,1313,793,829,1057,1010,969,1273,1224,727,809,886,1083,1029,1072,1955,522,897,683,803,1009,967,1063,2927,
284,657,662,780,1154,1090,40,35,2137,1012,625,779,723,1381,1170,685,1038,788,585,665,686,842,1068,986,858,931,898,762,906,1181,902,945,913,741,837,889,636,1344,989,781,545,793,1018,789,742,1085,993,872,963,1252,694,742,824,1090,972,1145,1347,495,856,744,768,1075,977,1077,2693,
285,652,699,764,1085,1095,48,40,1464,901,548,728,727,1338,1118,731,983,799,563,604,686,872,1080,983,889,921,872,728,863,1175,852,958,838,709,808,801,631,1377,959,760,551,826,817,724,787,1111,963,864,835,1279,693,728,782,1028,939,1082,1042,513,808,714,756,1067,1010,999,2245,
286,690,697,765,1011,1066,40,37,1030,874,601,727,711,1353,1180,718,897,794,614,626,677,818,1037,932,834,912,836,690,844,1192,923,949,860,743,838,806,638,1338,995,779,525,804,818,733,726,1096,924,917,720,1269,714,705,771,1028,1008,975,847,483,825,721,690,1041,960,982,1695,
287,628,689,733,1049,1051,28,21,915,821,575,697,725,1339,1055,693,926,747,559,569,672,810,921,960,837,889,831,705,830,1219,879,926,792,710,829,769,602,1293,959,762,527,821,779,743,747,989,944,843,683,1213,691,740,764,952,962,1058,705,489,793,657,686,988,953,958,1221,
288,634,674,684,1022,1010,27,25,774,791,565,707,686,1321,1126,645,867,756,548,584,680,842,969,928,854,832,766,662,853,1203,810,930,777,752,820,811,590,1187,931,704,484,743,773,717,713,1043,918,865,710,1189,692,670,734,992,949,1036,689,526,757,711,746,996,930,979,823,
289,586,690,696,984,1072,21,20,795,784,561,689,633,1303,1126,629,919,746,574,607,601,806,952,949,820,866,739,652,738,1156,795,885,793,747,779,796,584,1247,970,722,501,744,836,723,745,1003,928,821,742,1164,622,762,745,999,959,1031,672,473,757,668,713,943,950,927,732,
290,635,708,684,899,1025,18,16,768,774,521,647,659,1208,1069,580,874,760,540,574,593,788,938,930,808,898,774,669,764,1075,828,852,795,676,758,723,618,1222,898,694,522,736,777,708,678,1003,911,824,665,1066,590,705,692,957,898,1003,660,469,716,623,680,941,892,941,711,
291,633,656,711,1060,1033,20,21,756,818,520,660,687,1281,1055,572,868,690,529,618,668,816,943,956,800,843,794,633,797,1049,794,878,776,682,757,666,588,1239,905,748,495,746,752,718,679,1000,846,771,648,1089,651,666,710,926,822,967,625,489,731,655,663,937,920,981,654,
292,595,666,675,940,1007,11,9,722,727,519,634,600,1233,1015,609,812,695,530,598,608,733,909,846,826,825,782,628,714,1099,792,843,765,655,724,709,563,1175,831,654,444,786,750,659,706,994,890,778,691,1113,621,687,713,947,914,998,709,477,683,629,680,872,832,893,657,
293,577,595,688,965,987,16,17,695,703,513,615,611,1284,1053,567,853,694,517,551,600,755,970,849,794,810,751,664,747,1103,749,841,787,674,740,735,574,1158,859,731,498,715,697,673,662,916,886,816,607,1060,614,631,716,888,913,939,615,465,719,643,673,830,890,851,657,
294,548,613,640,895,909,21,18,736,722,494,662,586,1137,943,604,797,636,490,544,571,738,840,814,741,782,766,591,693,999,733,805,694,618,708,745,598,1182,800,717,463,723,690,666,661,902,850,810,630,1090,560,604,697,809,857,977,635,424,673,639,628,889,834,899,687,
295,547,603,617,875,950,12,12,715,678,483,591,578,1119,1035,585,782,691,501,518,564,737,848,839,698,780,739,650,740,1004,726,814,687,647,757,652,541,1118,816,681,458,682,704,672,604,892,857,789,607,1097,595,623,664,835,806,908,635,454,703,563,651,890,863,848,609,
296,520,625,629,956,921,15,16,720,735,495,623,588,1140,902,587,766,617,444,552,570,687,876,801,703,722,698,566,730,995,689,818,693,583,696,656,501,1073,828,651,424,683,670,657,655,874,801,713,600,1022,551,644,653,858,799,836,642,386,673,601,629,859,829,879,601,
297,491,557,606,908,884,14,15,734,733,466,562,596,1081,928,579,824,629,449,547,525,695,791,810,681,711,680,517,698,1018,776,772,664,624,704,640,499,1106,777,612,452,666,700,565,596,934,741,772,619,1014,574,657,660,812,836,874,620,399,689,572,642,898,778,779,650,
298,503,559,672,909,827,10,7,653,686,445,537,549,1028,863,529,822,612,526,528,524,689,873,802,746,695,763,553,677,998,665,755,667,573,704,689,518,1022,792,605,435,633,697,606,609,866,776,725,677,971,569,641,632,884,804,862,653,372,617,494,600,826,795,833,610,
299,511,553,593,842,881,11,13,646,709,414,578,537,1129,887,585,779,621,413,469,529,716,762,832,650,739,697,570,701,958,653,706,653,572,612,615,519,1037,753,605,397,633,634,582,561,916,779,736,616,1000,571,541,615,772,735,869,595,384,640,503,601,772,770,722,596,
