165,1309,2617,3963,11661,136465,3024,6250,221290,13740,1676,3724,2548,146792,136670,54604,83261,3176,2073,4632,1679,59086,65024,91207,73847,4972,13177,3027,16633,108657,60362,81521,83157,1956,8672,4089,2225,88953,57309,44468,67816,4030,12246,2810,3329,69830,112747,62942,116774,7393,2597,4955,1866,84522,68278,46549,282113,1141,3405,1081,3869,91385,57799,105837,115979,
166,2106,4828,8299,24566,280751,7197,14214,433755,25511,2632,8283,4601,300960,285890,78128,146779,5585,3501,9613,2911,110015,109223,193870,148008,9817,25761,5790,29721,224037,101921,157623,170093,3349,18735,9203,3847,169724,90502,64696,156834,8096,24590,5194,6901,127880,241020,111422,256926,16104,4728,11523,3082,161428,117424,70871,484931,1906,6588,1832,8545,182908,97272,220053,243935,
167,3741,9485,16145,37653,513526,16562,31978,699732,36069,5003,16076,9481,562471,541956,138551,304912,11111,6350,18448,5345,227239,222473,368823,299578,19152,40046,11619,44125,425715,209335,320291,335700,6316,30262,17234,7641,349250,182898,117597,302017,15979,37157,9851,13522,266331,451685,233985,427702,29640,9467,20538,5124,323794,238276,115526,682752,3197,13539,2906,16822,357062,197243,409332,412512,
168,7892,19169,27730,52835,837573,37084,73351,907802,49810,10801,26121,18840,949928,928630,299507,587632,21994,13076,31783,11038,406841,428081,564298,493341,34029,59315,21423,63666,664036,408219,546794,542480,13495,43649,28596,15541,588985,376408,259377,446556,28157,54941,19827,24148,477922,684326,440301,578428,44694,19111,31985,11021,568167,446972,235812,840560,7123,25184,5840,27958,591319,380436,635423,575609,
169,15579,31565,40952,79315,1129650,84785,166347,1041547,76739,20050,37230,29837,1262016,1187015,581946,927226,38269,24667,49322,20201,584447,655849,733253,664199,54541,84438,35211,95303,868156,627896,761392,730163,23665,62739,41586,25968,795761,596025,463982,562259,43239,77415,32704,38465,682405,883930,646370,716849,62892,30411,44330,21864,849348,702164,453073,1070893,13982,37877,11983,38266,825981,594026,846530,710152,
170,27361,52375,64949,172150,1485083,213500,396983,1626480,175541,32367,60630,46801,1602453,1479291,933943,1138835,65200,45436,76862,38157,766667,899019,995706,895252,83307,181137,56612,215825,1200833,855762,1016919,997362,39773,124640,67588,43180,1057251,820347,687437,753967,69233,160358,55891,62973,894798,1277160,852274,1034070,113481,46922,76874,38432,1021482,994756,783404,2021700,24129,59539,24338,62035,1087061,817279,1183649,916351,
171,41389,90401,128011,351356,2766160,480110,932408,3739729,348081,49191,122237,78642,2887134,2661788,1203067,1663338,103644,66257,150032,58252,1136078,1330301,1764575,1518392,152214,370566,95331,420724,2222947,1290685,1678512,1800064,62994,262203,131695,68311,1738245,1213093,990627,1367285,129114,327586,88363,111366,1375750,2570468,1281357,2122684,241136,78443,163545,57338,1637575,1409702,1115781,4664427,35174,110891,36235,124380,1839417,1142645,2221214,1508116,
172,81186,216962,301437,622247,6330559,1158319,2297927,8736076,570742,106800,285305,186737,6718127,6407369,2209682,3635723,237621,141221,360331,113008,2383090,2712152,3976986,3443677,367009,738057,220637,774606,5004188,2773516,3726405,4091795,139840,507607,303365,151497,3893668,2519653,1978226,3295756,301697,621169,198941,260908,2998763,5789552,2760279,4870257,503339,189703,364508,115212,3560910,2848328,1738278,9198092,68999,264869,63879,291952,4041409,2282273,4984254,3288555,
173,183450,430160,526626,846246,16638747,5799599,8968026,19068486,756152,236755,481598,371147,18226644,18092803,10808277,12581999,512263,319295,674719,248939,8318357,9113726,11442437,11318775,719872,1008342,448676,1024172,14690844,9073020,10661205,11439629,298745,742919,531114,320031,12663095,10405215,9525502,11770819,554981,896552,405210,502824,10037129,14918247,11542060,13386742,749323,381499,574230,258062,11316984,9179269,6475779,16995847,158088,473481,140915,489283,11639322,7882181,13403752,10240396,
174,420885,785944,826459,1458508,146579466,131692073,142876812,163721824,1355844,487021,776187,666277,174318775,178437337,230328461,165793505,972965,707828,989796,583673,129386908,134682276,159950804,179362862,1108902,1455629,770176,1567269,88727656,77762614,125582903,150360795,616430,1243709,882356,647890,185462217,192071341,189540166,198509121,957872,1382114,817229,888451,154390296,216430224,231829281,194810308,1128766,653128,829176,555869,136962546,114442103,121091813,166677828,350403,741031,342841,724939,136659122,123330743,168775180,153807349,
175,686337,1373783,1438896,3336690,224927799,184896242,232034811,245644948,3176000,794420,1421293,1123292,247973704,249060578,262230272,267983174,1421994,1046354,1611481,939118,195802998,234559645,222185708,233154600,1737979,3105305,1279384,3489253,204502082,189112413,220343367,203367342,1107734,2743678,1572151,1057176,212505989,202827283,210564974,219350790,1710934,2958516,1309256,1416811,226960111,246829090,181663792,220238399,2204852,996158,1464372,870234,204924074,165325586,177430686,233296109,545126,1226674,577363,1187462,205563566,182517037,236471754,207832846,
176,1561886,3820935,4037598,8252567,302182168,260467434,273589095,327210355,7643567,2057573,3962482,2999329,317048799,320821725,289033861,304164869,3639975,2376728,4780117,1976315,214459340,183543520,231925267,274847944,4881377,8847483,3289311,9257619,293200310,238726356,190404977,195495165,3046694,6897887,4273737,2663116,170657206,163710208,171328330,176389224,4589995,7499371,3288109,3808045,197555177,184874212,184018327,178876640,6291261,2645014,4298495,1871831,280978015,238999292,237211531,288565335,1192686,3630676,1210726,3481488,260247394,234461181,261372100,172824058,
177,7631441,13310598,12812981,18761234,331419822,297736118,322835892,376523849,18578242,8848347,11524097,10454203,368310849,371632431,331859237,348128056,14372887,8774287,15660348,7757046,202618614,249598027,230670717,291117415,14910135,20533076,11335123,20847416,244307723,239903997,188246610,195238319,11295275,16708673,12600560,9053052,159330812,158281881,163415804,174313716,12380517,16819652,11245286,13000858,183882433,171987863,169315997,168580240,18304967,10640487,13531018,8428950,325309482,276704700,260044824,308702664,8935981,14837985,7681687,9427138,289459447,260038819,268007694,253728002,
178,134173012,147430135,146355915,150392616,361653509,324690550,361522219,392412565,176597360,148454157,131063749,147554037,408059533,414161979,374041681,386724683,227391616,221553154,189631933,137358596,211813116,178210844,313797053,275139028,179092289,188188432,139247478,166206390,237281289,197009705,186281145,134294096,181464357,164101198,146830944,131775352,163163238,158829583,161245496,149656187,138387816,153440662,140440811,168205695,196231742,172161840,172972677,167402756,256965684,195574129,174168193,130664205,364975403,300468149,296903594,348655935,226527330,231647180,184706734,240901902,309093760,270791645,287699588,542031606,
179,175928521,175616363,168231289,176713950,385439270,340918796,396917142,440184932,207356975,181770123,157627185,171538828,452913793,462932667,429592214,432793811,272122805,245813458,236562547,175245537,200394406,184970369,222606759,291893788,220862984,229280492,179781498,219838330,205012631,206599776,173965306,187787345,196370270,164823196,197249335,169295722,161068614,157570116,162106165,163726408,176596664,187406689,190033580,206219474,195349413,167441559,160064650,163853717,178734529,183979203,180257480,162479538,391988041,319791514,315531410,365165735,203644738,206911534,183854316,227018559,321640835,283358304,285546767,266177192,
180,168859220,176737369,176761573,217433497,407464287,360103350,429967987,459825587,206354160,188207231,110320392,174625659,486728716,498667898,487070379,469708846,294660234,287016019,276928128,227441970,191454472,216205694,209248808,278271447,273865033,285736158,239627486,257434498,204727016,191044588,170673670,175484637,215737952,214866095,256263137,215906752,159180447,155457739,156666010,158480575,211924189,228835103,234713170,248974405,176871318,162347511,160294237,159411591,173517035,166934403,169647669,177363341,404243238,334093218,318500247,367531092,175747991,169189632,168336723,170726898,321301847,289289308,264830448,290510900,
181,170699133,180971498,178881171,267239831,432993858,387239807,456319148,468017058,230569858,329340597,189359730,178490549,511266469,530629878,510773400,505337478,323010433,318946687,312402561,231333633,184719425,198505745,208984708,280733695,318625273,326603438,280365077,287564250,213450472,181543836,165940274,176494876,239782793,256216607,305521914,246899268,154857718,153909800,154683825,158092252,253663632,259796949,273049987,281756288,169238386,159918061,165826486,157157140,168065052,161491862,166174113,186830932,407267913,346598602,325341600,364918620,166916494,164182233,162086550,162080653,316800390,290014666,269969386,262484156,
182,213936794,180277838,178312425,178782557,457387070,418275260,470672789,474134158,229584263,242716962,191455021,207137620,528226427,549081263,534847289,527939563,358803939,355606877,351339361,335424774,181358908,206102138,202063202,235765669,364547718,363521093,311018170,323165931,127126433,177656228,163111579,171643194,278768571,250638669,338237271,278195061,154535382,153021556,154491402,154313374,280063564,288168467,301773068,307511709,167290735,142466622,155916588,155980053,162641774,160576835,166009843,184819931,411466229,363055905,330841119,368494733,164286716,165740975,160372966,160192666,313901773,293391861,267326225,253790215,
183,213541048,182500195,179414479,192160600,474175616,443084758,474213302,480031937,227217846,285138544,192334404,180155147,539981853,559902951,550188582,546990043,393962447,387911125,396618486,345348328,175653483,203089949,194593981,262617414,386619502,392999442,326617732,336782587,187004530,174771280,160877631,169337647,295103235,269580239,364777015,301168715,152883579,152328914,152936614,153685760,300185344,308042548,335068643,319789242,165034845,159109286,155302679,154731471,161072270,159262124,163013839,326285020,415275859,378473193,346666708,376714362,185711929,159107399,158751357,162035742,311748847,286935912,268551980,262982590,
184,205094553,186370999,177474786,175042464,488766355,462739378,464550247,474776384,217077529,131227555,159136049,174691674,539037420,554556748,551501119,556544077,426344277,415976853,426078705,384131652,173443859,196688370,186831178,254543634,430602943,420234704,340359972,339854907,174733560,170274247,159266115,168472172,313542553,273765422,390429289,318718009,153200076,151442028,151858932,152480060,313488633,317840346,356155057,329588572,160805438,158429684,154227508,153697357,157945312,158244939,162986588,178382597,430847941,397111110,350783407,395003019,158592553,153945674,156679691,166728108,315832993,291835269,272385511,260112544,
185,208428054,186693676,174469688,187926302,500353365,468993313,457431808,464167128,205199337,227346829,181855583,173067446,521369738,533542522,538196274,553478039,449427859,435812845,452768327,413869989,169982279,194684548,179436776,240537536,450877611,541251273,357136206,344013831,172690756,166688116,158229177,168123041,316379214,262908549,392492548,327832943,150501422,150496492,150948156,151152455,315680195,321155105,363737690,348224644,153976624,157755778,153460279,153805146,155274643,155803652,160969591,176850329,442791731,414515704,395262516,412112721,87284195,154521831,154817683,152089044,327873595,294041821,274158031,259339119,
186,204004601,187563382,170185645,173073893,448418706,416514037,400306747,407027904,211470327,213486430,181951394,167873179,430831518,456860266,447639141,474617502,467928623,449176350,467304378,435866778,151336374,164356372,154668506,201424515,463894493,461926181,383579974,380247120,155009399,147886229,142295684,150438134,312326634,309848310,393617445,322798537,134858310,133950648,142146513,134734628,315591550,322744595,359282291,358189979,129942864,142733808,137580651,136747189,154252689,155515499,161018425,171224140,395954726,381745136,370511141,387179107,154212075,153102579,153341793,153806421,303272805,263563527,239712723,228944606,
187,202207022,189515907,171259164,175249777,229374369,212044305,205210488,209835438,203914858,201047045,175784977,166469809,223379139,229693675,225695622,234334345,472351790,456978345,473282230,444974783,79482168,83768269,80347842,97570570,472320513,475745413,407027279,408796167,83324521,79352529,77256693,79339472,296452215,249849812,537088119,316131501,72388167,72409767,72041774,71989186,317083536,325930630,364424123,375637360,78181951,78123912,74423460,73758289,153658016,154588168,157870200,168595338,203666982,198078114,194189453,201647797,142232989,152827006,152578387,161703849,158218193,125087546,121852172,116723021,
188,196405847,189756280,170422884,172175740,43623263,45287678,39452162,41464263,204612780,177011451,209939804,160540208,43277201,43196213,41990827,43662544,477189900,462607090,468931143,446261358,20295796,21671381,21193970,22668927,477248841,456625130,426408684,628684295,22248677,20701082,21489344,20687087,290864738,265726529,396665098,149929570,20267560,19856086,19468624,18784125,293724312,335990407,365366734,408056117,21157957,20946529,20187089,19663658,151605682,152078345,156037779,165640780,39547908,38965983,39579627,38635687,150568539,149740110,150417211,147388103,32400067,28858268,27353565,25884662,
189,181195813,165503215,160923794,164105536,11077263,11258293,6781912,10440143,190810165,189065192,159750520,154518710,11648111,11129650,10208741,10911500,464310141,446038022,421366387,427771636,10113774,10960812,10635890,10176871,447322822,433089340,421834133,414601068,10828903,10176895,10845818,10123677,264738658,238446103,368236475,261002725,10913628,10469833,10023130,9260548,326369229,328822664,380121320,406055599,10493486,10532722,10447357,9971005,144689656,145266332,149781571,158003684,10849335,10609037,11267547,10383447,143597243,143067541,143806517,143881397,10654216,10560910,10674092,10333513,
190,129036846,138502134,120358394,123793459,10453088,6172572,3296496,9895512,141124338,128261241,116778361,115494450,11061571,10528440,9633591,10326370,334589333,323644724,297036689,307024676,9903501,10692543,10376538,9899108,320266376,304160891,306717901,301068165,10536394,9911565,10579339,9867850,201076222,181262563,263961762,216519510,10656616,10219741,9755959,9029322,255639734,262406119,285268326,306350420,10231258,10263737,10205300,9737528,105943594,106684840,110131073,116861321,10320314,10088527,10737233,9851515,104362184,106024104,105338069,100005974,10209079,10199738,10300249,10018765,
191,49422952,51458723,46801579,47759124,10382554,3257200,2114624,9843888,53347698,48806047,45953758,45044050,10993934,10473841,9573545,10269240,116620033,112024697,107035376,106859323,9819204,10598251,10289961,9813710,143927621,108309242,106961803,106456849,10441678,9812764,10476846,9773945,73078530,67717752,93751711,82582807,10548082,10113766,9647580,8964898,95209031,97709564,102593958,107881347,10136531,10153752,10119431,9661843,41819522,41473619,42655315,46183281,10243551,10017337,10651936,9793101,40866244,40836947,41334428,41427235,10134011,10129080,10211514,9980332,
192,9835775,10304156,10182927,10520109,10037074,1769518,1577299,9624044,10716538,9796087,9369089,9972633,10618222,10202915,9250270,10014490,11566036,10585296,10522856,10597622,9524866,10164820,9919373,9468562,11055181,11209580,10736000,11124630,10001606,9335224,9981226,9333420,10503343,10590903,10841750,10349633,10040664,9570091,9059766,8605523,10855262,11074008,11055609,10832518,9750491,9512160,9754244,9321153,10761478,9765604,9941906,10902229,9970814,9722248,10332454,9540482,9650525,9970022,8884803,9827814,9790943,9853377,9815601,9850150,
193,9230698,9622909,9589105,9862261,9503938,1582980,1421361,9335962,9973716,9144898,9490596,9384999,10091057,9835136,8788937,9670623,10108078,9163025,9161835,9262627,9090419,9539076,9342251,8972407,9645986,9870179,9371649,9806444,9316862,8566280,9236966,8654275,9590038,9670870,9633331,9172280,9376545,8831416,8274471,8108310,9605246,9785525,9712973,9449467,9145881,8595582,9256825,8857670,10224262,9254956,9425058,10298056,9585830,9262168,9843814,9193800,9033137,9425732,9392431,9307891,9274351,9489696,9210111,9744469,
194,9083069,9345541,9411074,9609498,8135998,1408784,1215546,8578795,9797163,8990523,9344904,9202363,8775249,8900829,7607678,8808574,9850839,8991834,8980967,9108749,7952818,7992127,7941576,7743415,9479145,9698287,9221595,9642746,7677238,6805478,7467464,7066475,9379127,9508578,9493574,9038962,7927680,7251997,6649560,6985821,9426553,9632174,9540911,9274487,7650244,6659500,8098427,7797068,9887544,9051034,9222687,10063769,8530721,8012282,8532367,8210248,8815946,9115815,9174878,9077389,7894379,8479156,7713915,9528179,
195,8846357,8811638,9120442,9178530,5789197,1216261,965508,7032102,9520053,8736449,9097434,8884020,6413744,7042043,5500657,7134045,9383969,8701680,8668250,8875899,5931236,5553828,5630791,5656911,9194288,9405261,9009603,9393261,5164439,4334679,4889823,4721975,8990208,9252941,9279918,8837264,5576040,4880633,4331852,5110523,9151926,9418486,9275482,8982718,5269858,4110490,6058833,5947628,9356483,8700372,8881239,9614483,6527936,5803805,6201381,6312091,8468122,8621387,8830737,8675059,5577961,6532219,5353188,9083755,
196,8206545,7507070,8358377,8064963,3271809,985981,679527,4751849,8812467,8083015,8446889,8037088,3688822,4476547,3086044,4562951,8229887,7955764,7857121,8225728,3558604,3083235,3190024,3298492,8449506,8618881,8333321,8668581,2778665,2200955,2555221,2521686,7974621,8583173,8722301,8230834,3074589,2567395,2195827,2933816,8344385,8813049,8489601,8152463,2874148,1984941,3609766,3664128,8183543,7896484,8067210,8471357,4021226,3346679,3603060,3956851,7658263,7544669,8059378,7781639,3165537,4098381,2992646,8146015,
197,6947539,5464909,6921556,6196430,1410411,665061,373786,2266700,7477138,6810080,7190769,6482376,1571976,1990663,1250203,2017842,6254059,6484120,6336170,6919413,1551403,1336962,1373147,1418510,6969597,7060568,6995646,7210121,1219557,965831,1117577,1093944,6240926,7248390,7532269,6942609,1312020,1094111,941822,1205834,6777935,7545365,6909103,6528471,1227932,944942,1547746,1622398,6331694,6495750,6602106,6529989,1780723,1432436,1567415,1794413,6348708,5862667,6722171,6297736,1377540,1848886,1307264,6094920,
198,4360324,2617453,4138980,3279487,766976,354354,192702,924571,4733600,4203460,4588669,3705156,834979,885749,640923,853877,3128716,3664819,3563889,4215564,730150,745039,724512,711433,4060151,4087177,4265545,4322252,739397,633078,703709,654918,3381350,4550170,4922647,4290741,765315,677730,613529,587991,3922297,4821164,3958919,3633208,700798,678977,749554,738436,3357173,3861728,3855190,3414316,810564,723072,775079,802138,3663044,3113981,4101194,3609167,737474,820068,731029,3258422,
199,2073391,1103419,1908121,1451071,665089,199825,141012,614299,2287855,1961797,2243073,1659381,723907,684753,553465,640693,1285186,1560096,1542126,1922268,571168,647547,617442,590948,1797039,1822240,1952021,1993426,665504,582739,640082,586965,1468073,2203855,2465282,2024207,675991,611832,563813,482990,1788455,2367116,1760956,1574901,618813,639449,606756,556743,1475664,1763994,1739409,1454768,628729,604005,640654,595095,1595753,1342486,1885981,1602793,629355,610728,635506,1473254,
200,836911,608249,815299,735648,643905,143008,124039,559484,954052,799426,924769,738382,699172,649919,536042,604301,662938,657667,685457,770209,537885,623904,591438,566915,767812,787169,799027,848899,644376,565189,619154,568692,683478,931559,1004905,823805,652728,590703,546445,459863,785316,985374,758933,688536,599395,623049,575178,517833,767540,772666,759831,712899,596438,579991,613189,553090,675980,679483,795709,730103,604746,569137,611248,760690,
201,507719,518925,551282,586178,630611,123477,111810,543797,605571,508426,558136,531216,685906,632954,522292,588170,559909,480149,507367,501257,520621,604662,576019,552283,551909,565735,522783,582855,629391,552195,603863,555201,520435,594459,582990,518183,635463,577166,531971,447394,548305,606229,540927,503297,582990,607773,559015,503636,623107,535016,533279,569677,580237,566672,594626,538482,473203,547179,526760,533664,590132,553220,595663,593762,
202,440620,494916,499493,555635,615574,110109,98756,530934,535796,448074,481260,488213,669675,618115,509790,575307,533715,447922,474653,455696,508707,590755,560127,538376,514473,524635,473144,536910,614530,537630,589847,542130,485788,526974,496591,461098,620354,561329,519566,437636,503297,535851,501883,470099,572132,593632,544647,491058,585706,484572,487912,537304,566078,553315,580020,527375,428902,513342,470232,490718,576791,540264,582558,558366,
203,423793,480761,483397,541589,600015,97770,85191,520953,519235,434284,462792,473570,653212,605699,496457,561262,519654,435723,461969,441482,495053,573428,546017,525335,500130,511797,459524,522163,599517,523533,572669,527372,470051,510968,479536,446882,605724,546296,505714,426213,489423,518973,488483,457188,556362,578908,531581,479602,569422,468186,473294,521661,554116,539388,563978,514028,415866,497865,452097,474395,561328,526064,567723,543515,
204,411728,465340,470676,526001,587779,84872,70198,509659,502842,421133,451518,459290,637851,591880,485478,548518,504915,421932,449485,428434,482344,560262,533559,513681,487184,498210,446723,508460,584752,511892,558777,515082,456759,496947,465337,434388,589807,533652,493969,416338,473741,505836,475593,444432,543115,564887,518909,467446,554749,456399,458752,503433,540097,525294,549831,505604,400086,484423,437639,459686,549965,514259,554678,533420,
205,400057,452606,456435,514883,573441,69129,51344,499802,491751,411167,438083,446964,623147,578595,471320,533497,489516,412576,438589,419042,468676,544846,518342,500865,473995,485542,435092,498008,570019,495348,542928,501889,444933,485850,454142,423550,573654,518209,476593,404023,462482,494501,461347,431953,526715,548734,503954,455848,539376,442570,447720,490944,524665,513274,533367,494429,389246,471211,425700,449095,536130,499783,542703,523307,
206,384837,436008,441612,497667,553683,48570,30314,484620,476230,395409,423592,432432,601495,561048,454691,518253,471663,397062,424389,403038,456969,523586,498822,483022,458093,469953,419976,482555,548614,475312,520944,483466,427631,471318,439201,409184,551594,497398,456409,391346,447058,478383,447174,416881,506881,527592,484531,439904,520623,429507,432487,470967,507459,494705,512572,480473,372071,454476,408898,431573,517805,482763,521105,511196,
207,370082,419889,428677,482146,534606,30421,17250,471333,461955,382066,409242,417799,581242,543368,435000,502296,454436,383120,409980,389127,438537,499945,480863,465865,445636,455463,407777,469091,528915,456274,499587,466016,413082,456368,427048,396357,531424,477077,436796,377018,434042,465091,431091,401786,485769,508386,467114,425846,504424,415004,418678,453741,492226,477090,490092,464538,359084,440373,393807,419091,497975,465460,503795,498254,
208,351620,397184,407222,461416,510496,17112,11193,453606,443300,364442,393233,396479,553047,520711,412739,477792,431040,366265,393087,370370,415221,472751,454490,443323,425689,435645,390749,450539,502045,430205,470519,442076,390704,439420,406993,378153,503053,448519,409730,359051,414432,449555,411760,383620,461279,480971,443690,406026,480223,395392,400364,426079,467242,452980,462406,445968,338940,420450,373941,399542,473904,441378,477911,483561,
209,332526,375277,391376,442179,486496,11594,9464,435454,426803,346056,375647,377919,527622,499125,389502,456605,408102,346958,375851,352831,392762,443204,429332,420263,408659,418455,372368,431571,475002,399854,441642,416881,369384,422292,391990,362364,473115,419345,378422,339222,395009,432500,391862,364983,434898,450729,419163,385675,455279,377059,381617,401946,442782,430347,431726,428077,319581,397972,352388,381744,449620,418043,454755,468769,
210,307741,339991,366733,415322,452453,9335,8319,414144,403251,321999,352804,353479,493316,471746,350674,427602,374060,322764,352396,327905,356512,396724,391158,388996,383563,393641,347421,408756,435794,349497,388590,380048,336384,399117,369461,338339,431303,368005,318526,310008,368917,409899,364076,339408,392114,404604,385449,358954,426168,352007,358468,360945,413466,394180,381232,405929,290308,370119,321884,354985,414298,386189,417202,449799,
211,274908,291191,338361,385925,404736,8335,7392,390878,379944,291849,327903,319958,446057,438185,288477,392322,325752,291387,323580,298702,299809,324900,334254,339371,356592,368232,321917,385265,377953,269474,313345,320539,291138,376086,343755,311200,365757,288037,231573,264344,339689,388224,330446,308515,324299,329497,333276,319570,388816,321382,332730,306613,369650,341000,303581,380177,249437,333128,280821,322021,360341,337284,362033,432102,
212,210056,202501,288098,332556,332267,7357,6428,359973,345488,232435,284622,254334,374488,392045,204796,335065,240534,230485,272109,238963,224958,230958,249986,266342,308745,325623,271804,350388,289281,177320,213854,240077,211543,339169,302592,257584,271287,190468,140496,196818,282239,356366,267915,247392,233565,233007,256599,262219,318825,262897,282096,210796,304856,261229,207971,342159,172441,261506,204553,262158,279836,265409,281857,414153,
213,135216,116775,214667,257793,224198,6314,5202,303255,296128,157412,222176,172724,261203,306755,110851,242890,144364,151309,198304,162226,133873,129941,150537,166865,236281,262290,200240,297078,177607,92821,116288,142208,128951,285240,240719,187694,157010,98873,70572,115885,207625,309664,185531,170647,132506,129774,158489,179234,226551,185546,211014,120013,209709,160384,112636,277559,96678,172726,122416,182111,175426,169566,177225,388598,
214,61458,51899,117228,151473,117342,5046,3793,214166,203206,75157,130248,83697,138413,188054,52921,131288,63667,69112,104426,78306,65045,65659,73915,82850,132270,159671,106219,198984,89097,49356,59714,70772,58588,188341,146516,97149,76412,51519,40851,54873,112352,222665,91309,83496,66242,66409,77729,96421,118413,93410,114195,52833,111898,79053,56850,183459,40699,82284,53792,89345,88867,85318,89439,346136,
215,31401,32237,57740,79014,63506,3656,2452,123574,115341,37200,65629,42372,72706,96896,35647,64677,36851,34644,52213,38606,39089,43887,44758,46811,64758,82448,51575,111765,53087,37242,42822,43126,33501,103559,75419,48079,49362,38720,34262,31901,57705,132269,45084,41791,42857,46285,44421,50800,60469,46726,56589,34138,58385,45918,40501,101036,24638,43308,30181,44667,51447,46394,51648,279117,
216,22488,27307,33220,44906,46081,2459,1520,63615,56835,25078,34602,29028,51708,55259,32438,42292,30521,24964,31074,25812,31900,38319,36776,36528,36764,42689,30483,55775,43815,35008,39061,36818,26477,52024,38816,28862,43178,36478,32919,25540,34365,65599,30485,27295,37870,41512,35463,33228,39374,29933,32381,28994,40496,37259,36033,53275,20938,31218,24051,29804,40895,35479,41415,188154,
217,20703,25996,26906,34635,42711,1506,942,40144,34737,22629,25854,26231,47333,44182,31151,37096,28942,23000,26647,23086,29916,37243,34579,33570,29663,31192,25365,35789,41526,33634,37356,34845,24668,34397,27774,24350,41223,35039,31452,24288,28168,38626,26921,24485,36401,40050,33291,28873,34757,26219,26670,27807,36031,34746,34736,36870,19987,28835,22712,26578,38038,32671,38630,106145,
218,19435,24649,25175,31789,40431,1026,769,33494,28957,21436,23421,24839,45250,41339,29952,35399,27745,21604,24853,21880,28950,35093,33006,32485,27716,28524,23550,30344,40114,32045,36283,33514,23600,29427,25154,22752,39712,33993,30283,23396,25863,30311,25330,22759,34956,38946,31641,26938,32886,24447,24969,26154,34592,33529,33511,32857,18843,27372,21593,25148,36669,31377,37129,54402,
219,18733,23777,24542,30608,39462,746,646,31641,27711,20588,22667,23984,43788,39986,28511,34354,26325,20769,24196,21279,28148,34298,32276,31466,26750,26880,22765,28923,38619,31115,34663,32255,22634,28140,23875,22195,38303,32342,29090,22306,25176,29245,24403,21816,34018,36983,30740,26395,31641,23700,23731,25123,33444,32426,32248,31419,18272,26851,20876,24277,35516,30358,35917,37853,
220,17854,22494,23362,29166,38142,658,574,30562,26469,19693,21458,23111,42058,39005,27908,33213,25340,20084,22939,19915,27269,33231,31638,31063,25826,26195,21703,27802,37465,30251,33472,31463,21608,26820,23139,21023,37171,31356,28290,21747,24056,27707,23288,21237,32838,36051,29795,25371,30798,22874,22758,23902,32520,31670,31084,30144,17291,25507,19654,23370,34098,29059,34336,33475,
221,17062,21701,22691,28565,37336,578,484,29535,25485,18796,20880,22133,40763,37440,27100,32275,24142,19150,22068,19220,25683,31488,29763,29875,24829,25284,20863,26999,35895,29098,31908,30011,21056,25911,22117,20053,35760,30095,26850,21240,23170,27104,22476,20257,31446,34792,28903,24481,29230,22123,22266,22507,31008,30532,29701,29096,16287,24494,19086,22354,32793,28383,33485,32273,
222,16093,20149,21496,27156,35266,525,447,28803,24317,17905,20108,20739,39512,36265,25478,30978,22775,17927,21204,18215,24939,30052,28741,28462,23643,23731,19683,25896,34724,27555,30653,29266,19469,24712,21418,18887,33812,28938,25645,20425,21836,25179,21462,19426,30160,33183,27472,23636,27868,20730,21307,21202,29965,29268,28354,28420,15273,23054,17813,21223,31780,26801,32013,30684,
223,14950,19306,20790,25873,34206,401,303,27828,23475,16866,18935,19905,38103,35038,24502,29417,21462,17246,20110,17056,23669,28577,27330,27514,22355,23331,19546,24831,33276,26248,29141,28030,18600,24003,20199,18475,32521,27342,24328,19298,21035,25151,20323,18074,28814,32147,25929,22618,26391,19616,20095,19409,28788,27904,26941,27308,14357,21871,16572,20109,30663,25601,30733,29719,
224,13382,17250,18885,24248,32218,270,175,26366,22086,15495,17581,18495,35069,32712,22360,27544,19494,15625,18596,15814,21684,26061,25189,25354,21169,21131,17552,23165,30945,24008,26576,25645,16506,22360,18492,16660,29658,24904,21960,17723,19484,23553,18823,16832,26344,29393,24159,21032,24299,18416,18393,17578,26603,25796,24044,25930,12688,20429,14777,18631,28230,23793,28756,28134,
225,12222,15460,17602,22796,30227,160,82,25686,20701,14040,16551,16547,33205,30679,20838,26008,17901,14423,17425,14594,20469,24240,23274,24061,19739,20506,16384,22006,29297,22203,24407,24219,14755,21262,17715,15702,28169,22723,19596,16776,17978,22400,17181,15282,24809,27672,22597,19848,22847,17014,17541,15124,25020,24271,22302,24703,10911,18663,13076,17284,26601,22356,26621,27714,
226,9789,12491,15918,21266,28118,108,72,24104,19630,12211,14866,14712,31292,29819,19049,24871,14910,12574,15928,12723,18405,21640,21837,21992,18147,18875,14798,20670,26631,19502,22073,22302,11820,20046,16057,14021,25624,20243,16629,15274,16300,20854,15036,13642,22361,25321,20521,18649,20311,14781,15641,11834,23676,22373,19304,23716,8079,16208,9960,15334,24746,20420,24768,26386,
227,7160,8943,13830,18904,26225,73,54,22682,17924,9448,13222,11752,29066,28098,15884,22509,11292,9834,13544,9936,15633,18207,18844,19880,15870,17275,12514,19072,24064,15513,18466,19559,8544,18434,14482,11470,22518,16405,12063,13330,13736,19450,12458,11143,19419,21932,18209,16915,17626,12383,14037,7630,21257,19712,15058,22150,5096,13370,6726,12797,21974,18286,22495,25166,
228,4061,5001,10459,15857,23415,58,48,21343,16161,5838,10372,7756,26468,25734,11852,20515,6512,6225,10199,6271,12403,14150,15586,16821,12739,14727,9213,17028,20720,11360,13635,16490,4833,15809,11629,7937,18511,11623,7694,10642,10316,17422,8334,7456,15158,17968,14907,14777,13195,8565,10659,3900,18804,16174,11003,20671,2415,9016,3482,8807,18848,15549,19047,24540,
229,2072,2650,7142,11836,18806,52,48,19743,13647,3173,7071,4454,21913,22781,7136,17113,3516,3380,6750,3547,8103,8839,10631,12595,8810,11020,5817,13926,15392,6648,8269,11801,2685,12865,8283,4837,12467,6726,4274,7203,6730,15283,4897,4555,9740,11839,10527,11508,8762,5241,7110,2271,15100,11543,6183,19151,1473,5099,1983,5228,13623,10862,14364,22785,
230,1356,1760,3530,7262,13043,39,32,17160,9328,1723,4000,2347,15550,18655,3802,11836,2111,1689,3442,1853,4515,4985,6076,7467,4814,6664,2994,9537,9463,3821,4660,6781,1676,8225,4627,2467,6850,3669,2623,3936,3742,11270,2374,2246,5405,6885,6037,7689,4483,2670,3552,1703,10018,6301,3578,16061,1076,2686,1352,2656,8349,6360,9093,21356,
231,1066,1519,2095,4163,7584,37,27,13911,5515,1322,2289,1696,9604,12880,2475,7010,1797,1356,2159,1415,2602,3075,3690,4150,2674,3715,1813,5752,5363,2646,3116,3801,1454,4746,2532,1626,4016,2704,2289,2285,2177,7042,1709,1635,3256,3918,3414,4745,2794,1780,2122,1533,5905,3709,2606,12250,983,1934,1292,1797,4927,3599,5020,19830,
232,1029,1388,1580,2655,4569,28,23,9717,3077,1233,1529,1445,5515,7644,2136,3846,1734,1207,1559,1259,2027,2569,2560,2825,1858,2306,1483,3290,3563,2238,2536,2727,1376,2683,1664,1298,3145,2361,2096,1669,1678,3958,1543,1313,2713,3172,2446,2766,2242,1542,1579,1461,3473,2803,2268,8016,976,1761,1234,1580,3273,2529,3363,17404,
233,955,1346,1470,2136,3301,13,11,5913,2124,1146,1322,1385,3890,4658,2071,2772,1493,1210,1488,1180,1821,2424,2332,2357,1688,1831,1346,2186,3063,2184,2461,2416,1246,1953,1453,1258,2912,2378,2002,1408,1551,2432,1419,1286,2538,2870,2101,2010,2014,1446,1388,1435,2575,2396,2206,4907,885,1656,1111,1440,2632,2046,2798,13908,
234,884,1307,1412,2010,3000,17,14,3336,1736,1059,1179,1343,3403,3252,1912,2432,1495,1137,1385,1134,1809,2256,2061,2181,1578,1631,1290,1819,2784,2100,2315,2309,1213,1749,1348,1182,2734,2187,1907,1417,1457,1902,1357,1185,2354,2841,2043,1617,1962,1286,1374,1270,2352,2253,2119,2948,900,1546,1069,1416,2526,1958,2583,9211,
235,826,1223,1288,1885,2891,11,9,2502,1653,1047,1175,1294,3284,3001,1821,2323,1407,1046,1264,1058,1647,2197,2115,2260,1495,1550,1118,1730,2705,2035,2270,2266,1121,1597,1273,1151,2647,2144,1777,1387,1369,1769,1304,1111,2254,2727,1959,1593,1839,1320,1327,1231,2101,2143,1992,2221,837,1483,984,1327,2423,1885,2454,5507,
236,786,1153,1236,1799,2730,7,6,2177,1486,976,1076,1187,3034,2824,1657,2230,1316,979,1283,1005,1614,2044,2010,1983,1400,1391,1206,1639,2632,1992,2181,2030,1063,1538,1154,1108,2544,2046,1785,1297,1210,1676,1206,1067,2201,2686,1949,1557,1775,1314,1279,1111,2123,2026,1932,2079,762,1426,976,1258,2325,1821,2275,3354,
237,774,1050,1182,1725,2629,5,5,1993,1409,908,1082,1151,3058,2675,1702,2133,1267,950,1268,927,1552,2021,1924,1948,1402,1439,1088,1647,2543,1855,2092,2005,1011,1543,1205,1104,2436,1914,1685,1187,1184,1548,1164,1024,2077,2484,1747,1458,1611,1137,1185,1064,2068,1975,1813,2047,747,1309,915,1186,2253,1778,2271,2411,
238,706,1052,1158,1588,2588,7,7,1889,1340,806,936,1105,2912,2545,1620,2031,1157,859,1189,916,1478,1976,1813,1802,1317,1323,981,1527,2365,1782,2010,1972,894,1468,1083,936,2297,1852,1594,1166,1148,1538,1071,942,1963,2319,1713,1435,1579,1058,1056,993,1944,1881,1710,1844,628,1227,803,1123,2148,1679,2194,2111,
239,629,879,1034,1545,2410,2,2,1883,1333,744,983,945,2668,2578,1482,1931,1061,818,1078,829,1370,1780,1708,1801,1226,1265,1020,1470,2291,1730,1805,1800,782,1365,990,877,2249,1720,1469,1093,1084,1430,1032,854,1908,2235,1646,1322,1497,986,1092,830,1833,1831,1647,1812,573,1142,649,998,2000,1611,2103,2060,
240,517,782,994,1505,2283,3,3,1744,1212,797,876,887,2614,2274,1403,1921,974,765,978,727,1287,1683,1536,1707,1133,1215,882,1345,2219,1507,1806,1821,738,1279,958,850,2030,1595,1360,1078,1008,1338,943,814,1741,2182,1458,1293,1377,906,978,704,1810,1761,1486,1748,429,1120,567,924,1968,1469,1928,1968,
241,404,637,831,1366,2166,2,2,1649,1223,568,800,749,2477,2276,1304,1701,853,650,905,637,1246,1552,1499,1610,1115,1093,799,1248,2064,1458,1624,1661,574,1190,802,793,1866,1464,1222,980,939,1260,819,714,1700,2077,1362,1210,1361,788,921,532,1656,1605,1340,1705,291,939,398,798,1839,1419,1855,1872,
242,241,430,771,1172,2095,1,1,1636,1093,427,732,624,2286,2142,1210,1657,512,478,781,506,1089,1447,1361,1432,961,949,688,1223,1934,1286,1486,1555,404,1142,735,597,1747,1303,987,869,781,1165,698,538,1479,1834,1330,1077,1089,638,761,281,1532,1457,1177,1580,156,771,244,673,1685,1251,1709,1797,
243,143,265,630,1090,1930,1,1,1512,992,320,617,399,2181,1998,1026,1502,339,296,637,308,932,1281,1272,1335,829,889,550,1079,1833,1128,1338,1401,218,929,684,409,1646,1118,791,792,620,1136,474,401,1298,1651,1134,1070,858,420,653,186,1391,1422,944,1466,106,551,136,503,1523,1211,1615,1786,
244,102,137,430,843,1835,0,0,1456,846,155,451,251,2071,1928,791,1363,201,169,404,164,783,1049,1052,1217,574,734,355,898,1562,848,1067,1258,133,839,477,246,1403,820,539,690,409,1004,285,257,1148,1402,1030,953,638,294,486,125,1354,1193,723,1402,59,330,88,317,1427,1004,1471,1621,
245,56,109,271,690,1586,2,2,1390,688,90,277,141,1886,1841,582,1323,142,110,253,112,597,767,865,988,373,534,192,839,1375,560,756,1038,93,667,307,174,1099,520,348,524,276,864,172,132,834,1120,881,804,385,188,282,90,1148,941,456,1346,57,202,75,165,1097,826,1277,1598,
246,68,99,142,411,1288,0,0,1262,535,74,166,108,1570,1526,327,1074,99,83,143,90,386,423,603,700,200,328,117,575,1022,326,449,718,94,421,146,124,694,322,191,311,166,662,93,94,528,769,513,643,234,124,156,85,905,691,231,1190,42,124,69,116,816,562,888,1440,
247,50,90,91,264,993,0,0,1184,276,71,73,91,1179,1444,194,775,90,61,121,77,221,230,347,456,122,224,84,334,646,217,249,460,94,260,129,75,447,215,174,241,146,442,98,70,322,508,339,467,176,96,121,91,604,372,192,1086,51,116,69,102,540,341,626,1437,
248,46,84,85,157,592,0,0,1038,188,75,70,74,858,1049,169,506,85,63,99,60,170,179,195,282,109,135,79,213,398,158,180,254,78,138,77,77,310,165,129,118,105,281,80,72,197,302,203,306,151,83,103,73,407,220,164,866,38,99,57,101,328,192,329,1257,
249,52,84,86,158,377,0,0,758,115,61,75,71,479,751,152,296,95,70,106,67,133,172,188,189,109,99,65,167,304,162,196,179,71,125,80,79,233,150,145,86,85,145,81,76,195,236,159,207,115,78,93,83,220,177,132,696,38,99,44,96,253,172,253,1251,
250,39,67,62,103,308,0,0,595,102,49,68,82,318,401,132,197,83,62,84,56,113,154,135,153,97,117,87,134,251,157,159,186,69,106,61,73,233,140,116,90,78,129,59,68,157,225,133,121,129,90,78,63,196,158,123,462,40,101,54,73,194,161,200,1011,
251,34,75,61,136,239,1,1,359,98,66,71,70,291,276,116,159,89,67,81,65,129,169,116,150,78,93,71,107,186,156,144,202,47,121,66,58,226,133,144,89,68,122,66,64,179,205,123,119,127,67,75,60,144,147,134,290,32,89,56,84,174,133,199,822,
252,42,70,79,127,227,0,0,224,78,45,53,71,244,250,136,161,70,51,74,52,113,155,127,153,98,96,53,112,215,146,172,142,49,104,62,66,181,128,124,80,76,98,70,40,147,202,119,84,113,67,67,44,160,131,118,193,42,88,36,72,198,115,182,645,
253,36,52,74,115,199,0,0,173,89,42,56,59,218,206,114,147,81,48,75,52,110,136,115,153,85,83,61,106,197,141,166,161,57,111,71,67,196,128,119,82,74,97,57,51,139,182,136,87,82,72,57,54,141,122,103,143,22,76,46,82,152,129,179,409,
254,31,65,55,105,183,0,0,156,77,42,64,66,224,234,105,155,54,40,65,38,107,135,124,127,63,84,49,90,180,127,130,151,50,86,41,49,142,141,89,75,60,92,74,60,130,181,107,76,93,62,58,50,150,123,100,121,22,92,33,67,154,119,158,238,
255,19,47,74,97,186,0,0,125,80,34,50,58,238,213,101,140,58,41,66,46,94,125,120,120,72,90,54,84,187,123,147,136,36,86,56,40,163,147,110,81,53,91,38,53,138,163,103,93,90,70,53,26,119,137,108,122,17,69,18,46,171,117,173,155,
256,19,39,41,92,159,0,0,136,75,25,46,47,193,193,89,128,44,34,67,35,91,114,79,102,78,67,64,88,169,108,116,121,39,70,51,48,139,119,71,76,52,78,46,41,130,126,102,80,78,44,58,25,123,120,83,145,9,56,13,46,147,81,128,137,
257,16,33,52,73,174,0,0,121,78,27,43,47,201,168,91,114,41,30,62,32,75,93,92,108,77,60,54,71,144,95,121,105,29,79,46,38,140,86,75,57,43,87,39,36,119,156,82,68,80,39,47,16,113,91,89,119,6,54,6,41,134,91,134,148,
258,6,10,40,74,138,0,0,120,65,19,24,29,176,164,79,91,25,17,39,14,71,90,100,103,63,50,27,55,163,90,107,117,10,71,27,24,130,83,61,43,31,73,42,30,93,152,73,75,66,26,37,13,124,114,73,108,4,37,6,31,120,83,117,130,
259,3,5,28,70,149,0,0,102,64,10,33,11,181,167,66,116,14,15,34,2,59,75,71,92,45,57,27,65,136,67,77,99,7,64,34,20,99,65,44,34,22,68,26,18,83,115,76,70,43,23,41,7,90,86,41,122,3,24,4,13,92,69,123,118,
260,5,6,21,49,129,0,0,111,58,4,16,7,165,156,47,98,8,11,22,6,40,52,73,84,22,48,15,46,107,53,54,73,3,55,31,7,95,44,33,44,21,60,11,12,75,113,57,54,33,8,12,6,107,84,33,93,4,18,1,18,123,59,108,130,
261,3,4,10,44,115,0,0,88,41,7,14,5,166,158,34,92,8,4,8,10,30,44,59,63,19,24,10,51,104,39,44,76,5,44,14,8,78,36,16,29,17,51,4,4,57,93,57,48,17,11,14,10,75,67,25,105,1,13,4,11,88,48,75,123,
262,2,5,7,34,79,0,0,103,29,5,8,6,119,126,21,70,8,10,9,4,13,30,32,57,12,18,9,32,71,14,35,51,5,15,9,7,52,16,18,22,12,38,1,9,45,49,30,46,13,5,3,5,68,36,9,84,2,4,1,9,67,33,61,129,
263,4,3,9,22,72,0,0,93,24,3,8,4,90,120,5,51,6,4,7,0,13,15,23,37,7,11,6,21,39,15,18,37,4,12,7,5,33,13,17,4,7,33,3,4,25,42,21,23,11,9,4,7,49,30,12,78,1,10,4,7,43,23,53,107,
264,1,9,10,7,50,0,0,72,12,2,7,4,72,96,8,33,6,6,9,6,9,17,13,19,5,11,1,9,36,13,11,12,6,10,7,4,23,15,6,4,2,25,6,6,17,27,8,13,9,4,2,4,41,14,11,84,3,8,5,6,23,12,30,105,
265,1,4,3,6,42,0,0,68,11,4,7,5,46,93,10,17,7,7,4,5,7,6,13,18,3,9,3,12,31,16,8,18,5,11,2,1,18,15,11,7,6,8,8,4,11,19,12,12,6,2,6,10,24,14,13,63,5,6,1,5,21,10,21,96,
266,1,9,2,9,24,0,0,43,9,4,3,3,39,36,4,7,4,3,4,5,8,10,7,16,10,6,4,8,24,13,10,5,4,4,4,2,21,9,10,9,11,14,0,4,9,21,17,8,11,6,8,6,19,11,9,32,1,2,3,5,15,14,19,76,
267,0,6,5,9,17,0,0,50,7,3,2,3,17,27,8,16,6,4,7,4,10,12,4,16,5,5,5,6,17,10,10,13,2,3,3,3,17,12,2,5,7,5,2,4,6,13,7,1,9,4,5,1,8,17,12,36,1,7,5,8,14,4,11,65,
268,0,3,6,5,18,0,0,26,3,4,2,4,22,18,14,4,6,2,5,1,9,3,8,13,3,5,1,1,24,11,10,14,1,13,4,2,9,5,9,6,1,6,2,2,8,24,12,6,6,2,6,2,14,6,8,23,1,4,3,5,13,9,20,54,
269,2,3,2,11,16,0,0,15,4,1,5,4,21,19,5,10,2,1,4,3,6,9,6,6,3,2,1,5,16,8,12,9,2,7,6,2,13,7,6,2,2,7,4,3,5,13,10,9,9,4,8,2,8,7,6,17,1,5,1,2,13,4,12,50,
270,2,3,6,4,17,0,0,9,5,0,5,6,27,18,8,13,5,2,3,2,7,9,6,16,3,5,1,7,13,11,6,15,3,6,7,2,16,11,7,9,5,3,8,1,6,12,9,5,10,3,2,1,10,12,4,14,2,4,1,5,10,5,12,29,
271,0,4,7,5,18,0,0,8,7,3,3,5,16,11,8,12,2,2,3,1,8,10,12,15,4,4,6,7,19,12,10,4,3,2,3,2,6,11,6,6,1,8,1,2,16,14,11,6,8,2,6,0,12,8,6,12,1,2,0,5,18,6,13,17,
272,0,1,1,8,8,0,0,9,4,2,4,0,16,12,6,11,2,1,0,1,6,6,7,7,4,3,2,5,10,10,12,12,1,5,3,1,21,6,1,4,3,7,2,2,7,15,9,5,6,5,2,0,9,8,5,8,1,3,2,2,5,7,13,15,
273,1,1,3,11,10,0,0,12,6,0,3,0,14,21,7,2,1,1,1,1,3,3,6,10,2,2,2,7,8,7,8,12,2,8,0,4,14,5,3,3,2,1,0,1,8,10,9,7,4,3,2,0,12,4,7,7,0,4,1,5,10,6,13,8,
274,0,1,2,6,5,0,0,6,5,0,0,2,19,17,2,8,2,0,2,1,5,7,8,4,1,9,1,7,7,5,8,8,0,5,2,3,11,3,4,5,4,5,0,2,8,15,9,7,4,1,0,0,5,3,1,9,0,3,1,3,12,9,15,9,
275,0,0,2,7,14,0,0,9,3,0,0,0,14,10,4,9,1,0,1,0,5,3,5,5,1,8,0,4,4,6,5,9,0,5,2,0,11,7,3,2,0,2,1,1,5,7,8,3,5,1,3,0,5,9,0,5,0,2,0,0,8,3,9,8,
276,1,1,0,3,11,0,0,5,1,0,0,0,8,13,2,6,1,1,0,0,1,9,3,10,1,2,0,3,12,5,5,7,0,4,0,0,8,4,1,2,2,7,0,0,8,9,2,1,1,0,0,2,11,5,3,5,0,2,1,2,9,3,9,8,
277,0,0,0,2,16,0,0,10,2,0,0,0,12,6,0,7,0,0,0,0,1,3,6,5,2,3,0,1,5,4,3,6,0,3,0,0,5,3,0,1,1,5,0,1,3,5,2,2,3,0,0,0,6,7,4,7,0,1,0,0,10,4,8,12,
278,0,0,0,0,8,0,0,5,3,0,0,1,15,14,0,9,1,0,2,0,1,3,2,10,0,0,0,1,4,2,3,2,0,1,1,0,7,0,1,4,0,4,0,1,2,4,5,0,1,0,1,0,6,5,1,8,1,0,0,0,4,2,5,7,
279,0,0,0,0,9,0,0,1,0,0,0,1,7,6,1,5,0,0,0,0,1,2,1,0,0,1,0,2,3,1,4,5,1,1,0,0,1,2,0,0,1,2,1,0,0,3,1,4,1,2,0,0,4,2,1,7,0,1,0,0,1,2,2,12,
280,0,0,0,1,3,0,0,6,0,1,0,0,7,10,0,5,1,0,0,0,0,0,0,4,0,1,0,0,1,1,2,2,0,0,1,0,1,1,1,0,0,2,0,0,2,2,1,0,0,0,0,0,3,2,0,7,0,1,0,0,1,0,1,6,
281,0,0,1,0,4,0,0,6,1,0,1,1,2,4,1,3,1,0,0,0,2,1,0,1,1,1,2,0,2,1,1,0,0,0,0,1,0,1,1,0,0,1,0,0,2,6,2,0,0,0,1,0,2,0,0,5,0,0,0,0,4,1,1,9,
282,1,1,0,1,4,0,0,5,0,0,0,0,4,4,0,2,0,1,0,0,0,1,0,2,1,0,0,0,0,2,0,1,0,1,0,1,2,0,1,0,0,0,0,0,0,1,1,1,1,0,0,0,0,1,1,7,1,1,0,0,2,0,2,6,
283,0,0,0,0,0,0,0,3,0,0,0,1,4,1,0,1,0,0,2,1,0,3,0,0,0,1,1,1,1,0,2,0,0,0,0,0,4,0,0,0,0,0,0,0,1,3,0,1,2,0,0,0,0,0,1,3,0,1,0,0,1,0,0,3,
284,0,0,0,0,2,0,0,1,0,0,0,0,1,6,0,2,0,0,0,1,1,0,0,1,1,0,0,0,1,0,4,1,0,2,0,1,2,0,0,0,0,1,0,0,2,0,0,0,1,0,0,0,1,0,0,4,0,0,0,1,2,0,1,8,
285,0,0,0,0,1,0,0,2,1,0,1,0,1,2,0,1,0,1,0,0,0,2,0,0,1,0,0,0,1,1,3,0,2,1,0,0,3,1,0,0,0,0,0,0,0,1,0,0,0,0,0,0,1,3,1,2,0,0,0,0,1,0,1,5,
286,0,0,0,0,1,0,0,2,1,0,0,0,1,0,0,1,1,0,1,0,1,0,2,3,0,0,0,2,0,1,1,2,0,1,0,0,0,0,2,1,0,0,0,1,3,0,0,1,1,0,0,0,1,0,1,2,0,0,0,0,0,1,0,5,
287,0,0,0,0,1,0,0,0,1,0,1,0,0,0,0,1,0,0,0,0,0,1,0,1,0,0,0,1,1,0,3,1,0,0,0,0,1,1,1,2,0,0,1,1,1,0,1,0,0,0,0,0,2,0,0,0,0,0,0,0,0,0,0,3,
288,0,0,0,0,0,0,0,1,0,0,0,0,2,1,0,0,0,0,0,0,0,0,1,0,0,0,0,1,2,1,1,1,0,0,1,0,0,0,0,0,0,0,0,0,1,0,0,1,0,0,0,0,1,0,0,1,0,1,0,0,0,1,2,1,
289,0,0,0,1,2,0,0,3,0,0,0,1,1,4,0,0,0,0,0,0,0,0,1,0,0,0,0,0,0,1,0,0,0,0,0,0,0,0,0,0,0,0,0,0,2,0,0,0,0,0,0,0,1,1,0,0,1,0,0,0,0,0,0,0,
290,0,0,0,0,3,0,0,0,0,0,0,0,0,0,1,1,0,0,0,0,1,0,0,1,0,0,0,0,0,2,0,0,1,0,0,0,2,0,0,0,0,0,0,0,0,0,0,0,0,0,0,0,1,1,1,1,0,0,0,0,0,0,0,0,
291,0,0,0,0,2,0,0,0,0,0,0,0,3,0,0,1,1,0,0,0,1,1,0,0,0,0,0,0,0,0,0,0,0,1,0,0,1,0,0,0,1,0,0,0,0,2,0,0,0,0,0,0,2,0,0,0,0,0,0,0,0,0,1,0,
292,0,0,0,0,1,0,0,1,1,0,0,0,0,1,0,1,0,0,0,0,0,0,0,1,0,1,0,0,1,0,0,0,0,0,0,0,0,0,0,1,0,0,0,0,0,1,0,0,0,0,0,0,0,1,0,1,0,0,0,0,0,0,0,0,
293,0,0,0,0,1,0,0,0,1,0,0,0,0,0,1,0,0,0,0,0,0,0,0,1,0,0,0,0,0,0,0,0,0,0,0,0,0,0,0,1,0,0,0,0,0,0,0,1,0,0,0,0,0,1,0,3,0,0,0,0,0,1,0,2,
294,0,0,0,1,1,0,0,0,0,0,0,0,1,0,0,0,0,0,0,0,0,1,0,0,0,0,0,0,0,0,0,0,0,0,0,0,0,0,0,0,0,0,0,0,0,0,0,0,0,0,0,0,0,0,0,0,0,0,0,0,0,0,0,1,
295,0,0,0,0,0,0,0,0,0,0,0,0,0,0,0,0,0,0,0,0,0,1,0,0,0,0,0,0,0,0,0,0,0,0,0,0,0,0,0,0,0,1,0,0,0,0,0,1,0,0,0,0,0,0,0,1,0,0,0,0,1,0,1,0,
296,0,0,0,0,0,0,0,0,0,0,0,0,2,0,0,0,0,0,0,0,0,0,0,0,0,0,0,0,0,0,0,1,0,0,0,0,1,0,0,0,0,0,0,0,0,0,0,0,0,0,0,0,1,0,0,1,0,0,0,0,0,0,0,0,
297,0,0,0,0,0,0,0,1,0,0,0,0,1,0,0,0,0,0,0,0,0,0,0,1,0,0,0,0,0,1,0,0,0,0,0,1,0,0,0,0,0,0,0,0,0,0,0,0,0,0,0,0,0,0,0,0,0,0,0,0,1,0,0,2,
298,0,0,0,0,0,0,0,0,0,0,0,0,1,1,0,0,0,0,0,0,0,0,0,0,0,0,0,0,0,0,0,0,0,0,0,0,0,0,0,0,0,0,0,0,0,0,0,0,0,0,0,0,0,0,0,0,0,1,0,0,0,0,1,0,
299,0,0,0,0,0,0,0,0,0,0,0,0,0,0,0,0,0,0,0,0,0,0,0,0,0,0,0,0,1,0,0,0,0,0,0,0,1,0,0,0,0,0,0,0,0,0,0,0,0,0,0,0,0,0,0,0,0,0,0,0,0,0,0,0,
