165,7481,8410,12463,24433,67755,15077,22427,53491,34124,6407,15499,8051,83296,70909,53739,61714,9532,7102,10753,7912,53218,59667,60340,50541,13893,35032,10413,34490,66545,51142,57676,50198,8200,20970,17058,7760,68146,54948,44398,34706,11903,25950,9296,12803,60710,56300,54916,49286,20337,8124,17608,8724,64755,62208,66699,47523,6128,9325,7265,13891,59272,58822,56772,43699,
166,11181,12072,23032,41104,68082,23743,33333,56718,43742,8835,27993,12299,82494,71262,52167,61727,13220,9587,20082,10362,56509,63458,64210,53580,25265,51099,18483,47625,70841,53993,60797,53020,10654,34506,30054,11407,72471,58207,48314,36141,21699,39294,14324,23465,64422,59512,58398,52450,37466,12620,30340,10542,64311,62373,77755,52431,8479,14784,8557,25664,61543,60568,60603,45519,
167,19078,20743,35008,52886,72271,35192,43951,67560,47925,14329,38179,21389,86276,76016,50234,64387,22657,16045,30951,16531,59958,67288,68293,56806,40317,66299,29481,60406,75434,56898,64441,56128,17448,43836,40767,19796,76919,61940,51721,38947,33967,50344,24439,36206,67249,63536,61801,59558,53819,21709,39718,15832,68314,63831,77126,69450,14325,25226,12153,35256,64822,63745,64078,49211,
168,30784,33715,44638,60055,82082,45388,55039,109849,51290,24748,45684,32919,94941,82804,52153,68145,37643,26993,45080,28388,64989,71850,78204,61521,59298,67030,42791,63916,81746,60517,69268,61180,29803,50906,50607,30268,83324,66253,54364,47540,46247,57723,37492,49356,70614,70443,66381,87557,66500,32880,45277,28174,73094,67223,77283,129439,24282,37572,21446,41917,70972,68185,71238,61001,
169,40732,44973,49873,62654,121093,57634,80288,232312,54676,33140,49152,40430,126633,114570,56412,81521,55706,42163,54162,42807,83336,81249,118387,79239,74735,61528,56882,59128,112072,68378,86121,79003,41213,52809,56514,41520,105374,71943,58239,84494,58214,55828,51435,63042,85630,99694,80065,173295,71676,41071,46893,41767,95052,78204,81859,258583,32275,45014,34019,45049,92182,79611,101499,102044,
170,47638,53017,51786,66274,260505,92035,148750,480452,58209,38921,51832,45765,268698,252627,71454,148755,70093,55451,50658,60983,160919,127940,253067,158928,71059,61321,60285,60383,231245,109035,166229,160028,50854,54499,55905,51340,204592,106882,74545,189580,60569,55175,65202,65138,156574,217646,147282,347191,77315,45431,49863,52067,185216,132389,97073,445294,37737,49250,44832,47410,182565,133190,210449,213469,
171,48729,54072,54280,70276,505476,173091,249470,722407,61705,41586,55640,48192,576733,563056,139542,340335,65172,52499,49607,61935,316436,264043,435603,305257,66825,63927,55724,64203,437586,227785,335622,315476,53641,58179,57847,50883,394866,224348,142153,299776,59179,58213,61620,61308,320858,408267,304364,484217,81115,47121,53460,56440,374706,271997,159492,579713,40115,52812,48226,50668,359919,271422,385375,354405,
172,51695,57131,58761,77880,762779,262899,320236,693992,73617,44832,60186,51574,931168,861318,306013,642888,63633,49339,51893,56283,470900,448283,551411,426632,68631,74363,56423,75292,604958,393932,511983,461771,56917,63562,62300,50353,551302,397970,279162,348797,62547,64604,59524,63537,500244,533731,484080,508178,88083,51521,58221,59102,621462,464388,311455,543755,43212,56745,52381,54919,561849,458107,541505,448180,
173,54788,61505,64686,98194,778624,326684,389403,560170,111469,47411,67717,55051,963537,845178,595838,790194,66515,51505,57428,58021,560583,609388,585047,480963,74663,112210,60496,115885,635457,528822,598247,520162,60759,78399,70203,53169,592303,525257,427124,356524,68421,87498,62700,68818,591626,534020,566592,493770,100861,54791,67648,63399,789449,692379,591393,478104,45935,60736,55411,60667,676281,644407,583861,465983,
174,62321,75681,95652,206982,636801,403288,584113,516913,254184,53050,109187,65505,768458,667705,648474,631116,80601,57965,89340,64064,549936,627372,588494,490454,109478,278823,81195,276664,610330,522108,570915,497019,68965,158342,113399,62070,592745,545524,475817,360547,95373,192155,75683,98276,579398,526125,548197,498167,171809,66460,123185,70071,677232,683892,893500,466579,50618,78928,60026,95669,604810,650998,544216,452871,
175,86185,133707,191802,406297,877156,914304,1530554,884356,428007,73436,223013,105632,1015975,943035,960090,860985,139423,87256,197164,87854,792972,875890,909533,847899,233437,582169,156379,540040,850054,706513,804799,770167,97073,316653,230777,96248,1002421,918515,904918,795872,185096,380286,124752,195419,831365,914931,1071242,968541,355672,111116,257042,91708,833550,807592,1105312,784683,66944,148849,72335,197942,843381,858893,836114,775317,
176,236500,366122,435602,645446,168846205,145950444,143308741,212469969,565142,207949,459458,286691,190337703,203229492,262186856,193536686,414317,257737,506128,245087,171614800,175282101,200868626,230898155,617354,836679,429896,777057,156893249,145990809,162690919,189363190,284760,565773,500573,271241,227469061,226381809,250449841,250703727,458760,650921,353118,498776,175947164,247558409,307093992,281524366,660942,282227,481868,228179,159380951,141596266,153354567,186520140,159677,346485,153432,407484,169120780,163887942,205774285,216046551,
177,417398,592224,587928,761066,250911702,198845168,194051024,248137167,644727,359263,604817,463379,231056982,244965050,238282862,244401907,750395,530186,651881,506966,202475113,219172308,221897789,274299915,827171,783780,677872,723458,204921256,187619417,186731362,197770379,493131,711726,666214,461445,185093182,179163461,198250215,198565720,652412,701634,595294,747452,190166899,197352958,202956007,228623593,747849,445957,544140,427438,242818938,213969666,216005388,260106742,307462,476499,322106,487353,244770654,228102953,254503887,232094094,
178,641381,845015,769396,1045424,340152955,254835769,261958265,292420651,893255,573844,803321,717027,286386834,295917538,258949446,270376867,850776,753589,658541,799043,198486602,217593355,210978092,279289655,867015,747878,804941,715848,193869000,186701785,180231628,188322099,825695,968191,846622,676234,170597242,161239212,167591089,180723703,857818,799960,806469,873550,198059037,170126704,170352431,205309435,925116,579653,599566,642701,292845330,245978835,256235443,300860062,504064,595370,548047,568260,269300899,256465782,252177625,237719439,
179,71576682,66273004,65164647,68617605,343374923,292695151,305214165,324816010,108878035,88423075,65814178,77047182,262301044,339545418,293127383,304219995,88265437,125713932,93805045,72294531,205178015,231357742,212113660,293075945,87688452,80511640,64246653,96985044,182191578,200278653,183449077,191337542,105939384,93170187,82489827,71828535,169675736,160165906,165552982,170789786,73065538,72931274,69035261,83609256,204673118,170482622,177216458,196363306,137427449,84920690,78699389,58975376,321781290,278577739,257723204,321829362,126622286,125410347,87303353,139008578,290736683,270668395,260763025,231154252,
180,172008617,170676388,169627596,172141799,399519755,315083660,332072403,358593777,246466550,203357552,160961884,187394588,360525290,367110254,327030107,335285614,228090255,275662581,216120008,166246027,209481135,214111078,220190687,271082013,200437483,188264421,156194778,194075205,223110442,202768022,191184970,199943055,235345757,221085204,202337457,170186239,164475914,163804303,169434055,177333940,171102945,178909935,171685706,207380572,209001760,171084974,161257762,189783049,294397842,197477866,191903527,146336475,336574725,258211371,291182205,334457386,281074099,272282208,242728898,296082780,295970717,204432211,254958011,257106623,
181,177162457,181017841,176214616,180934946,350806446,336257395,356031163,411766916,210746476,64917029,175290069,177320430,411488710,426843316,388152939,377231052,237966930,234445736,211259895,122248762,211287086,213076440,212678741,284037754,197042723,182002373,175454364,211577711,211217897,201409469,191396127,203010010,232208865,231933764,274998609,220830303,170229453,163934562,172175867,183745286,199473670,223160035,225994281,232600436,206092228,171457299,183240492,186473287,199952939,180201038,180294579,172820404,381108472,322804848,316524069,355882218,203013631,201254136,191001596,204378475,306878505,274405081,261472478,249204324,
182,176393004,180932788,170885339,173572869,394684208,345231662,368564199,461788123,195966446,191622898,172478707,168342277,478828111,514335425,513513034,443945612,244836063,235993197,214955685,176607310,201193780,203439606,202963222,260219643,215793177,239897756,216134053,242084996,190204531,191370354,186800247,189076037,255218626,253930349,336167702,283138714,168501952,165607090,171918858,142336986,275723174,261052031,279855069,273198409,202783692,170671211,183229531,187628178,170562907,168354221,172107307,188891587,350159474,335894313,326929836,358368816,131289966,170924418,172494394,174804359,301227370,271847354,231460164,225304981,
183,173447875,187301378,169521672,184467158,384872541,352668939,365278732,493975069,200859125,198269843,176988269,169056195,527557958,583570220,609912774,526159136,255914704,254082417,235210217,194321640,186395585,188072199,194697781,238110390,244793377,285037660,257436908,271983764,185598718,179329648,175859652,180839786,269345821,268132129,377953904,303249349,148329162,162814241,167641822,177780685,295310529,293572911,304600053,222476310,194281604,167134916,174300397,179800522,151631839,165798853,169684332,195271933,336199491,344922102,313315295,417351482,169755608,165632669,168796212,165279142,300939675,273930565,228124361,207060525,
184,182248340,196236053,165791002,168482389,369029937,358418835,361344373,495150172,197285443,206250917,178815135,169946470,554120710,609631823,642748341,573020579,277639768,284654181,269835386,224402173,173533382,173711887,191754632,222348136,289064211,329213906,291703386,305247039,167255350,163354078,148557015,175524835,323869964,269881089,357596868,311823061,158688179,165791742,159553144,164996719,305561328,294262927,320890010,303153155,162970836,162641078,162740809,167901890,162927689,164363964,168857566,202634844,320508374,349123153,336154826,330452458,165806041,162175492,167335353,164523187,294028165,274039313,213511518,199559110,
185,180363998,201531311,170143910,180249656,357799419,354228913,360328334,488465910,185416147,197787987,162215502,170363736,550698333,591227708,632574510,595638109,339066186,320202795,301246463,256615643,162578372,159983997,188158935,219394314,332230953,364893116,315772912,331385965,156428009,156881400,156618998,163187961,274955024,273529475,369106908,312924678,154567438,155542325,156981645,157980052,309581699,294351982,335369685,314692030,155769691,159204068,156181882,127747122,161284198,162000234,165893594,201038476,311815040,338447841,322710417,71272026,159743680,160840624,163763226,162677622,284433391,259431818,207182509,191537613,
186,177980433,209035009,169009384,174013347,357948875,356495103,393142121,496200289,198081628,195274101,165368713,168755045,550631999,578745821,626733974,578790891,348955568,360341048,351508238,294770255,157362781,158888360,187807163,217023560,377312779,396200287,332971219,346985498,154392760,154344666,153766491,157906607,284693792,250605510,484044441,327771132,153442280,152988717,153240169,154421178,315047609,300272672,349034436,352817733,153702631,157618317,154209100,158132446,161471129,160121213,162249063,195590514,307502077,326748504,345641556,312436367,152326115,161234943,161682404,158590575,269636518,212303791,197452497,184233568,
187,186478075,213765540,170073824,168415981,363158207,374046426,434490554,499116120,196191277,231310921,179997142,167860302,547147178,572522347,621641857,597381349,351359375,391862647,390124548,325056278,155804954,157309593,164882085,243327995,419443822,408021571,337408332,347206348,154070501,153790843,153112927,157129673,294425549,261192008,404523952,319494925,153092069,152795390,152980574,153414877,317984890,311006922,363996807,340860563,153069341,158980053,153320887,156612111,164933815,160193152,161683056,191234724,307074164,321448710,313360761,304964508,159261833,156864040,160518129,192665513,255758310,236673836,192538318,185021130,
188,178109387,215513062,175236567,174133223,406495668,405889707,450721016,495799087,204208318,181878441,168669157,154379361,542792631,566911602,600826308,595657498,392117663,417221734,428629216,359920806,154449683,159273516,178040008,212883727,435914953,409838504,340235590,344158918,153701567,153317730,152733091,157213852,290861855,249832068,293154533,324063355,152894174,152494403,152744985,153242100,326542824,320901053,345358873,350881021,152871278,162277034,153447623,155007465,158634539,161545249,162729858,190087937,317314423,319909331,298765959,308544173,160765550,158958446,162085452,157018349,247756939,235345423,194754313,189747969,
189,171782457,213203396,175673374,173144740,436616396,428130940,450333542,466625184,208641596,192183147,176158905,167666243,511172030,526404222,544529246,550106792,384272681,437154584,440140684,383375069,147731629,149509965,167568607,202369715,451247687,408816277,340983733,350883008,148189617,147066386,146432397,151096768,287307789,270267555,370142375,329529078,146409986,146103442,146281130,146318271,341199542,331266015,364216253,367026277,146737371,156578905,146828957,148345104,158787925,161185539,161932992,187021127,323285986,315772907,310120856,299629659,160134631,158489503,161106458,158582558,235635152,224575190,189079523,185696366,
190,181670254,208568317,174736523,173888159,238869375,237984395,230017331,233779278,203138559,191337630,202121906,168971500,252125200,254133905,263055737,271763133,438686589,445525497,451352640,402063227,75542351,75806340,91283596,100943073,454665175,419875683,346248150,357844461,74881928,75366156,74989140,76637478,289543532,275530816,341806478,272252285,74912210,74769774,74786786,74782139,344319741,337688109,354350807,373643937,75234670,78176168,75206395,75537743,158996871,161890620,163077069,187606840,180562365,167962095,149558143,184503713,159397218,157682610,162011586,159743730,124441825,113601391,97195689,95457115,
191,159195091,184518825,154336933,151142167,30796970,36495870,34826798,35101283,176642581,168589328,155839232,149933382,37559111,36923898,38399355,40124534,157803651,401406394,405219738,369408729,11698668,11744844,12641285,15079283,405432672,375346299,315831201,329826685,11679419,11675914,11656860,11756263,283850829,250516206,325157304,231537359,11669007,11617206,11566553,11463311,317498941,307269500,320315014,345653970,11715462,11867091,11692270,11629123,141724707,144254999,144786994,167466801,29242690,26939781,25101895,25455474,149633669,140201033,143079934,130020058,11130859,17774834,15272259,14769429,
192,22865634,26650212,23333819,22894353,524971,1582656,1574608,485169,25603168,21915867,22771826,22213255,631279,552739,422198,512360,62082524,58381276,59098747,54488227,527855,588144,569169,472713,60245248,54803915,46774942,50491604,587683,482728,546971,474749,37366196,37653801,47648087,44991425,580333,532449,466167,357053,48464868,46364740,49186522,50622590,556938,507141,533651,490975,21072806,21234708,21405801,24816581,548311,510757,634835,440245,20840542,20289603,21240984,20689713,528756,554639,500114,437994,
193,1186478,1323102,1119034,1242501,526036,1575473,1566507,484419,1232818,1214175,1188960,1120767,631633,550801,422806,511487,2434289,2199760,2267633,2152545,528695,587107,566701,471474,2283780,2192780,1927790,2031794,584670,482892,545897,473768,1612582,1615023,1972781,1898098,580591,531029,465562,357686,2082737,1982326,2040103,2144789,555991,506555,533686,491453,1331438,1096326,1129468,1293892,546952,510402,635392,441926,1086128,1122235,1162391,1096900,527031,554455,499573,436220,
194,583893,614904,576200,639653,525018,1566182,1549524,483296,618801,522931,596071,529374,629150,551080,421536,510822,761711,635222,626500,698638,525683,584861,566919,470637,724436,725736,670796,679528,584153,481031,543382,473958,640938,607059,666375,595136,579725,533199,465089,355829,673444,641263,668412,713964,557588,503200,532501,491059,753721,525524,554513,638300,545268,507791,631961,440215,520795,559692,591686,537923,527009,552100,498267,433823,
195,512889,530211,502401,569052,524600,1545351,1489103,482798,544659,449682,525740,464897,629442,549938,421088,508810,527325,431003,426007,502158,525076,582690,566337,471771,524389,525518,491749,504306,583819,480189,542316,471028,534585,493571,523045,451617,576955,529945,464697,355266,511018,488699,506402,546402,553427,504097,533472,490306,684439,458700,489232,558241,544607,506968,632180,439126,454661,493596,526429,470719,526159,551603,497341,435810,
196,509395,526788,503106,568397,523787,1488625,1316894,482184,542583,448820,522917,464846,626822,549541,420636,509443,526989,429813,424137,500951,521882,581181,565153,468058,522116,522860,491305,502869,583391,480561,541146,471361,533788,494210,522259,449543,577589,528464,463746,354382,509221,487523,503827,546146,555158,502307,530177,489563,682555,457489,489315,555664,543989,506922,630514,439296,454047,493158,525517,468728,525222,550515,496438,434907,
197,509183,526681,502496,568483,521711,1278925,920122,482238,541224,448105,523686,461644,624360,546883,418946,508984,525110,429208,425297,501116,522516,582948,563284,469308,520598,524185,493188,502619,580410,479047,541361,469011,532959,492222,523506,449187,574838,527356,462893,354474,508371,486613,502901,544192,552102,500384,528201,487914,682063,456491,489742,555918,542598,503595,628385,439779,452782,493258,522019,469459,523421,549058,494475,433885,
198,508906,524265,500472,567241,520333,843870,457588,480846,539291,447497,522786,459890,625549,546546,417399,507365,523059,427109,421735,497654,520409,580947,560899,466699,521383,521212,494008,500668,580228,477290,536796,468525,531359,489757,518090,447071,573286,526199,459029,354754,507833,485546,504074,541929,550059,497812,527839,486607,679093,454608,485621,553758,540153,502931,627692,437499,450652,491072,521949,467852,522413,546329,494379,432725,
199,508111,525308,498717,565231,521353,450737,239464,480335,538778,445963,520753,459206,619890,545298,415629,503514,523347,426454,423406,498984,520888,578032,560324,466011,518582,519385,493036,500879,578071,476295,537210,467413,531534,490489,518086,445013,571943,524514,458307,353333,504468,485193,500395,540489,548948,497990,526408,488165,677747,453696,484352,552182,538708,503354,625538,438001,450196,489998,520311,468458,520871,546089,492289,432627,
200,506797,524013,498090,564155,517572,244397,180469,477830,537191,444454,520785,459757,620410,541503,413659,502417,521609,426202,421831,497047,518349,579343,559008,465093,517712,518840,490544,499296,575678,475290,538034,465696,529438,487591,517845,445681,569350,524636,456744,352577,505932,484004,502250,540319,548787,496130,524556,483905,676656,452708,484165,552027,538192,502345,625036,437523,451087,488593,521009,466365,520250,544745,490885,433504,
201,506215,520915,496589,561948,515345,183180,169359,478878,536526,444273,519377,456940,617788,541167,414487,502356,520362,424806,421035,496868,518069,574205,557554,463642,516659,517722,489649,497362,576482,473943,535436,465479,527890,488151,515647,444103,569136,520055,454716,352650,502769,482593,499766,539649,548331,495733,524279,483720,674875,451239,483786,549872,537284,500681,624295,435908,449791,486434,518702,465386,518355,542340,489099,432207,
202,505658,520492,495390,559606,515630,169220,165665,477133,535006,444790,517235,456142,616385,540353,411469,499361,518481,424128,419014,494515,513588,573110,554471,461393,517619,516176,488294,497287,573340,472176,532541,461908,527605,485818,514552,443563,565273,519882,451768,350590,501430,480889,499069,537940,545141,493546,520884,482349,672737,449529,481548,549292,534980,499354,620502,433441,446814,483889,516793,464651,516746,541456,488442,431223,
203,502453,519519,493347,558417,513254,165801,163340,477076,533476,442687,516450,454086,612872,537512,409788,499709,517561,422373,417245,494810,513063,570172,554058,459776,514467,513899,489134,495001,569986,470799,529895,460824,525498,485171,512371,441617,564671,517504,452329,349949,501147,480950,497471,537631,542717,491159,519150,481335,665498,448545,478935,549248,531303,496537,618680,433494,446013,482793,515458,463326,514738,538764,485771,429325,
204,501916,518473,493478,556561,511087,164161,161809,475916,532603,436708,514974,452683,613058,535952,410549,495189,516242,419649,416916,492130,511967,567392,550692,458003,511489,513066,486770,492338,569301,466974,528279,459353,525603,485572,511412,441030,564056,516476,450181,348499,499440,479503,497003,535549,541447,489948,518347,479643,668941,448123,478156,547042,531968,494284,616590,431937,443648,481902,512805,459404,513748,537804,483491,430082,
205,501253,516057,491265,554656,510069,161486,159168,475271,531122,435959,515535,450276,609954,534335,409007,497282,514122,419864,415305,490264,508690,566452,548069,455812,510893,511545,485789,490515,565130,467345,527162,458193,524838,482401,511609,440142,559997,514742,448862,348844,497399,478634,495275,533095,541041,488680,515476,479424,663861,447702,477379,543934,529029,494250,613655,432718,442138,479160,510986,458441,509543,537488,483979,428370,
206,498017,512989,488741,553027,508939,158443,156059,473155,528415,434291,511504,449715,610028,532680,406159,494459,512008,419556,413361,489299,507571,563216,547324,454753,508554,509058,484288,489823,563668,464415,524039,456348,521687,480592,508552,438612,557519,513776,446408,349402,496065,475704,492642,530427,533317,486936,514200,479117,660099,444235,473527,541418,526653,491640,611265,431024,440210,477922,510625,455167,508523,534700,481269,426324,
207,496253,511921,488266,550800,506668,154948,152423,473618,525938,432168,509845,448140,607599,531082,405926,494888,511623,417841,413631,488104,506402,562452,544440,453714,505839,509085,483182,488952,561980,462305,522362,455765,518460,479699,507951,437838,555544,511906,445546,347569,494404,473666,490293,531670,533018,486106,512237,478254,659128,443308,474084,539268,525475,491651,609624,431588,438875,477085,506135,455507,507462,531843,479933,425892,
208,495600,510297,486014,548283,505214,152350,149522,471425,523258,429820,506731,447582,604818,529664,405026,491264,510757,415006,409567,485515,504913,561029,542952,451252,505028,507006,478919,486257,561013,461850,520411,452080,517707,477312,504033,435587,553439,509847,443682,347190,492758,472660,490468,529898,531785,483805,511789,477133,655891,441528,472353,536711,525368,489032,608087,429038,436608,476655,505427,453672,505986,529233,478483,425537,
209,494000,508355,484998,547624,502100,148895,145826,472173,523260,429416,505814,445508,602828,528564,403276,491254,506971,414129,410757,484788,500810,559418,540754,450633,503229,505700,479526,485467,559270,457788,517558,450080,516715,476282,504006,434401,550062,504999,439865,345985,489626,471724,489497,527803,531602,479068,509503,476100,655626,440827,470540,537860,521998,486493,605417,428818,437019,473930,505566,452183,503802,527277,475275,424837,
210,491749,506474,481546,544687,492336,145564,142008,471044,522326,428452,502965,445309,595674,524546,394331,488295,504438,413338,407815,483704,500044,545751,537727,446516,502852,503603,477015,485060,543835,438777,499618,439766,514326,474812,502456,432643,545625,491141,418519,346056,488456,470021,485471,525368,519657,448192,506358,475480,652812,438179,469750,533427,519534,481511,597246,428846,434009,471393,504269,450389,497479,525406,467580,423566,
211,489256,506208,481229,544105,457178,141132,136939,468213,521088,426376,501602,444867,561621,515955,364137,480269,502532,411768,406379,481167,485049,504461,513792,425551,499398,503339,476450,482458,493821,379288,442272,398045,512674,473644,500785,430999,520598,433403,351603,342096,487526,469221,486882,524329,482018,364799,491896,472072,649818,437391,467992,530426,505859,459709,557691,425183,433217,470610,501474,450311,468137,514295,436813,424043,
212,486803,499116,478408,538670,374779,137294,130750,458695,518527,423499,501391,442123,473188,479111,292190,450032,494869,411059,404035,479181,438860,412672,449097,370230,497944,501593,475807,482160,388239,276777,333528,316507,506389,470033,499349,430023,447080,325737,245815,324795,484626,468312,482340,521960,390911,246762,445899,453560,643492,434159,465464,527205,465797,398158,467470,410386,431238,464107,499286,447988,393841,477247,363581,422810,
213,486099,472091,475026,524352,240495,127825,114474,416660,517338,418587,497232,432219,311203,375679,179162,358372,461192,404118,396708,472705,333507,266458,320675,259177,493242,498478,471916,478581,236486,155965,194439,195869,487035,465877,495635,426291,306564,187387,131639,270548,477695,464464,475731,515505,251604,130695,335819,396643,618049,425720,462093,509882,364272,279670,309050,359563,423902,442076,490580,439846,263127,380742,241015,419552,
214,467220,372868,448122,455120,118736,103453,84073,315504,502413,384595,482568,379986,150091,212773,83771,203848,341602,369240,352062,437941,185881,130952,168182,132695,458124,478419,450606,452972,115216,77059,93693,94300,406443,442283,485401,403484,153657,88493,64527,168873,436841,448255,431082,476666,121602,68275,182748,270465,519072,383375,436897,428737,211766,144163,152557,246662,379040,357279,449157,402041,132870,227969,121182,400255,
215,411637,237606,376367,331917,69287,80609,55124,191473,457457,304498,434683,281914,85019,108868,48906,101489,202050,284712,264643,348595,96540,75595,89690,70703,371066,417037,387490,383207,72726,53425,61706,57113,281131,376815,445807,339299,86275,59820,48280,88894,348790,398163,333365,381000,72313,53689,94444,150808,359318,294248,365645,295265,109979,77287,84220,138263,286572,234854,353001,315629,74470,118773,69844,339123,
216,294989,119372,249773,189274,57018,54317,34853,101427,349494,185571,327663,161305,68675,67705,41350,60837,97655,166828,153685,216908,61474,60180,62145,50840,232918,295432,264465,261711,61967,48270,53626,47365,152997,259721,350694,226289,66666,53952,44662,49119,220705,293929,198685,238238,59050,50791,60733,79681,195093,174610,243515,157836,67571,56542,65503,73591,162800,122342,214746,192537,55997,69840,54501,234910,
217,165327,64597,132181,100099,54599,36720,26762,62179,209074,93260,195718,82118,66128,57524,39964,51965,59263,82263,77715,109686,51573,56839,55789,46944,120106,165991,142850,143568,59565,47471,52398,45658,78740,143803,218493,120099,62036,52738,44303,36405,115186,172895,100505,122689,55958,49958,52306,54243,104522,88807,129770,81741,55897,51821,62028,49875,78743,66131,107959,98304,52911,56102,51288,131790,
218,73354,48151,64166,63083,53690,26408,23605,48939,94505,47962,88847,49407,64722,55150,39651,49956,49618,44745,45138,55846,49104,56446,53816,45955,62524,76619,65208,69091,59327,47043,52345,44700,51865,69698,99146,56781,61195,52083,43737,32578,61433,80646,55489,62309,54763,49119,50300,45771,72663,50261,63226,54830,53539,50503,60961,42441,44183,48419,57047,53391,51719,53201,50191,68456,
219,49711,46381,49309,57830,53367,23827,22899,45175,60585,39961,56647,44094,64266,54675,39249,49507,48532,38629,39718,45472,48198,55401,53401,45395,52587,54534,47384,53134,59016,46328,51549,44449,48447,51010,60310,43360,60253,51538,43611,31407,50182,53224,48194,50837,54323,49188,49327,43369,67731,43179,48013,51785,52562,50341,60273,39794,38647,46916,48218,45471,50847,52267,49643,48550,
220,44070,45917,45961,56016,52686,22961,22421,44003,50219,38007,47381,42369,63361,54497,38839,48632,48099,37506,38343,43834,47574,54703,53124,45046,50467,49070,43448,47831,58190,46121,50656,44402,47628,46667,48784,40239,59802,51239,42991,31201,47651,46067,45992,47815,54262,48390,48828,42728,66811,41414,44082,50867,52265,49576,59570,39448,37677,46134,46276,43183,51122,51393,49334,41926,
221,43234,45312,45208,55610,52257,22666,22241,43319,48408,37670,45784,42398,62837,53777,38353,47937,48074,37290,38287,43283,47830,54360,52593,44615,49550,47306,42629,47172,57856,45397,50860,43668,47706,45948,47056,39549,59458,50676,42943,30966,47272,45089,45453,46937,53900,48771,48499,42487,66267,41611,43163,50429,51876,49596,59630,38905,37274,45572,45502,42740,50464,51474,48913,39814,
222,42797,44774,44085,54622,51678,21900,21441,42857,47616,37201,44934,41604,62705,53289,37611,47719,47535,36838,37743,42554,47252,54013,51638,44199,49048,46981,42246,46192,57230,44992,49809,43530,46967,45008,46463,39297,58493,50251,42151,30873,46917,44152,45159,46627,52852,47811,48063,42349,64501,40521,42858,50147,51758,49038,59182,38537,36991,45319,45142,42314,50181,50630,48869,38259,
223,42279,44760,44403,54508,51451,21328,20879,42482,47062,36954,44537,41292,62072,52885,37841,47516,47231,36343,37615,42504,46813,53760,51849,43555,48449,46592,42530,46370,57117,44849,49480,43072,46177,44823,46173,38896,58570,49909,42301,30542,46146,44138,44445,46306,52639,47381,47456,41589,65123,40714,42394,49645,50773,48875,58402,38320,36517,45017,44779,42003,49561,50485,48105,38111,
224,42246,43989,43970,53577,51020,20624,20128,42348,47250,36530,44104,41001,61371,52546,37219,46745,46436,36288,37488,42284,46679,52849,50900,43589,48344,46418,41949,45441,55688,44431,49011,42571,46402,44134,45135,38442,58230,48965,41583,30206,45943,43289,43876,46156,51886,47516,47230,41535,64175,40201,41428,49582,50204,48232,57669,37845,35781,44528,44236,41630,49029,49763,47574,37747,
225,41855,43615,43502,53741,50716,20109,19624,41450,46113,35931,43767,40676,60741,51896,37177,46491,46507,35828,36589,41716,46106,52876,50538,43248,47932,45567,41628,44899,55933,44371,49110,42479,45786,43943,45540,38524,56986,49313,41148,30151,45426,42516,43927,45720,51606,46523,46768,41039,63765,40093,41810,48656,49680,47631,57497,37490,35854,44560,43751,40666,48774,49682,47523,38024,
226,41498,43819,42561,53147,50364,19456,18908,41830,45764,36000,43444,40293,60398,51606,36747,46790,46024,35200,36522,41412,45673,52144,50318,42698,47512,45724,41193,44641,55819,43742,48368,41603,45541,43686,44294,37832,57028,48341,41281,29880,45258,42648,43532,44822,51165,46929,46324,40593,63665,39609,41337,48109,49593,46933,56788,37352,35447,43909,43470,40252,48373,49116,46785,37350,
227,40851,42837,42427,53057,50056,18617,17988,41336,45762,35821,43221,40058,60161,51306,36817,46363,45733,35204,35745,40847,45246,52167,49576,42616,46727,45207,41034,44345,55065,43296,48171,41626,44628,43254,44446,37592,56415,47663,40734,29584,44870,42316,43040,44121,51173,45967,46274,40566,62492,39697,40575,47755,49271,46694,56427,37232,35049,43884,42669,40574,47754,48720,46869,37105,
228,40760,42674,42470,52008,49732,17873,17026,40898,45219,35224,42738,39802,59529,50960,36099,45709,45194,35059,35908,40424,44688,51490,48937,41904,46482,45265,40195,44132,54388,42608,47934,41378,44220,42640,43827,37582,55715,48072,40830,29510,44507,41785,42994,44077,50315,46144,45527,40452,61948,38168,40467,47197,48668,47142,56232,36804,35028,43342,42764,40054,47478,48660,46378,36727,
229,40180,42578,41900,51763,49403,16834,15468,40719,44766,35450,42502,39341,58876,50559,35792,45560,45048,34527,35525,40360,44361,51245,49237,41721,46269,44553,39932,43891,54285,42866,47287,40752,44296,42742,43638,37132,55610,47478,40162,29563,43690,41784,42465,44139,49781,45183,45342,40059,61716,38613,40517,47042,47986,46662,56076,36671,34717,43132,42784,40164,47402,47957,45877,36560,
230,40353,42267,41685,51037,48383,14766,12562,40456,44152,34533,41985,39195,58679,49896,35396,44740,44430,34410,35896,39602,43935,50296,48529,41483,45889,44026,39913,43158,53895,42545,46618,40411,43705,42060,43337,36629,54911,47043,39577,29050,43713,41074,42398,43414,50065,44309,45003,39548,61730,38371,39573,46758,48107,46100,55337,36090,34402,42340,42392,39661,46491,47557,45398,36408,
231,39812,41569,41457,51231,48661,11884,9452,39915,44560,35083,41685,38897,58259,49727,35382,45078,43944,34142,35016,39437,43468,49925,47761,40811,45362,43328,39666,43388,53306,41941,46457,40296,43350,41973,42848,36556,54271,46409,39634,29000,43139,41039,42043,43300,49642,44005,43977,39381,60766,37759,39530,46593,48236,45675,54113,36419,33861,42228,41942,38762,46555,47394,44906,36015,
232,39372,41001,41000,50908,47681,8867,6540,40392,43844,34048,41443,38376,57835,49095,34668,44308,43986,33632,34708,39363,43368,49366,47755,40541,45002,43434,39618,42329,52573,41971,45705,40153,43510,41482,42495,36268,53781,46281,38951,28675,43156,40796,41811,42538,48863,43902,43849,39169,60080,37590,39151,45752,47336,45224,53996,35836,33509,42296,41582,38951,45349,47158,44791,35977,
233,38952,41011,40325,49856,47582,6780,4852,39564,43508,34094,41084,38182,56857,48934,34367,44077,43180,33410,34601,39070,42788,48736,47659,39970,44883,43250,38713,42276,52332,40813,45113,39201,42763,40957,42126,36119,53117,45362,38589,28296,42893,40438,40963,42175,48592,43773,43395,38538,59473,36856,38163,45069,46864,44528,53444,35444,33428,41544,41415,38728,45656,46400,44276,35368,
234,38712,40406,40121,49587,46651,5065,3983,38908,43048,33547,40464,37760,56925,48244,34165,43477,43055,33009,34080,38344,42169,48130,46556,39817,44394,42658,38563,42015,51577,40498,44441,38969,41840,40984,41754,35099,52364,45059,38321,27954,42047,40112,40912,41809,47907,42762,42794,38433,59420,37208,38065,45064,46496,44210,52887,35399,32531,41192,40799,38076,44741,46040,43710,34953,
235,38672,39874,40110,49182,46529,4140,3718,39025,42522,33649,40358,37183,55565,47774,33573,42935,41987,32799,33754,37985,41545,47908,46011,39266,43846,42313,38172,41251,50784,40437,44214,38199,42144,40529,41366,35394,52089,44509,37453,27732,42175,40185,40346,41663,47410,41989,42886,38232,58514,36420,37813,44819,45588,43428,52683,35094,32382,40326,40550,37812,44739,45192,43215,34887,
236,37887,39510,39379,48665,45804,3867,3688,38560,42197,32887,40101,36960,55454,46786,32754,42772,41500,32465,32906,37597,41282,47366,45763,39060,43343,41967,37789,41133,50221,39578,43415,38004,41067,40036,41115,34884,51047,43734,36834,27430,40875,39302,39926,40819,46185,41544,42299,37814,57404,36134,37867,43515,45455,43374,51653,35054,31978,39981,39602,37164,43791,44854,42705,34746,
237,37070,38926,38947,48158,45157,3485,3403,38477,41757,32640,39434,36622,54451,46756,32459,41904,41189,31868,33034,36936,40750,46471,44921,38188,43373,41621,37252,40252,50039,39037,43166,37464,41006,39492,40402,34280,50634,43442,36209,27380,40552,39028,39472,40092,45896,41097,41422,37469,56484,35421,36900,42658,44883,42594,50623,33983,31637,39647,39196,37011,43433,44260,42282,34661,
238,36889,38324,38078,47581,44066,3471,3381,37968,41384,31802,38780,35695,53829,45974,32255,41286,40448,31641,32358,36578,40176,46252,44173,37826,42740,41167,36822,39666,49043,38135,42330,36812,39985,39160,39868,34008,49470,42227,36005,26903,40237,38564,38847,39666,44872,40057,41278,36974,55758,35034,36749,42372,44293,41900,50091,34351,31340,38688,38807,36466,42895,44018,41593,33970,
239,36665,37588,37975,46398,43372,3411,3313,37393,40858,31395,38109,35587,52856,45373,31608,40356,39999,30909,32083,35965,39484,44977,43400,37233,41830,40145,36028,39459,48487,37324,42353,36152,39171,38465,39559,33724,48904,41507,34809,26770,39715,37724,38049,39168,44664,39387,40412,36634,55448,34343,36018,42011,43576,41325,49133,33634,30520,38531,38083,36055,42053,43320,40952,33919,
240,35876,36720,36946,45870,42805,3231,3141,37180,39938,30956,37336,34571,51866,44712,30722,40064,38741,30000,30992,35562,38935,43884,42903,36568,41241,39794,35553,39017,46939,36538,40548,35422,38477,37964,38798,32797,47871,40140,32973,26065,38738,37378,37656,38165,43462,38478,39690,36513,54521,33902,35544,40825,42600,40734,48236,33108,30038,37569,37140,35373,41543,42323,40261,33134,
241,35320,35964,36749,45027,42210,3172,3062,36541,39674,30223,37320,33926,50906,43774,29515,39476,37807,30160,30838,34863,38364,42456,41868,35989,40728,39281,35146,37930,46582,34334,38722,34741,37531,37454,38232,32550,46896,38948,30480,25944,38055,37059,37017,38158,42623,36521,38664,35990,53264,32947,35087,39898,42359,39965,45925,32899,29240,36620,36437,34901,40580,41928,39134,33075,
242,34383,34110,36092,43923,40372,3106,2998,36206,39023,29517,36429,33018,49316,42933,26302,38001,34677,29016,29607,33852,36765,39472,40468,34446,39740,38769,34358,37223,42838,29084,34057,32608,34963,36742,37754,31743,45337,33642,23774,25427,36953,36405,35677,37484,39327,31027,37786,35279,51660,32258,34461,37262,41498,38607,41267,32320,27772,34977,35136,34118,38812,40668,37524,32649,
243,33408,29263,34888,42213,36916,2866,2748,35749,38099,27550,35774,30426,45072,41131,20841,37067,28161,27706,28437,32278,34720,33180,37373,31888,38792,38066,33527,36808,37248,21747,26269,27917,30436,36199,36990,30574,41648,25539,15912,24798,36191,35712,34679,35854,33511,23448,35550,34634,48175,30940,33761,31912,39037,34639,33280,32139,24624,31405,32041,33105,34961,38565,33778,32274,
244,30709,20548,32784,38673,30198,2870,2750,35297,37503,23254,34653,25115,38236,39115,14863,34627,17859,23758,25052,27530,29628,24871,32427,27050,36028,37108,31378,35650,28744,14860,18473,21761,22328,34995,36008,27806,34297,17031,10574,23328,32684,35081,29909,32555,25382,16060,31271,33670,40021,26190,32064,22304,35977,29134,23545,31183,18211,23808,24909,29523,28536,34749,27586,31756,
245,25397,12638,28353,32042,21336,2606,2446,34001,36236,17255,32432,18370,26918,34154,9243,28476,10998,17737,19693,21442,21993,16321,23685,19190,31086,34889,27956,33476,18924,9530,11709,14396,14652,31963,34122,23037,24097,10795,7285,19880,26891,33482,22507,26937,16726,10492,23655,30952,29406,19773,28336,14040,29291,20574,14921,30380,11808,15783,17090,23746,19771,27440,19613,31411,
246,16377,7558,20100,21028,13142,2404,2178,31600,33000,9675,26615,10695,16594,24303,6138,18758,7264,9967,11926,12567,13662,10212,14754,11557,21358,29226,20178,28029,11725,7217,8108,8706,8581,26206,28900,15200,14876,7947,6019,14339,17660,29872,13571,17485,10694,7819,14526,25447,17225,11718,20914,8478,20030,12499,9707,27062,6447,9285,9449,15094,12103,18148,11761,30906,
247,10362,5959,12853,13819,9112,1972,1667,27591,26678,6257,19476,7006,11355,15956,5395,11736,6391,6487,7662,7789,9207,8179,9717,7811,13354,21550,11779,20456,9368,6564,7310,6783,6593,18534,21962,9295,10666,7219,5988,9413,11524,23536,8675,10972,8220,6992,9578,18264,11697,7573,14142,6916,12866,8679,8605,21963,4968,6812,6832,9657,8663,11688,8508,29922,
248,6728,5853,8108,9616,7842,1782,1451,21102,18786,4977,12166,5699,9506,10568,5175,8070,6087,4949,5715,5960,7033,7611,7692,6669,8540,14117,8115,13181,8517,6339,6966,6292,5864,11644,13876,6265,9135,6963,5831,6258,7808,16398,6410,7501,7656,6879,7319,12137,9565,5910,8578,6498,9056,7338,8153,15260,4514,6219,5832,6695,7497,8349,7192,27732,
249,5423,5607,6292,7734,7540,1343,1052,14321,11655,4550,7958,5378,9125,8421,4861,7014,6184,4716,5146,5491,6354,7421,7044,6270,7079,9250,5994,8739,8275,6357,6812,5912,6011,7899,8862,5137,8800,7048,5682,4604,6424,10425,5826,6260,7515,6681,6654,8199,8937,5381,6298,6317,7500,7015,7982,9855,4463,5987,5496,5810,6982,7321,6870,22950,
250,5136,5504,5756,7469,7467,1097,838,9187,7671,4479,5976,5376,9047,7649,4882,6429,6084,4500,4857,5128,6316,7243,7004,5913,6625,6766,5354,6701,8032,6209,6669,5934,5728,6274,6555,5167,8634,6949,5653,3986,6172,6921,5792,5784,7285,6713,6457,6156,8854,5311,5463,6001,7222,6825,7852,6610,4249,6003,5546,5337,7074,6861,6952,16789,
251,5001,5534,5544,7333,7389,908,725,6936,6452,4489,5583,5374,8946,7446,4992,6533,5952,4501,4737,5161,6059,7191,6850,6030,6376,6170,5335,6268,7951,6096,6613,5853,5689,5952,5909,4941,8476,6782,5599,3846,5951,6020,5648,5689,7375,6514,6273,5672,8727,5266,5268,6027,6995,6789,7834,5608,4183,5862,5422,5433,6879,6804,6649,10984,
252,4942,5570,5475,7121,7082,728,622,6114,6171,4503,5361,5198,8784,7464,4939,6345,5901,4633,4667,5177,6058,6966,6646,5991,6410,6029,5164,6093,7910,6004,6741,5802,5515,5882,5714,4853,8401,6657,5778,3999,5852,5767,5674,5678,7256,6557,6198,5326,8577,5010,5306,6061,6883,6700,7670,5118,4138,5800,5313,5339,6818,6773,6624,7680,
253,4854,5516,5341,7277,7178,674,633,5622,5835,4423,5351,5147,8756,7259,4931,6208,5741,4318,4672,5112,5972,7082,6587,5878,6379,5964,5149,5766,7717,5955,6602,5640,5584,5817,5708,4620,8281,6609,5406,3792,5972,5761,5402,5491,7244,6422,6154,5225,8658,4987,5175,6013,6708,6752,7487,4894,4305,5632,5271,5489,6751,6639,6761,6003,
254,4824,5325,5317,7106,7017,640,619,5476,5916,4370,5342,5189,8511,7340,4768,6272,5724,4290,4605,5123,5874,6769,6578,5801,6088,5825,5151,5829,7693,5876,6488,5557,5519,5717,5624,4779,8178,6406,5258,3752,5731,5646,5346,5430,7087,6307,6090,5082,8259,4900,5094,5859,6724,6483,7559,4908,4094,5734,5275,5215,6570,6528,6646,5120,
255,4855,5213,5335,7226,6911,561,547,5302,5646,4227,5134,4995,8669,7070,4761,6250,5726,4346,4525,4955,5886,6848,6615,5765,6218,5888,5025,5787,7502,5758,6399,5639,5532,5579,5573,4627,7983,6441,5405,3744,5728,5631,5449,5345,7066,6313,5999,5134,8329,4829,5253,5922,6664,6480,7569,4766,3975,5577,5187,5230,6690,6520,6462,4836,
256,4687,5195,5176,6939,6875,545,520,5248,5716,4171,5117,4931,8359,6977,4543,5973,5783,4177,4461,4827,5747,6643,6352,5684,6106,5795,4956,5732,7536,5558,6351,5613,5393,5522,5536,4644,7854,6373,5286,3616,5558,5345,5359,5211,6812,6296,5824,4904,8191,4799,4961,5755,6515,6285,7302,4795,3835,5421,5124,5136,6423,6293,6399,4875,
257,4792,5067,5197,6977,6770,517,500,5201,5709,4122,5126,5049,8448,6998,4641,5961,5552,4145,4412,5011,5678,6645,6463,5631,6013,5642,4950,5630,7472,5562,6271,5392,5315,5474,5349,4550,7955,6284,5246,3639,5542,5498,5252,5313,6714,5990,5733,4953,8285,4782,5008,5830,6483,6166,7209,4817,4031,5562,5035,5138,6358,6212,6356,4774,
258,4586,5005,5164,6789,6673,516,492,5270,5589,4118,5050,4859,8072,6742,4563,5888,5468,4089,4198,4775,5650,6459,6286,5445,5915,5601,4797,5637,7255,5644,6243,5328,5270,5518,5420,4544,7799,6183,5251,3546,5454,5468,5267,5163,6775,6063,5922,4927,7876,4711,4801,5715,6362,6132,7126,4630,3953,5468,4972,5054,6413,6208,6072,4729,
259,4700,5035,5245,6756,6633,478,466,5300,5565,4188,4912,4847,8231,6851,4404,5767,5390,4141,4286,4794,5618,6426,6330,5386,5844,5648,4774,5557,7308,5589,6043,5272,5200,5402,5183,4452,7601,6225,4898,3528,5491,5420,5209,5110,6432,5826,5572,5000,7961,4648,4966,5526,6283,6060,6965,4681,3803,5320,5073,5025,6202,6270,6103,4573,
260,4605,4967,4961,6631,6575,485,458,5133,5429,3978,5055,4867,7957,6641,4429,5835,5264,4001,4189,4697,5502,6378,6064,5329,5788,5414,4684,5506,7113,5421,5859,5183,5172,5376,5331,4361,7751,6034,4981,3525,5373,5430,5191,5054,6487,5902,5695,4775,7667,4564,4756,5511,6275,6155,6934,4386,3761,5224,4867,4800,6198,6065,6134,4622,
261,4583,4852,4985,6724,6394,441,414,4951,5467,3988,4886,4666,7691,6808,4369,5763,5299,3939,4173,4582,5351,6252,5973,5310,5630,5378,4693,5351,7075,5410,5905,5104,5105,5263,5107,4230,7697,5981,4984,3499,5376,5227,4997,4973,6617,5860,5475,4731,7778,4506,4778,5351,6111,5981,6880,4641,3725,5154,4782,4673,6148,5824,5974,4443,
262,4437,4673,4909,6614,6353,392,369,4975,5335,3818,4813,4707,7791,6601,4247,5536,5139,3895,4242,4582,5387,6239,6063,5108,5823,5455,4553,5378,6998,5306,5740,5091,5077,5339,5145,4242,7321,5883,4942,3534,5254,5143,4939,4941,6407,5683,5318,4653,7540,4451,4759,5444,6104,5913,6776,4460,3642,5095,4751,4741,5913,5928,5956,4457,
263,4368,4669,4884,6394,6315,304,269,5138,5302,3867,4714,4641,7561,6387,4047,5529,5115,3937,4060,4508,5189,6111,5717,5140,5498,5335,4555,5156,6917,5257,5714,5021,4954,5126,4958,4145,7146,5798,4771,3404,5156,4993,4947,4922,6239,5610,5431,4569,7371,4399,4664,5197,5958,5774,6613,4317,3467,5073,4662,4666,5785,5967,5872,4246,
264,4382,4613,4797,6279,6272,282,242,4913,5164,3749,4683,4527,7872,6493,4214,5563,5030,3826,4069,4384,5193,5864,5746,5096,5526,5181,4537,5192,6803,5202,5692,4912,4860,5076,4901,4062,7018,5684,4518,3305,5053,5075,4849,4887,6012,5516,5356,4641,7435,4372,4534,5275,5931,5786,6393,4316,3530,5116,4511,4680,5881,5670,5745,4451,
265,4246,4567,4699,6128,6213,229,190,4970,5058,3667,4622,4369,7661,6370,3940,5336,4968,3723,3909,4348,5057,5928,5817,4966,5517,5139,4349,5303,6543,5001,5455,4763,4814,4942,4897,4075,7114,5476,4582,3325,5038,4811,4758,4834,6016,5432,5244,4453,7446,4285,4540,5089,5747,5607,6363,4289,3487,4900,4473,4641,5721,5655,5729,4411,
266,4100,4314,4682,5989,6198,177,142,4783,4961,3631,4623,4356,7284,6115,3917,5331,4796,3723,3905,4255,5080,5723,5644,4867,5364,5236,4483,4885,6522,4931,5319,4804,4571,4891,4810,3976,6765,5454,4466,3244,4963,4921,4664,4646,5896,5374,5127,4509,7227,4238,4366,4969,5727,5422,6300,4326,3445,4762,4426,4424,5672,5562,5516,4375,
267,4039,4276,4505,5852,5829,183,141,4773,5053,3581,4554,4216,7384,6204,3872,5290,4693,3626,3754,4222,4879,5569,5410,4793,5217,5072,4280,4914,6523,4879,5372,4655,4519,4797,4666,3896,6823,5394,4481,3438,4942,4835,4520,4553,5898,5111,5129,4350,7101,4037,4410,4875,5576,5439,6124,4249,3277,4629,4337,4405,5516,5420,5468,4192,
268,4080,4300,4526,5935,5726,153,123,4677,4876,3448,4431,4150,7015,5907,3723,5136,4591,3481,3796,4080,4790,5678,5316,4753,4979,4950,4157,4980,6051,4575,5157,4699,4379,4875,4738,3838,6603,5373,4160,3173,4638,4728,4418,4321,5561,5181,5042,4315,6952,4043,4321,4853,5556,5239,5983,4101,3201,4649,4294,4302,5429,5518,5464,4129,
269,3962,4144,4343,5827,5671,122,106,4579,4761,3423,4387,4067,6908,6017,3527,5145,4455,3431,3717,4080,4729,5406,5332,4460,5127,4849,4167,4772,6138,4560,5071,4454,4451,4648,4613,3833,6418,5044,4104,3067,4636,4613,4366,4408,5509,5053,4955,4177,6711,3930,4084,4676,5539,5168,6105,4118,3215,4497,4187,4284,5289,5326,5264,4168,
270,3838,3960,4223,5634,5578,107,105,4529,4714,3254,4296,3899,6780,5648,3587,4902,4173,3327,3477,3893,4665,5186,5221,4487,4880,4656,4053,4718,6017,4408,4780,4300,4041,4582,4512,3725,6389,4921,3827,3115,4478,4497,4232,4309,5459,4843,4932,4188,6476,3917,4109,4385,5334,5072,5613,4065,2918,4486,4062,4049,5189,5153,5092,4000,
271,3711,3812,4088,5645,5320,112,106,4589,4638,3263,4114,3872,6611,5608,3464,4916,4060,3261,3568,3673,4557,4975,5137,4303,4795,4763,3898,4675,5824,4095,4653,4195,3842,4413,4412,3531,6120,4670,3329,3019,4400,4566,4137,4210,5263,4611,4487,4150,6269,3799,4111,4057,5351,5004,5285,4014,2915,4070,3824,4093,5077,5177,5035,4022,
272,3539,3152,4019,5375,5197,103,100,4353,4594,2968,3975,3531,6507,5500,2973,4606,3061,3040,3234,3623,4326,4736,4904,4217,4705,4659,3849,4468,5387,3446,4091,3979,3380,4454,4300,3360,5949,4066,2713,2912,4306,4332,3978,4174,5129,4138,4505,4076,6005,3626,3868,3362,5099,4803,4764,4107,2444,3894,3294,3798,4895,4925,4965,4030,
273,3410,2620,3881,5268,4883,108,103,4276,4561,2552,3910,3253,6230,5411,2645,4720,2361,2733,3127,3228,4164,4165,4616,4036,4453,4499,3731,4404,5090,2798,3511,3735,2643,4332,4085,3331,5590,3353,1824,2911,3932,4272,3719,3988,4579,3457,4340,3951,5576,3170,3726,2495,4956,4543,3857,3866,1896,3238,2865,3653,4684,4800,4585,3932,
274,2936,1694,3455,4715,4360,102,97,4151,4375,1975,3737,2475,5486,5124,1796,4418,1358,2221,2593,2588,3696,3304,4154,3522,4172,4227,3387,4232,4234,2006,2500,3116,1751,4049,4058,2894,4992,2256,1328,2745,3467,4165,3086,3471,3520,2437,3952,3930,4405,2625,3593,1635,4717,3952,2790,3718,1207,2387,1780,3388,4003,4421,3911,3819,
275,2329,1192,3087,4011,3585,95,90,4079,4152,1415,3483,1803,4660,4889,1213,4014,1033,1628,2090,1942,3026,2434,3676,3041,3695,4163,2975,4125,3194,1445,1710,2310,1278,3856,3889,2292,4102,1493,1030,2521,2847,4156,2317,2778,2659,1765,3317,3803,3357,2062,3229,1179,4213,3165,1926,3672,804,1656,1296,2715,3107,3937,3138,3836,
276,1664,899,2400,3000,2716,81,73,4032,4095,896,3043,1178,3514,4473,881,3459,882,999,1398,1244,2337,1700,2704,2272,2750,3743,2280,3725,2403,1146,1313,1756,907,3480,3461,1545,2938,1269,973,2322,2000,3808,1464,1972,1912,1328,2645,3564,2182,1319,2623,946,3648,2375,1461,3666,618,1155,951,1846,2436,3212,2360,3738,
277,1043,780,1656,2190,2009,79,75,3947,3699,755,2418,940,2392,3773,829,2456,857,756,1039,873,1634,1371,1944,1623,1924,3258,1645,3086,1759,1044,1126,1211,827,2721,2828,1139,2213,1114,914,1656,1476,3523,1065,1379,1456,1163,1871,3165,1683,951,1969,909,2668,1678,1257,3292,560,976,794,1285,1704,2295,1712,3702,
278,841,829,1092,1501,1484,60,55,3761,3034,610,1745,790,1758,2761,753,1695,939,691,792,815,1190,1172,1402,1197,1312,2352,1090,2285,1436,1009,1068,970,866,1916,1965,813,1612,1063,894,1262,1058,2783,866,928,1255,1127,1316,2592,1378,827,1314,964,1908,1200,1182,3177,555,838,798,985,1313,1652,1236,3623,
279,725,787,917,1263,1293,49,40,3525,2244,626,1205,783,1558,1905,788,1261,880,650,700,695,1003,1095,1196,956,1036,1711,906,1533,1431,1007,1000,968,834,1339,1321,726,1461,1078,887,912,941,2043,829,892,1158,1042,1100,2043,1334,744,923,852,1456,1154,1126,2726,584,899,760,861,1156,1232,1077,3463,
280,681,825,835,1197,1173,48,36,2842,1480,685,936,832,1545,1423,776,1057,806,666,711,747,932,1107,1131,964,974,1196,783,1258,1321,986,1037,918,832,1031,1016,711,1351,1075,853,701,883,1528,780,859,1178,1100,1003,1409,1310,764,870,835,1217,1066,1185,2167,580,846,749,746,1144,1052,1062,3308,
281,645,744,769,1089,1145,36,27,2144,1115,617,800,743,1447,1305,745,1006,856,623,692,735,927,1075,1020,915,879,956,746,1001,1241,971,974,860,762,924,919,722,1327,976,859,645,878,1128,818,821,1134,1102,952,1069,1343,733,780,866,1063,1061,1105,1565,595,868,765,792,1126,1040,1082,3015,
282,676,753,825,1125,1138,46,36,1568,934,611,767,731,1492,1167,719,921,809,656,649,693,905,1040,999,977,921,861,726,966,1280,877,934,847,805,851,821,703,1315,1042,856,568,850,918,785,768,1151,1047,947,851,1327,739,767,874,1096,996,1135,1106,535,865,735,774,1027,1016,1015,2477,
283,657,773,761,1130,1151,35,23,1181,868,620,798,756,1435,1172,736,947,830,597,607,689,869,1014,1013,894,921,860,737,871,1271,920,1048,882,791,855,842,679,1314,943,785,525,812,883,804,763,1107,1003,922,765,1220,692,701,809,1088,1001,1100,897,528,894,729,787,1096,1007,1056,1765,
284,596,726,786,1118,1117,24,20,910,811,597,708,744,1401,1212,700,975,809,577,673,698,874,1028,935,915,934,857,698,820,1180,882,960,885,858,819,764,685,1320,1002,771,525,851,855,740,729,1059,1011,974,743,1241,683,739,798,1026,1083,1095,769,508,751,682,759,1040,957,1061,1340,
285,551,754,710,1025,1150,22,19,839,828,555,700,710,1386,1061,732,1002,797,613,635,661,881,1032,990,871,842,900,676,863,1203,910,977,894,786,809,721,664,1338,949,781,559,816,813,809,734,1057,1038,918,753,1269,675,743,816,967,960,1144,741,517,847,711,754,998,938,1038,1050,
286,607,700,744,1032,1136,16,15,866,804,559,719,683,1348,1147,686,947,741,535,683,644,893,939,1031,845,911,783,659,872,1249,892,935,866,770,787,780,677,1378,957,806,525,768,850,761,795,1072,948,829,712,1231,649,686,824,1039,944,1053,700,514,829,696,716,997,932,930,798,
287,615,693,738,1023,1100,15,14,770,805,551,671,733,1280,1090,697,933,806,575,616,636,805,1016,952,813,835,897,722,909,1173,855,922,872,730,830,701,617,1275,927,766,521,746,774,717,688,1014,941,854,667,1149,691,694,821,1018,918,1014,701,485,775,651,727,1006,937,940,739,
288,614,698,659,1032,1085,18,19,773,794,543,695,677,1337,1068,621,925,766,527,616,661,780,952,912,846,794,797,670,767,1154,861,897,807,742,785,720,666,1250,862,713,528,773,794,713,689,1010,953,897,738,1099,699,726,770,1009,965,1093,658,541,808,677,747,979,886,926,687,
289,603,691,695,936,1068,19,18,809,756,520,665,678,1295,1085,601,897,760,522,548,624,793,966,868,820,876,820,643,822,1176,812,848,772,648,832,732,610,1206,913,707,494,762,776,691,704,992,905,860,704,1127,636,650,753,916,960,1012,646,475,772,675,795,927,918,878,708,
290,577,623,708,1000,1038,17,16,753,754,485,655,660,1245,1001,646,846,698,516,557,609,745,897,893,821,864,785,677,815,1132,782,854,763,677,817,722,559,1254,877,728,488,764,749,711,639,934,866,821,691,1130,618,665,745,918,954,982,647,427,729,686,664,968,856,911,710,
291,636,596,624,916,987,14,14,748,758,490,639,643,1284,1044,653,858,764,528,584,656,773,845,835,783,790,763,621,752,1118,783,884,744,665,789,728,564,1168,925,725,506,781,789,707,679,960,885,792,721,1090,638,692,693,920,878,929,664,461,745,561,714,912,868,913,634,
292,552,655,672,985,1015,17,15,748,728,507,623,565,1184,991,596,806,671,512,550,608,773,919,893,800,807,781,581,807,1053,776,870,783,624,741,659,579,1214,927,696,482,741,757,664,633,957,873,744,716,1083,621,636,656,943,923,990,683,460,706,609,692,885,848,938,671,
293,564,620,675,922,1002,6,5,784,717,497,677,640,1201,1038,592,773,652,500,554,571,700,855,872,787,741,714,564,720,1074,754,787,800,635,682,681,567,1110,921,673,460,713,765,703,641,917,862,825,687,1121,574,675,679,873,870,932,611,405,673,629,659,901,835,899,687,
294,529,597,652,907,981,9,8,725,728,496,614,590,1147,960,572,824,620,464,577,563,740,865,784,722,753,771,621,771,1046,716,814,702,629,765,709,557,1165,817,639,449,677,724,663,592,928,808,799,689,1079,591,616,682,911,839,891,592,453,669,576,643,859,825,894,696,
295,529,595,656,906,938,9,9,727,696,508,595,590,1133,960,575,803,635,460,510,585,684,825,877,739,751,712,568,687,1000,751,799,685,592,681,666,526,1150,813,614,450,692,736,655,681,893,788,792,655,996,576,610,666,833,790,891,645,407,650,594,631,861,836,805,645,
296,506,551,622,862,975,13,14,669,684,481,600,580,1114,907,572,809,639,453,498,551,711,833,877,700,797,736,554,698,999,725,772,726,593,678,657,518,1031,760,639,433,678,675,619,583,798,785,746,646,977,596,574,660,798,851,921,620,386,627,525,629,849,800,818,678,
297,546,585,606,860,861,6,5,689,676,441,525,581,1109,955,526,722,566,467,550,543,701,773,809,694,723,632,561,679,971,683,701,666,581,700,647,468,1024,734,615,461,643,687,635,562,862,744,702,617,951,538,588,624,778,774,878,601,392,644,506,640,834,806,876,688,
298,477,542,607,828,866,5,4,641,685,427,556,520,1026,942,544,718,551,436,469,518,669,813,748,635,696,663,560,696,946,680,685,675,555,665,623,518,1001,767,562,416,613,650,577,561,757,801,725,611,875,492,547,552,785,761,817,656,347,597,539,594,802,830,839,622,
299,459,465,622,814,830,9,8,640,650,386,515,531,1057,863,514,763,480,433,471,469,655,795,770,714,667,652,555,662,936,651,685,641,445,627,582,526,1000,720,531,402,591,646,597,580,845,702,680,626,898,527,527,499,837,773,798,576,336,603,483,546,734,741,792,596,
