165,344002,339426,329810,392456,530769,313362,381068,1181638,393701,282438,362921,299780,558657,531515,326425,425635,339962,307559,297111,341847,556593,495130,616437,423312,364075,384720,352831,368673,515697,387595,450413,386614,336186,330652,373301,304553,607216,406962,348834,763088,350285,332844,343554,386940,476810,450223,516870,1163556,431044,295283,347382,357642,543781,452830,480090,1124991,279612,315072,337457,338349,505904,484070,545608,595542,
166,363371,360596,349594,417395,851844,409540,558828,1701696,430812,299016,386137,317021,848670,844354,383345,595245,347325,323138,313271,357494,870218,686779,1004423,645603,381366,415472,373281,395452,778753,510916,658354,567740,357337,350306,395227,321924,891753,511987,411460,1122282,371554,353774,359922,409805,691232,687238,762783,1573711,458057,312901,368397,378304,835319,639595,560803,1520138,296832,332858,357384,355866,777071,694869,869608,958322,
167,382630,380323,368505,443295,1381059,594372,826856,2178844,496161,316550,412163,332044,1430467,1352505,552800,999597,365944,336950,330464,373690,1330824,1087312,1498228,1036085,399059,468181,392144,441527,1259670,812326,1075921,937680,375195,372017,421811,336630,1369407,798837,591639,1305350,389042,381844,378489,434333,1120949,1134274,1195094,1748537,481112,329916,398384,397073,1337044,1037938,778417,1798607,312913,349877,375135,375351,1246527,1112562,1332974,1318068,
168,406695,403074,398242,491434,1987230,893104,1112221,2144026,627740,334466,461636,353621,2203098,2171047,967502,1625621,386518,356572,352496,395161,1724259,1612185,1849445,1441032,428060,589317,421029,537880,1776048,1279126,1567318,1390945,396046,412032,469058,358502,1823924,1286467,981136,1351821,418628,440534,400734,472187,1631233,1611287,1660001,1760287,516986,347508,460460,419631,1891490,1558018,1268620,1789564,329216,369956,395048,415623,1747493,1624328,1743987,1536267,
169,447995,436854,459263,609314,2460865,1159363,1293596,1838518,895459,358853,570164,381169,2887320,2669430,1580055,2291294,411961,387364,401519,423007,1915212,1981035,1978961,1643063,483610,861887,482973,758513,2047967,1670511,1876069,1674904,424321,507088,572085,389403,2009945,1696773,1407384,1356605,475033,575407,437903,557484,1916024,1832649,1906355,1749897,594567,377683,584157,446926,2355119,2022362,1918513,1638721,355360,397066,417162,502025,2095750,2016934,1940769,1601702,
170,581224,558977,662567,990311,2259228,1333790,1437200,1741848,1433140,434529,889538,486098,2673388,2336969,2164177,2300025,492711,495038,581227,511595,1928221,2093561,1989325,1690812,676324,1490946,709685,1312375,2049133,1809785,1924075,1730712,505013,823279,901904,493217,2026632,1849850,1644720,1363122,672783,969724,567009,831567,1968539,1820070,1911598,1756185,856432,472600,932316,528159,2296138,2267779,2588771,1606817,433022,504197,483572,776057,2007536,2143571,1893375,1576370,
171,852066,856330,1038881,1517246,1983000,1465618,1684836,1755404,1810487,613191,1346661,722829,2281735,2015875,1988740,1941642,711544,740827,964373,731504,1911886,2074518,2000470,1703980,1091308,2151949,1152388,1868707,2021135,1763936,1888513,1705272,713630,1286957,1397676,727606,2039899,1867125,1687255,1378818,1056137,1480362,865436,1327792,1935851,1810969,1900357,1771216,1343910,693267,1389821,716753,2043520,2046276,2746212,1619828,598740,755963,634740,1192511,1943272,2034499,1856762,1575465,
172,1392509,1467214,1605374,2036976,1946111,1714205,2388089,1803283,1982556,1050368,1832313,1214832,2206163,1977010,1717820,1849754,1332404,1328497,1673094,1307648,1924326,2079886,2027220,1726774,1898752,2709768,1876397,2467311,2044377,1759648,1900547,1714810,1231763,1807592,1977275,1256380,2064213,1885963,1707315,1393601,1689781,2071116,1488746,2075332,1951528,1844531,1914028,1798022,2031933,1169209,1817558,1205617,1990454,1918551,2481810,1647949,1003837,1275713,1043337,1643996,1932876,2008882,1877888,1590457,
173,1857616,1984506,1938436,2145665,2041214,2729734,4478621,1917205,2002003,1486179,2026484,1602329,2308878,2080339,1673796,1907791,2152293,2009776,2234944,2021662,1961002,2120340,2071282,1771053,2622332,2451702,2506443,2350765,2113662,1802188,1946480,1766982,1758985,2027946,2331936,1777272,2136525,1944647,1766556,1440840,2207245,2311469,2123723,2704695,2008843,1937763,1967872,1863166,2336872,1589781,1896430,1724135,2047440,1947457,2363859,1712532,1417129,1658069,1533045,1778496,1987772,2039323,1942599,1616885,
174,2087866,2151102,1932434,2074964,3051583,6191754,8569389,3117164,2017102,1762157,2005071,1785414,3511187,3313135,3158955,2924907,2683928,2347614,2084888,2655732,2701816,2927639,3026647,2813322,2588827,2072962,2487560,1990686,2926933,2457754,2689025,2611672,2114770,1924644,2204166,2172510,3370647,3097917,3078214,2771269,2265232,2024149,2540707,2700516,2843962,3128593,3557260,3184264,2352917,1766541,1842977,2069589,2856114,2680924,3121925,2675107,1677905,1814240,1911043,1779181,2843965,2806738,2910718,2547202,
175,2044035,2086950,1904371,2116381,126130479,121294744,131876946,174530561,2077129,1803630,2030320,1782236,155679885,160275082,226511200,140409164,2359798,2047338,1839705,2432565,126842464,130520617,157574712,205873806,2255619,2034716,2181905,1950080,125512622,105849167,119449523,136510981,2134767,1952010,2137600,2049460,187050138,180144335,197691962,212061060,2115888,1964967,2304527,2400601,138704485,192237620,255296831,212692677,2385152,1745952,1851342,2067905,114477698,110379405,124290477,151619096,1730369,1845604,1970078,1793686,152181584,123537492,153180022,157331799,
176,2035249,2157283,1984354,2330520,229218472,169018440,181452630,241537477,2216064,1827982,2127558,1817002,222656303,236165099,245850388,223067669,2112108,1853212,1791138,2152915,190461203,210910199,228714824,263497780,2131521,2136521,2090691,2035013,199616460,183269344,183914721,198608225,2203357,2097035,2189002,1960170,207122548,200597193,213352284,225182499,2114238,2021928,2150489,2311054,207201796,224804898,228982967,243718325,2521084,1774802,1919055,2037970,220405725,183259673,189377312,238257244,1755684,1926644,1994218,1867517,209224165,204858457,239628014,217067404,
177,2144316,2433287,2213081,2745111,294187633,246486298,251230654,286016725,2529638,1956710,2361070,2019003,267172994,286887570,244922799,257093750,2160077,1887500,1905682,2129891,199493250,220756716,224543449,287608446,2247508,2337253,2182924,2201619,235309716,201314415,183370774,195541761,2425483,2397557,2364269,2015916,174413865,165972900,162749949,176541055,2274672,2202207,2187115,2468677,207781652,177820188,197997905,209967062,2861530,1911145,2100336,2048941,285971090,220008719,253214727,295930833,1833267,2119536,2090215,2034106,277944579,246004354,247723195,245267647,
178,4643569,5141389,4817170,5829169,339393486,292940731,315116529,341847964,6749391,4809374,4901111,4776007,335299096,341220330,285132395,294998637,5425008,6172087,5246179,4599514,201268156,217771346,213554687,295932026,5370961,5426072,4667337,5237431,214543080,183999260,178649672,188565515,6281791,5707953,5257121,4448027,160379718,158732421,158594140,164619950,4956982,4923147,4737824,5289591,237100485,166807985,177839205,197121604,7634712,5168809,5138490,4298511,335300207,277965192,280628050,326585288,5973712,6466705,4695017,6435430,285263075,269740380,261537807,243174259,
179,141700698,137939534,136227035,142239638,375475386,323979628,358197066,380912980,213439917,93086814,124391435,150161742,394874824,396949140,339423241,348836379,209994160,245257091,186823933,143127376,217712242,208360995,158122117,294832633,176807273,169484659,135204452,137979851,219733448,195360082,191028904,186940076,200069252,173721206,156445486,137118140,159622743,163659195,160509314,163804363,141529857,145982815,141208919,158665194,217446171,163896632,174674324,182575362,260533183,180626330,163428188,121124896,362202780,313899515,293446056,336697961,238112077,246923496,190675852,272828977,305061698,271205550,262780614,440198092,
180,178754893,179410981,175954164,180593374,400177407,338326601,380068144,432185053,222370356,184022800,191465620,175792494,445667269,453982734,399673487,372466966,255429034,251727056,221940551,175700375,211755793,221671893,192543977,286617270,200909926,205980317,171044105,172872687,210287503,178920959,184782543,202565615,218783429,208231696,216324501,177630082,161773404,158462832,160623415,167116528,183037403,55482526,191134208,213703121,206675030,164202994,174692402,177334211,233537472,194364867,187964343,162552311,381791213,328669909,408291425,344065478,226585197,236581795,208571625,227625646,316104526,292442923,269281035,295713746,
181,177762213,183779401,177615365,203730232,414321742,340061813,397007919,470059063,206108690,193007283,130508559,170048387,507015363,522650231,505824945,427132310,266447882,259223799,238267071,224374910,206055633,202871842,184066010,273686693,233505224,248432962,207956072,232846677,199645375,194782837,181269051,192148283,233493628,227628827,281329350,232916666,160380306,160227121,163139280,169988550,222553411,237278202,241165460,248044091,186020885,165021887,163900814,174696724,188452703,177178949,177611138,182667501,377562821,345885531,325825220,370382689,198937106,187915666,183474118,188070751,320082361,299172450,276671311,265652994,
182,179452670,186723209,198204956,183142400,419206110,344823770,393649699,495558740,209141331,182037531,180513993,168943215,562273876,584391460,602915078,532953836,281518598,281058634,268366674,219012274,183147968,195711674,202291480,246138889,278099577,297368242,259964700,276397355,176942895,176733726,169219781,182771366,260633760,248697308,326333310,278985733,156839256,156985599,159465086,163043730,275268103,206027097,287589169,281414498,172390906,161146953,161731949,164554807,167329684,167394853,169482347,328523646,349724154,357831007,317687722,363611346,173901416,170094647,169324381,169590326,314935649,287542308,244904598,230838130,
183,152945084,175907225,167711348,177151379,408652880,343042906,390718977,495672459,204948974,200148753,194154815,171922439,572992248,600248383,628068301,572440221,300809856,310835381,299397030,250526895,169994628,173571147,195328878,240490304,314217179,334708621,294728692,308128528,165936596,164658399,160123369,171031891,282262707,260948002,357745556,257670561,155906117,154335926,155903090,157301055,294799995,289432539,316741757,301683202,159841979,158625985,155897766,160724335,163657291,163464969,166214495,198255729,342765825,358926786,336869539,338464857,167126644,163026370,173344101,164984633,304297916,275184269,221126415,216496685,
184,180452862,197295873,171134675,177963464,393086614,343043670,404466736,485330732,211830570,195543051,163289670,170551694,555653516,583890547,616986576,575650034,330676789,351761103,343930784,288601781,164128775,166861879,187408859,227387026,358633937,376729476,317316751,334730284,161134438,160122826,156602963,166377270,298347016,265265825,373633347,314665004,153661759,153553482,154610177,156946228,311021825,301993807,343152541,319940039,159226622,159126117,155452774,159607123,160650569,161426386,162242226,200612744,323069525,346255229,307444078,314294782,165942131,160915397,161785122,158562899,292960441,277936784,221338292,236073537,
185,182917482,204027387,236350995,163692265,390531560,355507000,443172995,489124956,205828619,206559727,187268354,172054949,546899353,575082557,610408247,570188283,366543402,387849511,384820940,317767294,161481016,165104309,181457942,218469508,393940103,401816808,330608518,344976297,158272919,158215578,155076502,164268416,301525373,265271327,393912078,325224334,153294434,152943339,153348743,155378088,316984872,311761968,362776320,331317821,156159033,162120754,154271485,158548909,159263011,159194466,161190807,192699407,185953571,334938622,309168901,315403461,160776211,155548703,159825118,159128076,280689665,269656123,214293601,205749235,
186,323731896,191734383,170914476,174894958,404203874,390052994,466890803,494241296,206403872,193619633,178474629,170269153,540715007,576061249,603115819,629553356,403837342,418892202,426570939,351068640,159202016,164632553,176041801,213033666,430878735,414091552,338471386,338155626,156437627,157034167,153912151,163003284,296534709,266209715,374210510,328056112,152533212,152338497,152854435,153818182,320873590,318943090,366187667,340487299,162325980,165658922,153720645,157378100,158690596,158709781,161157259,193726465,324504631,330322091,331600437,317198908,156343925,157318420,158540167,157144186,272998248,257009004,212833733,204834080,
187,190735598,207290248,172731182,165819613,441847462,433760140,458880484,510355331,201119556,187483665,176888487,170672328,536007218,559954891,573269251,589687181,433576906,438273133,453364561,380224249,156273264,161801624,171082211,210443223,455392689,423511298,342744916,347511780,157362527,145076596,153018391,161980231,293563826,287708567,396823227,331496969,151499218,151199782,151830082,151197380,321787174,322373234,323705746,344453039,153407447,165921868,151381837,154712289,155206520,159098994,161424164,185148976,336526495,336055681,310428914,326834778,158335463,154860585,154989901,159302636,263631070,247950645,212306095,208773605,
188,189489232,206430417,174465807,180940339,448637319,425394367,431610483,439694151,205344597,201800142,174373987,165936441,361173089,494490749,510083494,531347695,460669424,456286336,470446199,414519795,143346424,147745270,155317135,191943664,480190002,436462927,351636069,353986611,143950225,143735825,141353079,152691745,280482471,249302337,386810335,327072863,140406252,139799598,140193625,140298547,322413078,326026407,362994347,352544350,141262873,152127370,141680947,142550817,157205351,158215752,160304545,179606724,332602539,321618846,262046520,308613610,158362104,156197753,157080328,157783663,232294631,227133362,195292232,194247280,
189,186062934,204819409,171367593,173200314,268370512,252574593,247769972,254673665,199631293,184081389,174755192,167578307,273207959,274155230,284096649,297072286,474532695,466946023,482812715,429548845,83749311,87090865,89554315,106154326,482526278,449513723,363412732,367020912,84333594,84137771,82708895,87629782,288106349,267170973,345184211,334928980,81965134,81741527,81717649,81667942,326414831,327110620,357565289,340403566,83413351,87442663,82732566,83085776,156668471,157715207,159395450,171993405,172614038,193975709,172369697,184858436,156351852,155332760,156099427,156058713,142080110,127220257,112136533,110107454,
190,180889331,203115544,171394119,124960460,44730890,43753659,42249081,40795879,188514141,168685633,162313463,161790222,43153680,43150171,44423529,46604422,473035507,457654453,472902579,436222579,14676591,14934750,15488544,17941253,474885904,446854408,372654522,374573622,15086038,14592257,14561712,14963387,272864817,247892597,337064891,311565679,14620708,14425175,14255659,14003832,317189013,317007297,344551063,352501735,14738722,15151750,14599532,14532799,152078785,153621086,155442805,177737896,35916406,34019835,30426173,32501512,149609878,152057053,151369640,150938020,24178537,21954330,18796325,18192874,
191,128479108,145264805,117529315,119073850,2981555,5849437,5749141,2834747,138147457,111889970,113133953,123320253,3337268,3115840,2859024,3150004,318514098,326357548,199279602,313934126,2314599,2450762,2404136,2177449,333540153,317305414,273778261,269398487,2399061,2129386,2265412,2091016,191458668,174415717,280483247,358730706,2454107,2261350,2086002,1779434,229769759,227583003,245014022,255174619,2346377,2212263,2310041,2175866,103844773,108927906,110053017,125678111,3199620,2881007,3179218,2582248,107502906,107375784,107601710,107758883,2586254,2603257,2323680,2086371,
192,12627014,14006958,11936143,11932879,1822999,4565566,4535403,1708738,13057228,12128613,11844062,11401739,2086184,1864959,1546868,1767474,30742067,29936428,29701434,28720114,1899095,2038789,1974336,1676745,29661385,29080584,26218887,25678763,1989276,1722112,1862118,1668465,17610488,17365639,23578456,19753153,2050089,1854877,1680750,1374911,22170406,21654625,23317799,24133342,1933955,1786179,1896352,1770587,11357553,10821367,11035639,12612019,1917571,1824772,2207361,1578546,10831628,10845916,11047344,10865224,1863100,1950924,1794002,1569558,
193,2582148,2607431,2442502,2599662,1820669,4536536,4504058,1705386,2638047,2334672,2538508,2263683,2081656,1864190,1541145,1763203,3586083,3350469,3198924,3451769,1896473,2033344,1967737,1671700,3495057,3524271,3383357,3304200,1986337,1718411,1858983,1663812,2870905,2022453,3273438,2856389,2044443,1856785,1675419,1374525,3122872,3007967,3159488,3451216,1934548,1782369,1897094,1769290,2863936,2251015,2387046,2613414,1911580,1820800,2204156,1574922,2288140,2340771,2511989,2316877,1855428,1945644,1791302,1563991,
194,1987990,1995450,1877509,2055885,1814584,4486445,4455060,1700837,2027924,1759872,1997862,1727787,2079015,1861610,1540524,1758478,1947418,1744478,1687566,1953139,1888393,2027257,1964315,1664837,1946289,1973109,1951280,1899652,1976912,1714149,1849770,1662151,2011050,1838322,2032605,1779612,2039429,1849992,1669619,1371071,1926745,1854074,1914610,2146022,1931782,1778897,1891873,1762231,2357800,1735384,1867413,2032506,1905580,1817854,2201754,1571536,1774966,1841874,1997294,1804660,1852229,1941415,1784029,1562358,
195,1958506,1968882,1853093,2028709,1808504,4465505,4433756,1694432,2000308,1728925,1968715,1709059,2075269,1855083,1535519,1754568,1880426,1673539,1625932,1891380,1887098,2023374,1959274,1660906,1882222,1910323,1886791,1839938,1973787,1710626,1845770,1654587,1970227,1801069,1981903,1729278,2033612,1846987,1666956,1368486,1870803,1801621,1859588,2087973,1923112,1772964,1885871,1758404,2334484,1711765,1842057,2009522,1906326,1814977,2196346,1567972,1751839,1818114,1970780,1780313,1845240,1935270,1781193,1558778,
196,1952094,1960904,1845691,2026591,1804483,4428380,4391348,1695069,1987700,1723922,1963467,1707150,2068135,1853793,1532836,1754241,1874913,1667858,1620691,1885541,1879940,2019980,1955112,1658539,1881869,1907154,1879764,1832445,1970960,1703794,1847642,1653563,1963811,1794693,1974857,1719946,2027408,1848338,1666950,1369023,1863472,1797309,1854407,2083644,1924968,1765932,1883219,1759393,2322383,1708885,1837516,2001901,1900458,1809917,2190001,1568624,1746071,1814101,1965921,1777720,1841644,1930731,1777254,1555761,
197,1945632,1954588,1841138,2018805,1802016,4408611,4356256,1691009,1983114,1718039,1955095,1694230,2063757,1845343,1529026,1751321,1865921,1663038,1617616,1882166,1875036,2011020,1949120,1652801,1876759,1903040,1877494,1830266,1967403,1700275,1837428,1646222,1961025,1791350,1968150,1717812,2024274,1837648,1662922,1364908,1861470,1790216,1850798,2076565,1917209,1764908,1880322,1752957,2318211,1703697,1834537,1997097,1896541,1807463,2183740,1562951,1739935,1808627,1960463,1773039,1840082,1924788,1770422,1552474,
198,1938175,1952081,1834289,2014611,1797872,4342052,4221681,1687386,1974280,1696564,1945743,1695327,2058931,1843129,1525300,1741939,1863826,1659208,1613303,1874728,1869491,2008406,1939253,1650858,1869310,1898866,1872519,1826621,1961359,1692478,1832906,1641075,1953778,1785724,1964827,1712903,2019045,1835488,1656064,1361983,1854513,1788184,1848505,2068713,1914003,1760039,1872062,1752145,2308356,1699574,1826745,1990838,1892120,1799421,2176197,1563153,1736546,1805713,1957725,1768519,1833939,1922331,1770233,1549124,
199,1935843,1948235,1831291,2009194,1792792,4184606,3837190,1683865,1972597,1693654,1947279,1688102,2052020,1837917,1519707,1739518,1860855,1652159,1607967,1871324,1864567,2002457,1933267,1645633,1864371,1891761,1866600,1820469,1952848,1692439,1825132,1638944,1948131,1781993,1958010,1708450,2012206,1831458,1651475,1362452,1850622,1784669,1844578,2064847,1907977,1754254,1864111,1748719,2298548,1695390,1823901,1985127,1884158,1792020,2168362,1559464,1730950,1801922,1951432,1763204,1828794,1917390,1766053,1548463,
200,1926838,1940596,1826335,2003470,1786735,3754784,2983070,1684646,1966689,1692114,1939202,1690216,2047816,1832253,1518032,1736604,1855109,1645626,1604409,1867646,1861145,1996499,1930399,1639159,1858333,1887906,1862024,1818935,1949589,1685789,1821105,1633390,1945713,1777148,1953141,1707183,1987341,1823947,1648346,1357725,1842326,1780550,1839650,2062231,1902247,1749356,1861679,1742234,2287238,1691174,1819120,1978737,1878943,1789127,2166511,1554325,1725201,1795112,1950336,1760698,1825316,1913338,1762775,1545567,
201,1922035,1937480,1818039,1997771,1782192,2908804,1907749,1681516,1962627,1686212,1933849,1681233,2040755,1825919,1512878,1731447,1850306,1644465,1599496,1865191,1853502,1993837,1924453,1635032,1855338,1884577,1855871,1811587,1941959,1680760,1816179,1629585,1940570,1771811,1947860,1704429,1982577,1820656,1640638,1354673,1838459,1776150,1834153,2054848,1896420,1744564,1854141,1740351,2288696,1687411,1813226,1976081,1873640,1784126,2160287,1556189,1722729,1787766,1942475,1753521,1819110,1908691,1756134,1541212,
202,1917984,1926165,1813331,1989766,1778838,1829323,1121597,1678107,1952998,1681527,1924749,1676257,2033942,1822426,1508825,1723848,1840958,1640473,1595975,1855503,1852763,1983751,1918325,1633211,1847222,1877517,1851649,1806551,1937472,1675400,1814927,1622141,1931878,1768847,1940971,1696423,1979425,1816290,1632726,1352453,1833527,1767932,1826426,2045272,1891850,1739839,1851141,1738913,2279939,1680929,1808038,1967426,1873633,1781586,2155736,1553373,1718215,1786723,1938056,1749629,1812561,1898821,1747666,1544677,
203,1911309,1921535,1808279,1982817,1771940,1153137,836493,1675304,1948220,1688798,1925147,1668036,2028758,1816358,1502276,1722972,1835383,1633671,1588765,1851478,1845559,1979085,1916693,1625643,1841163,1870470,1835733,1804947,1933267,1671999,1806914,1617049,1925632,1763545,1938225,1693749,1972700,1805961,1628388,1348799,1827543,1764172,1824786,2040575,1886463,1740793,1842158,1734512,2271368,1675770,1802222,1964369,1863741,1776610,2146598,1550211,1713186,1777909,1931648,1745629,1808944,1895559,1746705,1537586,
204,1902895,1913920,1800652,1976259,1766439,864345,748959,1673185,1944741,1680109,1915108,1663490,2022631,1808741,1496438,1716862,1831282,1630593,1583957,1847160,1841618,1974089,1909280,1621493,1834096,1866307,1831736,1796357,1929385,1666899,1801314,1615049,1921651,1756070,1929682,1687958,1968138,1798741,1622532,1348075,1823455,1756914,1817635,2035202,1881339,1730237,1836640,1729533,2266295,1667659,1794845,1960974,1860819,1769554,2141466,1543570,1709002,1771894,1922385,1738352,1804357,1888702,1740507,1536074,
205,1901700,1909235,1797360,1971597,1759794,752927,715789,1668788,1935596,1681794,1909980,1664634,2012197,1799864,1491841,1706104,1827098,1623130,1579907,1838886,1833468,1968133,1901946,1616690,1829767,1859298,1828077,1791550,1920240,1659392,1793743,1606190,1916470,1750101,1923541,1684951,1957048,1788550,1612038,1344086,1814769,1756542,1810727,2028883,1878883,1719734,1831099,1728663,2263810,1665190,1791849,1950008,1851133,1766683,2136833,1542238,1700490,1762720,1919592,1730657,1800190,1880366,1736147,1531485,
206,1894099,1904186,1792679,1963686,1748000,716249,700812,1664001,1930446,1676532,1907335,1662241,1999700,1791492,1484709,1698219,1824402,1618850,1575954,1835217,1829355,1958494,1892008,1608481,1824301,1855897,1823801,1785981,1907078,1652185,1783581,1598081,1911898,1747145,1917770,1678194,1945236,1782018,1604493,1340634,1810478,1749955,1808408,2024316,1864995,1712970,1822805,1724406,2253273,1654207,1786378,1944509,1846532,1760056,2127671,1537997,1696025,1758362,1912697,1726755,1788940,1878423,1726496,1527891,
207,1887566,1899267,1786582,1957444,1744528,701643,690435,1658366,1923790,1668772,1898329,1654036,1996681,1786478,1477215,1692325,1814406,1614897,1571922,1828870,1818657,1953815,1882843,1600404,1816750,1849647,1816674,1778654,1898508,1645290,1772469,1589374,1905334,1739764,1912177,1671604,1934993,1772452,1599490,1337556,1804915,1748122,1801879,2019484,1855729,1706223,1817796,1720404,2232156,1648917,1782327,1942068,1837666,1749925,2121883,1534675,1692107,1757144,1904209,1720769,1784131,1871296,1716791,1525211,
208,1879550,1894932,1779041,1952874,1734550,688333,677787,1654872,1922039,1667394,1892674,1647837,1989234,1776967,1471999,1685326,1808044,1605926,1563050,1825757,1810670,1936690,1870950,1592265,1812317,1843927,1807052,1772040,1891522,1635272,1767050,1581064,1898325,1737182,1907897,1669074,1925362,1766358,1592707,1331946,1800557,1741044,1795572,2012147,1845886,1695751,1801699,1713594,2234084,1642398,1772148,1931465,1826736,1740961,2108283,1530540,1679680,1746489,1895267,1714726,1770005,1859533,1711628,1522542,
209,1877071,1888951,1773794,1944980,1729011,680283,670023,1649845,1915828,1662916,1886042,1642054,1983053,1769023,1465550,1676865,1800262,1605005,1559403,1818319,1800195,1933624,1862000,1582623,1804973,1837548,1805494,1766102,1880974,1631534,1756956,1572941,1894422,1730053,1903031,1666810,1919749,1755982,1582421,1329720,1795532,1737078,1793026,2003500,1838418,1687469,1795409,1706607,2229404,1639166,1767091,1926557,1817084,1734999,2100948,1526289,1674132,1737440,1888755,1706281,1764471,1852570,1704231,1519449,
210,1873593,1878606,1766262,1935909,1720190,664690,654666,1646961,1907920,1654408,1882149,1634705,1969958,1760131,1458861,1672349,1789140,1595581,1550414,1811572,1789550,1926457,1854354,1579235,1799573,1830408,1797479,1755424,1871552,1623856,1746758,1568129,1888642,1726440,1897433,1659200,1906192,1749713,1580222,1325673,1787587,1730124,1783774,1996583,1826977,1678243,1787662,1704792,2206024,1632726,1759668,1917814,1810083,1726536,2087578,1521659,1665770,1729124,1882812,1699035,1758757,1841760,1690063,1510693,
211,1868242,1870516,1758955,1926066,1715393,653793,643798,1640991,1901887,1650977,1872404,1627665,1965406,1754373,1452197,1665128,1784597,1589326,1545924,1803647,1783451,1912398,1847612,1571512,1785639,1825175,1790334,1749670,1866573,1613414,1739905,1562761,1878263,1718672,1888780,1652754,1897007,1746082,1570844,1322297,1777458,1721382,1777591,1988257,1820510,1668620,1779861,1697121,2197409,1625085,1748772,1907521,1802903,1717267,2079308,1519056,1656891,1723771,1873520,1692153,1747430,1833662,1682250,1507962,
212,1856075,1860969,1748678,1917512,1705771,643018,632688,1636619,1892793,1646316,1863120,1623761,1957411,1749975,1449315,1658448,1776833,1580532,1536969,1795275,1778710,1908696,1840831,1566968,1779962,1818482,1781771,1742412,1856962,1609047,1736453,1555575,1872664,1708191,1882093,1644270,1890340,1740097,1564704,1320763,1769470,1716734,1770289,1978840,1810796,1667803,1770148,1694302,2189140,1615560,1742240,1897448,1797375,1712878,2076654,1517292,1649093,1715988,1861879,1682529,1741076,1828364,1676983,1505385,
213,1847887,1853180,1742923,1904970,1701507,632710,621929,1633957,1882308,1639337,1852606,1616900,1946149,1745055,1439842,1652639,1768238,1575526,1531415,1789462,1769336,1897096,1833108,1559105,1774389,1810813,1778336,1733832,1847529,1599256,1727864,1549945,1863467,1699211,1869582,1638553,1878807,1727876,1558668,1316401,1762007,1707921,1761103,1971044,1807400,1655348,1765659,1690047,2177995,1610189,1739137,1890366,1788115,1706176,2063939,1511491,1641821,1708818,1853198,1677909,1735727,1819649,1667635,1499772,
214,1841275,1843879,1732133,1896938,1694295,620848,608609,1629808,1872452,1623445,1844348,1606336,1938345,1735502,1434585,1647515,1761325,1568607,1523482,1781884,1705657,1890524,1824633,1552173,1763978,1799844,1767749,1725474,1838426,1595796,1721812,1543491,1851402,1691225,1860203,1633666,1871085,1726001,1549604,1313170,1748888,1699340,1750153,1963011,1797095,1651509,1759589,1686290,2169960,1602974,1724170,1883778,1780824,1697731,2053010,1508770,1634699,1700904,1845789,1668582,1729049,1814269,1663851,1494937,
215,1833217,1835403,1726732,1888942,1687400,606830,593627,1626054,1866586,1616464,1836084,1600640,1928721,1728246,1429379,1640051,1753470,1563091,1516266,1772581,1694993,1880168,1818891,1545868,1756409,1795978,1761152,1719751,1833928,1587734,1714390,1535701,1842598,1684924,1852048,1623126,1865764,1715320,1545707,1310697,1743843,1692206,1747109,1953576,1792286,1638436,1751035,1681461,2157320,1596903,1718612,1873118,1775890,1693468,2046760,1504420,1630437,1696693,1839072,1661573,1720471,1802039,1656369,1492618,
216,1824066,1828487,1718774,1880226,1677195,592638,578069,1623196,1862009,1613170,1825279,1595464,1919300,1721659,1423070,1633312,1745159,1556663,1511654,1766925,1688449,1873227,1809798,1542817,1752034,1788349,1753978,1712846,1820232,1579392,1702290,1520781,1837288,1677125,1845596,1616524,1855629,1704384,1535181,1309415,1737186,1686242,1743491,1945708,1782855,1612594,1743577,1676480,2147962,1587171,1713871,1868436,1766765,1682003,2036289,1502752,1621354,1689269,1830118,1656685,1715706,1793533,1647060,1488186,
217,1816415,1821813,1711562,1875678,1656280,576743,561457,1619900,1854076,1606701,1819053,1590389,1891434,1711873,1404523,1621410,1744621,1551712,1509513,1760244,1706075,1864954,1799338,1529113,1746434,1780932,1751181,1706181,1785803,1555255,1671414,1482205,1831065,1671515,1838298,1611478,1840380,1677347,1506860,1306290,1730058,1678452,1733684,1940746,1767853,1519459,1737371,1673332,2137724,1579555,1707619,1859869,1758244,1674338,2026913,1498857,1615746,1680489,1827823,1650914,1705711,1789950,1637803,1486673,
218,1807756,1815058,1703562,1863866,1572055,559302,541569,1616673,1844854,1599093,1813530,1580544,1776171,1679741,1333611,1597534,1734733,1545162,1499772,1752273,1725816,1838026,1767210,1490683,1738452,1774078,1739549,1699236,1646378,1451893,1547537,1339103,1821095,1664120,1832600,1603589,1810746,1515547,1403840,1303229,1721543,1673069,1725575,1930377,1719315,1248816,1724075,1671292,2110963,1569994,1697844,1853088,1743668,1657911,2001063,1494492,1610248,1673137,1817620,1642759,1670503,1777835,1604950,1482984,
219,1802801,1806749,1696871,1855991,1363067,538965,513884,1612522,1835824,1592983,1805693,1579016,1494148,1579856,1151082,1503678,1726258,1541660,1492186,1745472,1695786,1753643,1664630,1374665,1731274,1769047,1734496,1693827,1344444,1216459,1272967,1062711,1812100,1659474,1824164,1597405,1703849,1320838,1171803,1300682,1717062,1667860,1722381,1920690,1578524,878393,1688494,1667843,2102825,1564887,1693299,1845501,1694814,1590239,1919220,1486545,1602990,1664916,1808801,1637322,1557265,1745935,1506473,1480498,
220,1795574,1797445,1689852,1845251,1035076,511723,471099,1603484,1831943,1587716,1795638,1571530,1087875,1347477,864665,1285332,1701037,1534251,1485747,1737822,1611066,1553487,1442066,1143413,1723112,1763763,1727688,1688896,961134,898526,915138,739713,1805288,1651283,1816020,1593735,1457149,964193,849595,1295032,1708531,1662281,1712752,1913663,1296365,568295,1582624,1660306,2071852,1556761,1685313,1836221,1562345,1422003,1723438,1461285,1595618,1648465,1803406,1630024,1322444,1647351,1291666,1475641,
221,1788511,1780232,1684429,1809284,666654,459978,393681,1576890,1822871,1582538,1791428,1564793,673171,948903,536350,898322,1637156,1524198,1469411,1729397,1371559,1179698,1054421,791069,1709685,1758491,1721593,1676202,600841,566217,573499,458495,1792860,1640836,1807411,1586496,1038601,601698,525583,1281299,1698044,1653007,1705363,1906019,892088,374815,1312661,1643290,2006598,1546596,1680695,1822390,1263811,1088099,1320202,1374130,1586271,1601877,1795284,1622630,942705,1395811,935480,1464765,
222,1781819,1713411,1654272,1678526,414784,375749,291083,1462119,1814155,1568003,1780880,1536553,431358,560685,324920,519240,1400415,1510520,1394442,1715953,954987,736915,643626,472095,1654411,1741798,1711678,1641171,401117,363438,375028,308919,1741601,1594176,1800623,1576861,633738,383616,336183,1214372,1669026,1616716,1686391,1887072,534273,296912,876535,1572341,1763750,1497060,1666742,1793149,825572,676224,823261,1125505,1559386,1437186,1778529,1603822,571033,971224,573472,1418387,
223,1771472,1534338,1569000,1403942,324701,289967,212221,1202737,1792411,1509580,1762976,1445423,355655,384037,255950,352917,1027178,1474938,1206943,1679566,608973,481801,431489,330227,1497959,1697763,1694495,1537630,335219,293575,310180,260836,1613527,1468637,1781895,1543043,448806,313652,275435,1035211,1576894,1515536,1622639,1831905,382576,271471,552446,1379033,1350205,1365881,1635734,1710428,523109,435594,521867,786384,1474380,1139854,1744935,1548910,391310,615483,389878,1280142,
224,1713272,989948,1192805,815721,282736,186987,152926,639821,1670260,1233803,1644397,1078819,319737,300226,224528,275170,515738,1242510,737767,1446712,361519,343753,321096,261862,987466,1442038,1572488,1117603,304414,261556,274941,238340,1153976,1028181,1677288,1329781,359017,280323,250416,569894,1193923,1109216,1299598,1523307,308479,259969,348067,804592,721448,926437,1425305,1313772,340302,308767,365215,394970,1114287,618829,1542833,1274271,301370,362353,298695,791694,
225,1560386,619595,811583,528737,275251,156369,142190,430619,1417408,892161,1403630,726466,312992,283065,218614,258587,359940,911055,463076,1102104,315774,318820,298193,248389,623265,1085382,1321650,746027,298091,255476,267491,232910,765718,675053,1446337,1013416,337557,274407,243247,373982,817078,744077,920453,1121508,296253,256732,310195,523130,497080,595588,1101284,902341,306471,286123,342139,310816,747719,408068,1213236,926637,285819,315735,281371,508656,
226,1171980,389723,474310,385211,271413,142315,136667,341185,947897,516597,955633,428833,309282,274568,215653,252948,298609,525580,308359,651747,289775,305941,285398,242911,394765,649109,861973,454572,294643,253011,265485,229725,457839,410438,990550,604029,327270,271551,241832,286196,486302,443761,533966,661789,290023,255694,287356,385520,402549,368890,672381,532166,288973,277402,332340,271927,431003,311482,743472,550148,278777,293975,273779,344987,
227,779018,323415,352840,341488,268870,136569,133261,304954,610083,353476,616875,322564,306905,272472,214264,249489,283380,357389,264544,426080,278324,302006,280976,239600,329021,442771,544703,354857,292393,249904,262226,228803,354347,322411,634450,397091,322376,269034,239351,254042,363964,339166,376391,453577,286554,252992,277221,334258,373871,299108,450914,398341,281977,273733,327847,248196,323348,286522,483291,387325,276288,285263,270811,288025,
228,473451,297875,301448,320875,266863,133600,130830,280775,420503,284348,412828,278190,304716,269198,212670,246954,277051,286677,243452,327597,273071,298667,278702,238714,300374,350952,365714,311125,290005,247491,260830,227881,313268,283743,418221,303178,317770,266930,237126,231990,312111,292532,311554,360449,284636,252040,272245,306652,362045,268932,346471,340815,277499,271214,325649,231793,275439,276258,360826,318907,272463,281532,268184,260246,
229,369448,290890,281013,314807,264504,130403,127795,260180,359316,260335,347446,264017,301915,267541,210532,244050,274846,263556,237917,297127,270008,297733,274992,236888,289960,318069,314036,290514,288383,245345,257488,225100,299010,270947,349707,274099,314055,264474,236773,215518,294515,275151,291129,328409,281879,249137,270588,280990,356782,257790,310142,323013,274924,268661,322937,220724,256858,271445,323790,292736,271064,279008,265994,237502,
230,321013,285556,272329,309890,262837,127459,125003,246865,323067,249187,310364,257678,300029,265609,208926,241504,271545,249530,233015,283030,266590,293777,271833,234375,284701,295379,289300,277621,285423,244047,256160,224029,293637,263961,314458,259519,311467,261821,233866,202801,285122,263083,282682,308605,278647,247481,267504,263129,353327,253316,286140,312459,272703,266563,319789,215592,246796,269308,303997,277083,268254,275750,263399,220356,
231,300169,283126,268486,307602,260807,123607,121079,240963,304151,246024,295358,256310,298182,262090,207266,241177,269327,246427,230859,277137,264000,291090,271261,232185,281870,285997,279608,272106,283922,240968,252785,222436,292040,259281,300656,255088,309350,260715,232371,198234,282417,258851,278696,302313,276297,246730,264293,255131,348456,250529,276752,309365,270844,264761,317489,213052,243016,268368,296593,272243,266872,272299,261854,212747,
232,290126,281866,264852,305115,258719,121076,118424,239237,294774,242780,287512,253007,295155,260829,205896,238396,267559,244723,229241,274150,262156,289906,269820,230761,278606,281966,273907,270271,280984,240495,250543,220331,289480,258413,294233,251843,308489,257394,229806,196234,278021,256617,275111,298282,275426,244274,262348,250676,346196,247545,271349,306404,267839,261779,314146,211204,240363,265585,294735,269365,264333,270694,259260,208298,
233,287842,279835,263169,301552,256657,118918,116246,237423,290156,240554,284241,252250,293701,258073,204433,236894,266350,241278,227638,272464,259527,286567,266314,228174,277386,280172,273038,266183,279420,238219,249189,218188,286338,256473,289758,250519,305430,256479,229211,194915,277035,254609,273169,295408,272043,241974,261423,246997,343501,246286,267933,304279,265273,261061,313364,210152,239058,263513,292318,266967,262314,269028,256948,207197,
234,283056,276418,260791,300000,255562,115838,112989,236109,286636,238688,279281,249081,291447,255866,202723,235276,263001,237982,225816,270547,258602,284164,264827,227123,273631,275962,270406,264265,276246,236398,247425,217417,284004,253577,286713,247977,301518,254800,226929,192853,275301,251590,270458,292475,268383,240589,258215,247302,339820,242297,265723,300961,263545,259513,310461,208828,236252,260603,288374,263845,260460,267556,255741,204985,
235,281248,273413,258683,297313,251846,112243,109231,234472,284376,236968,278412,247039,289106,254349,201489,232338,262215,236698,223872,268344,256957,280258,261822,225830,270926,273497,267657,261559,274801,234593,245431,215208,281945,252325,284610,246537,298036,252473,225457,191819,272209,250687,269098,290309,267260,238065,256305,244708,337596,241259,263535,298538,261461,256932,307286,207552,233679,257969,286495,260445,257860,265570,254598,203510,
236,278210,272470,256399,295021,251833,109665,106510,232825,281611,234800,275408,245874,286543,252432,199490,231058,258689,234869,220799,265542,254758,279672,260243,223754,269548,272299,266654,261271,272286,233132,243833,214362,280449,249193,282217,244554,297006,250222,223920,190819,269204,247013,266260,286691,266832,237974,254643,243003,331825,238331,261304,296109,259256,254986,305849,206731,232247,257285,283106,260276,256107,263034,252457,204114,
237,275753,270397,254679,292163,249399,106418,103146,231107,280349,233462,274510,244260,285491,251265,198428,230799,258312,232717,219711,263946,253038,278118,258829,222051,267550,269258,264404,257623,271608,231447,241976,212341,278511,248593,280389,241076,293894,248434,221921,189253,267086,245043,265057,285358,263592,234300,252494,242110,331169,237570,259584,292855,258315,253193,304275,204563,230102,255168,281190,257739,254530,261341,250310,201324,
238,274520,267788,252552,289977,248398,102154,98286,229192,276824,231514,270449,241972,282656,248842,195628,228293,256137,231356,218449,261842,249718,276328,256944,219888,264183,267856,261394,255687,268023,229102,238961,210577,276337,245337,277733,240537,291099,247772,219245,187518,266167,243527,262460,282818,260976,233755,250154,239872,325272,234812,256990,290094,255380,251665,301630,203690,228594,252713,279371,255373,253195,259861,247561,200396,
239,272660,265026,250959,287410,245913,98067,93711,227096,274840,229348,268985,240073,280318,247550,195013,226892,254294,228878,216643,259011,249008,274065,255353,219028,263098,265307,260245,254603,267040,227024,238452,208777,274503,243403,275820,238330,288683,244999,218735,187033,263542,242716,261367,280682,259542,231689,247996,238322,327674,232877,253883,287916,254104,249515,298953,202379,226038,252638,277211,253161,251122,257328,246233,199289,
240,269505,263829,247239,286678,243806,90873,84392,224899,273327,227800,266471,237819,277350,244741,192702,224165,251150,226622,215373,257975,246292,273194,252180,217233,260480,263578,256378,249892,264384,226179,234673,206293,270539,241564,273451,236960,286623,243356,216003,184662,260572,239712,258431,277938,258140,228989,246459,237049,323073,232116,252139,285181,252186,246648,297105,201261,224422,249657,275270,250836,248073,254109,243582,198201,
241,268957,261734,245855,284223,240921,81696,72512,224196,270464,226174,264916,236326,275384,243567,192630,222672,249611,226034,213273,255832,244371,268318,251133,215043,257707,262717,255468,249029,262701,223421,234594,205951,269532,240401,271002,233419,284254,240345,214471,183968,258492,238296,256452,276202,255038,226430,244863,235403,322136,230290,250314,283765,250058,244302,294362,199783,222050,247906,272400,249836,246904,252990,241991,196259,
242,265038,260100,243481,281327,239948,69118,58469,223441,267534,223231,260942,234399,271356,241608,189163,221042,246486,222662,211520,252841,242252,267558,247687,213584,256933,258858,253639,247784,260256,221320,230833,203071,267199,238364,269199,233157,281589,238523,212806,182817,256926,236057,254549,273816,252545,224047,241030,233676,319132,227578,248252,283295,248370,242780,291852,198568,220222,244729,270032,247205,244300,250903,240984,195560,
243,263199,258082,241900,278837,238015,58523,47354,221459,266832,222023,259599,232340,270768,239270,187942,219081,244707,221206,209971,252325,241363,265082,246567,211798,254413,257047,252742,245329,258476,220145,229927,201663,264783,237161,267024,231049,278673,236103,210399,182517,255966,235737,252094,271587,250021,223738,239603,231307,315706,225709,246618,279103,246432,241126,289528,196614,219424,243526,268691,245468,243443,248047,237987,193642,
244,260602,255046,238949,277700,236086,49187,39026,220064,264204,220219,257629,230991,269726,236861,186510,217252,243442,219544,208116,314879,238965,263529,243858,209713,251921,255800,249369,242752,255133,217345,228024,199617,263114,234781,264861,228766,277122,234390,209114,180209,253210,232734,249629,268912,249647,220812,237655,231328,312648,224546,244074,276483,243901,239884,285858,196234,216549,241731,265922,243378,240004,247618,236861,192422,
245,259209,253559,237582,274036,233692,41025,33617,218856,262172,218087,255028,229026,265861,235260,184129,214419,240889,217570,206027,247274,236080,260417,242085,207123,250739,253061,247375,240596,253941,215464,225253,197518,261213,233292,262242,227682,273496,232130,206551,180005,250249,230721,249204,266587,246470,218677,235611,230251,310230,222706,242698,275022,242621,236831,285444,194994,214807,240081,264077,241499,239801,245025,234677,191255,
246,256581,250797,236558,272031,230660,34797,31168,216940,258715,217044,252842,226765,263417,232665,182539,212627,238911,215255,204529,245415,235215,258162,239602,205446,248497,251270,246151,239308,250822,212424,222866,194814,258438,231874,260475,225060,271661,229305,204470,178703,248102,228807,246405,264267,245224,215691,232826,227660,307218,220356,240252,272342,240914,235759,282227,193307,212321,237532,261870,239395,236672,242394,232935,190688,
247,255722,248833,233694,269242,228278,31365,29728,215750,257534,215125,250518,224550,259455,230150,180746,210351,236713,214536,202492,243728,232491,255848,236836,203675,245828,249587,244299,237611,248084,210753,219713,192727,256717,228271,258810,223365,267096,227284,202388,177891,247118,227610,245047,261092,242171,212957,230953,225930,304977,218406,238284,269905,238158,232875,279263,191739,211953,235374,259470,237578,234339,240095,229779,188745,
248,252356,246431,232390,267043,226276,29595,28590,213911,255076,214215,248506,223119,256908,226907,177112,207622,235362,212878,201184,241046,229452,252159,234012,201665,243889,248231,242027,234595,244905,208329,216789,191168,254348,227780,256402,222188,264935,224203,198950,176565,244052,226040,242359,260433,239966,210327,228803,225378,301820,216983,237065,269098,235274,231407,276666,190497,208986,232751,257199,235347,231999,237399,227175,188242,
249,251292,244404,230046,265543,222976,28902,28151,212997,253508,211272,246390,221368,253320,226239,175094,205401,233109,211205,199055,239637,225943,249435,231316,198907,242519,246269,241247,233619,240642,205342,214017,187372,251665,225327,254842,220148,261473,220911,196491,175013,243032,224417,240781,257982,236243,206812,226113,223342,298182,213972,234536,265309,231821,228050,273126,188628,207592,231174,256152,234622,227970,236297,224100,185593,
250,250122,242804,228253,260352,220115,27965,27212,211287,251389,209889,244949,220294,249862,222458,173431,202306,228721,209021,196363,236348,223978,245585,228047,197211,239669,242020,238013,230466,237819,201744,211735,184835,249654,221839,251456,219320,257151,216726,193614,173052,240256,221885,238411,255023,233339,204326,223923,221928,294111,212701,232311,262209,229314,224808,268086,187166,204772,228122,253086,232546,225740,232610,221959,184930,
251,246854,239218,224921,258661,217055,27119,26412,209396,248638,206979,241781,215869,246164,219019,169574,200377,225411,206882,194031,234189,220861,242360,225357,193956,237080,241257,236380,228068,234292,199226,207834,182544,246910,220889,249590,216109,255022,214402,192471,171316,237580,220429,235983,253074,231241,201606,220652,219148,290256,210066,229597,259702,227363,221937,264970,184929,202890,225067,250922,229995,223141,230289,218414,183314,
252,244502,235759,222861,255717,214948,26295,25626,208240,245951,205542,240566,213461,243718,217214,167918,198068,222731,203934,191350,231816,218533,240509,221548,190899,233731,237950,234157,224954,232225,196842,206068,178870,243977,217323,246866,213726,250690,212274,188611,170969,234456,217515,233379,248602,228638,198574,217681,217091,286255,207766,226965,256629,224505,219866,262038,183357,199408,221712,248058,227069,220551,226830,216063,181612,
253,241966,233007,218908,252588,212428,25663,24963,206237,243842,203268,237737,210932,239930,213735,165493,195303,220211,202644,189255,229399,216155,237088,219312,189457,230431,236683,230785,222591,228401,193817,201109,177657,240680,215451,244867,211195,247039,208598,185921,169519,232042,215380,229951,247092,225158,194616,215610,214919,283497,204322,224554,253768,221859,215897,257756,183511,197503,219461,245503,225350,217517,224390,213754,180117,
254,239489,229893,216177,247947,207977,24740,24058,204057,241021,198778,235029,208650,235800,210466,162512,193115,216273,201020,186417,226288,213238,232926,216277,185583,227818,232651,228426,219695,223849,190600,197909,173584,237087,211895,241832,207862,242996,205679,182135,167718,227903,211592,227692,243402,220679,190206,212018,212678,279262,201329,222514,250420,217579,213524,254082,179872,193289,215578,242169,221651,214328,220868,211273,178591,
255,236792,226244,213596,245917,203348,24300,23563,200993,238010,197866,231767,206976,231269,206994,158562,189652,212656,196731,184593,224156,210222,229877,213156,183164,223932,229762,225200,216279,219121,186592,194210,168068,235592,208943,239148,206692,239607,200306,177025,166172,225619,209441,224367,240568,217559,182946,209073,211661,275570,198872,219525,246604,214663,211072,250300,177916,191633,213090,239258,219163,211582,217269,207199,177109,
256,234319,224132,212183,242565,195082,22987,22231,198030,236570,194715,228623,204568,219643,200735,146483,182112,210552,195149,181860,221985,204650,222818,206874,176831,222922,227493,223396,215411,203468,173445,177762,152604,232602,207374,237214,204490,231889,184949,161019,163203,223372,208273,222753,238229,208252,149596,203764,207889,270411,195801,217337,244805,210503,204915,242236,174357,189817,211351,236628,217443,203976,212069,202588,173114,
257,231580,221706,208693,238561,184443,21873,21007,195998,233001,193225,225977,202966,200653,195710,128347,177339,206996,192216,179465,218297,201209,217383,200699,170863,219180,225442,221626,212453,181539,152999,155451,131288,229254,204332,233508,202145,224388,162891,138022,161513,219985,204626,219977,235016,198837,116830,200199,205521,266998,194006,214975,241243,204756,200143,235616,172872,187539,207945,233531,214510,198090,208392,195562,171704,
258,227853,217618,205557,234978,160464,20817,19871,193334,230275,188775,223570,198163,163932,185784,100685,163193,200690,188516,175397,215421,195731,206125,189345,155342,215601,222519,217980,209368,143675,120819,119682,100018,225390,201168,230470,199060,210519,126016,104086,159879,216443,202052,215984,230146,180303,83075,193889,203688,260147,190676,211489,238093,198958,191620,219910,170142,183713,202541,230050,210498,185180,203172,185177,169070,
259,225901,213720,203576,230513,126778,19600,18605,191216,227867,186637,220760,196211,123397,164931,73110,137904,192048,187008,172171,212525,188470,185886,167113,130146,211286,219334,214779,206289,107435,90281,88004,72849,221400,198135,227474,196045,183249,92490,76694,157298,213831,199562,213273,228221,149334,64577,184645,200931,253307,187099,209047,233336,188217,175552,189887,167665,181055,197615,226551,208068,162208,193719,165906,167740,
260,222254,208001,198228,224115,96730,18569,16387,189313,223369,182609,216861,191642,93059,136312,55736,107023,169774,183406,168566,208047,173024,157020,137573,101512,207484,214706,211464,201907,82748,69925,69298,57911,216058,194417,224028,192573,148858,71040,60426,156161,210177,195316,209857,223971,115939,56614,168352,197044,234827,182225,205748,228472,169593,148873,153682,165999,177086,186852,222978,204016,132100,178119,138205,164609,
261,217852,200228,194890,212518,73251,16784,15057,185525,220209,179125,213972,186984,74194,101649,46590,77933,139041,181120,159296,205133,145441,119478,103176,74891,200887,212865,209532,197442,68427,57969,58229,49264,208764,189971,220369,188842,112015,59638,52064,153363,205790,192122,205690,219480,86078,52363,139338,195293,206336,177140,202094,223709,138070,113913,114079,161100,171322,165362,219012,201257,98978,148599,105209,162703,
262,215123,182406,187236,188667,60959,14355,12687,182443,217108,173204,209687,179043,65728,74790,42878,59326,96423,175721,139806,199639,108993,88076,76982,58361,185418,208474,206178,192131,61942,51783,53627,45308,192451,179779,217165,185085,86871,55184,48620,149193,195967,185771,199237,215038,68385,50592,103409,191269,156989,161091,198816,212492,103427,82875,84774,153142,157791,129448,213065,195574,74260,112238,77715,158586,
263,212081,152452,174651,155802,56112,12341,10661,176656,214183,162385,206035,162309,62235,62565,40588,51815,71507,168741,113498,191685,82821,72068,63895,51218,160263,203837,202519,180644,59459,49911,51439,44109,167350,165049,212235,177356,75345,52562,47109,144669,181225,174688,188147,205327,61208,50155,79138,186545,117232,135578,193451,193123,78304,66459,72443,138291,135245,96980,202683,188102,62981,83941,64116,154983,
264,206576,114740,148444,118516,54113,10992,9064,166032,208498,139680,200001,135763,60875,56803,40290,48929,60500,151601,85032,176062,66688,64336,57649,48082,123497,194411,195504,159629,57708,48490,49885,43119,132112,138145,207765,162785,69886,52121,46149,133162,154379,154763,166233,189271,57395,49097,64854,177521,91130,104598,184971,156760,64510,58997,66682,114113,103772,73120,182414,172582,58195,68010,58407,145421,
265,197673,85079,115848,90331,53160,9818,8171,146365,202535,110335,190955,103565,60400,54385,39590,47299,55833,125681,65065,146966,58919,61192,54538,46423,91812,175593,181937,129395,57203,48154,49242,42782,99291,106931,196461,138076,67033,51352,45757,113100,121858,125815,133864,160156,56291,48621,58373,158894,79417,77806,167856,120112,58615,55930,64269,87578,76188,61423,150999,145486,55432,59584,55019,128713,
266,177604,66362,82087,73195,52377,8209,7166,115954,185358,77563,167424,74059,59214,53044,39113,46303,53630,90004,52573,107497,54252,59016,53049,45368,69766,140963,155463,94093,56438,47648,49000,41972,74110,75909,172113,102078,65299,50466,45193,86903,87895,89973,95298,119588,55851,47973,54385,129454,73295,60050,134369,86514,55524,54432,62899,66028,58296,56391,108627,107723,54449,55984,53681,101918,
267,147201,59441,66018,67279,51973,7492,6953,88717,158890,61208,137774,60845,58388,51847,38484,45858,52654,68157,47673,80555,52459,58024,51676,44718,61506,108860,122069,74307,55623,46929,47822,41228,64233,62825,141304,76694,64095,49795,44454,66987,71344,70616,73596,91037,55305,47651,52857,100734,71165,53433,103416,73750,53566,52623,62356,54925,50702,54331,83222,81743,53368,54186,53080,78269,
268,107913,56235,57238,63503,51183,6868,6564,72084,119632,52270,101273,54686,58540,51278,38034,44982,52001,55996,45641,63629,51435,57483,51402,44431,57548,81190,87698,62413,55455,46398,47399,41344,59379,54785,102920,60539,63753,50004,44274,55142,61997,58646,62141,71657,54284,47068,51963,80930,69943,50521,77206,65162,52677,52615,62198,49238,47213,53327,67768,66037,53055,53352,52533,62683,
269,83283,55595,54037,62063,50975,6703,6486,61114,92224,49512,79669,51633,57388,50428,38094,44713,51051,51552,44720,57771,50618,56795,50908,43938,56559,68026,69927,57501,54707,46210,47372,40734,58310,52340,79844,53532,62860,49442,44035,48179,57806,54053,57670,64231,53473,46260,50371,67187,68610,48837,65799,63115,52351,51923,61531,44916,45746,52181,62668,59859,51938,52324,51809,52507,
270,67131,54269,51626,61077,50593,6553,6348,54211,73227,47376,65139,50504,57039,50108,37442,44162,50741,48678,44168,55097,50008,56188,49929,43336,55060,61243,59689,54458,54348,45807,46971,40309,57087,50886,66388,50902,61850,48769,43079,43981,55839,50944,55317,59142,53214,45504,49896,59727,67896,47795,58096,62161,51525,51565,60379,42404,44916,51638,59516,56555,51435,51649,50900,46120,
271,61433,53696,51072,60719,49842,6350,6172,50525,65443,46435,58955,49957,56246,49166,37085,43839,50168,47652,43255,53483,49146,55423,49789,43227,53984,57787,56037,52812,53532,45019,46303,39545,56210,50257,61428,49260,61402,48304,43156,40315,55538,49791,54407,57788,52622,45780,49529,54219,66951,47217,55295,60728,50876,50527,60037,40590,44423,51210,57898,54770,51264,50773,50582,42503,
272,57545,53311,49795,59756,49165,6113,5917,48125,59635,45706,55610,49063,55656,48853,36336,42441,49398,46880,43134,52959,48603,54657,48757,42207,53594,55894,54034,51761,52885,44345,45546,39689,55797,49259,57578,48673,60565,47763,42433,38548,54384,49124,53180,56537,51927,44852,49076,50817,66598,46864,53536,60591,50505,50007,59218,39985,43935,50523,57448,53437,50737,50784,50045,40388,
273,55823,52550,49333,59176,48584,5926,5747,46043,57645,44942,54004,48737,55059,48017,35922,42568,48976,45993,42419,51813,48125,54369,48197,41987,52830,54844,53528,51005,51834,44163,44929,38748,54840,48374,56331,47825,59547,47232,41923,38132,53931,48440,52795,55810,51016,44744,47868,49050,64822,46371,52657,59687,49454,49727,58133,39010,42982,50079,56733,52852,50087,49777,49625,38613,
274,55135,52344,48831,58547,47851,5583,5413,45387,56115,44884,52670,48422,54248,47710,35559,41938,48656,45539,41499,51735,47875,53325,48203,41730,52174,53793,52478,50596,51246,43603,44685,38288,54703,48114,55643,47516,59198,46447,41637,37448,52780,47391,52467,55199,50989,44188,47753,47901,64589,45845,51894,58771,48892,49286,57484,38770,42185,49457,55955,52146,49284,49405,48854,37976,
275,53803,51567,48235,57067,47308,5370,5172,44621,55483,44161,52315,48059,53088,47428,35555,41561,48053,44905,41331,50418,47099,53079,47455,40760,52142,52863,51693,49695,51155,42762,43614,38014,53482,47521,54471,47044,58364,45705,41175,37098,52414,47102,51853,54294,49782,43150,47067,47267,63814,45256,51239,58126,48549,48195,57310,38278,41949,49079,55485,51950,49085,49072,48350,37662,
276,53446,50961,47628,56736,47271,5172,4973,44532,54697,43476,51473,47514,53412,46466,34728,41411,47514,44360,40427,49871,46623,52126,47262,40637,50997,52508,51244,49437,50393,42748,43423,37782,52947,46938,53854,46793,57941,45838,40547,36396,52059,46453,51087,53763,49879,43375,46855,46680,62916,44529,50139,57710,48275,48043,56666,37987,41424,48375,54324,51496,48397,48456,48174,37394,
277,52906,50554,47172,56185,46535,5012,4813,44185,53756,43174,50923,46603,52771,46020,34415,40654,46641,43678,40570,49293,46191,52135,46475,40648,50575,52239,50794,48558,49983,42192,42948,36859,52619,46745,53782,45813,57191,44796,40334,36055,51350,46627,50945,52532,49260,42367,46342,46366,62296,44564,50217,57005,47511,47481,56100,37706,41357,48127,54342,50306,48118,48024,47718,36387,
278,52315,50038,46639,55563,46447,4681,4490,43241,53135,42742,50353,46671,52215,45530,34254,40102,46260,43501,40051,49254,45823,51422,45992,39914,50029,51575,50343,48630,49148,41686,42430,36873,52035,46094,52823,45174,56726,44564,39718,35966,50907,45655,49645,52486,48955,41897,45695,45544,61426,44028,49006,56368,47264,46994,55104,37310,40817,47966,53920,50349,47411,47771,47269,36619,
279,51883,49469,45985,55377,44913,4506,4271,42600,52718,42362,50000,45550,51470,44988,33564,39921,45925,42868,39433,48467,44893,50849,45417,39511,49180,50711,49394,47435,48959,40821,42039,36136,51295,45356,52505,45162,55634,43616,38938,35534,50206,45066,49478,51861,48637,41124,45123,44990,60783,43207,48655,56059,46344,46379,54711,36762,39777,46626,53074,49519,46868,47101,46637,35980,
280,51266,48764,45536,54116,44708,4155,3886,42663,51638,41937,49471,45284,50711,44579,32826,39252,45169,42364,39196,47919,44891,49928,44750,38982,48935,50678,49081,47142,48431,40664,41465,35667,50997,44755,52225,44283,54977,43513,38616,34845,49835,44571,48875,51152,47193,41190,44495,44572,60061,42584,47631,54836,46012,45990,54261,36440,39888,46300,52126,49329,46311,46408,45843,35768,
281,50897,48240,45107,54032,44307,3705,3381,42221,51419,41469,48700,44745,50290,43903,32890,38674,44884,41840,38396,47250,44060,49263,44042,38233,48176,50110,48795,46750,47706,39838,41215,35548,50368,43878,51082,44047,54204,42792,37973,34677,49276,44479,48695,50813,47010,40115,43674,44485,59497,42364,47431,54392,45376,45112,53668,35808,39043,46145,51544,48725,46019,45634,45501,35296,
282,50086,47920,44536,52905,44149,3263,2931,41737,50443,40779,48026,44372,49443,43581,31966,38349,43758,41407,37995,46845,43636,48380,43685,37750,47586,49194,47527,46265,46253,39458,39951,35047,49757,43563,50703,43292,53499,42496,37118,34215,48562,44181,47885,49905,46519,39484,43546,44005,58840,41760,46804,53674,44600,44667,52775,35792,38452,45132,50894,48235,45301,45544,44528,34932,
283,49691,47386,43874,52892,43374,2910,2549,41075,50644,40215,47455,43996,48881,42988,32135,37814,43768,41079,37760,46295,42852,48350,43176,37063,47204,48781,47373,45430,46373,38991,39937,34287,49256,43520,49958,43324,53223,41648,36395,34070,47876,43507,47566,49603,45857,38965,42756,43180,58449,41420,46746,52734,44563,44856,52184,35504,38396,44935,50776,47474,44967,44581,43978,34634,
284,48899,46682,43429,51774,42567,2703,2346,40946,49681,40494,47319,43046,47939,42875,31578,37257,43101,40474,37372,46316,42384,47345,42415,36616,46595,47986,47018,45270,45443,37928,39199,33653,48229,42381,49480,42293,52409,40899,36243,33537,47516,42930,47019,48499,45523,38105,42452,42712,57948,41111,45896,52186,43715,43801,51251,35044,37395,44056,50311,46869,44065,44262,43478,34286,
285,48467,46164,43393,51295,41861,2418,2005,40505,49116,39495,46511,42577,47018,42119,31003,37172,42437,40396,36591,45369,41899,47115,41657,36307,46306,47491,46696,44491,45064,37652,38210,33400,47886,42582,48820,41792,51493,40315,35445,33902,46848,42279,46303,48501,44476,37884,41819,42332,57154,40283,45564,51872,43233,43064,50700,34777,37096,43606,49155,46742,43650,43878,43311,33983,
286,47990,45381,42256,50244,41366,2117,1817,40136,48683,38797,46050,41998,46760,41799,30287,35946,41620,39445,36234,44711,41493,45980,40939,35652,45633,47098,45694,43427,43477,36492,37564,32135,47356,41545,48616,41447,50664,39608,35108,33171,46287,41631,45704,47678,43657,37066,40923,42066,55761,39905,44799,51121,42915,43081,49934,34162,36745,42676,48886,46008,42880,42834,42824,33640,
287,47333,44672,41673,49910,40192,1934,1754,39692,48091,38504,45492,41769,46109,40614,29674,36108,41399,39431,35979,44091,40580,45503,40751,35142,44852,46507,45534,43026,43273,36458,37067,31834,47115,41300,47793,40968,49587,38780,34330,32930,45244,41150,45319,47138,43035,36558,40811,41502,54548,39212,44646,50639,41960,42252,49392,33790,36203,42039,48678,45479,42339,42446,41818,33114,
288,46330,43987,40918,48841,39297,1709,1634,38924,47084,37730,44489,40978,44482,39652,28999,35334,40300,38434,34696,43742,39746,44441,39639,34536,43876,46287,44529,42560,41948,35136,35891,30972,45482,40882,47334,40324,48607,37608,33598,32415,44644,40640,44800,45957,41878,34781,39720,40836,53812,38493,43503,49337,40917,40967,47660,33238,35006,41396,47615,44436,41470,41823,40699,32502,
289,46019,43380,40889,48265,38889,1626,1564,38487,46625,37303,44102,40387,43379,38812,28323,34034,39457,37914,34834,43261,39071,43503,38761,33684,43149,45392,44433,42077,41237,34509,35330,30135,45204,40089,46944,39343,47490,36998,32782,32146,43962,40106,43968,45758,41369,34184,39171,40075,52651,38062,43021,48636,40398,40293,47088,33148,34923,40962,46735,43802,40097,40936,39915,32329,
290,45345,42419,39720,47202,37434,1554,1499,38144,46153,36665,43444,39957,42704,38001,27663,33344,38907,37631,33928,42527,38340,42964,37913,33026,42468,44948,43494,41244,40591,33775,34138,29747,44316,39257,45655,39463,46956,36420,31744,31544,43407,39378,43584,45096,40189,33243,38075,39860,51189,37430,42562,47805,39393,39613,46030,32503,34392,39865,46006,43321,39554,40024,39093,31648,
291,45241,42009,39294,46421,36840,1414,1375,37659,45605,36186,42845,39175,41562,37535,26617,32619,37802,37347,33480,41985,38038,41367,37616,32444,41823,44025,43138,40717,39387,32926,33943,29043,43305,38784,45133,38667,45486,34981,31177,31144,42954,38780,42619,44803,39877,31977,37327,39991,51006,36571,41913,47152,39094,39229,45319,32168,33446,39818,45374,42708,38667,39764,38764,31393,
292,44013,40728,38538,45837,36512,1380,1322,37237,45139,35401,42328,38328,41142,36958,26293,32301,37249,36172,32704,41039,37009,41043,36836,31306,41023,43595,42116,39723,38613,32155,32338,27666,42491,38622,44511,38127,44905,34015,29756,30870,42197,38313,41437,43477,38913,30629,36996,38860,49851,35691,41420,46607,38673,37803,44429,31436,32965,38515,44440,42048,38050,38813,37897,31217,
293,43739,40211,37838,45140,35523,1390,1357,37102,44460,34780,41754,37803,39506,36434,24684,31361,36384,35463,32063,40373,36265,41056,35867,31056,40544,42645,41508,39716,36654,30436,31182,26362,42353,37527,44048,37101,43766,32717,27881,30344,41156,37866,41640,42991,38042,27526,36058,38661,48872,35532,40455,45430,37064,37600,43098,31673,32281,37866,43500,41358,37110,38198,37036,30779,
294,42974,39408,37065,43591,33961,1325,1283,36576,43616,34029,41193,37040,37484,35227,22293,30280,34907,35000,31442,39377,35414,39585,35194,30233,39357,41986,41256,38765,34338,28035,27490,23550,41019,36590,43470,36531,42639,29493,24667,29498,40602,37204,40240,42200,36438,22188,35607,38070,46854,34066,39791,44512,36773,36317,42236,30953,31516,36907,42634,40466,36152,36987,36150,30426,
295,42071,38500,36423,43032,31989,1276,1236,36070,43081,33582,40348,36421,34564,34352,19029,29452,33825,34593,30535,38938,35051,38121,33972,28949,38679,41367,40466,37783,30361,24427,23924,19994,40701,36141,42708,36714,40898,25273,20763,29475,39803,36129,39939,41282,35135,18144,34445,37581,46388,33515,39107,43802,36333,35415,40506,30128,30790,35940,42577,40259,34907,36357,35375,29898,
296,41555,37976,35517,42049,28521,1207,1163,35285,42085,32926,39922,35293,28778,32444,14768,27027,31334,33940,29618,38374,33935,36629,32326,26548,38032,40873,39423,37461,25007,19688,18658,15975,39357,35216,41700,35408,38859,19837,16259,29207,38779,35797,39122,40356,31797,14442,33446,36860,44161,32813,38812,42463,35073,34000,37353,29681,30310,34857,40974,38947,33678,35352,33246,29606,
297,40728,36705,34954,41093,24295,1115,1060,34838,42046,32196,39280,34968,23118,29908,11619,23814,27685,32880,29195,37526,32913,33854,29815,23193,36671,40010,38787,36467,20158,15881,14974,12812,38440,34532,40767,34961,35223,15745,13270,28787,38470,34773,38378,39527,27537,12450,32517,36230,41576,32193,38142,41884,33838,31693,32917,29320,29790,32764,40681,38422,30656,34236,31187,29347,
298,39701,35310,34190,39376,18828,1078,991,34334,40675,31548,37797,34162,18000,26097,9916,18736,21514,31822,27688,36422,30655,29371,24978,18415,35984,39185,37959,35877,16031,12940,12716,10777,36854,33712,40540,33871,29644,13317,11527,28178,36960,34221,36894,39445,22251,11437,29876,35992,35921,31087,36802,40584,31324,27607,26725,28922,28371,29134,39231,37397,25464,31723,27065,28503,
299,39215,33393,33366,36652,15363,1003,927,33654,39732,30504,37058,32744,15457,21463,8973,14659,16878,31430,25327,35298,26556,24227,20424,14967,34481,38607,37271,34983,14107,11721,11871,9736,35007,32728,39803,33165,24101,12228,10664,27874,35898,33509,36579,37890,17790,11150,26827,35025,30557,29387,36615,39185,27847,23083,21374,28078,26446,24589,37981,36932,21084,28509,22375,27771,
