165,7434,7926,6881,9038,47127,1404,2293,94521,10091,5664,7716,6917,43053,42545,10260,23267,6360,7607,7058,7489,41027,33369,48326,28821,8815,9942,9710,8981,37666,20712,27952,22882,7094,7028,8433,6845,43494,17689,12342,56885,8571,7803,8491,9294,35059,32999,36869,72335,8984,5879,8016,7651,40045,30084,18567,71404,4918,6291,6504,7810,42138,30615,49578,50526,
166,8210,8656,7619,10463,72385,2401,3674,87763,16208,6360,8898,7623,73216,72791,22820,46852,9194,8655,7362,9432,57494,57696,65094,47811,9806,13424,9711,11352,62408,41247,49093,41486,8201,7832,9438,7904,68747,37876,27166,60142,9239,8441,9660,9482,58252,55310,59231,76158,9963,6608,9344,8763,63372,52648,38952,72659,5710,7138,7845,8947,64382,52726,69900,59030,
167,9022,9491,8735,13892,100203,4033,6703,84249,30911,7071,12411,8435,110126,105230,43379,76436,9354,8726,7745,9508,66347,74446,73952,58990,9895,25402,10957,20185,78594,60287,65430,56708,9011,9875,12435,8225,82261,59284,46999,63427,9968,11922,9968,10918,74148,69612,71895,79149,11588,7266,14366,9610,86788,72951,66190,72567,6353,8217,8434,11677,81786,70289,82217,62303,
168,11666,12437,13253,27024,104761,7493,13139,89406,53608,8299,23827,10943,120057,105977,71865,94933,10364,10001,11248,10336,71468,84535,79618,65781,12373,48136,17856,40088,86718,71814,73319,64321,10859,18387,22919,10304,88253,71595,62131,67005,14888,23734,12820,18192,81053,75566,77444,86584,17081,8760,29136,11558,93919,91489,94771,79670,6995,10088,9576,22604,88467,81722,86196,64822,
169,21476,22812,26430,50537,99333,15133,23913,117381,69782,12778,43803,20245,110947,97144,84873,86673,14739,17274,21706,15907,76785,90076,86249,70444,22796,77312,34894,63000,91661,76318,78055,68636,17234,35404,42533,17816,95129,77779,69248,76297,28459,43432,23228,35817,87025,81088,82527,111886,33712,14284,50348,17445,91368,93254,117033,120586,10590,16888,13060,42763,90037,84593,92118,70051,
170,45238,48596,51879,78613,120720,27440,39187,276827,80318,29121,66169,42994,120746,109471,77513,87772,34020,38588,46295,36043,89562,100703,107303,81568,50572,112252,64191,96250,108742,82854,87877,78430,38529,59271,68293,38010,109615,85713,75491,137600,55465,70895,48434,64352,96238,98765,93279,249572,65865,32273,71436,39497,100773,95930,115924,305368,24510,38396,28483,64948,106196,90884,119989,91594,
171,67789,74407,72107,90896,238563,42566,72972,711899,87164,48819,77947,62744,204183,187070,81581,113085,63697,70043,77115,63998,144785,144953,205749,129801,89754,109055,96635,102825,191357,112980,137169,125197,62897,76595,88326,60552,173079,104230,87839,341982,82709,91208,76095,94091,143348,188449,140295,583301,89144,53654,78570,64518,158286,134278,124181,682436,43431,60051,52196,74180,186166,123816,239289,184792,
172,84542,91691,80695,97993,565933,80912,155441,1397104,94914,66372,84922,76554,501813,482710,123515,233403,106757,101565,89609,103367,323369,306886,471044,294975,115983,99659,109103,95018,443609,237762,309280,289808,84964,81172,94190,88163,400586,195562,145710,639028,101340,91060,107739,109320,316146,457124,316045,970341,99801,69683,83590,87106,359782,284580,182751,1145620,58669,72907,74345,79530,422920,247625,531788,414401,
173,88424,94622,84901,106050,1284383,195089,309920,1726439,109486,72348,91033,81747,1326204,1305002,334080,706354,109740,95719,81775,107946,703531,711365,971520,650678,106988,107334,101262,100779,943493,587121,719927,667014,92642,85270,94750,90317,874718,515280,386575,860415,98574,90354,108049,102677,738567,940636,754192,1158756,108230,74686,90214,93255,875064,686610,431290,1370942,65304,79521,83005,86938,917300,603302,1020209,785042,
174,94799,104604,96409,144195,1866300,380804,571084,1472357,194161,79139,109173,90127,2115987,1967380,1083421,1645222,101688,90603,85785,98784,1128385,1231278,1256864,1023942,104336,173684,106136,159171,1351923,1093114,1190418,1101863,99847,106458,110561,90135,1269089,1043889,873590,959211,105420,114751,104386,108686,1243569,1229705,1240246,1190159,128488,81791,114866,100951,1645137,1411100,1100762,1246290,71776,89887,91151,102758,1491885,1281456,1392054,1111051,
175,115148,154311,146456,324391,53972539,48116082,40511099,68676944,479273,95844,201123,121702,63754357,65543208,96301960,58081785,120654,107416,130837,111573,52001686,54065515,64668180,71656038,146570,450713,160304,397830,53027092,43311941,49393482,56144414,129996,220302,197120,115360,78433889,74404550,82979959,87976964,169243,252192,139320,172626,56132861,78777357,98580707,90184611,214661,100771,225039,118145,49891053,45993540,51666789,60888187,80164,119448,101166,171867,54613837,52129672,62737215,65352727,
176,298406,498528,482065,964253,214592587,173755619,160864961,234543602,1031258,256146,634138,377424,215582803,228270258,236183745,214809820,311709,273574,445067,258073,191314397,197829289,222458283,258506299,485225,1308533,509216,1136375,196048862,184272735,180584608,297598075,402705,724142,622697,334641,220008953,213457444,251237180,243494661,549335,782054,415287,550315,201066577,240134277,269156230,262032186,674353,257274,665486,261539,201876129,177026077,184547521,227838183,137342,326845,168434,518106,205380425,192477684,230093016,222874699,
177,667062,1058880,996934,1570738,292108932,243037358,248751747,297014135,1414122,585802,1116737,816491,275057239,285892516,241524118,253082626,866836,749613,1046568,655658,203587494,220736453,225425321,280569600,1163877,1843596,1092710,1662116,210187495,177065213,179914914,191339405,868137,1272118,1133759,720071,165417338,165418798,170308494,166678269,1083308,1345367,891947,1125948,200678000,176654920,194924687,214143997,1291090,616507,1114449,616815,287706177,246585110,249825812,298540019,345615,732775,410204,946941,270404234,252453845,246041555,241059584,
178,3025818,3451428,3288075,3876220,339414742,291323391,318103780,344850918,4789760,3221995,3295488,3285871,335584075,341556171,282114220,272141996,3994567,4880267,4004847,3296492,198748033,209453553,212309754,263672077,4130085,4048500,3519254,4061373,215327974,188579953,175563811,187438637,4275180,4153548,3730092,3119445,158274760,158102914,161955172,163555279,3595928,3737372,3364125,3860933,187317813,164786641,181835044,201157006,5413206,3601861,3470787,2757002,336642839,283667051,279980250,326552532,4063197,4427828,2836669,4645048,293518588,271951442,265763811,382770129,
179,159770838,152157802,149282070,156035842,379083874,324151229,363795194,382472052,237019881,182330759,146124739,168931272,384678166,397767667,336523397,337659978,214941876,277539165,205869897,159152621,205979866,222329626,208106938,295064843,194089788,182937260,144249391,175895295,221568905,207734489,180854776,197131603,225648745,194915947,173940348,154484651,192979821,156578444,159678224,161731049,158936870,160690588,151510591,185293822,200417240,162209895,166900396,183254356,310654575,208121639,184421977,133434994,363830344,315009288,293580967,336369599,271707066,275477499,223208786,342848126,306648056,273169483,267411151,396823610,
180,176293060,179296899,177654140,178587305,405582919,339776415,388052937,435091359,227774032,195347986,165387691,181614620,452608449,458552970,404739062,380921420,254297218,257808251,224717315,205580782,219176805,251380269,210280555,287377089,204522931,206612119,171097224,209120818,214099492,193080716,183181567,115899565,223107811,213632396,214620926,179881639,160205788,157743906,161376950,165614158,181607835,192248698,190995704,214771214,199997890,162440348,172507509,176267311,244336810,199229878,191375469,160071640,380453069,329891451,305694571,355591015,244779374,253410075,218871899,251270004,320044275,291251848,268323394,283779431,
181,187683164,185530680,178142869,183320218,420998179,338182114,388738373,470979580,210923544,181468863,173931124,176009858,515292158,531734793,515245046,424761389,265463841,259951731,236784976,174361497,199278726,199035452,220399075,276974565,229629059,240772141,206358503,226837178,197273541,189554096,182437712,188941913,233427612,226350983,282119792,227670517,162032551,159941063,163835124,172076356,237185090,238603915,244271242,248880119,181106369,163902115,167112572,171318636,188932032,177988423,178825897,157211107,377815774,350582418,320935901,366022766,180709460,189528712,179307853,179065549,318519012,294028425,266512815,292829827,
182,185198948,190972155,173836657,165811970,416737951,343040163,393992249,508589939,211404182,200960334,171433067,172657172,580272627,602529484,627428232,546307746,279573438,289320671,266950731,211812082,180286969,184684730,207267979,258158654,268652332,291778488,258046231,271349911,183759551,174630383,168800777,181111217,262387885,253260012,334993423,281755252,157777975,156521355,156605506,163556691,274034473,273622498,291832085,280014336,168681432,159138189,160004453,162683007,170049083,167891767,169502128,179251536,360420368,363927895,325833148,379106046,170349440,164939126,170275067,159400413,316165536,283097324,241947453,241425997,
183,184458908,195179275,172120528,175337566,407319369,337683094,390420459,500039318,212634705,198322339,180110939,172812873,588486786,614231803,654366298,590646860,299089318,310769368,298234000,255791577,168858329,169354286,190948042,236539895,313723807,344815307,293977907,307811695,161746744,160894263,158237142,168613263,275048829,261087271,373466343,301966773,153253898,153794847,154698510,156385761,295201844,290228361,320608231,302141157,155686530,156871183,155349610,157780347,164283307,163252961,166382424,198061051,330639257,365078972,324925904,333399892,168711370,162198842,165658695,165274525,304899403,294650087,218960417,209618429,
184,223829467,203545968,169819454,181275335,393351837,334457878,393580548,486064131,209324515,215838145,181605065,171023964,556625883,590533167,631970275,587501661,332509258,352701747,343698137,286739208,160329206,161507693,188309176,223309676,358881939,375145666,317224433,337476028,156400006,156321509,154963035,164642485,300106041,265184938,387137407,317967078,153425271,152799470,153514335,155141613,313697513,297641137,358601272,321334134,154368132,158406784,153703789,156967015,160931634,159732713,162279185,200434679,317537322,347925812,326091274,316273540,160478148,169948251,161549073,161340489,292561201,278185486,213014440,200336705,
185,194254690,209298019,167593803,128288123,387368101,343824178,428909340,489359821,202932025,232227847,182064453,166633679,549067981,576774297,618954317,579255984,362224533,390079182,385681692,315869666,158370162,162538781,182243058,211147961,394390887,407483253,331048985,347903358,155104067,155366901,153730364,163188563,315257635,248173544,370819566,327852063,152818575,152456786,154351988,154390922,320191084,311547871,369952757,333489305,153869367,161798750,153446127,157163862,158967809,159282710,160401250,195403297,311928000,320634114,316100291,310010147,159445762,158548526,159144237,112411069,280498741,266995402,207295693,198204961,
186,190231198,210310255,169297196,156185570,530320179,379066243,461362509,497234741,202568448,177347153,151813637,164181411,545991296,577597536,613321637,599066825,400884337,421161989,427491447,348055517,157239406,160916931,174153279,205587708,432732022,418853553,337112685,346232670,154533202,155177779,152486951,162537204,301827558,254861384,391533398,325553938,152776184,152117320,152434868,152975880,322619343,319668138,369037370,332839172,153491452,167138349,152758547,156449280,157832627,161307888,160350311,183416716,314157873,327681251,284904160,296785389,160289400,154731017,158313628,158942008,267742667,252582034,205497591,200890576,
187,193725800,211690890,177066266,179928868,465819107,428768028,468259085,489524639,204679885,184177554,173849982,169951723,541020425,567887598,588350506,594747579,360771948,438920765,456019977,376870099,155112271,159654599,171392468,206436365,457585358,421873446,340898982,345633750,153542467,154047145,152298819,162153429,285950922,259433319,394460366,338531384,151693944,151461201,151495136,151925763,307547089,323303080,365646011,347733043,152745352,168285278,152326344,154733669,158011080,159235411,169727207,183659389,328039918,331133604,319956525,320795546,154477449,157296315,157559375,156925231,258473363,245717993,205792443,203732659,
188,192120197,210680196,176916681,172747710,434091597,407443999,411336321,426204930,205332935,180563558,185040347,170021699,467926241,479868020,494068065,508789065,441491458,455873673,472771443,409877740,135767094,138854600,149476851,179540618,476021639,430426978,347626026,350772474,135628892,135718142,134416231,143713455,297455906,255931134,395321839,317882964,133806084,133383660,133689464,133799491,325215888,325698880,360329648,351818668,134909763,146212619,134416623,135888083,156920950,159089088,160700571,181940174,309483490,298544876,284370817,291546938,157129137,156462718,157115756,156889869,224910491,212052721,180090861,186524704,
189,187310317,197728059,176975307,173326828,171712285,158726224,155907770,158495445,198978653,189664056,206443502,166681072,171100490,173207929,178769221,186818815,437911402,467331395,484847632,432234252,51542728,52087544,56444136,67471001,484631660,450074693,357608785,361328265,51740794,51466126,51177420,53818680,285053963,252794789,350720419,332697633,50940447,50861347,50849745,50778268,326233497,325732287,356331077,353924229,51501442,54490655,51179597,51554652,156538435,158906340,160108482,182324927,125038960,117467155,110876786,111710627,155687087,154198058,156747815,155848550,84083553,77769236,66819662,66111223,
190,172099515,197893649,163714212,155525266,14536363,14532225,14748733,12985249,182225190,180406452,168882757,154666366,13730289,13693746,13986773,14793248,443432451,431996568,449064109,414082953,4903035,5038482,5313146,5944018,449951764,419266668,347408601,344333189,5035726,4858038,4894688,4967318,258316222,228802915,307558521,289175058,5011309,4907022,4803201,4685626,300890832,298944663,324050517,328605015,4985454,5104473,4947603,4932488,144289704,145936167,146958120,170063457,11253694,10521700,10045371,9720207,142637557,142148320,145506720,143536982,7547803,7063060,6029987,5846205,
191,102296927,118952471,97381794,96349099,1572772,3050357,2827118,1486631,110476422,101524436,83989113,92769895,1662074,1541575,1375729,1549165,227620507,260181934,267156306,249324544,1211716,1334358,1323174,1174063,266897018,256669416,214529462,211561980,1325166,1166797,1223894,1134999,152865763,142915424,207743205,169501325,1358664,1257791,1150523,1029074,182819849,180400593,227201709,198138267,1294542,1216747,1273630,1243375,86684748,87086301,88323789,102244873,1501163,1444085,1639065,1328031,85996945,85875115,86056200,86137929,1364613,1365889,1282857,1164023,
192,4553919,5156607,4405518,4448283,1122973,1858066,1067280,1097603,4658166,3551405,4289269,4165734,1247062,1127988,943772,1089884,9503707,10032315,9898015,9621086,1077904,1200615,1180639,1008029,10011991,10193320,7770628,8544192,1190801,1033624,1090960,997987,6182696,6001129,8104372,6971170,1227953,1126811,1019029,899909,7573418,7392904,7869112,7199460,1163638,1078686,1142468,1116199,4265470,3941437,4058145,4673735,1141275,1090929,1334337,1002750,3961884,3918686,4090345,3993580,1126868,1157675,1114343,993893,
193,1365774,1406955,1308397,1381607,1119729,1044913,449438,1092717,1398380,1228708,1341737,1237167,1244088,1124564,942316,1086981,1652341,1544004,1472876,1621932,1076498,1200379,1180764,1002987,1615146,1669725,1589217,1560987,1188560,1030224,1090534,996562,1470695,1346951,1557169,1396545,1224774,1123963,1016894,897941,1516722,1468940,1527486,1061985,1161049,1073192,1141031,1112427,1534378,1195963,1276754,1402183,1139163,1090527,1335441,1000870,1220725,1259319,1348557,1249399,1125994,1158601,1113253,993978,
194,1175215,1183494,1120950,1206539,1116812,431882,222887,1091728,1208794,1045960,1167973,1058879,1242145,1121575,939258,1085007,1144138,1023865,965651,1132040,1073743,1198145,1178644,1003170,1116073,1168114,1136295,1112116,1185455,1028609,1088400,994138,1198338,1069355,1159952,1053142,1222005,1119655,1014124,899009,1134790,1099624,1129485,1171337,1157364,1072652,1138788,1112768,1361268,1030357,1109943,1210271,1134706,1088980,1333671,1000309,1055105,1093491,1180426,1083634,1122269,1157783,1108774,992666,
195,1171640,1183138,1119889,1204294,1114505,231369,186181,1091443,1208982,1046931,1164933,1059697,1237287,1117823,936176,1082038,1143602,1024464,964179,1133421,1071879,1195229,1178359,1000315,1115519,1167425,1134608,1111571,1181989,1024995,1085473,992080,1196284,1063980,1160156,1051527,1203156,1115857,1008936,897449,1129734,1099523,1128940,1169126,1156892,1070248,1134929,1109591,1357066,1028384,1107813,1209646,1133499,1088064,1331733,1001223,1055708,1091654,1183011,1082922,1121396,1155224,1107306,992091,
196,1170279,1179186,1118819,1204712,1113180,190141,180220,1088479,1206366,1042025,1163608,1054877,1234414,1115588,935493,1076995,1141876,1023031,962376,1131421,1067675,1193267,1175310,999362,1109956,1166269,1132075,1109760,1179604,1023473,1083330,989038,1196371,1066470,1156835,1052217,1194184,1115717,1007443,892987,1131569,1096989,1128135,1168911,1151886,1066006,1132168,1106678,1359033,1027047,1106456,1207395,1130893,1083740,1328186,998635,1051511,1088821,1179706,1083774,1120664,1151624,1103431,992137,
197,1169924,1178151,1112865,1201638,1108565,179616,175533,1088244,1205398,1041830,1159985,1054446,1231118,1114846,934556,1077518,1138169,1022843,962937,1127467,1067425,1188452,1168660,996166,1111472,1162920,1130857,1107499,1175925,1020600,1077268,984595,1194304,1065696,1153927,1049106,1193060,1113855,1005124,894878,1129636,1095172,1125406,1168201,1150378,1063195,1128194,1103706,1349973,1022773,1104665,1206175,1127337,1080069,1323314,995898,1049653,1083086,1177908,1080832,1115407,1148532,1100831,989089,
198,1167674,1176373,1111220,1195975,1105816,175269,171735,1084902,1202231,1038474,1157760,1052265,1229968,1111501,931480,1072443,1134185,1019811,957763,1122910,1062189,1186502,1164839,990897,1107498,1159150,1127780,1104473,1173349,1017959,1075764,982594,1189405,1060954,1153449,1047499,1187789,1109550,1000902,892746,1126074,1093637,1121877,1165696,1143784,1060971,1123711,1102785,1338973,1018666,1101963,1200501,1123036,1079599,1316907,996744,1047008,1079825,1172572,1077372,1112711,1144866,1099431,990168,
199,1162948,1170509,1106909,1192854,1102713,171514,167583,1084601,1199682,1035868,1155186,1051322,1223097,1107777,927437,1072091,1130547,1015266,955784,1120392,1059613,1180489,1161333,989373,1104856,1154582,1125606,1100068,1166491,1012745,1072444,977561,1187891,1057695,1148153,1043757,1180338,1105916,998455,889235,1121785,1089430,1120363,1163572,1141881,1053459,1123784,1101025,1337229,1017966,1097648,1200103,1121645,1073190,1312168,991858,1042786,1079035,1170488,1074378,1111118,1140847,1095150,985412,
200,1161757,1168512,1103899,1186077,1093159,167379,162866,1081909,1196224,1030932,1151709,1047314,1214638,1100566,921355,1065909,1127970,1014452,952673,1122070,1056442,1174690,1155262,983407,1099598,1153673,1118282,1098209,1154997,1005097,1059629,958894,1183826,1055532,1148680,1040872,1176030,1095496,988628,887996,1120228,1089105,1119930,1158107,1134810,1020470,1116303,1096891,1331199,1014683,1093671,1193181,1116365,1070616,1310821,989955,1039207,1072546,1167073,1069668,1105990,1135493,1088068,983679,
201,1159248,1165968,1100401,1184012,1060197,162059,156376,1076443,1194547,1029606,1148169,1044258,1172623,1088417,896215,1048178,1126265,1011286,952717,1116969,1048494,1165598,1137769,960075,1098885,1152751,1114294,1094414,1094974,969771,1014835,884906,1179381,1050804,1144569,1038046,1158894,1054002,962075,886530,1115155,1082538,1115680,1155994,1118068,913679,1110386,1096637,1327466,1009200,1088763,1189727,1109350,1061119,1299822,988105,1034467,1073765,1162796,1065926,1090313,1128963,1075610,984565,
202,1152262,1161095,1095457,1179130,925685,155890,146383,1074620,1188437,1027362,1145088,1040474,997044,1011022,790665,976533,1120863,1007664,947541,1112231,1026712,1121898,1053404,862783,1093505,1147622,1110769,1091293,890014,840247,843142,681416,1176044,1049227,1140913,1037129,1079274,894193,837265,885117,1112320,1080424,1108690,1151867,1025537,641295,1081774,1094311,1326624,1009207,1088021,1185879,1063985,1009295,1265046,979835,1032176,1068484,1158875,1063257,1018515,1097161,1007594,979449,
203,1149871,1157114,1094669,1174847,654940,143792,123883,1059832,1184817,1022568,1141123,1038393,661676,799002,559488,762988,1115497,1004300,944172,1108455,935971,972512,836704,647719,1089538,1142736,1107407,1087739,563064,581532,551812,402103,1174378,1045238,1137032,1032495,856795,594457,584216,879606,1108205,1076365,1105889,1150394,796431,334755,981969,1085415,1316147,1004834,1085017,1183454,925501,851269,1131327,934187,1028594,1065510,1157613,1061630,826718,991014,824090,973983,
204,1144682,1150033,1087443,1162385,369875,122520,90558,1011239,1178448,1018604,1134284,1033720,344105,500961,308157,468419,1104110,1000966,936407,1104985,744850,718386,542800,387279,1082662,1138070,1104596,1080929,289747,322660,290929,197146,1167059,1038749,1130633,1027085,541187,311386,321259,861541,1101696,1070246,1102859,1141942,498125,156388,766701,1061305,1291701,999516,1080386,1179136,677222,592951,868249,815074,1025923,1048763,1154575,1056081,548867,770759,557224,956029,
205,1140248,1138571,1077605,1119954,160501,87044,51262,847536,1174807,1012490,1128832,1025635,145616,221054,125869,198912,1055403,997185,913642,1101710,444305,385204,253395,170395,1062750,1132928,1100822,1066840,128831,140145,124460,90046,1153730,1015402,1126781,1021266,242364,131793,134670,781642,1092945,1051719,1098526,1137820,224999,82932,434068,958791,1217458,984669,1072724,1173133,358103,296247,487671,564116,1017586,1009973,1149693,1049621,264438,446734,261377,875825,
206,1133557,1073734,1019246,943863,87173,48080,24983,535839,1158841,988868,1117488,986888,88566,96701,65260,86265,851606,979512,802208,1081460,189144,160447,110306,80708,951330,1092676,1091895,987778,83255,77076,74745,62986,1104502,907374,1112133,1002086,109696,78371,73178,565045,1034924,943493,1067171,1106457,102426,69425,176397,698710,945947,910644,1050721,1141357,145456,122811,203324,275640,983552,843141,1130494,1018714,115516,189357,119611,660422,
207,1114678,893206,859735,649154,75045,26616,17430,264769,1099286,905608,1068622,871052,81821,73908,57382,67267,542433,913194,580880,1016130,93457,92926,78074,64383,710776,967743,1049211,792647,77478,66839,67863,59785,962586,687450,1061013,934637,85288,71350,64887,308333,875362,722674,963544,1001366,78600,67509,90612,393934,583559,732694,980207,1047832,84779,79283,109485,123728,875832,574075,1083346,924136,79792,96269,82118,387698,
208,1009344,516928,507175,287461,73069,17632,15952,110302,869422,645035,871409,571177,79982,71247,55743,64939,213205,675174,268201,770173,68696,79472,72450,61727,336912,633529,861744,428431,76615,65531,66331,58334,617660,342114,855095,694268,81536,69608,63068,121002,530696,365162,661951,690702,74304,66666,71997,159828,232630,397098,728277,752643,72306,70917,88869,70200,580200,246975,886507,644850,73662,73250,74280,158514,
209,774453,242825,239152,134448,72456,15773,15225,75768,549075,357881,576684,293556,79772,70076,54960,64162,101807,379852,117382,454169,65553,77223,71146,61342,145649,322823,561890,194428,75191,64485,66328,58082,317187,153340,552756,403414,80696,69525,62814,69934,259759,163335,353605,370604,74028,65937,70012,89920,118308,179619,421366,419859,70037,69824,86085,62064,289758,113623,573754,350035,71795,70651,73071,81834,
210,393555,103926,98896,86732,71448,15357,14888,68799,222994,135688,248121,116596,78810,69591,54371,63049,74581,140246,65538,174832,64879,76011,70842,60561,79310,125059,234773,88664,75071,63944,64690,57356,127182,78339,231334,156393,79751,68695,62351,59857,108118,79916,136918,141750,73537,65346,69152,73460,90975,82451,164553,162509,69809,69181,85418,60131,106292,75002,238863,134772,71922,70044,72681,61918,
211,177532,80048,73447,81563,70369,14955,14525,68126,111157,77653,119160,77665,78240,68896,53827,62532,72646,78815,59704,91785,63954,75672,69829,59536,72099,82773,110714,72864,74644,63250,64709,56836,85920,67967,112094,84455,78665,68125,61772,56812,79566,68489,85179,84840,72892,64643,68566,69965,87514,66672,90329,96530,69093,69046,85012,59907,68739,71750,114486,82734,70816,69120,72084,58681,
212,90840,76708,68743,79653,70253,14353,13899,67613,81091,64604,78648,70414,77544,68459,53969,62552,71710,65985,58591,73321,63037,75198,69192,59283,70232,74538,76340,69869,73979,62912,64096,56496,78798,66135,77836,68327,78727,67531,61203,57084,73734,66404,74902,74310,72029,64489,67783,69677,86731,64662,73051,83033,68676,68779,83983,58894,62591,69852,81205,72281,70736,68843,71448,57716,
213,76559,75095,68222,79229,69272,13922,13373,67247,76944,63458,73264,69329,76618,67536,53384,61931,70881,64526,58235,71639,62617,74185,68737,59234,70343,73891,73275,69500,72735,62277,63450,56191,77044,64805,73699,66349,77713,66900,60487,56656,72908,66090,73759,73103,71730,63660,66776,68979,85908,63860,70643,81062,67718,67664,83427,58022,61484,69572,77150,70970,69722,67994,70766,56591,
214,74069,74808,67728,78529,69405,13096,12351,66713,75888,63225,72041,68189,75718,66868,52908,61492,70526,64225,57805,71198,62132,74121,67868,57895,69061,73130,72048,68721,71844,61982,62850,55254,76538,64411,73043,65825,78129,66361,59640,55734,72003,65293,72812,72236,70558,62979,66963,68311,85093,63160,69724,80609,67582,67218,82767,58072,60801,68521,76260,70508,69508,67548,70435,56211,
215,73171,73959,66616,77537,68601,12078,10866,66002,74673,62590,71675,67712,74971,65789,52402,60713,69349,63538,56917,69943,61797,73188,67242,57913,68698,72013,71097,67884,72100,61480,62371,54728,76025,63901,71471,65648,76661,65688,59458,55796,71093,64696,72075,71666,70275,62404,66123,67674,84613,62329,68658,79501,66815,66368,81708,57914,60255,68395,75403,69903,68928,66781,69611,56231,
216,72205,73589,66389,76577,68246,10572,8427,65134,74215,62492,70199,66919,75097,65446,51816,60011,68700,62911,56909,69099,61010,72499,66555,56648,68329,71797,70977,67686,70869,60414,61662,54338,75087,62977,71465,64372,76606,65251,58893,55528,71019,64191,71455,70474,69271,61904,65428,67131,83720,61446,68862,79239,66635,65594,80737,57458,59689,67464,75087,69691,68162,66713,68702,55978,
217,72290,72824,65929,76225,67286,8123,5585,64847,73675,61616,69618,66623,74002,64997,51151,59149,68537,62294,56152,69172,60637,71904,65735,56825,67977,71314,70147,67337,70058,60072,61139,53270,74813,62809,70722,64053,75582,63967,58208,55419,69719,63932,71008,70809,68578,60743,64679,66892,82818,61464,67983,78401,65707,65510,79909,57020,59128,66953,74060,68785,67098,65649,67938,55267,
218,70721,72181,65445,75116,66369,5207,3063,64756,72231,60668,69028,65867,72631,64400,50113,58613,67731,61986,55697,67968,59452,71380,65301,56258,66339,69850,69766,66621,69081,59421,60242,52734,74225,62436,70215,63373,73462,63347,57311,54620,69311,62990,70372,69597,67921,60134,64007,66250,82098,60782,67460,77973,64451,65047,78968,56541,58047,66438,72870,68458,66410,64817,67170,54648,
219,70416,71309,64531,74867,65587,3234,1980,64058,72180,59858,68690,65324,71656,63717,49610,57937,66795,61077,54975,67659,59634,70057,64200,55741,65856,69914,69020,65654,68894,58347,59208,52221,73180,62163,69685,63082,72346,62395,56547,53945,69142,62477,69894,69149,66982,59081,63151,65522,81257,60432,67224,77174,64089,63747,78063,56075,57877,65385,72766,67428,66166,64282,67102,54631,
220,69730,70334,63965,74079,64769,2280,1737,63872,71480,59644,67933,65181,71244,62845,49460,57670,66586,60920,54569,66835,58983,69643,63909,54546,65541,69122,67566,65106,67078,57360,58678,51517,72440,60967,68732,62582,71498,62088,56172,53709,67956,61802,69257,68356,66510,58171,62732,65028,80185,59387,66269,76164,63518,62980,77720,55570,57382,64531,71572,66480,65017,63640,66020,54553,
221,69228,69821,62955,73255,63823,1772,1604,62878,70839,58864,67109,64077,69577,61665,48695,56482,65685,60575,53909,66499,57869,68184,62413,54228,64771,68605,66970,64238,65820,56198,57723,50756,71637,60268,68978,61955,70578,60122,55016,53269,67006,61458,68058,67348,65443,56957,61911,65351,79874,59168,65372,75443,62352,62686,76521,54836,57115,63949,71651,65626,63773,63194,65019,53721,
222,68597,68979,62923,72362,62702,1558,1505,62087,70094,58037,66343,63155,68198,60814,47719,55552,64993,59705,53489,65384,57123,67299,61126,52776,64193,67532,66815,63996,65535,56025,56736,49403,71182,59453,67379,61159,68612,59642,54206,52878,66835,60150,67977,67279,64148,56046,61173,64143,78833,58090,64868,74684,61643,61600,75450,54547,56075,63151,70459,65308,63437,61674,64474,53338,
223,68458,67923,62188,72251,61632,1557,1509,61906,69427,57660,65922,63111,67121,60050,46194,54381,63818,58820,52923,65196,55931,66181,60310,51911,63324,66983,66141,62598,63264,54176,54692,47662,70320,58843,66249,59914,67320,57798,52677,52223,65989,60300,67121,66050,62971,53413,59516,63047,77617,58019,64715,73903,60560,60623,73687,54397,55122,62709,69817,65497,62109,60848,63225,52954,
224,66948,66977,60533,69863,58797,1500,1442,60501,68815,56595,64516,61781,63148,57965,41823,52123,62569,57700,51746,64187,54457,63726,58654,49568,61785,66174,65231,61409,57722,50451,49514,40584,68902,57725,65384,59305,64836,52354,47901,51090,64564,58699,66029,65122,60156,43737,58042,62247,75534,56610,63664,72236,59148,58078,72102,53279,54301,61316,69161,63426,60057,58990,61612,51342,
225,66457,66414,59784,68665,53589,1380,1310,59843,67569,55842,63834,60836,55557,55243,34895,48043,61102,57091,50694,63400,53136,61887,54591,45042,60977,65175,64553,60711,48861,43259,39938,30558,68139,57245,64698,58908,61576,42582,40752,50878,63460,58059,64394,63566,56099,31272,56574,61683,73563,55963,61821,71706,57077,56338,68745,52003,53166,60607,68532,62455,57237,56993,59012,51224,
226,65151,65059,58333,67516,42174,1274,1171,58842,66546,54421,62970,60278,39731,48256,22503,38366,59687,56367,49379,62233,49867,56886,46388,34836,60183,64223,63509,60000,32301,30310,25690,18022,66558,56304,63770,58247,52126,26557,27245,50007,62564,56578,63672,62944,45715,16873,53572,60678,71621,54542,60975,69648,52081,50471,61637,51009,52692,58700,67030,61794,50092,53146,53139,50027,
227,64306,64025,57022,65585,27532,1111,969,58002,65362,53903,62750,58675,22955,36119,12082,24570,57389,55776,48107,60214,44052,47377,33329,22134,58825,63420,62653,58640,18024,17804,13928,9715,64955,54587,62669,56687,37197,14014,15089,48700,61597,55655,63036,62023,31129,9378,46422,60024,68879,53254,60422,69068,43201,39304,49171,50157,51433,56610,65946,61012,38695,45305,42416,49502,
228,63403,62059,56423,62729,16033,924,715,57202,64440,52470,60828,57191,12753,23083,6850,13608,49382,54259,45183,59465,34978,34196,20262,12793,55613,61862,61468,57409,10590,10210,8273,6338,63370,52307,61871,55709,22527,8431,8670,48763,59460,54368,61467,60499,18340,6676,36194,58359,60040,50887,59285,67598,31259,25844,33376,47891,49985,51986,64725,59951,25476,33370,29497,48646,
229,62315,59217,52656,55896,9157,743,526,55095,63409,50923,59901,55354,8292,12050,5042,7316,37047,52162,39112,58304,21309,19610,10969,7251,49700,60434,60590,54401,7546,6705,6224,5186,60394,48190,60681,54255,11960,6556,6160,47599,56783,50692,59539,59321,10076,5964,22056,57448,45897,46517,58267,65105,18113,14292,18603,43001,46920,42783,62617,58162,14069,19907,16585,47116,
230,60014,50336,45484,41064,6896,516,342,50970,61550,46172,58163,50084,7337,7420,4646,5716,19494,49611,27157,54615,11275,10696,7056,5456,35904,57339,58203,48241,6901,5943,5755,4893,51798,37662,58327,50622,8155,6049,5567,44050,48753,41423,54648,54652,7187,5878,11187,53838,25832,35467,55924,60532,9468,7902,10434,33210,37949,26204,59823,54368,8308,10280,9393,43088,
231,58149,37251,33200,25812,6587,340,208,42563,59344,37122,54870,39391,7396,6327,4584,5441,10517,44148,16194,48188,7291,7560,6188,5338,21648,50311,55022,37158,6718,5711,5699,4851,38981,24934,54533,43748,7613,6077,5533,37572,37191,29172,45672,46832,6760,5680,7356,47916,14144,22771,51600,49916,6782,6715,8231,21246,25919,14706,52503,47269,6963,7082,7159,35808,
232,52076,21647,19116,14384,6523,251,188,29935,54043,24168,48341,24972,7140,6111,4652,5363,7130,32507,8766,35249,6125,7093,6022,5215,11411,37546,47271,23386,6580,5512,5667,4838,23833,13619,45986,31546,7395,5872,5486,26654,23017,16514,31340,33242,6527,5752,6150,35846,9239,12283,41956,33375,6193,6189,7670,11899,13898,8577,39645,34575,6781,6104,6750,24938,
233,41584,11786,10536,9273,6606,188,166,17958,43675,13419,36272,13932,6919,6157,4526,5263,6376,19500,5963,21066,6033,6965,6094,5199,7344,23611,35069,13055,6562,5597,5640,4707,13637,8098,33286,19171,7435,5867,5559,15957,13214,9205,18135,20101,6465,5588,6030,22804,7924,7374,28700,19239,5962,6304,7442,7201,7592,6560,24654,20876,6373,6034,6691,14475,
234,24516,7685,6609,7485,6269,184,170,10004,26445,7131,20394,7912,6782,5869,4475,5129,6366,9492,5163,10530,5780,6729,6045,4903,6333,11688,18993,7593,6487,5585,5300,4555,8224,6032,17547,9620,7083,5868,5332,8593,8040,6487,9311,9953,6400,5619,5927,12639,7899,5749,14468,10174,6058,6010,7524,5465,5487,6422,12087,10360,6499,5791,6602,8032,
235,13412,7104,5976,7332,6387,161,154,7023,14777,5890,11384,6527,6884,5877,4298,5117,6187,6494,5008,7290,5683,6769,5797,4818,6185,7775,10588,6205,6558,5326,5386,4669,7160,5692,10134,6650,7110,5724,5178,5986,6738,5822,7132,7164,6399,5460,5850,8110,7675,5548,8809,8000,5944,5866,7411,5225,5113,6273,8171,7452,6212,5703,6521,5573,
236,7999,6666,5765,7237,6080,172,164,6251,8609,5619,7428,6409,6744,5813,4278,5021,6187,5979,5000,6411,5579,6519,5626,4909,6131,6764,7041,6253,6297,5233,5217,4468,7107,5619,7026,6177,7001,5615,5089,5425,6483,5652,6806,6273,6334,5391,5683,6684,7445,5378,6836,7791,5855,5934,7284,5206,5100,6155,7156,6643,6249,5855,6536,5004,
237,6953,6611,5911,6944,5922,140,131,5915,7220,5444,6521,6186,6693,5800,4233,5000,6019,5841,4986,6289,5506,6673,5601,4975,6043,6644,6653,6112,6171,5237,5156,4466,6906,5490,6481,5807,6767,5500,5163,5160,6381,5595,6668,6391,6257,5431,5535,6430,7376,5375,6320,7511,5785,5893,6952,5090,4978,6108,7079,6467,6251,5767,6411,4753,
238,6395,6604,5605,7014,5961,118,107,5892,6727,5418,6181,6095,6405,5741,4094,4913,6063,5653,4933,6157,5336,6547,5534,4785,5910,6369,6481,5924,6183,5223,5148,4322,6738,5484,6313,5632,6739,5376,5041,5222,6235,5572,6430,6136,6104,5266,5599,6094,7421,5497,6376,7375,5709,5834,7054,5125,4906,5936,6786,6465,6041,5581,6295,4824,
239,6449,6503,5602,6887,5844,129,118,5889,6575,5244,6216,6060,6361,5551,4050,4842,5615,5601,4689,6139,5367,6374,5444,4669,5772,6456,6540,5745,6125,5157,4976,4311,6607,5385,6240,5674,6716,5359,4826,4953,6140,5505,6354,6129,6068,5228,5535,6067,7322,5363,6186,7224,5670,5790,7169,4946,4862,5897,6691,6257,6065,5611,6185,4819,
240,6311,6489,5526,6797,5745,98,81,5858,6698,5263,5971,6009,6244,5483,4002,4781,5778,5638,4593,6073,5138,6064,5385,4544,5805,6304,6342,5705,5933,5052,4968,4223,6541,5317,6294,5643,6692,5253,4825,5047,6134,5465,6359,6087,6052,4980,5400,5957,7111,5221,5997,7179,5527,5530,6840,4902,4763,5818,6624,6297,5884,5568,6139,4681,
241,6159,6426,5389,6724,5497,72,51,5807,6339,5104,5840,5816,6133,5465,4024,4718,5613,5426,4675,5869,5316,5998,5274,4613,5755,6217,6140,5716,5661,4984,4803,4252,6514,5128,6071,5645,6411,4931,4896,5032,6098,5314,6233,6072,5921,4982,5355,5919,6998,5110,5960,7082,5440,5592,6795,4853,4718,5729,6569,6198,5612,5370,5879,4643,
242,6178,6213,5334,6638,5737,56,38,5613,6454,5065,5911,5782,6057,5266,3775,4566,5547,5310,4484,5764,5050,6163,5290,4485,5565,6209,6064,5676,5676,4874,4682,3925,6386,5098,5969,5461,6311,4945,4630,4829,6157,5244,6099,5864,5578,4817,5325,5945,6855,5038,5957,6937,5309,5559,6621,4657,4550,5713,6491,6117,5675,5204,5794,4647,
243,6133,6164,5358,6453,5712,42,26,5669,6423,5094,5787,5719,5859,5287,3808,4458,5523,5359,4394,5830,4980,5901,5113,4420,5459,5919,6099,5492,5375,4723,4656,3831,6194,5096,5987,5297,6316,5020,4592,4812,5936,5185,6142,5886,5612,4724,5158,5824,6920,4898,5795,6786,5181,5418,6545,4760,4588,5660,6376,6008,5677,5087,5877,4461,
244,6016,5952,5090,6409,5397,27,16,5692,6240,4916,5708,5768,5880,5082,3690,4348,5332,5198,4472,5678,4954,5957,4984,4265,5402,6010,5889,5558,5370,4606,4453,3792,6071,5065,5954,5208,6040,4770,4511,4833,5837,5066,6009,5811,5413,4618,5071,5681,6767,4904,5852,6613,5151,5196,6507,4563,4587,5537,6263,5978,5402,5277,5705,4549,
245,5985,5908,5094,6214,5197,24,20,5713,6212,4937,5654,5573,5726,5098,3493,4310,5297,5070,4253,5647,4844,5720,4843,4177,5298,5935,5921,5408,5346,4391,4347,3706,6215,5006,5823,5103,6025,4732,4227,4702,5655,5027,5907,5732,5202,4376,5048,5665,6565,4904,5643,6655,4959,5236,6255,4605,4338,5193,6112,6012,5468,4965,5484,4395,
246,5804,5927,5032,6245,5058,28,26,5489,6152,4670,5521,5509,5502,4899,3448,4153,5060,5119,4267,5539,4724,5565,4723,4141,5173,5721,5747,5342,5155,4367,4181,3413,5991,4842,5697,5129,5688,4479,4033,4748,5555,4919,5835,5504,5122,4008,4904,5476,6325,4625,5455,6594,4909,4935,6051,4466,4275,5187,6012,5710,5302,4886,5596,4186,
247,5676,5875,4852,5876,4940,24,24,5236,6053,4552,5343,5426,5224,4757,3021,3942,5090,4979,4079,5248,4534,5372,4503,3818,5137,5726,5680,5246,4781,3856,3727,3038,5860,4879,5625,5034,5623,3971,3752,4595,5465,4869,5764,5490,4959,3419,4825,5556,6265,4656,5462,6249,4891,4874,5823,4572,4168,5074,5939,5652,5148,4655,5361,4305,
248,5670,5598,4719,5944,4517,13,11,5288,5891,4595,5311,5271,4653,4633,2432,3810,4802,4906,4093,5398,4380,5219,4420,3665,5092,5505,5590,5121,4012,3539,3037,2373,5748,4688,5370,4916,5291,3147,3151,4527,5334,4823,5594,5352,4621,2493,4601,5459,6040,4500,5329,6336,4653,4539,5736,4349,4282,4817,5979,5618,4952,4680,5019,4285,
249,5499,5555,4791,5739,4086,15,11,5182,5829,4425,5310,5152,3774,4407,1701,3140,4690,4854,3919,5088,4342,5187,3880,2881,4817,5447,5468,4925,3062,2680,2071,1469,5613,4377,5473,4997,4810,2152,2313,4523,5240,4583,5468,5237,4146,1481,4400,5358,5804,4407,5237,6142,4360,4464,5387,4235,4059,4765,5877,5526,4458,4658,4937,3979,
250,5352,5464,4540,5637,3044,11,6,5042,5663,4312,5190,5021,2510,3711,864,2289,4178,4728,3613,5041,4027,4355,3034,2192,4737,5382,5348,4885,1956,1758,1157,860,5400,4384,5290,4901,3823,1252,1275,4490,5102,4426,5594,5144,3211,933,4001,5206,5498,4295,5252,6025,4051,3804,4522,4140,3812,4450,5772,5365,3897,4048,4462,4111,
251,5259,5255,4228,5268,1982,8,7,4941,5663,4279,5034,4787,1424,2729,557,1295,3437,4494,3335,4993,3534,3707,2114,1317,4392,5271,5178,4740,1128,1009,699,555,5266,4163,5177,4560,2616,754,855,4296,4910,4301,5365,5087,1994,700,3493,5159,4371,3980,5046,5789,3241,2742,3280,4229,3680,4073,5481,4978,2873,3243,3525,4104,
252,5134,4969,4266,4735,1283,11,7,4904,5532,3996,4929,4669,954,1787,483,820,2219,4434,2808,4760,2483,2642,1352,770,3840,5193,5192,4457,853,703,662,509,4837,3742,5149,4527,1625,656,632,4170,4548,4113,5074,4885,1286,605,2712,5008,3192,3593,4909,5587,2443,1848,2201,4070,3307,2984,5281,4958,1922,2440,2542,3984,
253,4835,4603,3593,3875,786,14,10,4765,5403,3704,4949,4243,841,1149,457,557,1299,4272,2129,4547,1636,1751,856,631,2988,4931,4960,4189,728,601,574,483,4243,3190,4881,4192,1055,608,588,4256,4198,3810,4882,4636,847,633,1929,4895,2030,2789,4832,5204,1633,1189,1386,3904,2714,1952,4933,4890,1268,1522,1512,3893,
254,4789,3379,2751,2625,699,9,5,4662,5031,3020,4602,3520,752,699,463,524,796,3788,1231,4014,918,1018,659,525,1837,4649,4781,3528,675,595,547,492,3427,2206,4613,3820,869,582,577,4058,3268,2758,4116,4129,755,631,1036,4836,1130,1852,4630,4454,907,800,940,3502,1726,1156,4560,4339,838,888,988,3713,
255,4552,2276,1823,1639,708,9,7,4464,5003,2103,4320,2507,763,653,410,502,638,3097,726,3391,705,822,589,500,1017,4099,4458,2610,696,607,524,450,2255,1358,4207,3076,839,641,544,3776,2336,1834,3195,3302,728,538,711,4564,923,1102,4196,3271,730,683,843,2939,1016,771,3561,3812,722,704,758,3440,
256,4229,1516,1324,1267,683,8,6,3723,4788,1452,3969,1822,717,606,402,509,622,2438,635,2653,555,753,575,488,811,3267,4026,1850,647,552,504,424,1569,926,3719,2307,789,586,515,3068,1632,1249,2424,2540,618,562,638,3949,827,804,3622,2379,626,628,731,1724,731,749,2716,2995,735,642,716,2473,
257,3411,964,779,875,655,5,4,2851,4180,938,3192,1121,674,615,451,489,626,1555,553,1601,578,710,606,498,712,2318,3209,1164,665,600,551,461,984,731,2922,1463,802,516,545,2337,1062,811,1407,1626,617,542,627,3165,826,660,2707,1504,603,632,810,1076,522,656,1750,1892,653,578,750,1781,
258,2166,749,647,850,667,1,1,1927,3191,643,2002,750,708,630,409,492,619,851,515,969,567,674,546,509,647,1313,2002,780,644,563,542,444,826,608,1782,867,774,544,527,1418,778,631,887,962,651,484,586,2253,805,580,1659,963,614,579,798,694,505,660,1007,1120,643,627,707,1062,
259,1368,769,579,767,637,2,2,1156,2190,583,1265,694,655,556,411,516,587,647,473,712,536,705,549,474,588,927,1224,716,655,519,502,473,765,563,1058,626,727,551,522,944,689,621,731,738,630,533,554,1388,759,540,973,890,544,608,768,650,485,607,819,796,694,602,737,699,
260,866,661,575,805,631,0,0,825,1290,540,860,714,678,614,417,444,614,602,478,644,563,665,517,449,587,710,824,620,596,540,491,411,720,559,774,592,713,547,475,618,656,601,701,657,593,546,571,1004,784,582,744,817,572,563,693,533,462,659,727,713,625,562,615,551,
261,702,692,551,753,648,2,2,709,945,508,678,653,650,550,421,461,575,639,450,668,538,678,537,426,651,708,713,631,629,519,513,405,733,534,702,638,706,509,517,538,649,622,682,664,612,547,591,773,791,488,721,755,583,599,715,509,478,637,749,672,652,581,654,504,
262,678,703,543,716,617,2,2,629,782,560,632,635,625,576,374,460,533,598,475,649,558,626,508,445,550,690,668,600,583,467,507,383,706,531,648,573,690,504,467,578,637,547,693,624,635,508,501,654,723,561,691,768,576,605,679,488,435,615,680,717,598,501,648,482,
263,669,679,568,732,593,2,0,609,688,514,606,665,658,555,391,454,553,566,494,601,503,628,492,436,570,602,622,609,556,516,425,372,659,541,631,562,683,526,465,556,616,531,661,601,627,482,523,621,728,556,649,732,538,565,702,525,425,586,696,723,601,533,644,448,
264,664,722,545,739,546,2,1,570,747,558,547,564,642,499,319,448,530,573,409,609,480,637,478,378,545,669,649,585,610,456,486,388,634,510,626,549,609,516,471,502,613,536,633,619,532,481,566,659,699,536,645,733,532,522,704,494,449,564,642,686,580,504,650,511,
265,656,657,554,699,558,0,0,631,656,517,610,632,556,547,331,439,547,574,454,606,524,600,507,438,546,640,710,551,576,432,447,339,671,501,646,566,640,485,430,494,605,497,674,565,596,470,514,609,682,489,629,748,557,513,692,496,437,599,640,685,598,516,618,450,
266,595,692,520,655,533,1,1,561,678,509,622,578,573,510,305,443,514,533,423,554,487,605,476,373,554,632,654,587,513,438,462,327,665,489,649,590,631,416,457,510,589,500,641,597,545,454,471,612,688,497,624,769,557,529,633,482,401,556,696,652,549,480,576,417,
267,634,597,479,639,506,0,0,620,652,441,625,557,537,494,302,394,526,563,453,583,454,595,450,433,573,596,663,558,497,425,377,348,595,484,567,557,626,430,368,515,569,492,667,628,537,456,442,578,691,444,613,705,464,526,604,496,435,566,624,615,556,508,592,439,
268,549,645,541,678,510,1,1,574,673,492,570,562,558,482,291,427,483,563,421,563,454,534,438,401,510,613,600,547,469,429,398,301,603,524,584,502,599,397,376,501,596,471,627,588,529,384,466,548,599,480,577,719,483,498,554,483,431,532,617,624,509,495,551,419,
269,595,617,503,676,464,0,0,559,633,484,563,536,521,460,278,390,428,541,378,515,416,528,439,348,495,632,611,523,452,388,343,281,605,461,573,532,576,367,322,522,562,471,615,575,467,286,434,591,587,440,591,709,476,480,574,437,396,509,649,593,534,483,546,466,
270,553,561,487,599,468,0,0,552,612,457,518,563,454,474,195,321,485,493,373,583,412,554,401,334,461,565,605,529,422,343,280,221,604,425,566,497,521,285,246,492,561,487,587,558,466,212,469,568,573,418,573,660,457,488,576,459,396,527,618,619,490,429,549,389,
271,572,547,463,582,435,0,0,549,613,464,539,503,397,427,152,326,443,469,368,548,373,535,386,293,496,600,559,513,323,269,184,131,539,427,541,514,504,190,199,520,544,475,535,535,413,166,459,576,607,452,550,628,408,388,523,446,367,505,606,566,438,436,477,396,
272,573,551,455,601,340,0,0,556,616,444,517,545,284,369,97,224,391,480,356,568,379,470,310,204,437,584,574,537,202,185,100,82,552,423,530,449,403,98,119,481,513,461,519,534,349,108,414,573,516,433,547,651,401,388,449,434,352,433,577,609,446,396,469,399,
273,503,559,456,504,272,0,0,513,580,407,488,511,170,342,56,158,313,475,343,509,323,412,263,137,439,547,552,474,131,99,80,53,543,408,547,428,317,84,88,447,463,390,541,561,232,85,368,511,482,391,584,649,331,296,341,390,314,381,531,567,343,334,396,378,
274,516,492,426,538,149,1,1,493,577,358,492,462,108,221,48,82,249,476,305,488,284,275,170,90,414,534,573,465,100,76,65,61,479,381,510,483,219,63,71,465,468,413,513,472,145,69,332,522,363,343,500,597,278,237,249,399,324,339,569,562,238,240,360,386,
275,544,510,398,439,98,0,0,506,578,380,485,454,98,147,40,41,156,427,213,459,212,210,101,62,300,510,523,428,79,72,49,43,482,338,458,430,126,61,61,425,462,396,534,461,118,71,230,533,259,290,484,553,212,151,142,387,256,271,563,504,166,178,233,379,
276,504,392,330,375,88,0,0,515,541,355,445,378,81,97,56,63,106,406,140,442,149,158,78,64,234,513,492,413,82,68,58,49,394,262,496,405,130,56,61,399,401,342,444,435,87,61,157,514,141,216,482,531,144,100,108,353,197,164,460,477,129,143,160,357,
277,494,362,256,280,68,0,0,517,557,282,411,343,81,66,40,57,84,399,103,415,76,111,68,62,172,467,486,360,68,58,63,57,321,220,427,346,80,61,59,421,329,259,414,381,75,59,94,484,110,162,477,457,97,77,82,378,121,111,448,435,92,102,135,363,
278,438,228,175,175,85,0,0,465,547,204,451,269,80,63,42,63,68,302,87,307,69,90,63,48,96,431,453,287,83,52,42,46,227,116,393,266,80,64,61,407,228,175,338,325,77,73,71,453,91,79,408,320,77,79,81,341,85,91,322,404,84,61,95,354,
279,402,125,107,111,64,0,0,437,482,133,374,172,87,60,44,57,66,220,53,250,47,85,73,63,65,362,402,161,81,69,48,50,146,89,368,210,94,58,52,396,145,129,201,261,70,79,62,430,93,69,376,212,69,68,93,280,45,66,232,285,84,71,92,336,
280,331,100,67,92,76,0,0,447,444,68,358,109,80,64,57,56,53,154,57,169,53,82,66,63,73,249,357,133,72,60,43,41,104,72,312,146,96,53,63,345,129,82,135,165,57,55,69,429,76,62,305,140,75,68,74,208,60,64,175,212,72,58,87,300,
281,284,96,67,69,75,0,0,370,417,61,277,88,100,71,41,52,76,94,51,99,47,91,55,48,61,193,284,96,70,53,58,35,78,62,225,107,98,60,51,312,83,77,90,114,66,62,61,389,92,75,233,125,70,49,79,168,50,59,109,131,59,56,81,227,
282,142,79,64,87,68,0,0,286,311,62,147,82,79,47,42,58,66,77,49,68,63,84,55,49,68,112,155,75,58,53,43,45,78,67,134,75,70,55,55,226,80,60,84,76,77,54,75,314,79,65,143,91,70,67,89,101,42,70,86,98,74,81,75,149,
283,101,75,65,87,71,0,0,201,224,59,106,72,72,64,51,49,70,63,56,70,71,90,52,49,82,88,132,78,53,57,48,39,77,70,104,72,70,41,56,139,68,69,78,80,70,52,54,255,86,56,75,116,66,79,82,79,56,60,70,91,61,56,80,98,
284,83,77,59,83,63,0,0,155,125,64,75,61,66,67,46,47,72,62,65,70,57,61,60,47,71,78,78,79,66,35,49,47,71,57,84,69,77,50,60,99,67,56,75,73,65,65,65,179,87,61,79,92,50,64,81,59,48,64,76,85,66,61,92,74,
285,65,82,62,84,55,0,0,111,110,58,73,72,57,73,53,54,55,76,49,85,63,62,60,41,54,79,74,55,54,61,42,27,87,53,79,65,99,53,53,84,50,65,74,72,81,57,46,127,59,54,65,88,48,59,81,50,50,78,75,94,70,59,73,61,
286,86,79,50,73,73,0,0,80,74,59,73,62,71,57,45,40,55,63,42,53,48,65,61,45,61,80,61,56,53,59,49,36,61,46,68,62,74,44,56,62,75,68,80,79,62,46,50,100,79,65,74,90,59,52,65,63,49,57,71,52,58,57,72,53,
287,83,87,61,85,53,0,0,78,82,53,81,79,55,58,33,38,63,67,51,64,50,62,45,48,63,82,80,61,57,38,43,44,74,61,86,54,72,49,46,62,74,65,79,58,52,56,54,75,66,50,69,80,71,65,62,59,47,60,82,68,63,60,59,50,
288,81,85,69,79,63,0,0,85,71,51,65,62,51,78,43,52,60,59,39,62,57,86,45,45,53,54,59,63,60,43,43,33,70,54,72,53,53,57,31,50,73,51,71,65,47,54,43,77,70,59,71,72,54,47,72,51,37,53,73,97,60,57,64,50,
289,77,84,66,69,62,0,0,65,74,58,61,67,52,43,28,32,51,54,40,56,49,81,49,53,67,85,62,63,62,39,47,26,64,49,78,55,58,31,44,68,75,61,88,70,52,34,55,75,64,56,64,84,68,54,65,44,36,53,86,67,67,47,77,44,
290,65,77,56,62,56,0,0,85,79,47,50,71,51,45,27,31,49,56,41,66,40,53,40,35,57,67,77,71,47,45,43,26,77,60,77,51,62,38,42,60,60,53,64,61,51,31,40,76,58,40,65,71,44,50,58,41,43,62,74,73,63,40,69,43,
291,74,61,48,68,45,0,0,63,80,46,80,69,51,44,21,41,54,57,38,57,52,51,45,37,49,68,69,60,45,33,26,27,75,54,58,74,57,29,26,62,60,58,71,52,38,23,48,61,73,65,65,77,39,56,63,39,34,49,65,70,65,55,63,37,
292,73,67,45,81,52,0,0,79,88,46,69,70,43,42,14,35,51,64,48,62,39,59,48,39,53,59,68,38,41,37,18,22,66,44,80,64,52,18,27,48,56,51,78,54,44,26,48,53,48,52,62,64,47,46,56,44,38,61,50,80,47,45,64,37,
293,52,59,55,74,36,0,0,65,75,36,50,51,45,60,9,30,47,56,42,66,44,63,39,26,51,59,67,47,35,32,12,7,59,37,54,44,60,11,16,48,49,53,62,61,36,8,38,66,64,47,62,85,48,48,69,39,41,52,68,66,52,39,59,49,
294,73,59,57,58,25,0,0,73,84,54,64,46,35,42,5,17,44,42,33,60,48,48,37,18,41,56,52,50,12,16,13,9,68,44,55,51,56,7,10,55,37,52,52,49,24,12,40,67,52,40,69,77,29,39,47,59,34,38,56,60,50,39,48,39,
295,56,52,32,52,25,0,0,67,66,39,58,49,21,39,4,18,32,61,29,49,35,36,23,22,42,65,57,55,15,10,10,6,69,48,59,50,34,13,9,54,64,46,70,49,30,8,43,74,40,41,40,62,40,33,39,49,27,38,67,53,32,41,52,39,
296,56,57,42,51,10,0,0,66,66,30,54,43,6,24,4,9,17,57,29,52,27,34,16,10,36,67,56,52,11,9,5,10,45,39,69,45,28,6,8,51,55,57,61,59,19,7,26,76,28,39,62,55,29,35,24,43,26,37,45,61,24,27,34,43,
297,52,37,40,46,13,0,0,64,64,45,64,44,9,24,3,7,7,40,23,35,24,22,11,10,36,55,58,50,13,10,8,8,53,35,53,43,13,6,6,57,43,42,48,51,16,9,39,66,22,18,59,64,32,19,10,44,11,20,57,65,12,28,26,42,
298,44,44,31,31,13,0,0,50,75,32,46,40,16,14,1,2,6,41,18,52,10,19,14,5,25,67,54,47,8,6,4,6,41,21,54,39,10,7,4,51,49,39,59,49,7,13,15,66,21,17,61,41,31,11,10,41,20,9,54,55,12,13,20,38,
299,49,33,31,27,15,0,0,58,51,29,62,35,11,10,5,9,6,47,7,49,10,12,9,13,20,55,53,35,7,5,3,4,35,17,56,38,8,5,4,46,32,23,41,43,8,6,13,54,12,11,48,57,15,9,12,31,8,21,36,42,6,9,16,34,
