165,10300,10699,9423,12562,76708,2905,4481,101537,18125,7895,11195,9397,77057,75298,23885,49409,11006,10780,9176,11514,67183,62528,72949,53014,12254,15936,11944,13277,66837,43247,53679,44601,10186,9720,11693,9708,76694,40230,28030,68127,11335,10573,12006,11693,63577,59283,64814,86529,12337,8298,11546,11102,69528,57285,40721,82176,7324,9139,9684,11024,70089,58155,75888,66917,
166,11379,12001,11044,17215,108602,4913,7634,95137,37671,8719,15561,10781,116827,113648,46656,80995,11988,10689,9739,11675,79219,84240,83812,67798,12478,31161,13341,24892,88299,66212,73692,62689,11412,12401,15621,10497,92922,65671,52019,71354,12545,14708,12601,13713,84064,78244,81029,89958,14422,9312,17787,12214,95757,79589,71338,81883,8071,10122,10636,14894,91165,79120,91559,70857,
167,14671,14583,15659,29946,117926,7982,13621,98059,61438,10356,28106,13227,137796,121747,74342,105995,12411,12371,13089,12844,85289,95641,90700,75470,14845,54824,21099,45996,97636,80058,83129,72238,13007,21114,27249,12742,100729,80333,68757,74700,17437,27419,15273,21271,91371,84564,87959,95359,19905,10988,32787,14234,108380,100264,101606,86042,9191,12215,12166,25864,99940,92403,97387,74096,
168,25698,25510,30288,56121,112750,15427,25096,113752,79965,15037,50771,22765,126634,111206,95828,100585,16983,19607,24806,18898,91039,101726,96578,80423,26605,85605,39985,70875,102804,86449,88437,77242,19912,40781,50210,20933,108613,87818,77901,80981,32747,49708,26201,41018,98203,90185,93766,110078,37461,16710,57097,20313,103931,106829,128720,107016,13157,19239,15932,48322,101884,95347,102024,78254,
169,47165,48105,53974,82720,118318,27814,38796,185385,90034,29339,72160,42558,127397,114283,89607,96916,32608,37621,46197,35810,98666,109124,108361,87352,50427,119799,65977,100688,112120,90950,94832,83345,37838,62462,73678,38896,117453,94937,84177,107570,56799,73397,48538,68125,104769,99186,100390,177656,67534,32298,77258,38302,108263,105226,131605,202179,25141,37268,28386,70175,108938,99876,114635,88318,
170,76314,79960,80093,102775,175066,44081,63983,489560,98419,54120,89060,69591,164242,149348,88730,109973,66494,74469,81886,69857,129198,131927,160103,110585,95928,123737,105151,116096,152083,106165,118096,105738,68876,85273,99455,67310,148055,105371,93262,244786,90412,101573,82249,103984,126513,141344,124395,434954,99174,59224,89168,71091,135914,122858,132844,507743,49288,65662,57995,84112,147668,118265,177853,142861,
171,94660,100552,90928,109406,397819,69739,126581,1105107,104914,71051,95587,83556,346411,326476,109526,174625,108876,109237,101846,106766,255465,228864,356264,217635,129660,113797,124942,107372,317724,176145,225316,206845,90731,91860,108736,92015,293237,153233,121496,542208,111329,105122,115240,124651,230490,319170,234854,855814,110995,77045,93820,94124,267257,213058,164019,968868,65233,81058,81263,89894,307896,194356,395603,323966,
172,99919,106072,95317,116595,880364,146409,255567,1717063,116987,81377,102966,91301,844618,842027,205263,421301,125457,109967,95061,123643,550216,503773,725605,482694,123692,117510,114959,110589,691988,395944,510872,472252,103481,95862,108304,102991,651895,336954,245872,815609,111599,101142,123048,118175,521069,702406,533481,1157583,120958,84010,100415,105235,602479,472981,291282,1369509,74625,90181,93938,96910,659850,422306,784218,637039,
173,104724,112514,102660,132003,1661091,299958,426428,1670088,149014,86152,112416,97530,1816023,1748581,584269,1140658,115237,101569,92692,113496,987645,985293,1141594,866710,115439,140995,113794,130168,1209177,837244,987030,906511,108966,104808,115749,100132,1135008,768254,594574,934041,112434,109773,115515,116877,1013759,1150508,1032094,1207328,133518,90389,112398,111604,1266273,1002897,688383,1352755,80114,97212,101334,105662,1232767,895379,1265783,994865,
174,116904,133831,126051,219160,1928546,521662,774959,1456658,331032,95588,153369,111615,2215151,2038497,1481344,1895306,121163,108940,111693,114703,1328772,1425283,1387103,1179036,130730,298315,136229,266644,1455058,1262706,1336501,1239848,122482,152113,153010,108857,1409795,1257910,1104264,1062137,136632,173507,126696,144196,1385016,1324506,1335329,1297244,172956,102449,168600,123692,1857647,1692372,1544859,1272953,88671,114186,110948,142043,1623992,1500139,1474502,1219115,
175,163673,234033,235532,528757,62440196,55966350,58346337,84594125,733148,130122,335215,178744,74415605,76545003,110121960,66910804,173246,153735,216822,151575,60539905,63331838,75486578,83721727,234799,775863,259903,672948,54459901,50752216,57745518,65644432,185383,364219,329299,166436,91649087,87314089,96869596,102967414,266900,427379,206983,284835,65580648,92150441,83531402,105298241,349704,145837,383213,160366,57698872,53529313,60503898,70620217,106148,180548,131128,292625,63598329,60535193,74403957,76404853,
176,466292,719768,708543,1240829,246177175,175775659,171599044,241296077,1240107,384273,871675,548811,217059104,229428673,252395265,216258670,524841,464788,724893,421820,189199133,207050819,198977561,265560816,791459,1720381,785302,1510577,191731195,176410382,180808636,198234360,570044,965341,886272,497952,221732900,212489040,362467095,242238338,785213,1083155,623739,838201,212308303,238308748,257912565,261019754,972562,415562,936470,417008,206281024,178697883,185943670,228532949,232568,521119,273611,767233,191525726,195500227,217539612,223239691,
177,904224,1304495,1235374,1734365,292007815,243791204,247550425,291477176,1544313,757066,1323001,1007101,276496470,286325223,242029771,253657759,1279895,1113087,1364942,976915,202786514,222361455,223741399,285300555,1556872,1980778,1448250,1812495,204995558,191420186,181398569,190822422,1069286,1475291,1404736,953336,173478439,165174573,173867895,158426129,1347585,1585069,1191360,1481014,200697168,172872808,183430606,213790243,1530212,846234,1285154,862278,289339202,232795605,250545753,299660622,549039,959360,632585,1134703,271108702,251556424,251683044,243045714,
178,3442493,3790016,3605227,4165523,339505020,292762985,315820859,337378822,5232748,3591448,3594655,3650744,335760891,343968515,283197683,292244587,4563148,5442859,4351785,3671045,200951109,161349996,216718010,291848135,4532310,4317359,3828252,4376995,222303928,192551300,176149867,187881100,4773121,4532778,4096343,3523031,161230650,158390100,162291862,189513901,3972776,4047644,3782016,4261353,205291993,164920861,180954041,201929429,5875081,4045729,3756655,3134717,337650296,287607835,282989916,330627714,4623297,4903480,3279080,5092369,319641863,269236675,262826775,283361254,
179,158342927,151392857,149055282,155197634,378156156,321403469,364053162,383579809,237092660,206075426,141355572,168094388,398834448,398293861,339632571,338929632,228040446,276303267,209288738,155729625,212152677,223579831,211855433,272955089,193359731,173460077,145685932,190777030,212311037,193679856,181235460,193055504,224677273,194586767,172586016,153542131,153679774,156547391,143128951,161764459,157238857,159890622,151202505,184532109,189800129,160133466,172961995,184491789,308458164,206874523,183903085,132959701,364114416,308057429,298617858,337564706,270266482,282316906,221476852,309380335,305921345,273571781,260298638,254447539,
180,182851694,176441992,177553799,175579943,404508443,338512284,387360462,435515545,226856183,192022060,162849417,179968568,451616630,457821635,404460017,376454883,256642512,257221844,224733220,176127797,207942770,205157484,211435689,291448316,205470517,200177635,170949996,186937529,215850307,201930727,182896428,193369545,222499109,203837414,217254480,179895971,159848008,157857449,185622388,165237760,181776151,192035106,192323876,214908144,195877195,162279022,173510332,176622657,243702933,198941114,190956314,161584016,371928814,333149159,310707460,352731738,249396113,243119890,218106308,181323692,318159593,291030441,252775478,284641084,
181,170358171,185864576,180707031,175583350,419287225,338249654,388863112,484284976,211327494,192028490,178902341,175371900,514522585,530904422,514667835,426215840,264854332,259599172,237171671,189317915,199271996,204463198,167919452,279082529,228587343,240117618,206727299,221528527,195274345,189244862,180922447,185481351,235746929,236893769,278907098,235053103,160694654,160084638,163950595,171181350,240933654,240186760,243184547,248150132,186560426,163939555,201217826,171444782,188357863,177318060,177423474,183765272,376030088,349984896,319326833,373316264,177181406,189117855,181438132,190613404,320920263,291156425,249594924,215247367,
182,184241533,189089091,174549119,177736401,426577946,342841557,393331330,500391198,210442956,208333116,182536436,174749064,577378230,600906022,626133536,530600127,282243112,281250999,266673169,212476456,181807054,183904100,204185834,258463707,270089159,293359700,258738175,311531022,177703146,175818153,169378613,186947342,250575874,248049856,330789368,280963137,157431819,156583255,158930691,161745623,278180628,273407025,291896426,280970502,170408658,159079490,160605825,162968740,169781277,163334167,169556999,194504691,361140709,362943655,325870684,363967997,171284330,159973392,170341220,168990491,315989535,297238344,245568618,226097181,
183,194271470,195429426,172085385,181653583,412452987,339158688,391027714,498870107,214726941,203371333,187222581,173241226,721757094,613757772,652644005,586536214,300200748,311374931,301707284,247884492,167694290,171397908,195409866,236841026,313901950,336449815,293511842,308922199,162189740,160923338,158464803,169436613,284067097,259023726,359709345,301976071,153938144,153684667,153630592,156596450,300399958,289537981,320983049,302734715,156880280,156862101,155274669,157907498,164449301,163691012,166293918,201575801,332875668,364969886,325384584,336344644,166472159,163327956,165590798,167154091,305165644,298024309,226505591,207773127,
184,187667022,199269722,169068523,178926039,393583659,335370761,393890747,486152079,209006890,205012063,192641701,171503345,560884646,590606987,630735615,578932748,330019503,352475516,343467901,245289666,160739133,163444852,188418572,221985147,357942939,373555809,317985383,336083749,158315251,156378590,155090661,164333002,300611706,271298733,385683345,314115924,153252309,153004345,153559614,155555511,313460064,302995571,344979921,322072828,155291300,158238115,151782542,157406595,160831923,160709097,163453391,200458655,317953567,347654911,321197529,318329197,161968720,160195225,161570608,162098535,292632009,275471890,215251620,197851672,
185,187988660,205883713,167709081,180659330,387515465,344844792,430179110,489594645,206126672,196052315,179594524,167929544,554784843,576911499,618431420,580547488,348084052,390077403,385071439,314749684,157825812,160806109,188833135,211647207,392523428,403589315,331674173,347796468,155100809,155546327,153788443,162185590,307316260,265941456,413899566,327087330,152930951,152449664,152857995,154259670,286760532,312440719,360446016,324851978,153952650,161900883,153476687,157217842,158698497,158829977,160563657,195254611,313144780,334465142,331342861,441943781,160376508,158224172,159889268,158498213,279694346,268667486,204844981,199886736,
186,174680901,210140009,169977897,178033331,398712364,379791678,461956923,494392970,187470914,184323788,182736426,166520180,544525988,577253391,612451906,599450016,396251350,420848956,429747108,348226854,157280347,161026332,173427588,205582017,431935812,417406714,336064369,346089480,154593650,155279106,153157833,162456835,439837745,260684017,409443190,333184651,152367580,152191230,151690784,153312125,322671407,320672879,366014988,340865162,153226968,166559658,153086796,157062182,158518758,159083489,160420397,185048399,314479152,329151208,316076777,248380615,162171427,157432571,159821803,156728815,268225289,254610703,205990039,200879855,
187,192271693,211706580,171437236,169172780,432932528,327150635,468737712,489777490,202567005,233166076,171418711,165393590,542247988,568515947,589107279,587537297,420734615,440896157,455911890,372531204,155171314,159508604,171845959,205948844,457908438,414520241,340548536,346083905,153648694,157442140,152387569,162229787,296413146,258090610,389552806,327457127,151888400,151543727,151725032,151905906,322995373,322874030,370834772,349779274,152788046,168486240,152466559,155285518,157080831,158431466,161135010,190553224,328882759,328642405,322808944,317083221,159461470,158150462,165864313,166072526,258389843,246060902,205996225,203356070,
188,189444437,210277286,176024939,175998705,425045605,418440953,427171060,441122113,205353248,219848508,175618852,166517947,485289887,497152822,512052340,527260358,467385839,455120326,471653893,410020712,140857574,143220013,155321930,177760793,460785681,433146329,347968134,346924872,140792143,140890550,139419335,149308810,283140022,261901287,401252268,325957940,138246811,138481754,138762333,138767852,325039406,325833618,361845451,351809364,139815607,150736112,139437535,140903936,157175141,159177408,160285753,184713565,325039645,312832796,326181874,304547557,157469284,155945055,157240042,157189018,234147178,220221943,187686244,186815682,
189,187856118,211153673,177264956,173233701,228552190,182482714,173410580,186512478,202743320,187474015,178424314,169423532,197368432,200047681,206711416,216113249,500627864,466700693,484022181,432229049,59695727,60360832,65764221,78083692,484405953,448236871,358962498,361643247,60088664,59649663,59253219,62436599,285475996,262731597,393308824,328863070,59052667,58881855,58885309,58817424,325402544,326263823,356674176,352578799,59566734,62872498,59196549,59687862,156536557,158667610,159810729,182711931,145628234,134119559,124869478,129988620,155394768,156590454,156686265,156774015,97662732,92439079,77828120,77024066,
190,170225577,194154732,163484099,162245879,15196892,15552405,14985613,13814460,179033059,151752949,161886732,154510465,14714553,14677258,15026149,15868954,477994017,433378260,450938338,414241023,5294130,5394423,5683319,6334008,451352459,422415583,349042992,344524876,5391903,5206992,5245993,5323170,258552504,242760361,348134755,296875611,5335114,5250353,5144025,5010069,301821736,299233103,325434073,330244118,5321570,5463242,5291902,5275447,144588947,146198628,147287537,169714980,12028881,11355555,8049420,10497807,144430005,143238964,143149938,152352950,8121951,7643625,6468810,6218235,
191,104019988,120963211,98858318,98080831,1327700,2976736,2871435,1268426,109062039,52686615,93811530,95039393,1443594,1314024,1125809,1287972,274504250,264633618,271749637,253457698,1222403,1306584,1290763,1112639,271419027,256793635,218873276,215079074,1299653,1129654,1197278,1094821,156240640,143812802,217240816,175925201,1306352,1229758,1116436,977942,186296228,183824347,197216771,202738556,1258409,1174332,1245118,1205580,87166841,89073348,89699193,104051065,1323601,1260866,1490301,1151611,87509965,87255472,121172661,88456788,1259459,1287557,1221417,1097042,
192,5495941,6325448,5271364,5258494,1179539,2450077,1788598,1147218,5764205,5252974,5202165,5021720,1313216,1183312,992068,1143442,12512104,12414091,12240889,11883490,1177992,1266909,1244768,1060324,12377143,12145357,10749509,10606962,1254403,1088700,1151775,1049961,7446169,6982637,10136992,8487335,1264068,1187100,1072694,939094,9228997,9080255,9734341,9768271,1215560,1129024,1202755,1165355,5086610,4762858,4863967,5646655,1200336,1150289,1405414,1047872,4898262,4788744,4899526,5193297,1186404,1222318,1167392,1044744,
193,1497832,1552028,1432826,1514043,1176458,1756058,940382,1143882,1539269,1346580,1536459,1349224,1311154,1182672,989753,1144028,1974516,1795169,1717904,1872275,1178194,1265902,1243139,1059274,1868121,1919898,1833769,1794156,1254883,1084716,1150142,1046615,1639945,1486349,1785972,1574112,1261184,1186581,1070335,939473,1731419,1669130,1738817,1817078,1213623,1127649,1198759,1165620,1657345,1314002,1397724,1538349,1200615,1147643,1403262,1048184,1320757,1376918,1474017,1370043,1186147,1222309,1165589,1043036,
194,1239752,1247344,1181889,1273130,1175045,866731,381400,1144948,1273299,1089715,1230493,1115801,1306842,1182096,986128,1139438,1213496,1083996,1023178,1201913,1178288,1263618,1240002,1055747,1183851,1233325,1199687,1176836,1248670,1082951,1147987,1046676,1263393,1129522,1237878,1112461,1259482,1178382,1064354,937854,1197710,1159263,1192424,1248651,1212342,1127461,1196098,1164035,1428329,1087941,1170491,1274258,1197675,1148263,1402856,1046835,1111548,1153805,1246771,1142096,1184502,1218499,1161726,1041804,
195,1234626,1245057,1176339,1270140,1173157,399003,238064,1144433,1270416,1090610,1228830,1109274,1307030,1178373,984446,1136389,1206110,1077236,1016057,1192758,1176271,1262390,1238776,1055298,1180066,1225220,1193333,1169808,1246723,1082113,1146515,1045688,1257985,1125126,1231815,1104213,1254538,1177697,1063177,935988,1191420,1155352,1189147,1242275,1210106,1122780,1194974,1162022,1429136,1085892,1167119,1270587,1197328,1145457,1400542,1045868,1109379,1148381,1243038,1140119,1180136,1217200,1161339,1042997,
196,1232840,1240944,1173692,1267058,1169000,252120,214395,1141648,1267810,1087993,1227998,1108907,1302899,1174020,983478,1135619,1202899,1073091,1014577,1189934,1172466,1257937,1235070,1051632,1174137,1225202,1190883,1167709,1242532,1079646,1143045,1041749,1256724,1124396,1229762,1102606,1257744,1174038,1058712,934145,1187327,1155110,1185883,1238852,1206191,1120538,1192525,1160686,1425582,1081193,1162796,1264832,1192023,1142059,1397301,1044802,1107609,1148321,1239925,1136951,1177141,1215808,1159740,1040038,
197,1230842,1238796,1172064,1264994,1166367,214665,206639,1140256,1266339,1083984,1222303,1106891,1297371,1173509,979567,1131750,1198941,1070572,1011658,1189938,1167229,1254424,1229356,1047416,1172414,1222093,1189864,1165169,1239535,1074150,1138059,1038366,1255205,1120573,1227704,1101649,1261610,1172378,1056411,931207,1186732,1151010,1181665,1234150,1201732,1115670,1185430,1159194,1420511,1080237,1163278,1267883,1190459,1139270,1392643,1043027,1104419,1142104,1240765,1134297,1173202,1212025,1154631,1039018,
198,1228404,1238619,1169251,1261225,1160792,205651,201631,1136734,1262895,1078469,1219431,1106505,1293815,1167782,976803,1128461,1193547,1068624,1010178,1187051,1160942,1247080,1225722,1045124,1169727,1218755,1178628,1163954,1236141,1071163,1133272,1033264,1253423,1116794,1227195,1100007,1266875,1167336,1052703,929853,1182508,1149300,1180948,1233484,1198979,1113987,1181418,1155733,1418652,1075668,1159307,1267399,1185771,1135988,1384593,1041352,1100586,1137947,1239681,1132490,1170168,1206676,1149872,1037454,
199,1225226,1231012,1168157,1258191,1161613,201777,197933,1135952,1261249,1080533,1217898,1102270,1292171,1165616,974623,1125966,1190558,1066762,1007328,1186413,1159842,1243771,1220682,1040478,1167608,1216059,1178343,1159883,1232432,1068150,1130330,1030284,1250617,1115966,1223863,1099132,1245423,1164167,1049175,927541,1180208,1147194,1181239,1228662,1192592,1111094,1177272,1152080,1409615,1071562,1156578,1263076,1179810,1132251,1383993,1036599,1098728,1136677,1233851,1128220,1166132,1204278,1145352,1033523,
200,1223826,1230075,1162900,1253013,1153720,197116,192995,1131773,1258359,1075397,1214224,1099325,1286205,1161868,972701,1120063,1188454,1061331,1002448,1180083,1155506,1241712,1217659,1037060,1164997,1213469,1174799,1155222,1225014,1063743,1127315,1027788,1244604,1113932,1219576,1096402,1241059,1160533,1044752,927016,1177402,1143901,1177115,1225719,1189635,1103446,1175660,1152434,1408654,1070229,1152385,1256940,1178958,1127928,1378064,1035865,1093680,1132871,1229998,1124702,1159647,1201575,1144169,1032432,
201,1218735,1227067,1161425,1247845,1150974,193013,188286,1129223,1255809,1073190,1211492,1093319,1275751,1156930,968024,1115305,1183649,1060941,1000046,1178593,1152547,1234572,1212389,1034018,1159526,1210644,1172099,1151013,1217589,1058322,1118884,1015363,1239945,1108969,1216656,1091931,1255088,1154044,1040329,925013,1176463,1139061,1172295,1225740,1184572,1087081,1171968,1148350,1408277,1067556,1149254,1252575,1175123,1124950,1374599,1033173,1088936,1127683,1226035,1121675,1157307,1198106,1140341,1029472,
202,1215931,1221930,1156391,1244014,1128755,187483,181720,1126125,1248483,1075671,1206261,1092098,1250439,1147120,952326,1107643,1178683,1058418,998632,1174319,1147408,1228019,1200122,1020836,1153686,1208887,1167152,1147547,1176454,1037472,1088172,965436,1235754,1104563,1210972,1090454,1243545,1125081,1019657,923142,1170811,1136287,1167670,1217856,1173460,1008913,1166267,1144252,1401608,1061867,1146913,1247616,1169326,1118849,1367925,1029838,1088350,1125610,1220395,1117247,1147912,1189936,1129356,1028619,
203,1210907,1215816,1152952,1239857,1044285,181470,173144,1127143,1247077,1064135,1202253,1088460,1143275,1106870,887381,1066370,1177597,1056181,993766,1171917,1133773,1202348,1156122,964573,1152811,1204731,1166356,1145547,1043212,952413,976549,820423,1232088,1104397,1208779,1084967,1199624,1024800,942004,919555,1167279,1132900,1166281,1214601,1119034,797872,1151117,1143319,1394839,1058407,1140124,1241884,1146110,1091458,1346063,1027555,1083350,1124035,1217080,1115193,1109160,1176059,1092418,1024483,
204,1207740,1212318,1146681,1234457,850652,173177,158397,1120945,1239876,1060096,1198952,1084702,897409,981589,727459,940705,1173399,1051356,991390,1169005,1089227,1123021,1022699,822668,1144341,1199600,1169072,1139569,783703,762004,751223,581866,1228813,1096534,1203891,1081022,1066006,804574,762134,918327,1161794,1128663,1159710,1211085,974595,510924,1100852,1137759,1387442,1055622,1139403,1238702,1073039,1000582,1276665,1009879,1080981,1117118,1213612,1110675,991473,1120152,983081,1023795,
205,1203802,1208990,1141364,1228448,527475,154275,125330,1089624,1236278,1056513,1194200,1079696,514321,690915,444324,652635,1164928,1047220,986547,1163310,933032,897452,734182,548130,1142252,1195016,1165410,1136960,434129,463701,428832,303360,1223707,1091554,1200699,1077838,755404,466959,460935,909185,1159083,1126749,1160308,1209884,675900,237457,932165,1127195,1372454,1050296,1133061,1231501,861304,769995,1056431,933248,1075711,1108902,1208304,1106870,726536,945254,728167,1012595,
206,1197357,1199401,1134588,1195245,232979,117417,76948,974642,1229018,1058306,1191585,1074135,212476,330176,186666,301692,1127830,1043958,967322,1157063,617147,528470,373231,255063,1127354,1187419,1161228,1125920,185061,202560,182101,128306,1216373,1077261,1194188,1074443,366707,193485,195842,860049,1149053,1111579,1154701,1201414,327098,109301,591185,1062926,1311505,1039411,1127221,1226370,507332,424630,654072,713250,1069362,1075581,1204448,1098876,377752,608541,389376,965981,
207,1194475,1165521,1105424,1092832,117309,75149,41071,730633,1223039,1051229,1182227,1058278,114559,144950,89298,129796,1005586,1033129,906903,1148691,314007,250220,168655,117751,1072957,1172526,1151510,1088806,107336,103144,97540,78770,1189393,1021820,1190485,1063217,165848,102298,97588,709001,1120211,1060793,1137670,1188023,149971,82162,285696,880674,1143900,1003114,1120652,1213363,237600,193338,314807,425233,1050834,977997,1194866,1085279,173566,305204,181180,820195,
208,1180533,1010231,975111,793473,88062,39320,24096,382800,1181140,989074,1148452,961595,95259,90349,66832,81079,669168,987017,698824,1099940,133344,119882,96300,77313,850028,1076913,1120797,919830,90850,79390,79790,69268,1067704,819336,1149836,1012999,104653,83575,75861,419295,988027,859652,1056872,1107895,94630,78056,122042,534139,739647,843256,1063878,1138612,110722,99381,141905,182130,967157,696496,1158120,1011714,98135,130973,100890,522876,
209,1128429,723604,716535,456854,84306,24954,20599,176999,1056473,824143,1041018,755262,93248,82329,65343,75297,345725,842210,421837,951785,89484,95028,85057,71434,529054,855011,1020826,633532,88477,76074,77267,67450,821463,530261,1038770,866813,97477,81403,74012,199148,737512,564794,858396,905988,86835,77519,87943,262494,381353,579885,911799,946398,86499,83995,105916,96844,764349,391469,1044684,830683,85374,91359,87110,264683,
210,927946,338379,347780,189905,83363,20938,19987,98633,718175,484084,739296,402845,92202,81610,64521,74152,137184,508784,171954,602668,80421,89849,82786,71169,217009,464608,726221,287473,87861,75090,76696,67411,432804,229798,727905,538920,95316,80137,72774,95162,370883,245690,484578,516794,85560,76424,81681,124397,161211,262120,567790,555661,82159,81732,99864,74223,403664,158237,727603,478658,84427,82937,84786,119613,
211,613217,157348,159548,112548,83093,19749,19184,82579,385919,231958,420656,189846,91141,80877,63564,73849,92340,244235,90210,303504,78985,88920,82431,70673,111086,216559,401728,137438,86921,74091,76185,67161,204776,114996,404253,270846,94763,80004,72092,71431,174882,120598,230688,247061,84849,75841,80472,90688,112632,123682,285344,268781,81460,81465,98841,69699,180805,95892,396902,229409,83155,81827,83908,78610,
212,269179,97471,90842,94945,82250,19159,18653,79187,159847,102271,175154,96975,90217,80116,63585,72910,83744,103975,70465,125381,77885,87895,80987,69813,85014,106394,161750,88192,86287,73831,75510,66130,107867,80538,165952,115525,93988,79283,71681,66669,98239,82739,109200,112936,83270,74943,79643,82685,102537,81019,124004,124386,80673,79832,97976,68517,87452,82912,161389,107708,82456,80705,83785,69012,
213,132230,88955,81432,92884,81368,18690,18116,77777,102133,78586,103638,83034,90298,79334,62986,72810,83785,79440,68081,89391,77106,87214,80413,69394,82285,88695,97903,82129,85788,72997,74658,65590,92739,76496,101993,82925,92768,78331,70562,65005,86428,77645,88780,89680,83038,74809,78315,80372,101313,74997,89454,98447,79803,79346,97192,68386,73841,81257,102043,86754,82104,80830,82620,66663,
214,91979,87361,79252,91917,80806,18062,17434,77036,89234,74151,86512,79495,89233,78637,62534,71773,82263,75323,67856,82805,76773,86944,79862,68719,81593,85157,84617,80084,84543,72446,73609,65020,89658,75425,87236,76950,91782,77821,70229,64311,84602,76769,85305,84838,82153,73863,78045,79396,99685,74057,82442,94212,79287,78720,96221,67780,71880,80375,90576,82736,80543,79485,81995,66041,
215,86416,86317,78232,90811,79923,17130,16495,76534,87857,73177,83657,78572,88267,78199,61638,70681,81807,74255,66820,81960,75251,85921,79355,67577,80965,84539,83173,79729,83543,71459,72958,64085,88420,75213,85015,76067,91184,77193,69932,63558,83158,76284,84489,84252,81852,73788,77338,78612,99443,73624,81172,93061,78061,78183,95698,67355,71023,80072,88497,81714,80127,77960,80884,65256,
216,85201,85527,77330,90281,79317,16393,15557,75489,86590,72735,82549,78289,87034,77112,60767,70789,81282,73254,66030,81276,75145,85039,78146,67325,80441,83513,82528,79117,83429,71317,72956,63547,87942,74232,84396,75864,90168,75955,69017,63745,82595,75007,83131,83691,81727,71955,76078,78086,98866,72587,80140,91443,77900,77267,94624,66832,69625,79063,87761,80678,79239,78374,80274,65098,
217,84246,85313,76990,89164,78610,15277,13849,75570,86119,72092,81895,77306,86483,76099,60719,69715,80312,72950,65663,80510,74233,84148,77943,66593,79671,83387,81454,78335,82490,70539,71993,63227,87207,73686,83843,75028,89583,75768,68553,63297,82086,74975,82890,82880,79970,71846,75822,77111,97243,72188,79154,91492,77333,76702,93737,66158,69155,78659,87057,80013,78614,77631,79966,64777,
218,83089,84317,75933,88004,78335,13399,10971,74883,85362,71255,80662,76879,85952,75381,59808,68971,79161,72460,65699,80050,73439,83483,76916,66078,78604,82368,81328,77222,81582,69771,71362,62452,86471,73146,82684,74280,87775,74997,67356,63060,81654,74273,82128,82398,79683,70689,75522,77170,97224,71572,78800,90784,76676,76253,93207,65871,69245,77561,85914,79024,78274,76667,79163,63885,
219,82870,83521,75355,87440,77198,10528,7498,74274,84523,70570,80585,76655,85495,74880,58993,68433,79060,71332,64653,79804,72591,81813,76246,65666,77884,81826,80240,77277,80659,68979,70163,62027,85586,72412,82085,74031,85951,73626,66716,62667,80731,73580,81619,81834,78854,70254,74388,76161,96317,70498,78736,89606,75804,75450,91847,64922,68218,76950,85233,78765,77445,75992,78042,63585,
220,82566,82487,75334,86695,75485,7479,4696,73763,83312,69562,79900,76175,84443,74463,58885,67491,78016,71001,64111,78967,72598,81559,75952,64403,77314,81198,79851,76511,79724,68691,69329,60976,84708,72045,81397,72511,85198,73028,66456,62324,79956,72787,80395,80467,78724,69799,73864,75869,95017,70059,77605,88893,75491,74975,90897,65316,67183,76539,84730,78157,76553,75643,77483,62715,
221,81458,82006,74288,86160,75895,4900,3008,73261,82911,69462,79079,75175,83306,73102,57804,67206,77243,70734,63432,77723,71468,81584,74574,64479,77354,80149,79322,75566,79172,67118,68162,60390,84270,70945,81245,72078,84210,72370,65258,61699,79568,72008,79604,80251,77336,68199,72910,74852,93457,69298,76863,88301,74221,74043,90491,64183,66932,75343,83737,77707,76551,74722,76665,62793,
222,80167,81649,73324,85594,74441,3191,2405,72584,82360,68396,78566,74059,81817,72667,56698,66151,75774,69436,62494,77075,70862,80468,73501,63114,75729,79104,78766,74819,77956,66422,67521,59244,83401,70385,79832,71696,82931,71656,64838,60980,79049,71343,79752,79463,76350,67675,72888,74798,93077,68393,75816,87726,73213,73476,89379,63757,66496,75143,82540,76323,75461,74051,76040,61711,
223,79930,80812,72844,84235,73789,2414,2170,71955,81396,67983,77231,73177,80574,71607,56155,65732,75799,69211,62597,76641,69943,78429,73005,62650,75254,78719,77828,74328,76557,65509,66387,58286,82619,69472,79378,71122,81575,70675,63343,60640,77645,71705,78642,78401,74179,66125,71493,74146,91826,68284,75467,86408,72822,71852,88068,63580,65123,74313,81821,75933,74064,73166,75199,61609,
224,78702,79033,72555,82722,71600,2198,2125,70950,80387,67152,76633,72591,78673,69746,54673,63648,74144,68298,60970,75522,68272,77211,70873,60908,74089,78020,77344,72880,74690,63822,64685,57066,81311,68450,77919,70111,79637,68441,62080,59787,76603,69770,78064,76802,73413,64060,70170,73155,90283,66739,74901,85585,71061,71280,86030,62031,64731,72874,81347,74734,72659,71465,72993,60793,
225,78256,78458,71510,82736,70404,2191,2109,70299,79507,66236,76233,71669,77238,68881,53503,62089,73430,67711,60603,73950,67255,75673,69677,59396,73245,77479,76153,72812,72786,62575,63093,55095,80748,67815,77847,69585,78586,67006,60406,59250,75815,69357,76827,76289,72072,62288,68647,71919,88747,66099,74047,84751,69906,69412,84836,61762,63470,71954,80743,74008,71098,69834,72151,60502,
226,77551,77214,69868,81112,68423,2015,1941,69658,78661,65320,75131,70795,74861,67042,51113,60656,71703,66277,59648,73311,66456,74873,68413,58074,71925,76601,75455,71582,70277,60726,60440,51273,79739,66544,76739,68564,76164,63944,57958,58422,74990,67728,75742,75314,70221,56806,67301,71887,86900,64673,72834,83775,68996,68444,83610,60218,63039,70835,79166,73277,69703,68995,70206,59736,
227,76285,76091,69009,79737,65705,1891,1827,68529,77913,64606,74024,69774,69928,64867,46339,59247,71022,65649,58437,72704,65059,72940,66201,55767,70921,75023,74348,70642,64023,56250,53989,44030,78014,65748,75629,67925,74168,57390,53201,57624,73799,67216,75025,74940,67577,46376,65864,70529,85909,63953,72238,82081,66790,66334,81136,59890,62156,69285,77968,72242,68243,67562,68943,59136,
228,75364,75137,68140,78379,59769,1745,1656,68244,76815,63215,73187,69532,61067,62495,38017,54351,69370,65032,57799,72189,63434,70688,62080,50812,69234,74151,73201,69157,53216,47883,44116,33797,76789,64895,74731,67164,69866,46626,44102,57775,72299,65710,73598,73488,62563,33280,64844,69920,83713,63250,70747,80853,64852,63984,77902,58830,61035,68777,76948,70903,64531,65767,66403,58399,
229,74499,73654,66675,76549,47436,1752,1602,67151,75784,62579,71939,68014,44037,54675,25175,43710,67269,63227,56206,70506,60134,64813,53114,40186,68353,73261,72033,67920,36013,34046,28196,20510,75789,64015,73432,66008,60017,29911,29574,56512,71400,65293,72323,71838,51828,18486,60690,68835,81739,61905,69721,79699,60010,57455,70493,58016,59577,66637,75864,70273,57362,61190,60398,57082,
230,73334,72063,65204,74676,29633,1534,1327,65755,74563,61080,70758,66007,24311,39475,12976,27268,63110,62416,54517,69377,51894,51680,36805,24553,66503,71608,70545,66849,19738,18799,15222,10755,74480,61648,72182,64259,40604,15478,15994,55741,69758,63862,71089,70980,33794,10339,52554,68110,76117,59899,68193,77567,48614,43401,53570,56510,58226,63167,74303,68898,42204,51254,46946,56653,
231,72052,69843,63916,70573,16445,1312,1043,64429,72902,59951,69472,64546,13700,23853,7691,14415,53465,61724,50324,68059,38072,35315,21531,13730,63490,70331,69573,65018,11807,10995,9337,7307,71150,59865,71114,63252,23671,9489,9451,54621,67909,61579,69699,69214,18773,8174,38546,67002,65859,57468,66901,76196,33408,27379,34301,54232,57084,56890,72906,67616,26448,36070,30525,54555,
232,70163,65643,59905,61810,10258,980,680,62814,72137,57213,68054,62108,10002,13005,6201,8742,37212,59804,42998,66100,22740,20177,12088,8297,55341,68488,67424,61640,9036,8146,7602,6500,67338,54711,69073,61376,13558,8197,7372,53259,64325,57220,67928,67065,11153,7733,23121,64571,47777,51502,66277,73799,19406,15115,18966,47931,51973,44618,70923,65751,14834,21272,17246,53256,
233,68983,55937,52020,46824,8610,701,465,58002,70133,52290,66423,55997,9151,8901,5988,7068,21321,56845,30587,62583,12980,12228,8866,7034,41568,64983,66180,54912,8690,7270,7312,6278,57849,43426,68463,57278,10350,7802,7189,49848,56108,48402,62698,63232,9059,7352,12895,61878,28800,40200,63144,67627,11320,9842,12027,37288,42610,29093,67854,62300,9945,12037,11076,49239,
234,65491,37545,34806,26874,8306,494,323,47404,66882,39659,62145,40694,9046,7944,5934,6799,11251,47905,16506,52338,8650,9508,8003,6754,22914,55634,61255,40185,8341,7271,7220,6192,40621,26790,61650,47884,9639,7607,6821,40664,39410,32221,49330,51450,8513,7256,8709,53002,15119,23526,57278,52591,8288,8198,10192,23320,26630,14457,57139,51085,8574,8512,8862,39799,
235,59001,21717,20753,15389,8128,355,285,33252,60467,24929,53711,25747,8814,7748,5750,6721,8538,34579,9631,37973,7618,8907,7505,6500,12739,41686,52118,25185,8414,6988,6999,5910,24539,15241,52290,33828,9430,7610,6829,28881,24851,18789,33183,36400,8307,7151,7804,39663,11243,13329,46159,35098,7925,8021,9590,13397,14766,9821,42100,37069,8275,7821,8223,27630,
236,43754,11961,11212,10486,8360,283,257,20936,46160,13211,37770,13730,8741,7710,5664,6642,7956,18607,6978,20940,7364,8641,7539,6460,8628,23988,35937,13318,8241,7002,6954,5960,13547,9185,35186,18788,9303,7497,6795,17940,13842,10486,17535,19582,8079,7067,7744,26677,10199,8372,28679,18459,7731,7782,9519,8955,8210,8213,23661,20397,8126,7614,8372,17347,
237,27423,9173,8359,9506,7977,261,251,12505,29726,8657,23035,9392,8796,7545,5598,6563,7855,10735,6646,12138,7134,8379,7441,6317,7978,13895,21148,9208,8178,6855,6756,5837,10074,7536,20531,10864,9337,7288,6636,10386,9675,7947,10695,11808,8203,6925,7439,15688,9931,7222,16375,11724,7582,7777,9331,7075,6944,8072,13463,12203,7929,7524,8306,10115,
238,14093,8627,7581,9241,7811,264,247,8790,15471,7194,12271,8079,8475,7411,5440,6413,7827,7852,6419,8666,7197,8410,7430,6230,7924,9471,11574,7999,7985,6828,6936,5810,8813,7207,11298,8043,9027,7251,6543,7519,8409,7353,8761,8798,8028,6996,7392,9960,9655,7093,9927,9769,7369,7643,9265,6685,6534,7882,9574,8739,7922,7396,8152,7105,
239,9808,8401,7522,9153,7860,216,206,8023,10381,6984,9020,7690,8438,7414,5531,6421,7662,7328,6332,7960,7003,8335,7143,6276,7642,8425,8939,7742,7920,6757,6674,5841,8763,7076,8899,7443,8909,7033,6573,6646,8213,7120,8514,8303,8020,6777,7239,8299,9580,6965,8388,9510,7393,7567,9105,6378,6335,7721,8946,8491,7739,7324,7948,6354,
240,8394,8488,7217,8984,7711,206,194,7750,8722,6759,8116,7763,8226,7331,5387,6335,7609,7307,6155,7833,7028,8260,7161,6025,7830,8191,8208,7483,7887,6668,6699,5595,8657,7111,8447,7282,8704,7051,6264,6540,8056,7186,8279,8025,7806,6897,7106,7961,9526,6900,8064,9340,7310,7412,9204,6479,6182,7643,8759,8174,7758,7407,8061,6018,
241,8152,8232,7208,8782,7534,190,163,7388,8650,6782,8030,7655,8248,7057,5218,6222,7486,7177,5978,7579,6817,8115,7089,5982,7494,8144,8194,7542,7698,6450,6510,5415,8544,6822,8242,7281,8628,6671,6296,6165,8082,6874,8074,8130,7679,6549,7009,7697,9392,6735,7873,9214,7279,7193,8897,6308,6256,7619,8628,8167,7742,7329,7814,6063,
242,8196,8350,7082,8627,7294,191,168,7401,8292,6585,7703,7579,8122,7067,5477,6010,7379,6817,6104,7661,6839,7903,6861,5952,7660,8022,7933,7402,7669,6433,6354,5449,8478,6748,8179,7289,8587,6716,6236,6386,7825,6844,8081,7859,7559,6535,7010,7638,9215,6466,7523,9226,7104,7118,8729,6184,6062,7434,8641,7913,7418,7059,7744,5952,
243,8153,7913,6875,8671,7286,167,147,7299,8233,6526,7670,7453,8050,6939,5086,5983,7315,6855,5893,7761,6622,7780,6874,5878,7301,8061,7955,7462,7327,6267,6318,5364,8246,6668,7919,6999,8223,6723,5991,6205,7841,6859,7881,7660,7291,6497,6896,7318,9262,6652,7712,9109,7053,7251,8634,6224,6058,7313,8318,7889,7418,7015,7663,5830,
244,7923,8111,6930,8528,7107,135,109,7283,8172,6542,7635,7338,7695,6953,5045,5911,7138,6693,5868,7473,6407,7811,6762,5945,7214,7847,7704,7157,7375,6216,6019,5296,8311,6600,7596,6955,8271,6628,5909,6066,7644,6751,8074,7598,7360,6470,6653,7257,8851,6474,7675,8818,6904,7116,8581,6022,5927,7095,8466,7672,7427,6765,7557,5703,
245,7640,7891,6807,8349,6993,95,74,7105,8129,6325,7409,7340,7717,6766,4949,5874,6964,6707,5689,7460,6574,7580,6544,5655,7301,7763,7649,7114,7208,6211,6061,5344,8055,6579,7807,6908,8182,6404,5757,6112,7632,6632,7780,7607,7262,6094,6654,7165,8774,6395,7403,8812,6753,6918,8437,5835,5849,7120,8086,7856,7030,6811,7310,5563,
246,7772,7793,6726,8266,6952,93,71,6892,7790,6510,7281,7103,7678,6745,4877,5688,6832,6611,5735,7416,6319,7513,6454,5485,6966,7587,7508,6850,7109,6038,5907,5016,7939,6477,7520,6828,8043,6206,5783,6062,7366,6526,7647,7463,7119,6112,6568,7311,8521,6405,7273,8592,6849,6880,8196,6000,5782,7023,7851,7645,6981,6574,7254,5600,
247,7413,7676,6695,7993,6789,57,39,6985,7848,6166,7097,7253,7347,6477,4719,5610,6892,6555,5573,7137,6259,7462,6312,5461,6863,7761,7474,6831,6932,5843,5961,5039,7783,6329,7497,6647,7970,6269,5654,5960,7262,6423,7439,7323,6922,5935,6543,7162,8395,6178,7373,8515,6602,6662,8068,5696,5762,6874,7883,7337,6916,6548,7075,5656,
248,7598,7597,6331,7891,6720,42,34,6880,7690,6304,7143,6897,7154,6500,4594,5543,6829,6550,5366,7089,6162,7121,6183,5378,6797,7402,7420,6714,6759,5655,5600,4832,7716,6462,7455,6558,7910,6011,5502,5783,7134,6467,7373,7167,6801,5606,6259,6963,8396,6088,7230,8266,6524,6637,7933,5609,5599,6893,7925,7376,6911,6346,7082,5482,
249,7388,7438,6505,7785,6619,33,30,6875,7514,6032,6907,6952,7038,6187,4496,5330,6461,6398,5335,7059,6056,7135,6067,5209,6678,7320,7440,6611,6550,5598,5501,4553,7600,6143,7325,6504,7519,5769,5297,5837,7197,6351,7330,7034,6760,5565,6092,7014,8139,6081,7115,8188,6402,6317,7840,5717,5416,6645,7574,7288,6817,6337,6930,5466,
250,7221,7203,6278,7819,6379,27,28,6787,7585,5870,6970,6754,6856,6089,4145,5184,6481,6161,5187,6758,5854,7003,5865,5044,6595,7150,7132,6638,6235,5317,5037,4298,7385,6048,7114,6376,7008,5562,5177,5812,7079,6302,7121,6853,6313,4952,6189,6914,8074,5952,6981,8061,6192,6221,7521,5752,5462,6453,7650,7131,6554,6155,6655,5348,
251,7176,7153,6081,7431,6206,32,31,6594,7521,5894,6811,6698,6407,5855,3855,5001,6282,6315,5026,6576,5896,6761,5712,4988,6493,7215,7069,6441,5913,5010,4815,3791,7362,5981,7198,6358,7072,5151,4724,5644,6888,6092,7119,6749,6307,4244,5973,6776,7803,5760,6879,7982,5908,6015,7276,5621,5237,6390,7364,7138,6182,6058,6457,5370,
252,7023,6986,6186,7378,5726,26,22,6613,7138,5801,6794,6594,6075,5700,3225,4801,5921,6075,4933,6552,5565,6608,5542,4531,6108,7025,6951,6393,5142,4519,3869,3039,7012,5759,6972,6248,6742,4164,3933,5459,6637,6007,6884,6748,5916,3293,5680,6774,7588,5667,6772,7706,5951,5834,7011,5375,5110,6222,7265,6943,6099,5844,6337,5154,
253,6812,6762,5785,7065,5111,29,24,6383,7280,5570,6756,6436,5030,5547,2266,4096,5789,5728,4829,6519,5541,6252,5034,4015,6277,6843,6717,6085,4038,3547,2939,2080,6958,5617,6600,6160,6184,2850,2979,5568,6683,5739,6807,6597,5284,2195,5571,6487,7094,5414,6516,7598,5646,5703,6648,5342,5092,6096,7139,6674,5829,5670,6023,5031,
254,6813,6665,5742,6922,4018,35,30,6118,7059,5496,6434,6091,3444,4828,1333,3053,5093,5772,4571,6353,5112,5666,4179,2868,5946,6729,6862,5987,2632,2450,1751,1232,6737,5359,6595,5878,5184,1679,1801,5288,6291,5792,6729,6405,4257,1263,5147,6541,6530,5521,6482,7291,5116,4935,5666,5189,4835,5605,6830,6675,5079,5240,5534,5057,
255,6597,6477,5486,6632,2620,22,23,6110,7145,5326,6295,5980,2098,3663,815,1987,4085,5634,4384,6187,4558,4918,3010,1909,5601,6481,6573,5871,1615,1401,1082,847,6468,5330,6500,5777,3702,1087,1105,5227,6179,5442,6457,6140,2783,945,4584,6335,5599,4940,6327,7250,4425,3916,4334,5136,4827,4883,6927,6292,3942,4475,4649,4910,
256,6573,6124,5485,6072,1256,18,15,5842,6709,5122,6283,6000,1111,1779,658,922,3190,5494,3915,5975,2671,2638,1434,948,5168,6530,6393,5695,1014,883,808,649,6296,5039,6340,5704,1773,851,787,5225,5974,5325,6211,6006,1329,820,2880,6185,4417,4740,6326,7077,2559,1982,2117,4938,4282,4151,6602,6121,1996,2557,2473,4777,
257,6218,5615,5022,5335,1005,15,12,5723,6727,4935,6106,5399,1049,1161,575,722,1918,5270,3015,5908,1606,1624,956,782,4243,6171,6145,5470,921,811,801,677,5550,4415,6206,5329,1263,860,775,5001,5488,4965,6005,5915,1045,850,1772,5964,3076,3859,6170,6581,1573,1256,1356,4634,3729,2912,6289,6058,1274,1511,1539,4638,
258,6062,4468,4015,3804,983,13,9,5609,6490,4156,5770,4706,1067,926,587,738,1179,5014,1968,5355,1042,1215,832,700,2833,5752,6019,4786,955,786,728,654,4555,3438,6022,4856,1194,837,745,4714,4616,4122,5378,5322,939,813,1169,5764,1702,2710,5845,5784,1056,1021,1090,4106,2546,1686,5693,5621,1043,1043,1210,4481,
259,5867,3311,2914,2592,862,11,8,5327,6229,3116,5622,3703,1043,819,596,686,938,4406,1229,4532,870,999,865,709,1748,5615,5643,3913,919,806,781,678,3374,2204,5613,4169,1133,838,775,4579,3363,2962,4627,4470,943,824,953,5488,1336,1691,5337,4629,891,900,1108,3161,1642,1167,4821,5028,938,892,1079,4081,
260,5228,1937,1664,1552,886,5,4,4798,5860,1957,5045,2407,957,850,610,690,873,3189,850,3289,797,1049,767,748,1164,4370,5171,2507,888,804,710,611,1990,1285,4980,2970,1106,790,745,3979,2145,1808,3054,3331,931,785,794,5161,1180,1110,4665,2916,934,913,1009,2378,1005,950,3434,3817,961,839,987,3466,
261,4542,1312,1105,1233,914,3,1,3973,5444,1263,4215,1483,925,836,563,667,848,2016,736,2215,794,903,829,725,856,3192,4240,1679,901,730,718,620,1373,973,3971,2003,1086,787,669,3137,1501,1233,1933,2195,889,741,851,4354,1129,826,3553,1896,845,839,1082,1671,720,934,2248,2459,932,868,982,2635,
262,2937,1057,921,1108,925,3,3,2854,4177,871,2925,1066,971,857,583,664,806,1222,713,1298,716,995,788,708,872,1914,2701,1112,877,787,733,606,1061,834,2533,1202,1102,755,757,2127,1087,859,1149,1335,946,754,820,3194,1113,789,2152,1270,846,873,1038,974,696,888,1340,1429,895,759,974,1685,
263,1962,994,819,1078,912,1,1,1911,2956,793,1905,919,927,835,560,640,805,903,695,990,775,940,763,636,806,1282,1801,937,897,745,688,591,1055,763,1596,920,1038,770,737,1277,925,799,969,988,966,774,802,2092,1102,834,1359,1168,842,850,1003,764,637,887,1066,1157,886,779,917,1113,
264,1254,973,844,939,805,4,3,1152,1824,759,1245,929,942,809,613,635,785,847,651,913,727,944,745,652,817,1002,1187,882,852,699,649,621,1037,801,1108,786,1010,720,659,1005,867,801,967,959,834,728,799,1427,1030,770,1060,1180,809,793,934,743,708,816,1077,1007,884,826,896,772,
265,1081,959,812,976,823,1,1,984,1205,789,1010,862,886,788,540,655,868,794,664,950,749,902,754,650,817,957,1001,823,814,695,691,614,1012,760,921,792,1074,720,706,764,876,751,949,917,877,645,808,1073,1043,774,939,1069,794,765,1038,751,674,866,1025,919,906,754,919,675,
266,983,967,817,1032,833,6,5,913,999,746,932,915,846,806,523,602,756,787,662,839,701,902,740,648,818,938,946,838,831,677,667,544,953,759,945,762,1029,741,711,760,871,823,951,894,873,708,759,896,1040,766,960,1120,771,853,940,714,624,845,967,966,833,713,935,652,
267,918,945,746,1009,798,3,3,840,941,726,827,856,951,807,526,630,726,809,641,859,663,849,712,625,805,911,957,860,808,692,642,570,943,702,910,795,958,699,635,729,854,730,898,867,802,694,747,916,1029,729,884,1089,756,768,1004,682,607,826,904,972,828,711,888,659,
268,899,912,776,909,813,1,1,837,982,778,869,840,811,715,534,624,793,723,639,823,687,894,736,599,769,898,945,804,804,676,627,534,910,742,885,778,938,726,612,694,872,830,945,841,797,666,772,863,1027,748,796,1033,723,751,907,700,604,791,956,913,803,724,901,654,
269,852,892,761,980,790,1,0,783,952,687,831,834,856,683,495,558,734,760,639,800,652,841,666,541,754,890,971,802,713,692,595,493,900,740,878,787,938,714,659,744,825,763,891,791,804,647,697,879,942,695,882,994,784,759,912,694,592,771,918,896,806,705,874,647,
270,891,910,646,983,763,3,3,836,925,697,830,802,792,738,501,597,699,746,594,793,571,840,730,575,797,865,895,786,764,637,578,486,869,654,860,731,847,619,599,682,814,720,826,792,763,583,685,830,937,667,816,961,705,676,911,676,609,763,910,920,802,711,813,620,
271,826,852,728,888,722,0,0,779,958,656,802,764,790,750,470,551,738,754,599,800,639,782,628,608,726,863,848,771,738,597,589,521,901,721,831,807,949,631,509,666,784,677,849,806,745,648,680,823,917,669,850,977,673,657,876,634,614,760,895,829,777,677,821,553,
272,862,856,730,900,775,0,0,790,858,657,802,772,755,695,442,593,642,715,553,795,595,796,665,546,727,796,856,779,719,588,554,475,850,714,814,695,800,590,534,702,788,689,842,781,750,553,606,813,911,654,789,903,666,698,835,687,545,702,863,901,767,623,777,592,
273,807,831,689,908,642,0,0,745,880,619,738,785,738,700,442,512,720,723,543,786,586,736,659,532,698,833,810,791,721,552,515,456,808,719,853,710,827,575,578,680,729,704,815,796,693,501,653,828,871,609,860,958,676,699,849,571,569,706,863,783,704,657,767,580,
274,841,844,608,847,690,0,0,763,856,669,769,770,709,633,375,518,692,692,548,789,565,747,587,504,682,774,818,784,632,541,478,358,799,651,829,724,807,496,510,651,759,689,811,764,700,441,634,823,827,597,810,873,630,688,795,625,550,676,860,790,703,620,751,578,
275,792,788,666,794,631,2,2,751,829,602,712,674,711,622,275,519,602,708,498,704,554,706,538,459,707,807,778,735,564,457,390,290,832,618,759,675,765,376,418,674,744,642,758,799,653,347,621,731,788,643,720,885,564,637,769,607,545,648,811,845,675,623,731,574,
276,795,758,620,799,597,0,0,742,849,619,741,679,584,571,239,458,646,645,519,748,545,740,524,434,618,819,800,721,437,388,308,203,778,676,739,645,724,311,334,632,751,631,779,697,599,253,648,774,791,579,748,832,614,626,708,572,528,640,748,754,668,585,663,559,
277,788,785,658,783,490,0,0,718,806,590,703,690,446,527,171,365,547,657,468,684,563,654,499,365,655,738,767,702,359,279,198,130,731,562,707,672,635,181,220,626,737,612,779,690,523,155,584,756,709,585,733,855,530,592,656,577,494,620,762,786,593,535,664,535,
278,794,733,544,747,386,0,0,657,797,585,610,728,265,504,88,241,449,636,471,666,494,563,381,237,664,705,741,682,204,214,118,104,728,570,781,586,513,129,135,579,686,604,733,688,412,97,532,745,645,570,785,913,545,484,491,542,441,539,768,706,541,457,630,560,
279,725,677,614,743,276,1,0,663,771,557,699,690,196,401,81,170,324,568,409,637,433,510,271,172,590,702,715,637,144,113,93,80,686,514,714,629,360,103,107,551,641,578,715,699,286,117,481,728,503,486,690,784,423,382,381,542,436,492,752,719,424,443,463,562,
280,689,697,572,606,193,0,0,689,795,523,661,617,143,275,87,85,232,593,366,593,293,412,163,117,485,670,753,620,113,103,91,85,645,501,701,609,274,110,110,607,604,556,656,655,207,91,363,632,354,436,705,731,370,275,255,527,379,340,694,667,272,313,354,527,
281,700,616,485,566,153,0,0,684,737,488,626,539,147,162,68,89,144,525,287,614,233,213,151,79,397,649,707,613,134,105,82,65,553,447,668,574,172,89,86,550,575,519,697,678,122,91,283,726,254,374,614,716,221,163,157,528,341,239,707,636,183,227,275,533,
282,631,509,432,429,138,0,0,693,700,392,627,502,112,115,85,87,126,521,181,573,160,175,111,80,260,603,685,547,119,103,81,61,476,362,679,505,134,100,91,526,452,394,648,584,117,80,177,671,174,253,641,589,159,108,143,482,200,179,585,655,146,142,173,490,
283,600,359,283,295,119,0,0,620,670,296,608,380,123,112,76,92,109,481,136,501,121,135,106,98,169,604,643,457,120,78,65,71,351,292,645,429,159,93,101,525,358,359,532,484,119,113,152,634,127,173,579,524,113,128,131,441,135,144,498,541,126,108,146,499,
284,599,257,197,179,125,0,0,610,673,230,552,291,114,95,71,80,91,392,86,382,78,136,106,79,115,571,571,338,125,94,78,80,240,173,593,340,122,89,91,506,244,241,384,411,120,92,123,632,124,97,552,343,101,106,101,390,106,103,375,465,118,107,125,432,
285,565,159,119,123,96,0,0,608,653,132,521,212,106,111,59,75,99,283,109,253,101,112,76,86,119,432,536,248,120,88,81,69,151,114,464,246,123,92,95,456,172,165,252,255,118,79,91,564,127,100,449,210,84,106,137,345,88,95,247,342,117,93,119,425,
286,407,159,99,134,106,0,0,584,597,112,426,145,134,92,69,68,91,151,88,175,95,131,85,86,103,297,432,157,110,92,96,68,136,122,333,172,126,95,74,423,136,130,162,173,115,90,102,532,127,95,350,183,105,102,137,295,84,103,178,225,109,91,124,397,
287,296,129,94,121,94,0,0,476,484,98,296,131,125,101,59,73,96,118,85,118,80,86,95,72,93,222,260,122,112,87,85,56,112,108,280,106,130,97,79,335,129,90,128,130,115,78,105,467,131,106,228,134,93,97,117,183,67,102,140,166,105,86,121,274,
288,172,99,93,161,109,0,0,356,321,95,156,107,136,109,73,60,104,81,91,106,73,126,77,82,98,153,166,107,100,78,79,65,141,105,142,113,125,102,72,208,108,90,127,104,96,79,95,376,124,93,155,132,91,103,121,124,66,96,134,143,117,90,114,151,
289,147,113,107,126,101,0,0,208,226,104,141,110,102,85,65,84,102,101,70,114,63,112,79,78,93,116,141,94,101,90,99,54,130,74,126,105,117,71,74,152,120,94,124,125,100,75,88,233,108,87,105,149,94,90,122,89,68,101,128,118,104,73,110,100,
290,137,109,73,130,96,0,0,149,146,78,106,104,123,107,54,66,95,111,73,100,76,98,82,83,108,114,113,111,80,70,68,63,127,75,107,95,120,81,86,104,107,93,116,89,97,79,64,159,130,86,89,125,89,86,121,97,64,95,126,103,122,98,117,85,
291,99,113,105,125,88,0,0,128,129,75,95,100,106,94,55,59,86,95,84,96,102,113,93,70,100,129,117,102,110,76,67,75,113,85,120,99,117,73,87,92,110,79,97,122,90,80,76,111,120,88,115,139,94,93,117,73,67,99,131,98,108,83,100,81,
292,113,113,85,112,102,0,0,116,121,96,102,112,113,94,55,54,75,90,86,97,81,107,77,74,104,125,95,100,102,88,77,62,120,100,104,83,123,59,68,100,109,79,117,114,114,73,89,113,105,81,98,137,88,84,99,87,66,86,117,109,107,85,113,73,
293,118,108,72,107,81,0,0,112,120,75,94,88,81,96,49,54,80,90,74,93,75,99,86,60,102,104,108,97,99,73,53,60,96,96,108,102,118,67,71,105,91,77,123,106,95,62,77,121,117,83,118,128,86,83,94,70,53,92,113,122,105,85,92,81,
294,106,82,91,108,81,1,1,99,119,84,101,119,94,70,46,49,77,88,57,105,81,82,86,43,100,117,91,85,76,76,56,60,97,91,86,90,104,62,64,71,92,71,123,91,91,69,77,113,101,84,123,127,93,91,113,73,65,101,122,123,92,94,91,83,
295,110,121,77,110,82,0,0,106,108,69,69,97,99,85,40,59,88,87,69,99,53,91,81,55,98,92,100,102,72,75,61,43,110,74,98,77,98,80,61,87,108,79,101,93,69,59,81,110,103,74,120,128,95,88,95,81,60,74,101,108,89,59,104,76,
296,93,106,78,87,75,0,0,111,105,83,90,89,93,74,42,69,81,76,55,91,73,89,73,55,95,103,111,99,78,58,48,47,118,62,95,82,94,80,82,87,107,94,87,70,76,65,76,95,103,96,116,102,68,81,106,83,64,86,97,102,81,79,73,74,
297,91,93,65,104,75,0,0,96,105,77,84,96,85,73,29,56,79,95,56,94,63,103,70,53,68,107,81,102,72,56,44,37,108,79,87,96,72,42,49,85,89,80,110,97,81,41,65,96,103,75,99,107,76,90,92,85,62,84,88,93,87,75,90,79,
298,93,91,63,105,78,0,0,89,122,69,81,75,71,64,25,53,66,80,68,94,65,82,72,48,70,93,116,70,71,49,36,33,113,70,105,87,95,44,28,74,92,60,110,97,65,39,61,109,91,66,84,125,60,74,77,76,57,71,97,86,82,69,84,71,
299,102,98,96,106,70,0,0,99,105,86,98,74,60,72,14,42,58,95,53,78,66,88,51,55,86,93,92,72,51,43,20,20,89,65,89,95,85,32,22,75,84,84,71,83,62,26,68,94,84,60,88,97,72,77,82,56,52,71,102,96,70,55,75,69,
