165,951,2227,3282,9172,141315,2639,5620,203340,9994,1393,3096,2252,156045,144484,54727,92120,2608,1584,3933,1338,60501,69938,91143,78138,4234,9830,2482,12668,112764,65046,86700,86690,1605,6813,3405,1868,94188,60926,45993,65759,3430,9311,2376,2769,75040,117500,67403,105137,6204,2259,3934,1401,89870,71687,45881,266302,817,3050,712,3204,95676,60280,108402,109593,
166,1704,3985,6243,20502,272131,6705,13992,422502,21741,2282,6043,3905,294233,274416,85442,144700,4664,2876,7275,2390,101920,109865,176975,139223,7813,21293,4473,26660,214227,103306,153119,163182,2849,14935,6668,3097,161481,93229,68935,134703,6407,20250,4260,5114,124063,232370,108707,230181,12787,3939,8459,2637,153668,116371,72610,502968,1528,5434,1488,6248,173988,95924,209334,223281,
167,2901,7573,13130,35832,525568,15842,32450,738130,35523,3871,12302,7394,577126,547178,139379,291233,8774,5031,14952,4178,209081,212999,359830,289603,15171,36627,8528,42893,428960,202337,315218,334747,5036,27894,13697,5863,332083,173413,116518,289272,12772,34918,7650,10327,252650,466602,217413,436423,25679,7311,17201,4313,311432,227155,116886,768453,2520,10492,2430,13058,352989,183158,415716,419110,
168,5777,15961,25457,56193,908224,37935,77190,1084849,52031,8385,23792,15543,1028362,1001306,291838,589933,18545,10567,28856,8422,408072,435255,607591,529030,30057,59592,17708,66886,731892,417316,586954,593397,10575,44600,25803,12382,621757,371758,250882,488974,25446,55804,15996,20716,492347,775164,444517,658471,44302,15910,30331,8442,584930,454880,226040,1026797,4886,22088,4267,25006,633943,374778,700523,643328,
169,12396,30152,41278,83549,1357046,90426,183685,1311636,77520,17414,37604,28548,1529450,1453886,600694,1038617,35374,21229,49495,17360,646204,733403,854361,777648,52950,89416,32373,99274,1033508,706191,888459,862938,20892,66500,41135,23957,922685,656561,499006,667024,42438,81986,30020,36340,773750,1070741,725470,859087,66578,29171,46401,18393,949956,770634,460327,1318150,10895,37904,9148,39348,959147,643918,1004767,849154,
170,25450,54508,67081,167051,1836003,238316,464618,1943772,161751,32985,61627,48926,2003193,1864478,1089223,1429581,67556,43664,81300,35762,915245,1076647,1189443,1086328,89380,169097,57734,203686,1453346,1035915,1243680,1218249,39866,121047,68756,43015,1273508,978470,810086,913744,72259,154068,55335,63898,1079287,1560494,1027515,1227317,115194,49505,76020,37541,1334537,1191633,851935,2321662,22859,62123,21563,62546,1332704,966732,1435794,1112834,
171,41324,91894,122691,350248,3277752,568493,1121762,4201124,339902,50765,114385,80131,3474110,3198847,1525250,2050507,108710,71247,146246,60809,1358103,1609253,2044294,1804630,151115,351633,94483,416011,2616342,1573111,2022535,2142072,65274,251932,122835,70018,2079103,1469412,1217465,1598906,126265,318738,91209,107306,1651913,3040484,1545839,2393103,232543,79305,151470,60517,1972037,1723246,1332220,5234888,35860,108754,36133,114441,2196435,1379480,2621711,1764999,
172,77813,214082,294977,684908,7382243,1417036,2850805,9815736,626034,102167,273160,180501,7877028,7450501,2746039,4335221,233811,136298,352447,111086,2766205,3265213,4535590,4018535,354981,758662,209768,835208,5818597,3292809,4376160,4785464,136608,534104,291219,146607,4537840,3015386,2430052,3779711,295231,651964,191741,248996,3505308,6814821,3242027,5481649,524921,182482,361107,114424,4144341,3355421,2121483,10532605,65298,261542,64270,280498,4784984,2598003,5820076,3740700,
173,172321,451551,562617,1010532,21155982,8501228,12542274,25972834,893154,231073,517151,382813,23413389,23309204,15586754,16652807,518247,312185,724181,241632,11219845,12371740,15255455,15605002,748181,1190026,448370,1237087,16673903,12854204,14262795,15271094,300349,855764,554406,320535,17407360,14682210,14003940,16500334,584243,1047122,412380,511924,13699965,20540773,14938595,18276555,864315,392513,638305,252784,14672312,11972329,8981116,22088022,146500,516728,132738,528655,15212925,10469737,17695980,13661183,
174,433775,917786,982114,1777141,164211421,141221810,150347940,122347689,1613622,537483,916898,767640,185528559,190599262,230743439,172107962,1115050,765174,1216100,612439,142197682,147830876,139453952,192599500,1333919,1784173,942883,1922551,155222152,160555963,138631060,164530547,691723,1511658,1026273,719208,199054990,195804199,201767687,210021060,1125168,1690871,912250,1020348,168827418,230516917,236292828,207308257,1369782,755973,1001581,602112,148406226,122762230,128205563,183628924,360901,886267,347794,862548,145401529,125215209,180659765,154157141,
175,786173,1676045,1743415,3961959,240111520,196733273,203938939,256781312,3713672,946375,1700123,1362813,252363234,258691584,255469002,244662515,1780582,1284322,2012783,1108885,199325333,209861505,224257330,244470947,2150689,3655146,1548126,4111280,214960377,195579644,189823349,210056180,1323734,3271701,1877116,1267978,195340295,189553624,198839206,206586908,2071162,3526611,1586842,1717273,244614870,226681947,217250946,208934590,2685796,1221361,1765597,1025369,210847112,176952785,187444717,249308113,630791,1514689,655768,1441347,209501308,188510025,244240895,209867815,
176,1939391,4698220,4874354,9921637,307312847,262661322,270852775,334335030,9163508,2557627,4719458,3636677,322527392,328069412,293517064,310281938,4614451,3037177,5957361,2474190,202990353,264270792,222964878,273757676,5937628,10386951,3986707,11002775,238949620,213195896,188880523,197482358,3723311,8257633,5086976,3259069,119417900,161703670,205420367,174960022,5513801,8920284,4033535,4599782,145191334,179787769,180972573,175666037,7695515,3331724,5164955,2384847,283466999,240801417,265410455,287312725,1590015,4622920,1594489,4330709,261837071,234096875,252537093,236108918,
177,12417613,19717299,19554473,27341136,337927837,299104488,326755123,377509599,27630819,14830966,17978792,16177767,369592312,374639796,327634046,350963499,22506583,17649246,23320675,12338907,171102258,272927849,221955606,213972011,21379971,28852035,17141535,29381175,205554627,216010084,185469531,189795769,17875785,24654578,18858544,13637279,154711869,158922735,161889119,169891288,17559853,22643621,17283220,19642913,215206677,174920630,168179698,169629671,27928575,17514101,20403049,13866921,328273877,276410967,269357018,318732399,16543354,23754610,14102081,22614650,292286188,221271762,278551615,239008409,
178,140952433,148872444,147445993,152502656,366158040,327554119,366424389,411646675,201015823,150116685,137592244,146056666,409750625,418154488,380091039,388189818,146453420,210869199,191090985,137053742,209795322,228059385,213702717,285459018,181516650,136661506,141738004,193699918,237087979,210487238,186014209,183818883,175846800,164477222,150648155,130750916,163318809,158914620,164482684,167408389,137225628,146534764,143279152,170520143,118970600,173407390,165350145,167306057,240246299,183201129,169886348,130375001,365770776,299580628,298255686,348346175,216793892,224111365,178088714,235665084,266876110,237444231,282512103,262347809,
179,158837776,175557092,156961026,177453011,400770629,350327784,401447672,423551657,202720341,176136401,152241185,166486977,450560992,456466382,433748832,458100079,250931902,248408856,239451038,184456825,194540497,225855460,240834669,286039794,226252090,232896285,188206274,215193345,219544791,201494305,176882091,184701926,196672754,192490748,210160530,173264658,160975621,158171733,186625817,164716312,168724234,191738797,191737636,210797184,195342448,168055142,163848423,163679410,199732004,178312552,177924682,166107934,394745833,320988326,313692379,346645135,213846298,180757677,167445310,198655250,316129145,286614739,270346229,217274579,
180,185874538,178167240,176209243,223604601,415746268,370051802,435555336,458104322,201735700,194192338,177817942,180130074,484594446,500654795,475460501,482497779,295545637,291475029,275746286,223742766,181532993,246870699,196650822,286386991,285976350,294613626,246580673,261203877,195956231,191060773,170766949,178467452,220871456,217269203,260881851,215588799,145740405,155265750,153078623,158981384,222716173,231856426,244067176,251694842,172819609,163193372,158667694,159247270,170854702,163741303,167322931,174151181,405198011,335320559,321138052,350790661,172928838,176273641,165589572,177529243,321047390,289359740,273424404,261686235,
181,217776122,181417558,178488361,211099483,440586020,398930805,457452832,469684044,217875472,189317564,158472680,183197243,507298315,526770183,504923916,504575890,331420159,324261696,340009079,269473080,185531214,212445952,201959533,272833958,336396910,320278307,285078001,293520512,172846966,176483240,164321568,170568628,250828885,234862674,286051923,246132729,155320570,154082889,156185981,156719764,252415226,260149673,277351061,285300382,188334014,161089811,158789611,158256525,164936052,160467755,164798774,184101049,411141387,348500305,331770699,371143512,164697887,165929641,146852110,156836123,317991620,289594972,278380798,256541956,
182,203550257,179958057,179569161,177239463,463279251,431178415,468141663,474640829,208806591,242530329,188536156,167120670,524030346,545931167,528121051,524345834,363545922,360324765,358859412,73336189,183599598,210776253,204112055,274625227,367976692,380093991,311706943,322597036,177789736,180259285,163725310,172172913,268655441,258980997,331458153,277331693,155046209,153495922,154937913,121790830,279632486,289565678,312695650,310295719,167500110,159986273,155082167,156774913,163149555,160671689,164739345,191690988,401084661,362875378,338321622,365348590,123794072,161762401,159835762,150276354,314970806,313287239,269424423,256930917,
183,144609519,183690973,187536687,188208527,480849824,451001620,470839661,471800971,225206628,265902039,218685173,182133657,534556318,552064662,541543871,540398667,399023373,391973019,394429437,311083343,178004679,207017242,190259900,269383562,403023435,394825591,330667649,336149022,181363695,175622872,162073537,169125581,304511262,265652320,372304551,300357781,154780699,152464172,153415735,154284518,300415289,307990155,339316017,332433281,167201477,159503683,155796694,155187058,157430506,159501279,163284005,181549813,428722171,384864819,356643781,421927675,164304847,155604794,158563212,167715088,316139915,287206746,271576294,243091230,
184,226289342,183152425,174606731,195713905,498016270,465678868,465326781,472546976,231751892,237198084,129884917,177553852,530664848,552426373,540565303,546725677,431033054,419911649,428984046,391065358,176068633,201816836,189590656,268117835,441320948,427571472,346768832,352011839,180549887,169540031,160863627,159791416,319209370,278921926,385248570,321976209,153913189,151674383,152891155,152528063,311501065,319028746,354645818,342321300,166446705,158913787,156787630,149200503,158064869,149108994,162131015,178810020,441332444,403485009,375150886,419976502,149606403,156103612,155931110,147734338,324169870,296426601,275767294,274529992,
185,229914727,50860852,173258163,181069072,518995682,466539937,455181173,462798774,219639105,228638438,212396715,171869424,512410075,523192557,525086857,540359478,453667893,436520894,453648094,419030481,172935499,198263266,179582262,232902381,451748117,448972335,365983566,367459919,175351840,168524293,161888990,168658235,303321487,223063363,390542047,326822022,150869573,150367281,151302670,151125795,314996818,321039151,360178195,352367137,167921887,158451766,177222391,153537549,156036392,157022008,160555161,174544321,447215401,423644126,396814806,423529549,157250097,150357287,162624046,156532905,328345626,299680959,278795769,264134365,
186,214916584,185153478,171262760,176448842,408110643,385787373,340296133,365175026,214059399,195490222,162625867,165878231,413028081,422239045,417128060,429561357,466029490,449665287,468504890,435863022,143493032,157163030,147602610,187182735,464124709,462463161,394084964,389283326,156718172,141883827,136792849,149315148,312374008,252272581,389839681,334119224,132281349,126291967,124035105,126509539,316241463,323200438,362493624,366675161,143837178,136139905,129473670,131498681,154321374,154363545,158725264,171251988,369726846,360960400,350456886,363790555,142701060,150308437,148652835,161418693,290452820,253408083,228505494,216279263,
187,180277857,187144623,172372917,175400828,182605803,175286800,167352141,156146820,201552704,182697616,175918483,165021504,180726249,184233318,179599872,184974027,473803995,459082816,472191932,442034281,67314006,71822137,68702925,81310857,471133431,456681324,415030199,410516553,74128740,67894724,66279831,67412003,295118168,210285077,506666092,312211931,61175255,60918800,60466228,60505884,320864389,329796896,367382743,394962852,69209630,66535019,62908446,61964184,153294953,137126549,158512803,168162193,161915063,160679171,255805374,164186460,152608026,152573422,152055106,152956466,129844831,113791377,103080663,96509880,
188,191206779,186413156,170099384,165184368,29087939,29612435,22527780,28449493,184370429,190669757,200309166,161889889,29171634,28968170,27321211,28597332,478900124,461990243,464492785,446032263,17251708,18499415,18500252,18471536,469543214,459604264,433745458,425622049,19124768,17551440,18145500,17408566,292369305,253638441,385710705,309833491,17586859,17082722,16657062,15855285,332765964,340546313,378744862,407731237,17935439,17873310,17238367,16598229,151225809,151883777,156604193,165986419,26810363,26239980,26890968,26643466,152403142,149424009,148905895,150760990,23716808,22024609,21265852,20195548,
189,184848706,181353362,164930690,168307574,12705783,9871700,5532313,12026703,196703634,205059908,164182927,160234020,13389214,12797839,11765256,12528884,464758464,451638550,437828417,428901083,11934474,12880106,12463957,11988357,448458329,436169929,425575218,418805141,12694580,11999915,12827567,11962143,279091186,256577345,236203720,316081016,12821884,12312690,11837020,10997994,340733889,353074570,395971756,424678793,12319879,12419008,12294998,11733536,144402333,146787702,151372571,160558230,12468425,12229793,12918610,12081148,145050733,143396668,133192110,143785994,12342423,12315943,12474359,12179282,
190,131492668,134879080,123908096,130475231,12475407,5395302,3163961,11847713,149419380,137927416,121470406,118262120,13172300,12607672,11584785,12341606,330218475,323549072,309901276,310430166,11761300,12673899,12286418,11807360,320805900,309418532,305818057,302116165,12493385,11802079,12615738,11768836,207799266,185054697,268208166,235218552,12610759,12097288,11607404,10833126,263005135,269885879,284782212,297433766,12131990,12182025,12131057,11566853,106059814,107276158,111866311,121034551,12273258,12046354,12712303,11822233,105433798,104157830,105795373,107883103,12169463,12145552,12268606,12059320,
191,44344891,46814527,44060949,46776876,12318487,3130046,2331228,11737064,51171816,49790548,43113391,42468192,12999583,12475860,11436764,12217827,100072637,98107462,94015862,93517689,11613875,12472527,12105026,11631734,98641597,95869222,93614303,92306657,12279950,11585685,12378348,11571518,66893028,62396822,83412263,78694791,12361075,11848347,11333219,10664270,84997972,86901687,92165367,95770184,11950974,11896894,11939341,11392271,38654273,38237110,39608188,43804392,12134091,11898888,12553938,11686923,35106379,37494371,37870320,45986193,11997081,11995874,12087496,11989844,
192,11413366,11904211,11805399,12230471,11299503,2028258,1773414,11110783,12403768,11402227,11771633,11620515,11967763,11726145,10516169,11504632,13129350,12025167,11965581,12100104,10752593,11266279,11005279,10660702,12633818,12745511,12215640,12685029,10997711,10148534,10946456,10273048,12136728,12256592,12387953,11894847,11024455,10409902,9814199,9622882,12368508,12617251,12614813,12251273,10798237,10164438,10932627,10361689,12403887,11396403,11583897,12698467,11361170,11010603,11626736,10956274,11045733,11551330,11517503,11483461,11005909,11254428,10921744,11718408,
193,10894319,11225477,11308010,11553313,9773214,1778816,1507987,10196004,11747995,10819658,11227821,11080504,10480888,10637884,9193343,10509978,11939287,10923825,10936370,11085934,9444879,9542096,9423364,9266279,11477449,11681756,11186740,11661179,9170299,8212123,8993833,8498099,11306456,11482102,11436919,10962609,9405180,8680696,8051715,8314672,11385515,11646993,11565014,11182687,9145249,8067091,9603196,9180616,11787473,10880659,11067779,12067355,10147602,9593288,10163258,9776567,10572000,10941225,10976538,10884759,9448197,10085702,9248058,11434512,
194,10458456,10389803,10789254,10830333,6837812,1488003,1153249,8146134,11242646,10395824,10770360,10535777,7545680,8261273,6562277,8291642,11153520,10381934,10365784,12053122,6872534,6503112,6535418,6646691,10936240,11128063,10717106,11156628,6065166,5138449,5789271,5567099,10637910,11010673,11012136,10541275,6501551,5778163,5193590,5916096,10858407,11206373,11044818,10636175,6181167,4902500,7037953,6820734,10963981,10318587,10498075,11355001,7588461,6797798,7262737,7375595,9998103,10172650,10417322,10239398,6549415,7604706,6280881,10785942,
195,9705611,8969272,9910855,9593894,3612361,1140850,753392,5081885,10406970,9637719,10008804,9588494,4049466,4894932,3434552,4991521,9896297,9523536,9444968,9861776,3834096,3363047,3435580,3607632,10084670,10206028,9929619,10325537,3044656,2437389,2816801,2764306,9531649,10219763,10334959,9836441,3329681,2839299,2462661,3108004,9939734,10495332,10150093,9678247,3138915,2278143,3891965,3874379,9684588,9407278,9555689,10089622,4332790,3637196,3934896,4224544,9112076,9006396,9556137,9241605,3451743,4427499,3266689,9363947,
196,7925562,6237621,7890021,7051826,1662276,766587,425340,2467305,8510688,7854158,8211927,7450356,1841844,2282245,1485918,2297875,7252161,7493592,7350894,8099542,1766470,1558683,1576730,1641700,8010729,8011591,8058199,8251382,1440183,1154575,1336844,1295094,7168600,8337969,8613158,8004853,1531418,1307199,1143308,1361404,7753109,8666707,7951404,7412273,1434956,1147141,1772978,1790620,7213293,7487226,7507643,7455351,2011617,1650590,1799564,1993392,7225192,6753750,7726939,7203964,1602374,2086644,1527333,6897132,
197,5313554,3376477,5091969,4127697,959394,427578,237074,1114040,5735045,5232497,5575445,4660606,1044033,1105620,809162,1063399,4106091,4637001,4516959,5277850,903965,926152,893685,887001,5071535,4999896,5257194,5322530,917632,787915,882802,818471,4297230,5588020,5949057,5302548,948994,844648,771189,731545,4862814,5880398,4962473,4496045,866945,846137,930109,900225,4276308,4842326,4750383,4268011,998198,895050,961371,980131,4605142,4008239,5117780,4515541,915539,1007702,910334,3822288,
198,2246565,1247894,2060516,1612807,819739,234696,171258,745940,2430259,2153230,2392970,1835691,889556,841423,684309,783783,1545492,1712620,1713119,2106137,702329,793502,752015,724921,1960016,1938474,2111704,2143019,812246,714443,793146,721641,1634624,2386153,2612805,2195259,827767,749692,694335,596746,1946224,2533696,1933754,1693092,752947,788436,741572,679896,1660484,1954152,1874732,1623221,768190,739147,780333,728999,1767738,1524958,2077460,1760209,770871,744494,779457,1638447,
199,945722,733055,943030,872620,789329,172337,148763,687508,1078662,929170,1044626,873638,857474,798833,657723,738799,806195,777843,811846,898335,661152,759872,720048,693272,899050,905320,916600,980863,785219,691081,764467,697458,810538,1068144,1117512,947368,794793,719573,668808,565483,911125,1114774,891088,795920,725534,765342,702963,635075,921723,910202,883000,854920,727083,707278,743103,683730,802092,819285,933165,860319,738711,694862,749806,900759,
200,600230,631039,661816,710818,766885,148146,131129,666767,720505,610466,660024,641805,833543,776594,638330,717069,682786,581541,617088,605643,639675,736744,696580,673508,666207,677094,624063,702884,762663,669790,741980,678490,627323,710676,683507,619901,773128,698505,646927,550203,657385,723526,655954,604812,705925,743491,680301,615610,752228,646597,643253,693133,706362,686817,717727,664840,571516,663089,634263,644262,718012,672889,726315,729592,
201,536851,602781,606442,675386,748453,131456,114690,650480,654437,549110,587117,594986,815600,755611,621385,698887,652870,547528,581143,559414,621632,715588,679992,656580,626308,638590,576983,658202,743945,652899,722542,660818,591314,645206,604370,564466,751558,678041,630240,535839,611212,657454,614715,571537,686013,724382,662065,599319,709993,592101,596194,655721,686230,668908,696884,647022,525787,625199,572442,596542,701097,653794,706705,689979,
202,509775,579135,582897,652368,725319,111028,92440,631738,627459,523815,559719,570150,788993,735279,601170,677204,627710,526449,561513,536895,600101,690618,657011,633969,603545,616545,555549,633470,720374,630378,694776,638184,566504,617743,578262,540321,725882,654688,607752,517380,587721,630097,591791,549050,665205,700801,639821,579323,682600,567868,571142,629859,664266,649902,673139,629286,498616,601518,542436,571350,677452,633205,685309,670907,
203,492357,561405,565746,634265,704124,91357,69763,615815,609941,508284,543366,553281,767404,713895,580799,657319,607973,510230,543273,519320,580209,667690,634992,613817,587869,599434,538030,617942,698655,609623,671898,620003,548025,601122,558429,525456,703398,633986,586066,501414,572301,613134,573667,532742,642821,677732,619729,562419,663301,550073,553860,610045,643794,629161,649431,613467,482049,583663,525545,555948,658545,612466,667243,653664,
204,472180,539068,544005,612783,682985,69928,47277,599991,589359,489689,524474,532297,743873,694127,560433,638496,583203,490388,525551,499958,558679,643504,612851,595949,566649,578567,516698,596066,674484,586997,646662,596922,526959,581636,540821,505520,677290,610987,565111,484678,550536,594885,553367,512560,620263,654721,598659,543777,640041,528710,534736,582841,624018,609633,627330,594880,461798,561770,504142,535056,637629,593013,644182,637692,
205,451920,513903,523378,591269,657841,46433,26980,579369,568449,469334,504289,512669,714693,670345,536411,612963,560697,471848,506900,479292,529553,613441,586116,570813,545371,557437,497358,575381,645873,559288,617835,572329,503927,562101,520074,485654,648199,581593,537080,463861,530490,572700,530650,492491,594369,625139,572570,521035,614727,510029,513902,555918,599874,583242,596362,574801,441557,538688,481260,513433,611033,567738,617332,620401,
206,427172,484841,498726,563432,624632,26734,16060,556480,544893,447029,480377,486258,678649,640743,507604,585089,530245,446366,481718,455433,506288,577467,553471,542096,521428,532131,475621,551263,613739,526262,580484,540693,475307,538477,498302,464042,612163,547819,503010,439249,505471,549453,505068,468200,561498,591232,542425,494576,584280,484916,489236,521794,570013,552957,560978,550921,414509,512964,454404,487847,578162,538908,585916,599946,
207,401976,454581,475960,535333,592492,16692,12261,531995,520148,422138,456964,460202,644512,608856,475852,555778,498414,423272,458700,431465,473574,540426,518567,511038,495748,507407,452623,527421,576600,488209,540424,508776,446878,515298,472728,440423,572001,508848,462503,412771,480809,528404,477699,442161,525775,552310,508749,467045,553422,458747,465946,487364,539757,521044,520981,526271,388001,484943,426330,462510,547223,505960,551969,580709,
208,367280,411585,441390,501301,547252,11879,10066,501057,487015,389700,425901,426187,596577,571302,427202,516112,452897,390457,427367,399142,428074,480507,472021,469330,462787,475269,420836,496783,527026,425966,477986,459942,404562,483784,443070,409441,517534,446500,391327,372922,445528,497126,440016,407961,472420,493834,463067,429337,513343,426095,433263,437621,496085,474253,458734,494574,350363,447128,388339,427487,500117,461829,503837,553586,
209,324699,354931,407181,464265,491321,10100,8736,467875,457025,351901,392789,383414,540087,528666,355965,471295,399546,351655,392273,360032,363791,397895,401977,409766,427967,441093,383824,465662,456608,336410,388158,390841,352527,453966,410798,372832,440181,356109,292966,315088,406543,468611,399187,368283,395591,410684,400845,380567,466597,388403,396803,374066,443055,411599,371949,457473,300812,402155,337535,388728,435973,404378,440700,527948,
210,247738,250813,342973,398831,391506,8603,7261,419349,408794,281385,337089,307866,441488,459723,242320,393652,296303,275880,327411,287808,258399,269789,289193,310200,367314,385685,321517,417210,339265,210397,254930,280442,257527,404655,355362,309276,311566,225370,168593,221510,338424,423612,321901,293698,272765,277972,295130,297629,384492,316510,335507,260566,352103,303640,242823,401338,210979,317847,247788,312162,327259,304245,329546,497956,
211,161449,149104,258820,311228,265010,7195,5811,347358,349087,193969,263646,214040,309476,356966,133984,281916,186505,186162,242857,199034,152002,152939,172212,194698,282807,308387,239188,353458,209362,110926,139801,167476,161202,338751,282325,226507,180736,118478,86004,127439,251395,367484,227693,203911,155641,158194,181444,198102,280799,227808,252103,151372,239692,186015,133322,319604,121667,216966,151729,220054,205877,193128,206994,461186,
212,76099,67668,146314,188969,152447,6070,4572,252877,243320,97046,158000,107934,181090,234932,70004,166341,86280,88551,133555,99803,80135,82917,93334,106323,164901,192355,131943,242729,114962,62266,76999,91014,76484,230205,175249,122592,96224,65889,51317,66712,140810,268074,116468,104221,84181,86779,97886,114773,152829,119748,141616,68691,139265,100510,72588,219226,52481,108013,69361,113254,113972,106481,114853,412477,
213,38900,39748,73955,103171,81964,4447,2954,148156,142141,47970,82733,54915,94630,124280,44282,83244,47647,44396,68090,49597,47772,54040,54483,59210,83823,102471,65236,140795,67243,46194,52861,54494,42099,131812,93031,61098,59820,46933,41128,38384,73597,165176,58401,52367,53019,57912,55181,61055,79552,60376,70979,41614,73140,57411,48491,123308,30322,56204,37587,56860,64731,58180,65783,333224,
214,25974,31929,39026,52766,55678,2874,1703,74131,63876,29666,40423,34365,62416,67090,38353,50686,36202,28956,36980,30364,37546,45744,43426,43453,42635,49199,34985,65004,52077,41359,46268,43821,30977,60717,44262,33402,50817,42843,38484,30657,40312,76242,35483,32025,44535,49730,41592,38969,46858,35630,37915,34184,48072,43978,42595,63312,24368,37183,28182,34858,48632,41974,48917,218000,
215,23521,30150,31704,40583,50341,1679,1057,46905,40179,25887,30070,30409,55443,52493,36318,43846,33683,26481,31003,26660,35038,43384,40314,39855,34282,36058,29176,41346,48815,39523,44523,41121,28952,39906,32262,28361,47495,40530,36706,28596,32411,44780,31381,27964,42233,47045,38882,33988,40598,30545,30789,32208,42418,40528,40339,43897,22759,33530,26079,30652,44723,38368,45208,120378,
216,22171,28581,29292,37602,48574,1153,838,39286,33662,24757,27513,28692,53640,49096,35050,41898,31947,25061,29627,25584,33629,41693,38949,38240,31953,32616,27280,35469,46839,37891,42509,39247,27248,34569,29122,26361,46180,39136,35083,27744,30542,36008,29623,26336,40816,45666,36980,31791,38283,28733,28857,30292,40224,39138,38700,38999,21413,31951,24595,28962,42786,36652,43220,64502,
217,21125,27170,28201,35593,46604,870,719,37218,32206,23392,26314,27247,51317,46841,33572,40231,30519,24048,27515,24140,32340,39777,37266,36849,30807,32057,26037,33773,44506,35880,40615,37646,25842,32874,27623,24867,44275,37574,33623,26333,28752,33619,28283,25325,39187,43958,35695,30716,36597,27497,27709,28698,38617,37909,36989,36753,20591,30307,23838,27661,41087,34754,41300,45055,
218,19848,25529,26729,33806,44734,720,605,35766,30459,22186,24681,26089,49346,45246,32291,38760,28959,22712,26661,22628,30501,37629,35374,35012,28906,29844,24864,31988,43243,34259,38583,36139,24200,30636,26065,23870,42197,35923,32033,25414,27183,31961,27184,23642,37190,41635,33944,29469,34518,26044,26202,26808,37156,35878,35356,35398,19291,28948,21754,26298,39292,33364,39952,40021,
219,18531,24416,25385,32549,42800,552,476,34449,29149,21261,23412,24746,47161,43724,30756,36594,27365,21812,24907,21646,29141,35724,33755,34075,28145,28609,23439,30621,40875,32894,36926,34708,22941,29747,25023,22757,40250,33915,30427,24023,26255,30818,25532,22753,35238,40000,32870,28170,33161,24677,25030,25408,35365,34558,33397,34324,17832,27441,20573,25280,37442,32106,38008,37572,
220,17111,22523,23688,30664,40744,505,404,33135,27734,19601,22117,23108,45141,41408,29315,35381,25461,20215,23559,20253,27712,34138,31989,32384,26348,26855,22307,29167,39414,31051,35121,32992,21496,28087,23612,21016,38638,32184,28768,23088,24740,29246,23991,21321,33711,38417,30895,27142,30993,23422,23342,23232,33623,32829,31438,32786,16624,25854,19276,23368,35610,30312,36520,36293,
221,15901,20625,22351,28906,38929,415,305,31808,26337,18405,20784,21655,42747,40159,27415,34104,23745,18602,22639,18858,26305,31812,30259,30739,24699,25621,21067,27708,37742,29449,33086,31723,19817,26760,22389,20180,36297,30212,26996,21635,23107,27445,22318,19941,31914,36091,29288,25668,29243,21994,22086,21336,32319,30951,29447,31634,15287,24297,17665,22139,34061,28774,34494,35162,
222,14298,18594,20622,26850,36401,271,191,30321,24321,16713,19383,19494,40996,37672,25665,31657,21336,17259,20685,17073,24290,29753,28361,28587,22939,23780,19081,25988,35163,27285,30426,29450,17556,24803,20316,18384,33569,27984,24634,19919,20964,26014,20229,18012,29576,33795,27322,23815,26989,19927,20388,18710,30214,28970,27039,29941,13326,22081,15674,20314,32182,26918,32101,33886,
223,12049,16203,19057,25390,34725,190,119,29224,22820,14781,17677,17906,38799,35408,23558,29997,18922,15512,19026,15572,22364,27149,26135,26692,21418,22477,17523,24652,32683,24934,27824,27650,15137,23621,18946,16872,30944,25581,21925,18861,19071,24710,18286,16211,27396,31294,25481,22414,24705,18280,18816,15644,28234,27017,24573,28551,10883,20323,13108,18477,30302,24926,30416,32158,
224,8251,10939,16121,22155,30436,110,74,26064,20570,11163,14929,13680,34066,32493,18554,26304,13768,11620,15958,11841,18278,22056,21956,23422,18475,19300,14317,22016,28118,18677,22155,23267,10189,21003,16256,13674,26158,19713,15307,15418,16211,22390,14789,12903,22570,26403,21401,19188,20607,14600,15629,9636,24892,22920,18066,25796,6306,15534,8205,14795,25871,20881,26086,29612,
225,5286,6890,12711,18847,27127,66,52,24541,18482,7718,12535,9995,30801,29855,14328,23800,9244,8075,12802,8286,14267,16995,18432,19570,15221,16836,11285,19594,24106,13811,16974,19517,6534,18623,13587,10405,21217,14021,9908,12174,12641,20365,10876,9570,17826,21646,17408,16688,16475,10933,12867,5618,21532,19188,13063,24077,3489,11769,4812,11044,21896,17330,22615,28330,
226,2571,3459,8159,14222,22034,37,34,22270,15349,4002,8407,5659,25475,26507,8771,19288,4595,4207,8246,4427,9236,10695,12176,14406,10413,12628,6996,16062,18125,8158,10385,14190,3365,14905,9398,5822,14432,8088,5382,7966,8123,17165,5976,5180,11583,14589,12222,12841,10685,6493,8339,2792,17096,13447,7702,21241,1750,6693,2332,6414,16251,12235,16718,26414,
227,1580,2194,4786,9476,15954,43,33,19465,11505,2249,5064,3063,19275,21958,4815,14328,2655,2317,4822,2390,5402,6210,7580,9357,6360,8383,3905,12066,11860,4807,6188,8789,2046,10713,5889,3432,8591,4681,3258,4574,4792,13371,3284,2937,6786,9069,7410,8862,6509,3600,4909,1995,12076,8316,4273,18288,1233,3804,1552,3561,10577,7554,11267,24832,
228,1184,1670,2599,5283,10303,33,27,16263,6690,1454,2616,1962,12855,16521,3194,8932,2044,1497,2680,1588,3256,3899,4627,5627,3288,4515,2123,7329,7170,3236,3884,5123,1591,6076,2989,1899,5120,3212,2517,2853,2639,8657,2041,1816,4254,5331,4484,5527,3560,2142,2547,1604,7498,4776,3023,14749,1105,2281,1312,2005,6365,4567,6713,22807,
229,1020,1571,1778,3305,5987,32,21,11591,3787,1335,1746,1668,7199,10159,2396,5031,1809,1313,1890,1399,2293,3070,3045,3301,2185,2634,1624,4193,4428,2695,3010,3256,1451,3401,1880,1481,3598,2683,2316,1879,1878,4902,1586,1401,2984,3666,2930,3231,2614,1636,1836,1552,4462,3221,2448,10028,1076,1899,1289,1748,3853,2833,4199,20242,
230,1013,1431,1601,2307,3876,27,22,6881,2292,1206,1390,1556,4430,5761,2218,3167,1731,1252,1662,1253,2077,2692,2518,2654,1826,1959,1417,2458,3504,2476,2761,2750,1402,2109,1587,1409,3257,2527,2195,1569,1649,2782,1556,1394,2753,3318,2381,2184,2274,1585,1612,1449,2950,2668,2393,5713,991,1767,1198,1535,3273,2283,3238,15954,
231,994,1401,1532,2121,3404,17,11,3975,1877,1138,1305,1432,3898,3786,2125,2668,1627,1196,1571,1246,1927,2482,2388,2313,1723,1729,1362,2092,3167,2294,2689,2524,1196,1896,1476,1294,3057,2387,2067,1518,1532,2149,1457,1204,2552,3071,2213,1951,2163,1525,1460,1385,2592,2431,2239,3372,906,1607,1026,1464,2793,2240,2826,11025,
232,880,1284,1383,2058,3197,10,9,2825,1652,1083,1268,1367,3542,3354,2017,2537,1498,1128,1469,1149,1839,2429,2286,2273,1640,1692,1217,1929,3020,2212,2448,2495,1167,1836,1423,1258,2890,2238,2029,1482,1544,1829,1410,1182,2459,2917,2121,1730,1988,1433,1352,1346,2498,2342,2044,2566,862,1516,1005,1336,2654,2109,2806,6549,
233,833,1250,1315,1976,3104,8,7,2286,1707,1013,1231,1334,3460,3113,1898,2450,1490,1076,1354,1081,1757,2277,2185,2198,1485,1548,1169,1824,2927,2088,2429,2294,1106,1687,1247,1113,2737,2084,1868,1300,1454,1805,1307,1138,2321,3010,2076,1563,1799,1304,1333,1221,2388,2312,2034,2287,722,1526,945,1352,2482,1929,2568,3910,
234,739,1160,1225,1831,2879,7,8,2088,1548,896,1081,1160,3115,2946,1814,2206,1370,1030,1282,896,1602,2146,2034,2042,1450,1562,1144,1744,2676,2065,2209,2251,1067,1589,1196,1055,2680,2009,1768,1266,1197,1687,1280,1028,2049,2693,1960,1517,1737,1179,1252,1077,2134,2142,1891,2154,735,1502,823,1166,2478,1781,2448,2716,
235,675,991,1101,1630,2781,3,3,2043,1439,890,1072,1086,3065,2881,1759,2154,1222,920,1214,929,1540,2008,1898,1975,1351,1433,1038,1554,2577,1917,2143,2047,977,1482,1151,1011,2489,1984,1696,1226,1208,1660,1093,986,2022,2547,1777,1522,1645,1100,1150,974,2099,1997,1774,2059,639,1340,812,1130,2336,1884,2330,2347,
236,564,889,1024,1634,2602,1,1,1960,1381,727,919,986,2953,2685,1568,2159,1060,802,1115,827,1474,1911,1852,1875,1275,1286,951,1549,2518,1814,1937,1854,846,1435,988,907,2355,1780,1518,1183,1059,1572,1026,874,2007,2411,1705,1388,1561,1015,1075,838,1956,1927,1678,1993,523,1150,671,1008,2239,1647,2254,2304,
237,464,743,982,1495,2528,2,2,1939,1277,656,874,919,2772,2537,1510,2019,940,685,1016,746,1413,1727,1629,1749,1182,1162,882,1399,2311,1623,1873,1879,708,1351,939,781,2179,1619,1382,1092,951,1436,929,780,1813,2225,1614,1357,1444,953,996,658,1834,1865,1451,1886,408,1047,502,917,2025,1550,2108,2106,
238,324,545,842,1311,2330,3,2,1829,1203,509,741,771,2746,2401,1359,1848,714,571,867,581,1165,1705,1592,1634,1067,1038,725,1279,2114,1473,1745,1763,496,1186,895,633,2004,1556,1213,974,878,1343,758,662,1622,2122,1486,1219,1245,775,841,440,1777,1594,1374,1698,242,878,301,785,1850,1476,1938,2016,
239,207,394,751,1191,2204,3,2,1773,1060,356,648,572,2482,2328,1191,1712,533,434,753,423,1082,1395,1349,1515,920,915,650,1163,2002,1316,1484,1668,334,1125,749,521,1838,1245,1022,819,751,1231,560,469,1476,1940,1337,1147,1019,615,720,253,1595,1491,1111,1598,142,696,188,676,1710,1285,1820,2009,
240,114,197,488,1001,2019,0,0,1633,946,189,476,321,2207,2215,984,1603,300,231,495,224,873,1120,1196,1348,695,841,431,1097,1757,990,1164,1376,179,964,582,294,1541,942,702,733,503,1099,321,307,1215,1728,1084,1035,827,419,515,117,1447,1349,822,1599,74,465,108,424,1558,1077,1556,1843,
241,67,121,356,800,1824,1,1,1498,795,125,360,175,2135,1974,724,1371,172,142,355,135,704,877,1036,1186,484,635,273,851,1581,648,963,1156,123,787,344,199,1258,705,419,589,349,933,212,173,983,1385,948,865,536,234,286,91,1272,1038,531,1476,48,301,79,253,1352,885,1373,1647,
242,56,94,185,513,1473,1,1,1436,566,98,188,143,1683,1754,476,1146,125,107,205,81,445,593,736,865,239,410,134,726,1237,427,602,922,90,530,231,132,888,464,273,384,174,790,126,108,717,1048,667,695,280,153,199,101,965,751,324,1306,60,164,57,143,1044,642,1120,1687,
243,35,84,96,342,1197,0,0,1259,401,73,109,96,1414,1558,250,956,91,72,110,64,268,354,426,575,178,236,112,438,870,277,348,597,67,350,133,92,534,247,183,221,126,537,84,75,445,601,429,531,175,113,115,92,745,498,229,1184,45,121,64,118,680,397,742,1556,
244,40,73,109,205,833,0,0,1056,231,57,82,101,1008,1308,197,678,85,74,94,62,156,222,268,340,137,132,83,244,584,222,249,348,71,190,98,84,318,195,157,156,108,289,90,63,279,432,290,363,148,99,111,80,551,290,173,1030,31,96,45,87,447,258,492,1394,
245,47,93,86,129,517,0,0,901,134,49,92,106,678,968,168,410,91,56,86,52,144,178,197,216,96,131,77,163,338,152,207,238,77,135,88,74,233,180,143,113,96,192,88,65,212,265,206,210,131,74,82,62,328,207,153,800,44,92,60,85,244,162,314,1328,
246,38,69,77,124,292,1,1,660,99,76,83,63,421,556,119,242,75,61,97,56,129,179,153,186,102,109,51,129,251,162,177,151,62,111,92,52,204,184,120,104,73,132,85,64,169,242,174,139,135,89,78,65,189,164,116,525,38,70,53,79,222,140,225,1164,
247,35,61,81,159,221,0,0,436,88,59,61,69,283,356,130,200,75,55,78,52,118,183,150,166,89,93,69,114,220,125,171,164,61,112,78,53,210,155,122,90,78,121,72,60,160,204,145,114,136,61,72,57,139,167,147,331,34,96,40,66,177,120,191,901,
248,37,67,68,121,217,0,0,267,108,46,60,73,269,244,117,161,72,45,71,49,104,150,150,163,89,86,65,99,228,163,138,158,48,105,63,54,201,128,150,74,75,112,72,66,171,217,120,100,117,62,57,54,133,152,130,199,31,97,42,64,182,134,179,647,
249,31,50,66,109,240,1,1,173,65,54,49,53,262,230,119,141,73,60,70,50,103,138,116,157,79,70,54,110,195,136,143,165,46,98,71,47,201,130,116,80,72,108,60,55,157,195,126,81,112,60,75,59,160,144,117,181,28,78,41,58,199,124,176,465,
250,28,58,53,88,189,0,0,157,79,33,47,58,213,221,110,157,69,41,69,51,97,123,120,112,76,95,58,93,178,125,163,145,46,81,57,56,187,141,108,59,62,87,51,38,131,184,129,89,92,55,58,42,153,139,113,131,18,58,27,62,154,112,176,285,
251,14,39,51,97,209,1,0,169,79,48,34,47,199,208,93,167,54,41,66,41,89,128,114,123,60,78,47,77,158,117,142,126,33,83,47,45,143,114,106,75,57,93,42,38,150,159,108,90,74,58,50,18,154,117,111,152,18,73,18,49,148,106,153,174,
252,10,28,39,79,184,0,0,122,58,29,47,41,205,208,82,125,35,32,55,24,86,128,106,96,59,65,52,87,154,107,149,131,26,74,44,45,136,112,96,43,37,79,45,37,132,200,108,87,84,37,55,19,128,103,99,129,10,55,17,46,161,100,123,192,
253,7,20,47,86,162,0,0,119,63,14,40,27,173,179,78,136,29,18,38,24,83,117,101,129,50,57,41,79,161,88,119,112,12,67,26,23,142,81,83,46,40,86,32,21,106,161,96,67,64,31,46,11,115,119,90,121,3,43,6,36,136,103,143,141,
254,6,9,30,86,169,0,0,123,60,9,21,20,191,179,69,106,12,15,32,14,63,101,106,94,32,57,23,73,124,93,119,106,7,66,42,13,110,89,79,45,22,69,21,16,120,155,85,64,49,29,47,2,108,107,58,118,3,29,1,23,131,74,128,144,
255,4,7,23,37,159,0,0,115,59,2,23,11,177,143,75,114,19,8,26,7,65,82,78,83,45,49,12,50,153,65,83,94,6,48,17,11,124,72,48,45,20,65,15,6,91,133,74,67,32,13,24,7,68,102,62,122,0,14,2,12,115,60,135,129,
256,1,3,16,48,140,0,0,99,44,3,19,12,168,140,41,96,5,4,17,3,40,45,71,68,26,38,10,58,107,54,54,94,5,40,14,11,86,43,25,34,16,52,12,11,64,100,57,41,19,9,19,10,80,77,28,107,1,12,3,6,80,49,107,137,
257,5,3,10,37,115,0,0,93,30,4,6,7,155,131,33,77,6,2,11,3,30,31,48,72,13,25,3,42,95,28,39,56,3,41,10,8,59,29,20,24,6,64,7,4,35,89,36,36,20,3,5,10,75,56,14,83,3,5,3,8,66,45,94,121,
258,5,3,6,21,87,0,0,79,32,5,8,5,128,115,19,48,8,1,7,3,18,16,38,36,11,11,6,36,67,16,21,40,1,21,9,5,42,23,13,12,9,38,12,4,32,49,24,32,16,5,5,5,53,36,13,76,1,7,3,6,64,25,57,91,
259,0,4,5,14,72,0,0,81,10,5,6,3,86,109,10,58,3,4,7,6,6,17,24,37,6,11,9,15,41,20,16,15,3,10,3,6,16,14,12,11,4,17,2,5,16,31,16,20,12,11,7,4,43,16,5,59,3,13,2,5,33,17,45,93,
260,0,2,5,12,52,0,0,77,9,0,5,5,65,77,12,26,3,2,6,1,6,7,13,18,7,7,5,5,33,6,11,17,6,5,6,5,16,17,8,8,3,11,7,4,22,24,14,13,6,8,4,6,19,13,8,67,4,5,1,14,22,10,19,91,
261,6,3,4,11,26,0,0,53,4,5,1,13,53,69,8,19,2,1,2,1,12,9,12,19,4,10,8,9,20,19,17,16,5,9,5,3,19,9,13,9,7,10,7,2,13,15,9,12,11,5,5,4,15,12,10,41,0,3,0,5,23,17,16,91,
262,1,3,0,8,19,0,0,43,6,5,3,3,21,45,10,13,8,2,6,2,5,8,12,17,4,9,6,7,20,9,15,7,0,8,2,5,16,9,9,5,3,12,6,3,8,19,5,6,7,4,7,2,7,20,10,28,1,7,2,10,19,7,14,79,
263,1,1,2,9,24,0,0,26,3,4,3,5,15,22,7,11,7,1,4,1,8,8,9,11,4,3,2,6,14,7,11,15,4,11,3,4,10,11,9,1,4,2,2,4,10,17,7,5,10,3,4,0,14,8,9,18,0,4,1,2,13,4,15,58,
264,2,4,2,6,21,0,0,23,4,6,0,2,20,19,7,16,3,2,2,2,2,6,13,11,2,5,3,7,15,8,6,10,0,11,1,2,13,8,8,8,3,8,3,2,11,19,8,4,10,1,5,1,8,14,7,14,2,4,2,3,12,5,12,48,
265,0,2,4,9,18,0,0,15,11,2,2,2,13,13,6,10,4,5,2,1,3,6,5,5,3,7,5,3,10,15,10,5,4,6,4,6,7,9,8,5,3,6,0,3,6,10,4,5,8,1,2,1,12,3,3,10,2,3,0,7,19,8,13,32,
266,0,2,4,5,15,0,0,7,4,2,4,4,17,11,4,10,3,3,4,1,3,7,3,5,6,2,1,12,18,4,9,11,2,8,1,3,17,7,6,3,3,3,2,1,11,12,5,3,4,3,4,1,5,11,4,6,0,3,1,1,16,6,13,26,
267,0,1,1,9,10,0,0,9,1,1,3,4,12,15,4,10,3,1,2,0,5,9,8,6,3,3,2,4,11,5,13,10,0,5,1,2,15,10,5,5,3,2,2,1,7,13,4,2,2,1,2,1,4,9,10,10,0,3,2,3,8,9,8,17,
268,0,1,1,2,5,0,0,5,1,1,1,1,14,7,0,7,1,0,2,2,8,5,3,9,3,4,2,5,9,6,8,6,1,4,2,3,11,5,6,2,2,6,2,0,6,13,13,5,2,1,2,0,9,4,5,7,0,2,0,2,7,6,14,10,
269,0,0,0,5,10,0,0,9,1,0,1,1,14,12,2,10,0,0,1,0,4,5,7,6,3,6,2,5,13,4,9,8,0,5,0,0,10,5,6,1,0,6,3,0,7,9,5,4,1,1,3,0,5,5,4,11,0,3,0,1,10,3,10,11,
270,0,0,3,4,17,0,0,6,2,0,4,0,13,14,4,14,0,0,4,0,9,4,4,3,0,3,0,4,8,3,8,6,1,3,1,0,6,3,1,4,0,4,1,1,11,12,11,4,3,0,0,0,6,7,0,9,0,0,0,0,11,8,7,11,
271,0,0,0,3,9,0,0,2,0,0,1,1,11,17,3,6,0,1,1,0,3,5,4,4,2,2,0,4,9,2,5,8,0,2,0,0,3,4,0,0,1,1,1,0,2,7,7,8,1,0,1,0,7,5,1,4,0,0,0,1,7,1,9,5,
272,1,0,0,2,10,0,0,7,3,0,0,1,17,10,0,5,1,0,1,0,1,3,4,3,0,1,0,4,10,1,0,8,0,1,0,0,3,1,0,4,0,5,1,0,2,5,2,1,0,1,1,0,1,2,1,5,0,0,0,1,4,4,6,4,
273,0,0,0,1,10,0,0,8,0,1,0,0,7,15,1,7,0,0,0,0,2,0,4,4,0,0,0,3,10,1,1,3,0,0,0,0,3,0,1,0,1,3,0,1,5,3,3,1,0,1,0,0,4,3,1,9,0,0,0,0,5,1,7,10,
274,1,0,1,2,2,0,0,4,0,0,0,0,10,11,2,3,0,0,1,0,1,1,0,2,0,0,0,0,3,1,3,3,0,0,0,0,1,1,0,0,0,0,0,1,1,5,1,3,1,0,0,0,4,1,0,12,0,1,0,0,2,1,2,13,
275,0,0,0,0,1,0,0,2,0,0,0,2,6,4,1,2,0,0,1,0,2,1,1,1,0,0,1,0,2,0,2,2,0,0,0,0,0,0,0,0,0,0,0,0,1,2,2,1,0,0,0,0,2,2,0,4,0,0,0,0,3,2,2,5,
276,0,0,0,0,6,0,0,2,0,1,0,0,5,4,1,0,0,0,0,0,0,1,0,1,0,0,0,0,1,0,1,1,0,0,0,0,1,0,2,2,0,0,0,2,1,1,0,1,0,0,0,1,0,0,0,6,0,0,0,0,2,2,1,5,
277,0,1,0,2,2,0,0,2,0,0,0,1,6,3,1,2,1,0,0,0,0,2,0,1,0,0,0,2,2,2,0,0,0,0,0,0,1,0,2,1,0,0,0,0,0,0,1,1,0,0,1,0,2,1,1,3,0,0,0,0,0,3,4,6,
278,0,1,1,1,1,0,0,4,0,0,0,0,3,2,1,0,0,0,0,0,1,1,0,0,0,0,0,0,2,1,0,1,0,0,1,0,2,3,1,0,0,0,0,0,1,1,1,0,0,0,1,0,0,0,0,1,0,1,0,1,1,1,4,10,
279,0,0,1,0,0,0,0,3,1,1,0,2,1,1,1,0,0,0,1,0,0,1,0,1,0,0,0,0,0,1,0,0,0,0,0,0,1,0,0,0,2,0,0,1,0,1,0,1,0,0,0,0,0,0,0,6,0,0,0,0,0,0,2,4,
280,0,0,0,0,0,0,0,1,0,0,0,0,1,2,1,0,0,0,1,0,0,0,0,1,0,0,0,0,1,1,1,0,0,1,0,0,3,0,0,0,1,0,0,0,0,2,1,0,0,0,0,0,0,1,3,1,0,0,0,0,1,2,0,3,
281,0,0,0,0,1,0,0,1,0,0,0,1,0,1,0,1,0,0,0,0,0,0,0,0,0,1,0,2,1,1,0,0,0,0,0,1,1,1,1,0,0,1,0,0,0,0,1,0,1,0,0,0,0,1,1,3,0,0,0,0,0,0,1,4,
282,0,2,1,1,1,0,0,0,0,0,0,0,1,1,0,1,0,0,0,0,0,0,0,0,1,0,0,1,2,0,0,1,0,0,0,0,1,0,1,0,0,1,0,0,0,2,0,0,0,1,0,0,0,1,0,0,0,0,0,1,1,0,1,4,
283,0,0,0,0,5,0,0,1,0,0,0,0,1,2,0,1,0,0,0,0,0,0,0,0,0,0,0,1,0,0,1,0,0,0,0,0,0,1,2,0,0,0,0,0,1,1,1,1,0,0,0,0,1,2,0,3,0,1,1,0,0,1,0,0,
284,0,0,0,0,1,0,0,1,2,0,0,0,1,0,0,0,0,0,0,0,0,0,0,1,0,1,0,2,1,0,0,0,0,0,0,0,1,1,1,0,0,0,0,0,0,0,2,0,1,0,0,0,0,0,0,0,0,0,0,0,0,0,1,0,
285,0,0,0,0,2,0,0,0,1,0,0,0,2,0,0,1,0,0,0,0,1,0,0,0,0,0,0,0,2,2,0,0,0,0,0,0,1,0,0,1,0,0,0,0,0,1,1,0,0,0,0,0,0,0,0,0,0,0,0,0,1,0,1,2,
286,0,0,0,0,0,0,0,2,0,0,0,0,0,0,0,0,0,0,0,0,0,0,0,0,0,0,0,0,1,0,0,0,0,0,0,0,0,0,0,0,0,2,0,0,0,0,0,1,0,1,0,0,0,0,0,0,0,0,0,0,0,1,0,1,
287,0,0,0,0,0,0,0,2,0,0,0,0,3,0,0,0,0,0,0,0,0,0,0,0,0,0,0,0,1,0,0,2,0,1,0,0,1,0,0,0,0,0,0,0,0,0,0,1,0,0,0,0,0,0,0,0,0,0,0,0,0,0,0,0,
288,0,0,0,0,0,0,0,1,0,0,0,0,1,0,0,0,0,0,0,0,0,0,0,2,0,0,0,0,1,0,0,0,0,0,0,0,0,0,0,0,0,0,0,0,0,1,0,0,0,0,0,0,0,0,0,0,0,0,0,0,0,0,0,0,
289,0,0,0,0,3,0,0,0,0,0,0,0,0,2,1,0,0,0,0,0,0,0,0,0,0,0,0,0,0,0,0,0,0,0,0,0,0,0,0,0,0,0,0,0,0,0,1,0,0,0,0,0,0,0,0,0,0,0,0,0,0,0,0,0,
290,0,0,0,0,0,0,0,2,0,0,0,0,0,0,1,0,0,0,0,0,0,0,0,0,0,0,0,0,0,0,0,0,0,0,0,0,0,0,0,0,0,0,0,0,1,0,0,0,0,0,0,0,0,0,0,0,0,0,0,0,0,0,0,0,
291,0,0,0,0,0,0,0,0,0,0,0,0,0,1,0,0,0,0,0,0,0,0,0,0,0,0,0,0,0,0,1,0,0,0,0,0,0,0,0,0,0,0,0,0,0,2,0,0,0,0,0,0,0,0,0,0,0,0,0,0,0,0,0,1,
292,0,0,0,0,0,0,0,0,0,0,0,0,0,0,0,0,0,0,0,0,0,0,0,0,0,0,0,0,1,1,0,0,0,0,0,0,0,0,0,0,0,0,0,0,0,0,0,0,0,0,0,0,0,0,0,0,0,0,0,0,0,0,0,1,
293,0,0,0,0,0,0,0,0,0,0,0,0,1,0,0,0,0,0,0,0,0,0,0,0,0,0,0,0,0,0,1,0,0,0,0,0,0,0,0,0,0,0,0,0,0,0,0,0,0,0,0,0,0,0,0,0,0,0,0,0,1,0,0,0,
294,0,0,0,0,0,0,0,0,0,0,0,0,1,0,1,0,0,0,0,0,1,0,0,0,0,0,0,0,0,0,0,0,0,0,0,0,0,0,0,0,0,0,0,0,0,0,0,0,0,0,0,0,0,0,0,0,0,0,0,0,0,0,0,0,
295,0,0,0,0,0,0,0,0,0,0,0,0,0,1,0,0,0,0,0,0,0,0,0,0,0,0,0,0,0,0,0,0,0,0,0,0,0,0,0,0,0,0,0,0,0,0,0,0,0,0,0,0,0,0,0,0,0,0,0,0,0,0,0,0,
296,0,0,0,0,0,0,0,0,0,0,0,0,0,0,0,0,0,0,0,0,0,0,0,0,0,0,0,0,0,0,0,0,0,0,0,0,0,0,0,0,0,0,0,0,0,0,0,0,0,0,0,0,0,0,0,0,0,0,0,0,0,0,0,0,
297,0,0,0,0,0,0,0,0,0,0,0,0,0,0,0,0,0,0,0,0,0,0,0,0,0,0,0,0,0,0,0,0,0,0,0,0,0,0,0,0,0,0,0,0,0,0,0,0,0,0,0,0,0,0,0,0,0,0,0,0,0,0,0,0,
298,0,0,0,0,0,0,0,0,0,0,0,0,1,0,0,0,0,0,0,0,0,0,0,0,0,0,0,0,0,0,1,0,0,0,0,0,0,0,0,0,0,0,0,0,0,0,0,0,0,0,0,0,0,0,0,0,0,0,0,0,0,0,0,0,
299,0,0,0,0,1,0,0,1,0,0,0,0,0,0,0,0,0,0,0,0,0,0,0,0,0,0,0,0,0,0,0,0,0,0,0,0,0,0,0,0,0,0,0,0,0,0,0,0,0,0,0,0,0,0,0,0,0,0,0,0,0,0,0,0,
