165,263499,263368,251623,300103,350166,199848,230762,642292,299717,217302,274484,230216,387384,352462,247485,299448,290233,262866,239617,293811,345436,350724,371968,284872,304236,297439,281862,281817,354206,285418,310577,269288,260174,252224,283573,247146,394679,303559,265753,403707,277791,259642,288711,304861,335201,306896,338199,644020,323098,224924,265565,274274,352308,322529,365196,630336,211037,239850,256331,257710,337590,332338,348808,330747,
166,278412,278363,267015,319014,464130,243730,305311,1112334,319330,230871,291816,243582,476713,452426,268192,351244,287767,255893,241582,286197,464501,412052,527613,355573,297321,315025,286662,299348,438767,321927,374308,325073,275100,267706,301653,250551,498924,332970,286359,691981,286572,271748,285004,312752,402079,385106,428113,1073057,345173,238427,282277,290408,454900,377361,397023,1054834,224746,255887,272725,273522,431373,399546,476076,516260,
167,290871,293478,281953,337684,776526,322691,457841,1637103,343081,241157,308948,257701,755885,750837,319034,507080,285522,261280,252325,289381,748838,591213,891394,562119,309033,334227,300976,318420,692546,440303,570700,496030,290049,281667,318669,261305,771722,431458,342129,1035445,300416,285951,294393,327406,603479,621895,656094,1462625,364466,251862,296639,305878,723554,549650,468335,1444053,237645,268422,287554,288411,689947,589708,787830,851938,
168,308142,310933,298819,360880,1327211,501378,715004,2138152,391755,255857,328564,272137,1372026,1365385,496232,924068,300173,274368,266194,304381,1207230,1004695,1386265,960558,324154,373890,315581,352125,1192512,755085,998336,879784,306674,300006,338542,274391,1265691,729061,533535,1222570,319009,307384,308411,346774,1044471,1090308,1101213,1644791,387417,265000,319410,323247,1237279,957832,692119,1740904,251129,285613,303720,304437,1171961,1003569,1264152,1221057,
169,327718,330517,320696,398368,1982818,780392,970395,2023445,502487,269603,366009,288021,2212406,2184088,926007,1591155,316838,290794,285185,321317,1604414,1520286,1734233,1353291,346374,472061,340649,432776,1694308,1224298,1480429,1319045,324058,330498,374197,290682,1712994,1221253,934205,1272514,342140,352908,327061,377712,1545103,1553205,1565691,1649194,416733,281908,364915,340619,1821894,1485302,1192835,1684599,264906,300237,318739,334567,1678963,1519560,1674746,1453931,
170,371976,369574,388286,548380,2370180,1021711,1138580,1711387,832938,297721,488893,320507,2806378,2544123,1658438,2290811,347556,324437,340521,352042,1803010,1891255,1852301,1551766,406693,802818,413729,701777,1936372,1623387,1785631,1604818,353506,446214,493823,325247,1880452,1631212,1377013,1277977,405667,510467,369724,470306,1828261,1725865,1796122,1641434,501632,313516,514596,370446,2297226,2019234,1926863,1530523,290169,333949,344651,434040,2023534,1946445,1838389,1511099,
171,471137,476830,558430,886765,2073006,1164853,1301971,1645840,1294218,353883,758140,406541,2439822,2144060,2090748,2122208,414710,407210,495291,421950,1788720,1951509,1854493,1577766,566088,1354604,601573,1178056,1906506,1691322,1786110,1615674,421318,717734,767502,407568,1878306,1732231,1549019,1284977,572419,851150,476996,699075,1825286,1694894,1777568,1647248,732336,390091,815918,434785,2126347,2131179,2545549,1511456,346858,424674,394092,671108,1920519,2004099,1765848,1483175,
172,792161,848833,1010598,1507043,1857345,1313791,1656029,1668770,1718021,567212,1295010,699534,2124060,1884940,1854055,1812834,699036,713511,966004,684872,1778092,1925859,1871212,1590976,1076672,2194881,1125908,1891109,1886096,1642778,1757660,1590334,677852,1258068,1344489,695276,1895031,1746879,1579994,1299120,1035571,1458270,836803,1280072,1810366,1701238,1768413,1666754,1326178,659261,1353754,668323,1906145,1902881,2595068,1531827,541283,744017,575502,1159306,1816554,1901223,1744550,1485354,
173,1277682,1402944,1513592,1936402,1859547,1787790,2900177,1750444,1852361,955533,1713391,1140960,2096092,1877192,1596758,1750912,1292191,1267036,1634386,1215290,1798095,1940309,1903268,1622270,1842816,2604015,1800544,2387959,1926435,1648138,1780750,1612870,1148555,1723003,1871429,1171282,1943032,1778731,1613613,1329198,1610269,2011834,1405371,1960963,1833952,1759587,1797615,1710553,1923506,1091789,1719082,1115630,1869278,1795144,2300200,1578446,903329,1207540,949525,1544833,1824491,1881508,1782022,1506418,
174,1822788,1971097,1857056,1990527,2620026,4274851,6519730,2675174,1870497,1462051,1904302,1577620,2971950,2779282,2615920,2465578,2318268,2109732,2177784,2135239,2340456,2526693,2402841,2391197,2605943,2232494,2481054,2139602,2522107,2135882,2327067,2236662,1767411,1909655,2240355,1819826,2851051,2631505,2591361,2304579,2203419,2170595,2202325,2664546,2432964,2648096,2803487,2691507,2193615,1564925,1760161,1721112,2462863,2316181,2744984,2295899,1377443,1612499,1529822,1669378,2455118,2434142,2516663,2182173,
175,1979068,2037277,1832495,1972669,128482964,121529994,119073460,172696897,1919523,1672793,1902035,1698486,156869202,161198205,232769647,140586351,2525774,2209236,1952688,2519157,125861403,132330726,157254347,174163537,2438733,1990983,2329720,1906600,153761112,104342314,120199972,137537395,2014726,1863009,2125303,2065679,189324597,182344189,199899953,214609554,2166346,1968959,2394076,2521737,140147628,194161172,237140433,216210039,2196619,1662838,1729106,1956449,122799508,111489540,125279255,150277373,1573184,1707584,1805655,1671331,132979933,124187118,156333106,158992204,
176,1928232,2014425,1842614,2136739,228011836,183831162,185876440,241458776,2048369,1701638,1966056,1715561,222911989,235712006,246815522,222738621,2133526,1873502,1723809,2224295,197390694,208120734,223715566,262354841,2119345,1968259,2048043,1874242,192975351,183798424,183504508,200803083,2072232,1954748,2071492,1942819,343529165,202053385,216195224,228626450,2058488,1917540,2161718,2252703,205223043,227051312,242275853,248785435,2281232,1646707,1762283,1925751,219068004,190138595,197363527,238750996,1623309,1766657,1856049,1714638,220482386,204557799,231703979,226469256,
177,1980921,2227880,2029070,2525220,294571489,245783351,249356817,288798188,2262428,1797244,2166853,1861496,271996267,286401624,244703876,255933399,2025525,1780036,1737538,2064692,205137766,224353148,222730333,287782000,2079869,2132358,2021209,2007118,212251044,185567491,182023691,193311550,2250645,2224392,2195626,1923564,170809128,165269828,172231358,177942557,2135294,2047114,2101652,2219600,189194638,177199579,215010945,210756692,2576700,1742327,1910323,1946005,292585204,256914171,249579617,431376020,1674591,1911439,1906073,1846641,268824507,249090444,255553155,249528498,
178,4563976,5020881,4715195,5583467,339342978,293870391,312133868,342537226,6722157,4780779,4774399,4710592,336067567,333745731,286580686,294466372,5303273,6225592,5178311,4494983,203766188,221696138,217945417,299632938,5216831,5369403,4521267,6706720,234262992,191114348,177359816,183782671,6245921,5700823,5164157,4414197,189275357,158557590,162490337,167781952,4886917,4893433,4608066,5168095,177770259,166767168,179723889,198123080,7665121,5127925,4996481,4242274,325172776,280140065,283498959,326332850,5967214,6445238,4586803,6514819,130931914,270323043,246688679,250012955,
179,147913309,142840318,140637297,145871019,377704243,325017003,367576079,387935856,227093894,174832585,133545951,156505844,394872341,398279716,339794691,341361442,209794624,255147416,194986618,142958528,215232510,181878357,181635654,294819919,180867829,169456192,138274914,183073507,223894737,190522130,182043591,194368627,208512883,167971772,159249335,142725229,157194376,157381161,160701923,160698177,147095132,150742333,145760845,174283449,202643899,169149476,174384989,184536865,276237925,188649235,169939475,125281018,363708477,311103708,295447440,337175390,247389531,257770651,201188193,404906786,397897326,286160658,295958867,207164066,
180,176848819,179502168,174442213,177832994,399995530,338091411,380524944,433415824,223025110,181362975,168193972,180207938,404327877,454593448,403272808,380749873,253865527,252846496,203339398,305891753,186208158,253953640,196639325,288137171,205065545,205533471,171233808,205223622,220074956,194353890,179074632,195862471,209801783,204804257,220564649,178695411,165388059,150162974,162193117,166635440,177792607,192146488,192354253,213894507,192859217,163770052,173473282,177805356,235533678,195297289,188548180,163341224,379938983,367434001,310732628,356688830,280243470,238436776,210207128,195002958,316829769,285215732,277196222,246574884,
181,180810776,182134247,177690942,180304793,414127415,339986669,378440944,467311707,207547266,201996186,175710893,163498499,506682957,524219115,505252434,426612700,269477645,259516736,241738058,189057335,201778309,211164073,206218630,280123564,231069218,235333958,207765563,234833347,202172802,190355259,181151562,195132568,236425844,228393767,414882299,234174066,162939655,159991733,162261929,169060749,231591790,238520125,242858766,248465366,220478997,164816770,169575984,174321655,187966658,177113785,176909039,181296414,378237210,344503087,320790191,376149335,193394589,188854968,181712735,227993492,320811509,297371571,244707212,235297142,
182,183055329,187934071,173973321,177311314,421875097,344273537,390875108,495763868,209259438,204867895,190328476,172208155,565840237,589294917,608751723,532136996,279896469,281390367,265241244,219573857,183578361,185259989,201498433,259571672,271912732,295759950,260405433,275768211,180210436,175489369,169170137,183790637,262291797,236761842,331947202,280138631,157382755,155713029,159324172,162562210,278072026,274340050,296145945,248189986,171095699,160555603,161778086,165674360,170268826,150776091,169739958,194711091,360049988,359943397,317702907,365345599,172746286,177930110,169182054,172164148,315999545,295853431,246918462,225779156,
183,183437050,193364033,195923185,181395840,408797545,342296111,395993708,497202411,211307851,229991862,204192583,174813857,575089287,601681075,633361258,580632137,300058514,311331285,301971485,249587283,171167331,172089694,195420259,240696344,315734337,339155727,303357093,306878973,165511196,163494404,159619343,170658675,272041412,262243843,357428619,299983553,153324193,154006557,155061771,157096431,297170077,289816893,319779394,303219005,160354080,158217926,155665275,160147006,164059500,165249265,166136568,199038895,337286728,357908278,324732128,332892209,167630562,172168779,165382571,161511779,304648116,288478664,229520668,219080440,
184,209914006,197106392,168761300,187228550,393809336,341170619,405362200,487109606,208773533,206780084,182593141,169742847,556346894,585958414,620090181,574712425,329991564,351871204,339262091,287174644,163024002,165379225,187870252,228298751,359610901,374069199,318549308,332386929,159477705,158878865,156029624,168359736,299228164,265932365,382319358,315419360,155283330,153374757,154337960,155826890,318901301,302199552,343191486,320886188,156722581,159022059,154842862,158766513,161156362,160998603,162800938,198647047,324368099,346880974,314920561,319910282,160684643,160709754,158706476,191451492,292199464,276273835,218759012,172551963,
185,188204109,203578884,168472068,182318314,387497460,353073154,433620677,490469242,212100429,214039374,201709256,169514956,546479022,576430723,608305179,569989012,363752415,388088689,384448283,318010150,162294139,164892359,174021553,223916659,394930872,399897044,331559378,480341173,157732553,155021039,154679883,164398290,322424850,275131648,393014142,320534006,153135583,151775074,153259055,154915804,318638576,311627782,364306476,334865449,154497102,161628327,154250177,158251822,159292907,158276318,161016626,193525369,318072380,335814548,306918938,316891551,160928894,158114838,159601786,159381936,281815351,267571125,211551477,204197643,
186,189525785,209134137,170924165,174387463,403679423,388025763,458839144,493005885,205755405,204167372,192951174,166070724,544434441,573124476,605474673,596964795,389356650,419626233,434358595,352423617,158725189,163861625,180634910,209734808,433636802,413989234,339867185,345354745,156377559,156736773,153765424,162613856,297406312,260537927,413921188,337658183,152657629,152282073,152822060,153567492,320617478,302036741,367843735,367145159,154163906,165835214,153535886,143487594,158407438,159412594,160840506,455216175,321130320,331700130,313288821,307517934,155313269,155456718,157882500,158429730,269930272,254586602,211732284,207517725,
187,190756168,210120527,175005927,175335011,441818611,432412072,459515669,470209420,206295394,210269591,193397233,169482161,536464461,561879888,580194132,585308869,404174164,438472906,453868347,379704181,162600784,163000319,169705689,208461671,456337617,422586654,343159628,346508093,157076476,155367401,152498881,162137469,294911331,230479456,401949202,330379499,151638579,151285290,151502979,152158416,323361031,322597030,368376393,339327927,153392674,166153734,152406857,154963056,158144664,158776101,161406797,182801449,334135054,334297383,312577268,326078930,158469768,157250962,157835619,157198686,262605162,249206096,210980074,206930825,
188,191497077,207313285,175868124,172965190,440282354,426513535,411991721,437592917,195399567,198457182,173936311,169501641,485564499,496769438,511468206,533039598,448763318,455671835,471624103,411324480,143149459,147278820,157349465,190744557,475490548,436374670,351482108,353963370,145814659,145760962,141304516,150387316,290375616,255810531,346158958,326175927,140210790,139856124,140190024,140214917,324697462,326520995,362029785,351716332,142543210,151949622,140770825,142650418,123263807,158531977,160092312,181772859,312055145,321381764,299476617,313306039,157038281,157068653,156934403,159270413,241730132,227044930,194247418,192142257,
189,185463682,207768203,176765419,172604830,5033694,252977951,250004417,253707255,210902070,184973866,167347690,171510801,271442373,274294578,275351564,295911374,512294809,466810768,482847011,433925712,81822708,84615919,89780367,108166917,483356366,452975792,361056579,364971701,84171509,83669623,82523297,87289349,286339862,267344464,382177354,323014580,81937628,81669489,81763954,81599588,322995531,327347312,357817763,352856327,83198829,87293621,82543365,82798848,152210901,158112847,159536796,182166066,206910802,193167443,177988266,188727515,156008958,154938566,156283996,155602392,141283263,130299791,112795038,109481647,
190,179956244,202478569,169634497,168115670,47501188,46934126,45401600,43861781,192658703,137059923,169394792,162097110,46537383,45981555,48074807,50346678,467121691,454212276,470587200,434039366,15501736,15816343,16604638,19102277,471594122,443537596,375750293,365644610,15771648,15475622,15440497,15911480,273237161,254096501,372861069,301958996,15481852,15324166,15207385,14949391,316751631,314603925,341503376,344812764,15616004,16115364,15446184,15448677,151034642,152766020,154150616,176960400,38534755,40746672,32463671,30640204,149945995,150058124,150346156,150897339,25690010,23554663,19900000,19600434,
191,120385552,137328950,115225115,112261848,3076201,5534628,5433846,2838349,128095279,112555579,113784955,109729045,3236286,3033411,2803587,3077604,404435741,307465628,315382509,295418831,2105035,2305458,2267509,2070168,315208727,299743686,257798103,252606869,2265829,2014434,2135024,1979224,180240022,166739049,248975544,201788846,2294652,2141237,1978825,1709950,225541682,214734768,238282711,238605635,2197075,2022388,2179405,2072335,102512137,102997350,104054609,119875491,2872462,2798660,3161338,2517040,134836706,101482799,101574211,101925258,2512507,2476527,2216017,1985507,
192,10636872,12085932,10111357,10109429,1694387,4215200,4186817,1597201,10858323,10395411,10073773,9711696,1938491,1733441,1436334,1643974,25887568,25373203,25015875,24170035,1682837,1887208,1825982,1552282,25121870,24587481,22206324,21653152,1842331,1595623,1718819,1542881,15039354,16410898,20262519,17359432,1878606,1724828,1560985,1290962,18798203,18390537,18836724,20494143,1779778,1649882,1761294,1651699,9776180,9267599,9437449,10848863,1774063,1688912,2050598,1473092,9266534,9295784,9463040,9304113,1724283,1805406,1668408,1466850,
193,2318440,2395993,2199353,2341433,1690929,4193060,4165082,1596754,2377495,2095115,2254446,2049614,1934591,1730531,1435822,1641857,3122115,2917143,2834366,3041869,1679624,1879088,1824992,1548502,3064795,3081423,2896552,2895054,1836960,1590298,1716362,1541498,2561495,2374871,2884758,2525236,1876040,1720659,1556919,1288438,2760598,2661017,2782933,3018990,1779549,1647913,1756868,1647038,2575200,2025397,2146732,2367525,1771633,1686461,2044862,1471313,2065175,2115874,2266122,2092204,1723491,1799549,1665394,1464426,
194,1827953,1835574,1725451,1886074,1684276,4166592,4137724,1592703,1861810,1603772,1828755,1593397,1926910,1724123,1431440,1634956,1764705,1570672,1518948,1772095,1677677,1874738,1816065,1545008,1759409,1793579,1756166,1723807,1833173,1588214,1710281,1537382,1842558,1677111,1852106,1618411,1868399,1718496,1550392,1287789,1752556,1692352,1744169,1932762,1773772,1649131,1750260,1645463,2152090,1592120,1715156,1873436,1765854,1683537,2041643,1467833,1632409,1692083,1832680,1661376,1719336,1796233,1663500,1460992,
195,1817955,1825638,1717295,1875200,1682634,4148746,4110931,1593671,1849738,1593904,1822063,1583413,1925672,1722150,1430754,1633072,1744780,1551731,1502060,1755046,1670783,1869440,1817669,1539642,1742715,1774015,1736097,1705795,1829659,1586270,1709156,1533851,1828969,1668743,1834936,1601874,1866255,1718088,1545163,1287395,1737082,1676611,1728394,1918110,1772271,1645163,1749543,1644593,2151636,1587260,1707172,1860820,1763311,1679103,2035769,1468019,1623894,1685061,1827248,1653798,1716963,1795206,1657157,1457964,
196,1809464,1821459,1712121,1874141,1678874,4103765,4041163,1588869,1840990,1584839,1813615,1584631,1920300,1718777,1426988,1630317,1739003,1547572,1501133,1748422,1668397,1867426,1811618,1535570,1741836,1770717,1735802,1699782,1828280,1582425,1703797,1531394,1825106,1660910,1830575,1603891,1861592,1716461,1543684,1284319,1732093,1670795,1724096,1910498,1768298,1643239,1746667,1642897,2150476,1584178,1702153,1857767,1758105,1678148,2030433,1463078,1617547,1679640,1823229,1651723,1711227,1789058,1653086,1458131,
197,1806715,1817530,1708303,1868579,1673570,4025479,3855482,1586429,1843324,1584641,1808681,1580631,1917524,1715505,1425511,1626767,1734416,1542324,1499794,1747148,1667522,1864052,1807757,1536969,1740524,1767029,1733839,1696347,1822983,1574840,1698451,1524296,1819337,1660086,1824917,1598636,1859008,1712879,1540199,1283378,1729098,1669894,1718661,1904356,1762678,1638794,1739975,1640327,2135572,1581152,1699068,1854594,1753785,1673819,2025514,1461852,1616135,1677457,1818872,1649258,1706894,1788934,1650904,1453305,
198,1797263,1812593,1704429,1863196,1670698,3793990,3272060,1584612,1831244,1576282,1800571,1580081,1913776,1709343,1420143,1624193,1730398,1540362,1492616,1740183,1659982,1859149,1803363,1529175,1733964,1763616,1732177,1690807,1816461,1571085,1692131,1526507,1816173,1654518,1821538,1594589,1852719,1710860,1535334,1280229,1724722,1665679,1714572,1900086,1757625,1633506,1737548,1637462,2126946,1577704,1694799,1849238,1750451,1668515,2019237,1459278,1613856,1673580,1813364,1643949,1702376,1782905,1644652,1452644,
199,1794622,1805039,1698717,1855837,1668969,3198245,2277718,1582026,1831070,1586686,1797483,1571587,1906026,1705356,1417111,1619935,1726843,1536006,1490986,1738280,1658761,1856125,1799322,1525055,1727953,1760811,1729131,1687793,1809021,1568286,1688843,1518502,1815347,1651070,1816102,1591132,1846687,1703575,1529392,1277661,1719224,1661012,1712275,1897628,1748282,1628839,1729664,1634030,2120884,1572329,1693526,1846727,1748955,1662710,2018877,1459306,1609708,1669583,1807906,1639762,1698550,1778286,1643810,1449341,
200,1790208,1796224,1696539,1855310,1663353,2207384,1300370,1579731,1820920,1574447,1793110,1572271,1900753,1702229,1413760,1616171,1724223,1529143,1483453,1731660,1655376,1846348,1794438,1523163,1722762,1754537,1727061,1684162,1805484,1565366,1685292,1514204,1807350,1643952,1814240,1582461,1840386,1697120,1528603,1275234,1714660,1654831,1707467,1891059,1748577,1623330,1726543,1633885,2112422,1566963,1683418,1846655,1743404,1661248,2014641,1455944,1603078,1664008,1801993,1636960,1695336,1773263,1638018,1447169,
201,1785153,1794507,1693216,1848324,1659548,1321837,807386,1576452,1816693,1569907,1788414,1568598,1895910,1697085,1409252,1606451,1720689,1527651,1482659,1727977,1649729,1842920,1787239,1519909,1714006,1750479,1714405,1682696,1803798,1559990,1681010,1509404,1802141,1642385,1806518,1580892,1833756,1691803,1521304,1273937,1705592,1652966,1704896,1885462,1748429,1619493,1719804,1630340,2108497,1566480,1682008,1833857,1735484,1655830,2006798,1454046,1599148,1660707,1800626,1629759,1692433,1769893,1633902,1446755,
202,1778067,1786728,1685808,1841426,1651149,802474,637135,1573908,1814214,1570507,1783194,1561692,1887461,1689033,1399867,1604783,1711059,1524164,1473989,1724258,1646107,1833854,1782624,1514372,1710207,1743542,1709110,1674886,1794156,1556585,1674888,1504883,1797238,1635060,1802172,1575106,1826645,1684336,1516596,1270210,1704137,1643734,1695652,1875775,1737586,1610555,1716597,1623414,2100918,1558783,1675442,1829592,1730999,1652008,2002185,1449512,1594617,1653489,1792352,1626713,1684671,1761397,1629960,1441096,
203,1773141,1783191,1678618,1835801,1650018,648286,600956,1568753,1809242,1563342,1777402,1555477,1881596,1681687,1398881,1600137,1705496,1519805,1473920,1721711,1637961,1835244,1775565,1511050,1706718,1737320,1701265,1671962,1790876,1552036,1669707,1499806,1793857,1632731,1795648,1571601,1822599,1675858,1506253,1270113,1699296,1640307,1690466,1875452,1738345,1604396,1709503,1622468,2086033,1554483,1671741,1822958,1729209,1646404,1996373,1448398,1589301,1648873,1791781,1624485,1681724,1760490,1623580,1439770,
204,1770070,1779122,1674499,1830942,1644445,602987,585585,1568078,1804340,1558463,1771209,1551071,1874905,1676641,1393062,1590010,1702244,1514031,1466494,1715496,1633734,1828321,1768656,1505126,1698214,1735961,1699310,1665936,1781274,1546476,1663161,1491493,1787622,1626072,1790708,1566409,1811815,1665810,1503108,1266782,1693530,1638325,1688029,1869371,1727994,1601947,1703851,1620036,2082046,1547587,1668823,1821211,1725553,1638016,1990302,1445407,1585703,1644140,1785001,1619139,1675452,1754387,1620241,1437023,
205,1761735,1775770,1669136,1825527,1637852,586773,576533,1563677,1798941,1545569,1766157,1548231,1866158,1670294,1387356,1584503,1698619,1509406,1460376,1710435,1627014,1821505,1761051,1498932,1695201,1734282,1693141,1662415,1773492,1540392,1652309,1486765,1782385,1622858,1785340,1563530,1802329,1658999,1493588,1261403,1692043,1634359,1685570,1865309,1717286,1593037,1696935,1613391,2078468,1545244,1660809,1815860,1712008,1633233,1982385,1442671,1578677,1639821,1777240,1610710,1669405,1746005,1609511,1435151,
206,1759399,1767878,1663704,1820454,1625546,576087,567249,1558151,1792841,1545353,1764023,1540428,1857851,1662935,1381322,1578928,1694161,1505937,1458042,1705579,1615742,1811926,1751222,1488210,1690819,1725632,1687527,1653572,1763533,1530420,1644985,1482227,1776708,1617238,1782798,1558729,1791497,1653395,1489728,1256870,1687497,1630483,1677981,1855783,1711247,1584579,1686271,1605393,2074022,1539424,1657523,1805490,1707786,1623829,1973382,1437318,1570951,1631475,1772302,1605915,1659307,1736605,1602544,1433733,
207,1755590,1763911,1658635,1815424,1620781,564075,555356,1554701,1790154,1548259,1759026,1545749,1850151,1657270,1374697,1572818,1687751,1500003,1453830,1698840,1612462,1805063,1744486,1481729,1685216,1716834,1685301,1651423,1755253,1524435,1638238,1470596,1772060,1615782,1776634,1557126,1784382,1647374,1482015,1250828,1682601,1625175,1673665,1852272,1704697,1578898,1680924,1601175,2061371,1534833,1650293,1801267,1698017,1617911,1964699,1431605,1567172,1624034,1763967,1601558,1651533,1730402,1593750,1427043,
208,1748007,1756428,1652491,1805033,1612555,554265,545769,1550930,1784584,1543823,1751205,1534168,1841329,1646997,1369177,1567953,1681949,1493178,1447135,1695983,1601326,1793050,1733857,1477878,1675624,1713033,1679992,1645733,1748188,1515460,1630600,1468121,1765992,1607316,1771512,1552128,1776150,1643582,1478419,1249515,1675143,1619052,1668808,1846538,1694326,1568982,1672308,1597950,2055636,1525468,1641907,1794360,1690405,1610771,1956463,1429678,1560356,1616322,1758621,1589131,1643056,1723045,1586411,1422730,
209,1742303,1748729,1646392,1796385,1606756,545520,536832,1543926,1778450,1532220,1746236,1528288,1835717,1644908,1362368,1561808,1672635,1491880,1438979,1687268,1595847,1788461,1726820,1472720,1669121,1704667,1673250,1637664,1742137,1511088,1622840,1459673,1758550,1600126,1767259,1547949,1769029,1637999,1471632,1245059,1667488,1612759,1661705,1839348,1688105,1561521,1664173,1596755,2037703,1521797,1637942,1785511,1682919,1604283,1946818,1424071,1550629,1608911,1748592,1583807,1637764,1714781,1578234,1419511,
210,1734426,1742213,1637228,1786277,1603205,534528,525555,1543294,1767494,1519656,1735232,1523963,1829731,1637664,1359768,1556211,1668368,1482248,1433859,1679331,1590212,1781978,1719662,1466928,1661191,1701024,1662285,1631405,1735884,1503394,1617616,1455068,1754360,1596278,1757789,1540892,1759670,1630030,1466498,1242622,1657630,1605529,1654072,1826532,1682146,1555296,1659810,1590651,2027204,1513662,1627756,1776478,1675981,1598165,1935790,1424294,1541843,1602251,1740815,1578257,1632080,1704218,1571110,1414677,
211,1731078,1736165,1629466,1779384,1600222,527978,518199,1540843,1759404,1523068,1731174,1522158,1821060,1633435,1352143,1546276,1661921,1476699,1428831,1676075,1584393,1770118,1712389,1460573,1658885,1693559,1667071,1624040,1727583,1497238,1607813,1446088,1742728,1587058,1750159,1536010,1754058,1621449,1457892,1240668,1648167,1600084,1648278,1823137,1681553,1549746,1650886,1588445,2014008,1506189,1621161,1768945,1671053,1593358,1932264,1420885,1536654,1600039,1732873,1574249,1626785,1700579,1566251,1412163,
212,1719941,1725243,1622529,1771164,1590911,516064,505329,1534424,1751527,1517619,1722378,1509982,1815508,1625398,1349199,1544365,1653898,1470076,1421752,1665932,1579017,1768028,1707079,1453383,1646056,1689038,1659239,1617554,1722391,1490295,1603997,1443250,1737401,1576392,1741815,1529134,1745917,1616435,1454648,1239027,1645403,1593946,1643597,1814018,1670195,1543060,1644769,1584173,2001629,1497811,1615395,1762867,1664304,1583103,1922436,1417526,1528684,1591341,1724802,1566975,1619922,1696430,1557883,1408478,
213,1712695,1717284,1616648,1764080,1583848,504973,493024,1533289,1746046,1504244,1713857,1502055,1805314,1619726,1339130,1538119,1647072,1464615,1417309,1663534,1571348,1761962,1701224,1449055,1643163,1680969,1651930,1608335,1711694,1484716,1595660,1433878,1728749,1574324,1733308,1521922,1737559,1607022,1442346,1236126,1635494,1585716,1633578,1807259,1663741,1526870,1639251,1578891,2000726,1494220,1607083,1750411,1658607,1578628,1918684,1412996,1521962,1583834,1721244,1558275,1612240,1686708,1554965,1403959,
214,1707307,1711629,1605326,1754970,1566855,490719,477964,1529503,1738394,1497779,1704747,1500306,1783556,1610087,1325475,1526141,1640633,1458914,1410647,1652628,1565763,1750749,1691010,1436206,1638170,1673565,1643988,1603223,1688306,1465789,1572512,1400679,1721421,1565995,1726311,1516466,1729042,1582082,1424958,1233981,1628794,1581002,1627611,1796402,1653233,1458480,1631662,1577009,1992845,1485929,1601625,1745193,1650366,1571439,1908306,1408820,1518454,1576767,1711872,1551262,1604742,1678291,1549218,1400424,
215,1699068,1706360,1601702,1746549,1512798,477800,463003,1529051,1730922,1493314,1698054,1496687,1716135,1588963,1282349,1508772,1633140,1453493,1405909,1648594,1556658,1734291,1669208,1413716,1629200,1671333,1638130,1596978,1594660,1403350,1493047,1302589,1711997,1561626,1718359,1508973,1704996,1516730,1363860,1230022,1622756,1575099,1621439,1791436,1620522,1271029,1624221,1571345,1993528,1475168,1596130,1742325,1637951,1558573,1889760,1409607,1512686,1570864,1703515,1547858,1581329,1671644,1528349,1397665,
216,1692902,1696226,1597259,1739368,1344282,460953,440906,1521143,1720084,1487781,1690062,1489478,1482950,1510643,1136796,1435808,1623944,1448355,1397742,1637688,1533981,1669444,1589112,1318182,1621721,1663345,1633692,1589721,1338469,1209673,1263537,1059867,1708351,1554527,1712781,1503196,1620332,1310743,1169131,1227024,1614352,1568228,1616804,1782197,1507512,911619,1593066,1568344,1982693,1468305,1589595,1734325,1601548,1507621,1832440,1399422,1507044,1564462,1699983,1542653,1497289,1644503,1447392,1395826,
217,1686616,1688901,1589401,1732847,1016632,435572,400656,1515249,1720138,1481920,1686230,1478502,1066022,1291395,847721,1228410,1608731,1441936,1393151,1632887,1456391,1487074,1374594,1091171,1615448,1656215,1626785,1582965,937611,881281,896559,717693,1701730,1546375,1703642,1498136,1386475,947349,844320,1221251,1609533,1563690,1611443,1777900,1240929,551702,1499630,1560885,1969473,1461861,1583650,1724038,1476006,1349837,1655829,1378537,1501495,1551559,1693316,1535005,1273988,1553803,1247568,1391971,
218,1680129,1675453,1578371,1704290,610981,385339,324291,1482687,1714695,1473472,1677681,1470836,608325,873902,492994,823240,1562715,1435746,1378251,1624858,1221225,1106694,963980,718991,1602762,1650842,1620198,1576988,539742,518545,517422,405757,1687438,1535727,1696488,1489341,950155,546303,485828,1207498,1598819,1552020,1603548,1771364,814135,324300,1221398,1544622,1908728,1454317,1573729,1714788,1162561,1000968,1250261,1281958,1489927,1516962,1682283,1526958,875281,1294798,871604,1379577,
219,1672492,1641115,1563370,1628570,368956,314408,238114,1375327,1704958,1465815,1672719,1454248,375362,512678,290282,475004,1426942,1427482,1335680,1618794,864385,698504,588388,426592,1570123,1641465,1615346,1554196,346802,322093,325521,263403,1661230,1510758,1692217,1481990,571386,334689,298064,1149357,1582844,1534825,1589103,1757514,485755,249095,827843,1477025,1743757,1424179,1566080,1702224,769611,628663,789576,1054993,1474062,1418858,1674719,1515104,529470,906789,535738,1338256,
220,1662986,1494935,1492595,1373087,277957,243629,170709,1153021,1686332,1426400,1654640,1386736,298579,336981,217193,308554,1063645,1398554,1173429,1586918,551020,444116,381583,286603,1433928,1603266,1597646,1464382,281114,249802,257969,216784,1558502,1396030,1676439,1457412,387756,263377,234913,1002744,1505654,1440066,1542488,1712051,330119,226627,518353,1312913,1337272,1313401,1540228,1637037,482448,395266,493272,752866,1410432,1140670,1644151,1470389,349728,578751,352551,1217610,
221,1641955,1201032,1306725,990774,243913,175634,126944,799634,1637651,1308234,1608146,1212636,271344,262860,191804,241816,669857,1302257,889475,1491383,348125,317548,286417,229880,1147002,1488005,1550171,1242842,258069,222528,231870,200598,1323678,1153913,1634342,1369005,311986,236709,211963,726459,1309866,1221183,1396590,1576661,268064,218446,337569,987085,883900,1075428,1454082,1454557,321960,282135,343824,458944,1242216,783213,1565256,1347657,270092,364202,269000,954795,
222,1540733,727200,898754,567751,232520,129932,109453,474962,1437598,985882,1423942,832790,261857,238900,183231,218432,365341,1005207,514524,1191654,276359,271460,251174,209664,688300,1154926,1358975,822365,248558,212710,222434,194502,881443,739295,1455216,1092099,281710,229850,204979,434204,909009,808833,1025118,1204471,247524,215503,268657,608556,496368,673419,1173151,1036182,263349,243319,292480,295713,858529,432631,1296464,1016971,242058,277597,240284,606034,
223,1305492,434361,552520,372975,227806,110849,103364,323949,1096350,637528,1100719,514207,259637,230063,180185,210176,269659,655765,315563,808853,247170,257405,238434,201770,414936,767015,1028870,504817,244596,210319,219115,191824,540645,449201,1137525,741910,269911,225475,202729,283117,567628,494952,651304,793481,240891,213765,243018,388966,361153,406947,809406,650988,242870,231989,278467,239237,520127,294244,918522,663233,233134,249770,230520,372656,
224,734680,272912,298948,282172,225035,101244,98798,247976,550175,311143,563072,277831,255533,226096,177962,205934,235958,314461,216865,382833,226013,249397,232082,198541,270679,379375,502046,295709,242772,206768,215770,189144,304374,267876,577032,353536,263595,223015,199268,207747,309116,281828,327955,391200,236547,209800,227334,272912,306548,250027,398393,344801,232064,226235,272076,201220,275849,237306,442038,337970,227696,234084,225235,235061,
225,450281,249852,251433,267324,222904,98866,96820,226202,370386,240859,370390,235343,252754,223459,175821,204325,230561,243802,201501,280602,223627,247161,229486,196688,246362,294698,326443,255674,240098,205388,214136,187502,263353,234952,372681,260236,260791,220970,197346,188557,262617,242637,263546,301363,232229,208859,225238,245267,297215,222675,295746,287321,228577,224054,268916,188064,230455,229444,313942,269179,227046,231533,222961,208427,
226,304250,241648,230082,259663,220261,96192,94183,210390,291163,214277,280366,219672,250638,220818,174672,201611,228096,215248,195446,243956,221049,245150,226310,194928,237859,257142,256410,235691,237581,203447,210650,186169,249252,220919,283286,223339,258699,218344,195600,173355,242252,223174,241148,264501,232329,207909,221970,225185,291673,212687,251251,265884,226859,221213,267046,181065,210224,225456,265517,239609,224463,228396,220872,188861,
227,264162,237630,224436,256568,218636,94062,92093,203823,264338,207670,253659,214409,248202,218276,173676,199488,226357,207458,192297,233544,219278,243055,224812,193669,234042,242877,238575,227361,237404,200836,210770,183882,245426,217413,258840,215125,255507,217442,193919,168001,237335,217282,233515,252804,229655,204537,220379,215662,289032,209442,235435,259418,225041,219946,265225,179471,203399,224250,251524,230331,223821,226891,220504,180491,
228,245619,235524,221395,255138,216545,92682,90606,201662,248111,204235,239007,213243,246558,217023,172464,199818,224454,203195,190942,230231,217177,241241,223514,192160,231940,236045,232480,225105,235122,200503,208897,182776,242868,214860,246409,211270,253988,215522,192699,165677,233715,213452,231151,246215,228750,203325,219571,211852,285570,206941,226431,256553,223626,218831,264876,178059,199481,220740,246129,224844,221372,225628,218101,176150,
229,239497,233231,219112,251987,215767,89835,87836,198979,242794,201164,235277,210782,244672,216043,170005,197578,222937,202035,189430,227596,215452,239748,222596,190714,229428,233465,229295,221732,232518,199245,207670,182115,240696,212775,242254,211022,251378,214521,191726,164087,232303,212273,228704,243709,226683,202014,216760,209161,283486,204377,224353,254310,221287,216649,261749,176471,199202,220046,244806,223333,219246,223731,216625,173799,
230,236788,230947,216630,250553,213798,87790,85681,197685,238520,199631,231722,209740,242534,213281,169005,196119,219991,199350,187707,225414,214028,237133,220424,189495,227711,231069,226962,220750,231651,197014,205294,179746,236989,211381,239453,208420,249150,212129,189055,162969,228766,209696,226727,241266,225750,200531,214693,206469,282045,203118,221237,251815,219363,213940,259822,176454,195943,217991,241190,220244,217518,221715,215323,172605,
231,234276,228803,214982,248299,212548,85432,83035,197023,236676,197559,230384,207363,241290,212683,167785,194687,219487,197771,185876,224072,212662,236125,219339,187661,226582,228876,224984,218077,229670,195708,204024,178508,236315,209466,237283,205898,247172,210315,188276,160932,228121,208702,224973,238360,222587,198440,212837,205533,280163,200940,220218,249899,218635,213189,258160,174460,195342,216419,238946,219533,215693,219821,212668,171354,
232,233146,227755,213269,245802,211486,82580,80093,196383,234707,196318,228886,206461,239117,210679,166394,193165,218189,196394,185325,222475,210633,233041,217264,185792,224203,226930,222794,215855,226819,193309,202150,177901,233908,208157,235303,205208,245748,208892,186978,160575,225057,206778,223732,237800,220801,196692,211801,204475,277361,199226,217420,247787,215119,212522,255789,173669,192588,214829,237905,217168,214945,218735,211034,170500,
233,230186,226759,212224,244708,209515,79780,77106,194794,232866,194235,226297,205240,237696,209605,166008,191412,215927,194641,183406,220439,209235,232899,215308,185714,223328,224865,221716,214232,225515,192052,200512,177355,232372,207625,233674,202620,243883,207092,185748,159345,224491,205733,222004,234976,218155,195746,209847,201433,274155,198040,216596,245889,214354,210530,253315,171752,191165,212669,234666,216150,213681,216533,209689,168173,
234,227845,223177,209980,242400,208712,77189,74128,192554,231291,193196,224380,203223,235701,207488,164036,190300,213957,193261,181796,218762,207965,229708,213701,184072,219971,222889,219687,212466,224504,190957,199243,174241,231506,203943,231881,200570,242380,205240,184111,158558,221341,202410,219328,232840,217470,193240,207688,200183,273092,196580,214089,244350,212627,209273,252158,170296,190169,211068,233525,213511,211557,214281,207428,167876,
235,228150,223348,208617,241290,206668,73381,69544,191094,228802,191472,223272,201466,234365,206348,162004,188443,212092,192183,180420,216244,205820,227107,211541,182692,218708,221257,216559,210680,222812,189325,196816,172998,229490,202564,229357,199302,239685,204384,182318,157835,220767,201741,217644,231819,217432,192198,206189,200493,272930,194334,212587,241758,210591,207527,249963,169473,188338,210470,231434,212284,209691,213810,206470,167001,
236,225571,220389,206367,237780,205643,69243,63567,190302,226636,190698,221366,199746,232154,204105,160874,187354,211123,189730,178759,214954,203667,226492,210505,181306,216432,219935,214992,209243,221040,188271,195461,172534,227086,201374,227625,197677,237590,203145,180886,156457,218831,201093,216527,229509,214852,190608,204803,198979,270386,193636,210312,239708,210072,205560,248177,169729,185524,207394,229840,210846,209243,211793,204543,166093,
237,224039,219178,205098,236877,203335,61071,53129,189247,224785,188410,220057,197887,230374,203969,161011,185805,209056,188219,177737,213797,203113,224311,208146,178985,214585,218244,214144,207732,218550,186924,193150,169949,225955,200722,226386,196557,234557,200509,179224,155694,217485,198282,214751,227334,213297,189220,202779,196896,267798,191156,209188,236927,208578,204347,246377,167790,185855,206638,228387,209620,207069,211176,203783,164345,
238,221470,216786,203065,235417,201288,50881,42001,187619,224104,187206,217495,196969,228039,201639,158062,184636,207826,186651,175076,211651,201917,222778,205668,177972,212818,215400,212706,206699,216578,184742,192085,168974,224823,198227,224127,195530,232666,197653,178677,154598,215215,197230,213182,225725,212033,187897,200555,195964,263997,190508,207038,235825,206136,202483,243835,166444,183728,205016,225958,207661,204673,208472,201553,164020,
239,219391,216456,201447,232940,200226,41126,32151,187223,221361,186613,215968,196023,226148,198964,156630,183104,206246,185508,174261,210309,200091,221020,203509,176688,211962,214695,211227,204547,215506,183314,190284,167703,222218,196365,222223,194280,231891,196411,175545,153656,213916,196946,211973,224191,209925,185901,199484,194794,262934,187786,205220,234366,203197,200508,242304,164252,182299,203223,224189,205195,203985,205982,199972,162355,
240,216541,213916,200065,231412,198874,32588,25115,185273,219209,183979,214249,193235,223428,197219,156236,181069,204308,183962,172973,208170,196966,219150,203249,175048,210327,212009,209766,202958,212726,181371,188147,165336,220825,195283,220970,191528,228786,194492,175089,152082,212013,194072,208972,222102,207750,183231,197152,192666,259859,187388,203573,232367,202996,200073,240141,164466,180083,202088,222259,203919,200168,204791,197911,161233,
241,216351,212277,198436,229469,195709,26537,22082,183210,217402,183335,212206,192134,221252,195877,152423,178469,202323,182752,171760,206362,196140,217788,200891,172415,207585,211245,207459,201095,210122,179838,187337,163410,218097,192720,218013,190677,226541,192853,172653,151327,210121,192665,208272,220460,206126,181199,196025,191844,256027,185061,201948,230102,200401,197332,237369,163461,178444,200497,220101,202830,199631,202682,196247,160891,
242,214292,210232,196045,225624,194225,22176,20299,182367,216543,180495,210388,190863,218984,193414,150970,176853,200261,182007,170163,204891,194011,213941,198373,170888,206408,208958,205036,198540,207819,177746,183624,161248,216372,191358,217536,188636,223084,191147,170423,150420,208484,190676,206105,218131,205108,178582,193332,190848,252580,183566,200600,228240,198996,196335,235209,163044,176993,198165,218623,200202,196524,201225,194493,158573,
243,213610,207843,194531,224410,191744,20685,19838,181864,214199,179640,208750,189776,216557,191686,149443,175290,197988,179865,168958,203458,191899,212574,195817,168874,204051,207942,203658,197956,204811,175349,181610,159333,215670,190850,216201,187538,220485,187807,168134,149905,206258,189127,204403,216702,202049,176316,192165,189907,250281,182936,199356,226435,197416,192880,231723,160952,176343,196550,216687,198861,195183,198844,192105,157916,
244,210024,206680,192124,222782,189323,19778,19158,181218,212761,177801,206246,187821,213508,189279,147645,173497,196341,178180,166969,200645,189152,210238,193900,167060,203349,206185,201792,196044,202992,172755,179674,157132,212925,188915,213780,184826,218943,186170,166016,148598,203449,187910,202461,213975,200110,174509,190052,188207,248303,180269,198304,223601,194761,190159,229755,160067,173767,194392,214827,196904,192828,196837,190404,157448,
245,209864,204177,191410,220767,186721,19125,18611,178642,211080,176409,204529,184831,210884,187801,145875,170946,194000,176167,166004,200458,187829,207343,190661,164667,200769,204557,200292,194187,199378,170504,176791,155815,210857,186825,211494,183960,215852,184767,163683,147648,202545,186700,201626,212864,196766,172735,187717,186503,244718,177803,195815,222754,192515,189391,226985,158400,173155,192631,211902,195604,190840,195103,187783,156719,
246,207577,201576,189300,217897,184318,18763,18238,177975,208196,174363,202883,183488,208004,184651,143914,169018,190878,174858,163161,197554,184989,204774,188742,162983,197761,202301,198567,192092,197350,167360,173949,152695,208755,184304,209331,182763,211961,181616,161489,146516,200700,184515,199238,211092,195403,168625,185594,184905,241727,177320,193519,219921,189792,187277,223280,157717,170164,189980,211002,194106,188243,192035,185434,154271,
247,205721,199875,186903,215003,181212,18267,17748,175710,207134,172698,201206,181937,204730,181673,141831,166734,188268,173072,161038,195243,181842,201533,186034,160513,196539,200573,195845,189946,194516,165575,171678,150199,206806,182994,207781,180189,209124,177711,158839,144813,197810,182496,197601,207758,193540,166856,183051,184006,238062,174286,190698,217137,187650,182711,221756,155159,167766,186990,208700,192069,185567,190742,182532,152870,
248,203294,197681,185616,212177,178921,17757,17247,174267,205353,170985,199125,179347,202144,179481,139619,164195,185887,170907,158383,193867,179815,199705,183191,158499,193395,198953,195410,187823,190722,162442,169521,148142,203749,180029,205048,179000,206330,175349,156943,143640,195887,180340,195470,206188,188000,163419,180589,182590,235401,171303,189469,214812,184876,181651,217606,154569,166000,185048,206318,189637,183887,187847,180714,151881,
249,201594,195019,181738,209228,175818,17226,16687,172796,203148,168890,197530,177375,198699,176687,136280,162242,182882,168613,157317,191865,178143,195991,180489,155627,190181,196052,194415,184917,187972,160634,165876,145224,201363,177554,203661,176406,202327,171734,153466,143140,194129,177941,192832,204000,186059,159741,178250,179790,231787,170292,187781,211934,182235,179582,215002,153185,163788,183152,205466,187600,179583,186133,178478,150627,
250,200132,191488,180180,205870,173019,16594,16048,171538,200393,166563,194017,175633,194600,172978,132888,159417,180065,166227,154345,188199,175517,192330,177614,153844,188625,193906,191304,182416,182923,155931,160314,140694,198620,175590,200980,173172,198567,167465,148589,140890,190266,176262,189227,200614,182819,150048,174690,178388,227596,166848,184498,209317,180238,175970,210622,151288,161901,179602,201791,184936,176707,183016,174258,148987,
251,196410,189107,177704,204272,167759,16146,15604,169555,198431,164570,191761,172695,188191,170325,126109,156569,177836,164414,152190,186883,172717,188779,174232,149892,185242,191599,188266,179511,175214,148570,152486,130943,195832,173646,198494,172093,196022,160194,140300,139571,187004,173606,187304,198050,177775,132360,172107,176251,223739,165109,182794,206551,176618,172839,206611,149547,159066,177171,198591,182131,172481,180081,172123,148042,
252,195032,185934,174524,199708,160099,15264,14692,167588,195446,161433,188850,170026,176258,167065,114713,151497,173490,162544,148998,184014,170390,185270,170674,144501,182710,188297,185977,177227,160040,135642,137006,115402,192440,170684,194742,168556,189839,144152,124616,137919,184640,171487,185488,194762,172287,106725,169968,174696,219697,162012,180087,201893,173404,169965,201561,147370,156711,173619,195788,179627,169105,176496,168188,145104,
253,191718,183034,173065,196468,144177,14677,14069,165205,192600,159551,187157,167285,150336,160866,92873,141969,168194,159579,146308,180064,166180,178539,162006,134315,180014,186828,182991,174132,131997,112510,109471,90706,189640,168632,192703,166906,180827,115694,98651,136684,183252,168885,181847,192371,159898,76332,165317,172613,214038,159197,176885,199482,168894,164491,191600,144724,153840,169637,192720,177134,161759,172787,161769,143752,
254,189068,178878,168935,192074,114430,13825,13061,162921,190104,157269,182804,164112,109975,142639,64954,121214,155634,156688,144301,177536,159934,163195,144587,113235,176106,183168,181175,170924,94896,81342,76833,62488,185138,164658,190707,164206,160165,80891,68984,135635,178768,166703,179920,188627,132388,53292,158065,170129,202929,155337,175141,196028,159506,150125,168829,143245,150059,163430,189740,174551,142201,165122,145281,142168,
255,185906,173817,165754,184321,82653,13114,12096,160733,187565,152649,181023,161065,77277,117010,45746,91838,133105,154001,137658,175142,147347,137189,116971,85907,171621,180750,177939,168833,68083,58002,55344,45733,180969,161176,187236,161391,126899,57626,49947,133310,174825,162745,176064,184914,99412,43161,143731,168751,183933,152254,171876,192009,143135,127710,135271,140962,147081,149489,186599,171991,114964,150026,120819,140642,
256,184253,166797,162122,175518,50259,10441,9128,155926,184320,151220,179039,157402,51836,67040,33194,50614,107069,152022,129989,171919,98290,81240,67229,49187,165330,178445,175729,165489,48213,41222,40872,34739,174411,157634,184755,158987,73576,42581,37708,129628,170636,160105,173603,182311,57792,38619,96584,163532,157492,146105,169638,188293,95017,75754,77353,133542,141289,131381,183197,168548,66487,102147,71170,137012,
257,180970,150836,156284,152693,43862,8844,7489,152800,182318,145121,175574,149279,47586,50718,31227,40866,75027,147539,112759,167385,70440,60529,51885,39847,150137,174921,172998,160201,44795,38180,38577,33184,159931,148448,181273,155320,59024,40075,35567,125508,163338,153471,167321,178086,48437,37799,69739,160206,119372,131132,166612,177132,68198,55779,59842,122546,129465,102098,178307,164576,51405,73860,53580,133110,
258,176715,117242,136644,114715,41453,7446,6043,144490,177890,129042,171410,128436,46488,43574,30437,37012,51519,138558,81854,156669,51555,49785,44209,36045,118237,168195,167791,144591,43654,36971,37663,32408,129098,126715,177230,145186,52979,39278,35601,117334,141969,138035,151911,166422,44721,37297,52017,152857,81101,100917,160947,152102,51043,45647,51928,101933,101732,68372,165306,153809,44193,53943,45740,126268,
259,171887,84449,110693,84297,40642,6378,5127,129574,173878,106388,164899,101976,45384,41024,29796,35617,43624,120794,59688,138426,43857,46621,41010,34856,86265,156693,161209,121410,43413,36192,37142,31951,98013,99872,171384,128811,49988,38951,34649,101845,116241,116373,129407,147760,43081,36439,44485,140313,63956,73306,150526,119952,44342,42278,49089,77526,74562,51898,143551,135993,42603,46029,42342,113805,
260,158209,58439,75919,61304,39693,5524,4609,106420,163269,74230,150621,70506,44957,39916,29229,34893,41133,89219,43283,104284,39861,44218,39650,34267,59476,130123,142449,87886,42088,35924,36575,31547,68072,68654,154651,98072,48887,38353,34324,81666,81041,82731,92378,113067,42030,35886,41732,119357,55348,51180,126217,82278,41757,41016,48477,58161,51007,43668,106925,103535,41382,42687,40883,93691,
261,136093,48297,55484,51932,39405,4759,4315,80524,144302,53563,127993,52432,44333,39412,29152,34259,40257,63225,37200,75053,37950,43845,39186,33995,48317,100323,116389,64571,41952,35522,36129,31028,53248,51860,129743,71332,47924,37813,34113,60889,60982,60613,66436,83406,41615,35798,39864,92183,53306,42326,97528,62117,40729,40301,47501,44901,40844,41879,77262,75864,40527,40545,40613,70588,
262,99897,43448,44313,48204,38879,4461,4218,58971,109771,41428,92014,42764,43772,38311,28663,33989,39665,45932,34149,53282,36840,43234,38340,33719,43490,69614,80363,49502,41783,35295,36075,30587,46536,42233,92676,50583,47460,37553,33285,45258,48517,46483,50039,59165,41166,35423,38925,66653,52178,38178,67575,52070,39359,39477,46873,37663,36242,40336,56288,54294,39958,39777,40132,51091,
263,72771,42182,40436,47476,38675,4200,4038,47803,81396,37317,67900,40237,43212,37986,28291,33211,39275,39725,33681,45336,36054,42584,38380,33317,42280,54435,59378,43877,41106,34791,35283,30704,44492,39758,67779,42354,46812,37007,33549,37726,44641,41021,44357,49648,40596,35086,38300,53351,51107,36994,53190,48779,39015,39241,46397,34014,34425,39506,48879,46552,39330,39199,39416,40305,
264,55519,42040,39164,46236,37850,4069,3951,41957,61475,35473,53203,38739,42681,37741,28347,33211,38198,37705,33111,41949,35482,42019,37612,32711,41445,47699,48094,41301,40613,34678,34988,30090,43656,38098,53228,38884,46607,36796,32672,33780,42366,38498,42394,45096,39872,34838,37357,45258,50611,36406,45430,47266,38539,38479,45849,31933,33519,39407,45459,43248,39266,39180,39053,34685,
265,47329,40945,38189,45520,37329,3853,3751,38319,51167,34915,45432,37635,42582,37004,27568,32868,38232,36144,32333,40523,35298,41527,37015,32247,40730,43670,43060,39590,40286,33996,34639,30138,42584,37465,46548,37686,45877,36024,32221,30584,42024,37507,41176,43447,39644,34167,37407,40828,50006,35881,42068,46294,37877,37827,45055,30695,33011,39078,44048,41371,38512,38318,38563,31913,
266,43140,40708,37673,44579,36768,3849,3705,35677,45899,34646,41752,37407,41873,36566,27706,32230,37448,35421,31878,40097,34857,40862,36636,32034,40479,42416,41205,38788,39468,33237,33837,29531,41926,36756,44050,36743,45210,35726,31882,29786,40810,36839,40558,42009,39459,33647,36656,38240,48900,35296,40425,46218,37892,37447,44905,29853,32532,38121,43299,40945,38148,38017,37735,30062,
267,42081,39848,36956,44304,36513,3674,3564,35129,43714,34347,40928,37108,41084,36744,27053,32120,37483,34743,31798,39337,34483,40911,35949,31718,39615,41308,40328,38699,39435,33047,33518,29191,41767,36669,42940,36680,45025,35648,31425,28887,40408,36188,40631,41677,38472,33295,36103,37064,48508,34947,39525,44986,36994,37405,44140,29430,32466,37639,42568,40320,37775,37652,37241,29404,
268,41379,39908,36400,43793,36275,3507,3383,34685,42171,33581,40211,36473,40976,36114,27110,31734,36954,34277,31369,38533,34178,40255,35852,31422,39081,40490,39953,37876,38847,32691,33178,28932,41212,36306,41952,35875,44363,34963,31232,28765,39748,35937,39640,40727,38480,32859,35937,36272,48284,34325,38738,44478,36833,37017,43734,29534,31699,37300,42402,39506,37655,37166,37224,28835,
269,40762,38849,36026,43347,36099,3332,3200,34131,41516,32961,39412,36256,40687,35556,26581,31429,36317,34107,31018,38105,33966,39797,35502,31021,38790,39689,39703,37533,38248,32225,32767,28380,40217,35465,41608,35603,43729,34446,30959,28365,39404,35633,39154,40428,37904,32405,34679,35708,47790,33971,38598,44125,36499,36375,43666,29474,31393,37306,41468,39286,36937,36761,36594,28391,
270,40640,39080,35806,43188,35712,3175,3057,33617,40903,33082,38548,35719,39978,35080,26235,30924,35986,33359,30683,38396,33171,39305,34869,30403,38185,39494,38640,36902,37584,32125,32610,27763,40226,35213,40728,34490,43028,34287,30306,27978,39019,35270,38749,39972,37222,32243,34927,35343,47519,33488,37784,43813,36115,36152,42877,28595,31072,36871,41326,38667,36702,36213,36401,28045,
271,39773,38458,35441,42408,35499,3110,2948,33222,40351,32445,38380,35501,39497,34875,26110,30399,35524,33370,30271,37745,33073,39015,34447,30100,38002,39062,38770,36850,37387,31668,32003,28107,39810,34904,40467,34689,42820,33787,30206,27606,38752,34566,38245,39621,37158,31694,34588,34891,46610,33246,37831,43258,35560,35489,42273,28490,30520,35908,40752,38096,35940,35941,35971,27751,
272,39539,38103,35102,41928,34531,2952,2765,32979,39819,32365,37474,35027,38772,34281,25584,29895,35218,32683,30092,37124,32267,38671,34095,29741,37362,38621,38003,36321,36772,31241,31580,27414,39200,34253,39831,34245,42147,33262,29685,27732,38241,34331,37359,38718,36480,31494,34235,34630,46101,33082,37100,42641,34801,35343,41933,28473,30649,35591,40416,37741,35723,35487,35624,27387,
273,39266,37451,34743,41335,34456,2644,2449,33126,39539,32036,37663,34919,38757,34245,25180,29700,34791,32576,29635,36711,32045,38369,33797,29118,36916,38131,37803,35762,36458,30764,31265,26792,39283,33935,39603,33762,41729,32954,29171,27424,37704,34006,37388,38602,35987,30984,33597,34102,45608,32341,36504,42245,34860,34791,41430,28343,29932,35682,39868,37359,35275,35005,34990,27049,
274,38252,37128,34191,40539,33776,2312,2059,32384,39028,31796,36995,34338,38400,33229,24906,29445,33971,31956,29234,36279,31525,37434,33485,28997,36632,37595,37180,35386,35935,30118,30779,26767,38461,33174,38896,33328,41109,32496,28866,26983,37233,33514,37056,38300,35950,30669,33280,33549,44854,32262,36076,41753,34152,34673,40424,27654,29508,34934,39352,37108,34688,34542,34522,26899,
275,37931,36543,33680,40537,33716,2052,1817,31842,38281,31091,36440,33684,37611,33179,24420,29100,33693,31606,28907,35962,31365,36920,33136,28466,36052,37491,36974,35018,35455,30190,30086,26332,38030,33052,38139,33075,40700,32300,28350,26634,37114,33495,36789,37730,35396,30278,32864,33199,43962,31604,35816,41115,34102,34374,39901,27288,29226,34566,39205,36835,34174,34070,34440,26348,
276,37602,36709,33379,40241,32851,1762,1574,31875,37892,31036,35884,33270,37206,32778,23750,28713,33631,31540,28526,35426,30792,36828,32524,28124,35587,37170,36562,34135,34526,29323,30023,25923,37724,32804,37643,32810,40001,31401,28174,26215,36223,32854,35898,37282,34837,29958,32340,32645,43734,31552,35546,40626,33251,33908,39766,27129,28974,33965,38119,36444,34133,34091,34035,26560,
277,36891,35989,32708,39585,32219,1608,1354,31292,37696,30187,35503,33219,36730,32395,23801,28229,32793,31060,28003,35038,30792,36097,31969,28118,34992,36173,35898,34117,34303,29075,29691,25216,37064,32932,37559,32504,39379,30654,27458,26034,35713,32568,35947,36416,34159,29034,32251,33028,42849,30846,35001,40333,33301,33063,39421,26753,28101,33762,37933,35727,33738,33140,33370,26196,
278,36704,35082,32306,38916,32201,1370,1141,31034,37044,30318,35317,32789,35706,31693,23515,27615,32853,30521,28180,34587,30014,35435,31246,27411,34660,36132,35706,33719,34137,28792,28853,24991,36412,32375,37190,32098,38735,30700,27109,25730,35388,32008,35111,36427,34117,28714,31861,32320,41938,30595,34555,39711,32310,32624,38831,26442,28111,32913,37546,35190,33059,32819,32771,25506,
279,35990,34646,32134,38326,31386,1188,990,30411,36873,29601,34928,31758,35351,31136,22854,27471,32028,30599,27397,34119,29760,34890,30936,26989,34469,35578,35383,33504,33432,27854,28046,24399,35975,31672,36450,31836,38086,29944,26880,25957,35168,31833,35255,35816,33598,27976,31107,32018,41871,29860,33988,39089,31991,32040,38095,26246,27660,32776,37041,34764,32507,32382,32615,25606,
280,36126,34099,31898,38009,31319,1092,968,30647,36523,29198,34523,31760,35033,31222,22565,27212,31635,29953,27057,33848,29356,34623,30428,26576,33788,35317,34730,33120,33104,27473,27710,24431,35967,31323,36181,31237,37552,29605,25772,25537,34621,31444,34646,35346,32665,27343,30591,32094,41147,30169,33678,38712,31822,32170,37214,25855,27257,32227,36958,34368,32000,32231,32313,25131,
281,35454,33742,31240,37642,30175,992,932,30155,36291,28819,34215,31243,34065,30591,21937,26082,31142,29447,26724,33358,28835,33944,29738,25896,33560,34738,34023,32571,32015,26737,27453,23606,35345,30616,35813,30924,37141,28908,25840,25305,34460,31071,33959,35109,32428,26761,29916,31474,40527,29193,33485,37868,31373,30894,36876,25487,27005,31688,35825,34221,31502,31668,31264,25054,
282,34680,33111,31023,36899,30130,912,870,29589,35499,28186,33861,30988,33185,29900,21261,25899,30537,28905,26073,32811,28365,33387,29202,25505,33214,35072,33804,31904,31633,26438,26862,23108,34933,30433,35538,30408,35612,28301,24896,24750,33793,30619,33848,34760,31706,26485,29594,30726,39826,28969,32858,37644,30390,30598,36000,25469,26480,31084,35767,33370,31101,30832,30758,24554,
283,34735,32911,30668,35841,28734,874,850,29834,35053,27912,33334,30612,32489,29022,20812,25710,29848,28616,25319,32243,27690,32825,29082,24834,32158,33649,33564,31424,30553,25932,25984,22625,33823,29780,35224,30349,35633,27699,24303,24489,32993,30027,32933,34173,30845,25867,29175,30610,38546,28419,32495,36837,30024,30280,35156,25080,25787,30933,35333,33343,30439,30118,30605,24444,
284,34283,31946,29382,35819,28416,886,850,28925,34678,27361,32741,29759,31890,28690,20567,24888,28666,28238,25350,32035,27534,31924,28448,24353,31595,33607,33183,30864,30124,25251,25290,21939,33424,29171,34254,29712,34919,26722,23513,24163,33095,29493,32894,33634,30263,24576,28769,30397,37655,27847,32172,36096,29476,29463,34481,24865,25421,29853,34638,32562,29928,29796,29402,24130,
285,33696,31662,29118,35037,27350,820,783,29021,34047,27413,32133,29508,31284,28023,19947,24612,28453,27888,24968,31372,26951,31196,27979,24315,31129,33207,32743,30442,29405,24570,24791,21027,32955,28772,33935,29382,33720,26033,22565,24049,32232,28844,32037,32821,29812,22994,28062,29896,37516,27509,31746,35280,29048,28603,33645,24327,24825,29718,33605,32247,28899,29451,29287,23828,
286,32807,30982,28850,34309,26819,801,777,28437,33689,26564,31406,28761,30022,27381,18398,23617,27854,27342,24239,30753,26291,30302,26899,23368,30614,32815,31796,30156,27784,22830,22923,19513,32113,28277,33786,28742,33214,24221,20873,23570,31283,28806,31562,32360,28927,20281,27606,29468,36052,26700,30857,34977,28515,28443,32864,23975,24488,28730,33452,31399,28502,28705,28312,23547,
287,32781,30153,28110,33533,25767,774,744,28131,33287,26022,31147,28446,28397,26749,16340,23155,27024,26646,23764,30025,25506,29854,26608,22613,29843,31981,31147,29244,25553,20838,20122,17083,31456,27701,33121,28030,32135,21763,18397,23077,30939,28272,31132,31981,27845,16232,27068,29200,35609,26718,30520,34280,27807,27494,32249,23759,23956,28157,32536,30908,27584,28239,27402,23097,
288,31786,29087,27690,32713,22340,728,705,27068,32704,25630,30506,27693,22417,24863,11301,20691,24925,25844,22977,29222,24727,28094,24570,20375,28944,31455,30351,28402,19199,15476,14329,11719,30544,27038,32593,27399,29755,15195,12556,22748,29831,27416,30246,30847,25081,10685,25915,28756,33899,25829,29505,33245,26387,25856,29217,23201,23167,26548,31737,30076,25877,27116,26132,22775,
289,31422,28453,26800,31750,18856,615,587,26933,31919,25013,30481,27065,17523,23323,8686,18055,22792,25458,22206,28962,23936,26467,22563,17459,28490,30701,30175,28251,14856,12065,11109,9200,29923,26589,31734,26893,27207,11252,9616,22428,29348,26983,29706,30195,21418,8956,24859,27880,32011,24933,29105,32425,25725,24792,25706,22625,22727,25929,31232,29716,23704,25963,24623,22265,
290,30711,27535,26508,30491,14250,591,552,26732,31585,24064,29407,26472,13180,19978,6899,13866,18162,25011,21176,28166,22295,22737,18776,13671,28103,29866,28893,27408,11506,9380,8795,7428,29112,25676,31092,26436,22339,9320,8089,21903,28510,26392,28760,29770,16618,7926,22970,27530,28625,23918,28679,31429,23516,21047,20765,22246,21792,23287,30415,28790,19932,24122,21041,22055,
291,29998,26680,25368,28677,11224,549,495,26108,31043,23277,28578,25497,11137,15932,6068,10623,13797,24267,19970,27291,20515,18661,15034,10738,26379,29421,28646,26904,9691,8275,7741,6693,27612,24786,30106,25207,17448,8297,7375,21590,27482,25658,28217,29216,12781,7602,20224,27323,23708,22763,28025,30697,20753,17196,16007,21887,20668,19626,30153,28482,15366,21541,17027,21711,
292,29509,24007,24191,25705,9564,516,471,25664,29916,22543,28128,24447,9765,12647,5915,8529,10236,23869,16883,26731,17581,14627,11713,8757,24171,28776,28078,25565,9055,7751,7374,6508,25066,23725,29595,24995,14250,8066,7208,20979,26219,24818,26990,28053,10576,7451,16904,26628,17915,20245,27269,28739,17364,13537,12784,21493,18155,15135,28464,27451,12186,18134,13633,21416,
293,28844,20300,22844,21663,8561,414,385,25096,29684,21012,27549,22531,9489,9857,5876,7497,8925,22623,13759,25550,13659,11810,9590,7308,20866,27966,27581,24884,8751,7545,7359,6229,21828,21927,29250,23906,11891,7776,7039,20844,24220,24015,25499,27276,9403,7295,13460,26317,14235,16852,26976,25950,13543,10906,10833,20748,14776,11886,27310,26605,10211,14032,10804,20779,
294,27967,15543,19525,16658,8139,387,354,24335,28915,17754,26626,18761,9190,8711,5705,6966,8146,20833,10495,23512,10905,9984,8403,7031,15465,27066,26937,22312,8685,7167,7113,6062,17047,18368,28171,21868,10869,7538,6563,20382,20509,21417,23002,24896,8781,7347,10484,25301,11998,12605,25636,21003,10724,9156,9781,19731,11226,9369,23773,24891,8969,11026,9365,20217,
295,27214,11746,15660,13148,8060,345,284,23925,28113,13979,25986,14932,9096,7975,5604,6863,7997,17478,8335,19975,8911,9385,7817,6731,12213,25391,25631,19112,8333,7148,7105,5991,13406,14825,27397,19054,10432,7493,6662,19849,16596,18347,19081,22388,8520,6979,9112,24609,10972,9843,24364,16333,9255,8335,9557,18030,8659,8558,20010,22347,8521,9230,8674,19528,
296,25644,9835,11957,11246,7888,327,282,22991,26845,10737,24318,11367,8983,7902,5540,6462,7795,13880,7312,16085,7642,8945,7741,6427,9924,22924,23714,15539,8314,7052,6831,5822,10791,11342,25285,15452,10070,7258,6703,18392,13424,14537,14896,18446,8309,6873,8200,23926,10563,8477,21693,12787,8224,8168,9622,15530,7587,8233,15451,18233,8331,8200,8254,18777,
297,22796,8969,9728,10082,7798,321,265,21151,25616,8540,22024,9324,8800,7743,5478,6322,7495,10845,6921,12319,7304,8581,7417,6536,9066,19153,20638,12439,8260,6972,6815,5747,9479,9206,22679,12060,9919,7431,6517,16073,10872,11266,11579,14328,8161,6874,7782,22464,10335,7630,18069,10922,7909,8068,9233,12404,6850,8010,12372,14212,8236,7961,8202,16838,
298,18147,8615,8299,9807,7485,263,229,18399,22329,7548,17854,8282,8355,7552,5406,6475,7768,8750,6623,9665,7324,8658,7413,6334,8334,14593,15975,9819,8048,6770,6702,5645,8981,8173,17995,9451,9943,7206,6406,13287,9487,8873,9653,11078,8106,6816,7440,19621,10064,7508,13957,10061,7657,7825,9235,9805,6519,7967,10334,10948,8008,7859,7985,14085,
299,14574,8427,7955,9450,7578,242,223,15343,19033,7232,14312,8002,8520,7442,5358,6300,7538,7798,6360,8553,7163,8381,7234,6165,8346,11792,12599,8860,7945,6626,6583,5690,8755,7703,14043,8294,9566,7060,6186,10420,8869,8136,8633,9670,7988,6647,7320,16212,9895,7105,10913,9679,7529,7869,9023,7951,6425,7763,9605,9611,7828,7669,7990,11173,
