165,13923,14539,13489,19430,112926,5768,8477,107154,40070,10977,17911,12844,119644,118620,48321,83632,14301,13262,11658,14081,89162,92269,93552,75064,14952,33335,15904,26551,96713,70911,80609,68424,13937,14508,18108,12741,103787,70943,54173,79500,15225,16766,14973,16087,92528,84451,90324,101732,17281,11467,19690,14942,102534,85586,75679,91089,10227,12529,13477,17023,97901,87421,99809,79955,
166,17915,17618,19396,34342,132322,9222,14860,110370,70077,12776,32943,15985,152674,136775,78024,116182,15031,14993,15954,15740,97202,106998,101698,84499,18108,63129,24902,52795,109293,88822,93172,81542,16329,25130,32614,15595,114122,89019,76303,83325,21222,32032,18387,25715,103977,95461,99005,107134,23855,13104,38634,17443,120671,109253,109377,95052,11482,14958,15124,30821,112514,103101,108505,83570,
167,29495,27499,34421,61286,126598,15943,25806,119022,90133,17766,57316,25356,143724,126798,105601,115074,19430,22347,27855,21881,102919,114468,108364,91443,29799,94010,44920,79028,115815,96481,98794,87962,22560,45193,57120,23418,121595,99035,86213,88379,36798,55987,29481,46723,109771,101375,105366,115948,41601,19038,63583,23127,118342,120125,139710,105944,15841,21584,18785,54405,113845,108422,113132,86887,
168,53739,51787,60819,90863,127681,29069,41744,156991,101685,33594,81009,47166,140632,126074,103036,109353,35330,42064,50475,40747,110206,121921,117543,96793,56570,131224,73126,109105,123229,101810,105960,93113,41604,70354,83620,43549,130934,105975,93450,102784,63596,81991,53829,75970,117186,108230,112975,153457,74759,35933,86559,42050,119174,117493,148691,157157,29328,41006,32419,78353,119226,112468,122414,94013,
169,80984,81131,84580,111817,148605,45278,59367,318009,108889,56984,97194,72302,156257,140288,98697,116082,64266,71364,80791,70020,124699,134544,140109,108585,93656,143166,105597,129901,139524,110302,116801,103504,69898,91294,106923,69309,145452,114562,100985,167902,92482,107990,83038,106676,129045,124022,124793,296005,107317,60633,98967,71941,131963,125632,148066,340034,51841,67838,58525,93533,136054,122398,148610,118757,
170,103802,109559,101802,122066,273967,65403,102800,792127,118242,79655,106449,92961,244335,226833,108024,146769,113259,117604,112268,115022,194846,181911,255205,163159,142647,128610,137971,122176,225504,142247,169632,153398,100640,103134,121973,100671,218617,136753,115898,408841,123275,117448,124481,139542,181021,214748,179810,682063,126126,85726,105485,103219,200742,169276,161824,754196,73997,90253,89544,100969,223270,162504,275968,236861,
171,111498,117784,106123,129247,638354,117371,209305,1524045,126954,90154,113600,100418,578453,565124,158528,296887,141349,126727,109728,139677,430226,375034,576180,362699,144245,129267,131067,121687,516368,284400,375254,344326,113741,105807,121595,115408,490247,244402,182744,745791,126490,112875,137977,134802,389387,514661,395183,1097488,135330,93831,111665,116580,449907,349668,233091,1247380,83257,99824,104559,107606,498080,321587,609844,522292,
172,116357,124014,113335,142055,1265114,241592,370833,1840864,148115,96821,124014,107965,1302245,1300026,348716,723375,131774,115797,104494,129023,812775,755698,992787,703168,130375,144182,126147,135841,984733,607294,762729,698864,121669,114364,128814,112184,938819,543354,401929,930513,125299,119582,129812,131123,795063,962659,806269,1258193,147286,100679,121717,124715,922126,725140,464914,1459702,90497,108553,112675,116610,952455,666444,1056069,867771,
173,125771,134584,125393,171633,1915611,413084,549584,1558408,222688,103929,140110,117455,2172330,2032995,930699,1591652,129853,116771,111183,127172,1217194,1242635,1313286,1044978,134678,203233,135200,184988,1407577,1079892,1214957,1109171,129294,131720,144370,116445,1316364,1021878,820898,980366,135621,142711,133170,141893,1266769,1280884,1255596,1242975,163965,108637,142909,133584,1639832,1346211,1020660,1307909,97611,117427,121432,132021,1500039,1208682,1429742,1141996,
174,147061,176380,174622,348353,1920677,689704,1036574,1534913,540262,119401,231423,142622,2206446,2017577,1865041,1964402,152343,137410,158661,142995,1409851,1567217,1504434,1312387,179304,514189,192309,449932,1531330,1372361,1433805,1336430,152449,237683,229811,137572,1573313,1436880,1304778,1184314,189864,284156,163707,208317,1496022,1429926,1546559,1433044,254944,130004,269170,153941,1913295,1853593,1984319,1340814,109905,149890,136315,213252,1685744,1681450,1545705,1305867,
175,250666,366914,384506,793215,68602528,62224965,64402243,103417865,1003679,194717,535194,275838,82209305,84700676,121732002,74747466,268384,239753,367214,226863,66935266,69221522,83843151,92028459,393482,1215502,424844,1039969,67929630,56132210,63179693,72646071,275256,570598,532048,254647,97244019,96421926,106856725,113988908,421901,677054,324258,469227,105668892,102186633,136923994,116306373,573694,225155,615700,232912,63833331,59019321,66712602,78734394,150483,288321,178702,478259,70124084,66454867,62450914,84598121,
176,680837,973200,963646,1474002,214681198,182406879,159656204,226497423,1399792,553893,1114161,739110,217579971,229766437,253820417,217333375,835450,744317,1069141,662510,192905344,203765487,223042948,260882824,1182443,2002311,1132232,1800280,228568214,172418280,182346229,205507170,769790,1209938,1181169,704877,215785958,211155365,225903269,240276205,1060835,1395511,887326,1185691,212668302,237415554,291073701,259716333,1295561,622808,1178570,627394,208409916,186149106,187053368,229148500,386416,752835,436982,1010683,208683147,195910449,230746402,224472659,
177,1151022,1531455,1435999,1842900,227924840,243971183,232694130,292151359,1648157,951088,1502656,1196545,233664132,286079499,241816570,254529318,1691375,1481448,1606395,1362873,203517208,224621982,219123962,290054601,1888252,2015340,1753151,1871224,213987455,196940283,181048550,192570371,1280918,1650648,1641987,1205847,170969623,165342777,154974370,176112577,1590604,1756074,1503149,1798441,209334655,177366024,185356239,212274518,1721469,1073754,1387639,1123748,286876689,188028430,252183582,298469161,782947,1154992,896487,1256757,268889365,255800111,290735321,255744170,
178,3721205,4010742,3735069,4364982,336386689,291690786,315333147,337340007,5541021,3886242,3813182,3898596,337831068,341542677,283992528,291822816,4704282,5760899,4550295,4124559,204762756,236526788,220040068,298042859,4763481,4479217,4024511,4609557,215339236,188695312,176676790,188032967,5140581,4780904,4382175,3809069,159583491,157538132,162052279,165142246,4230244,4240670,4058433,4515026,192643712,165020518,181871231,200810322,6248489,4310014,3959560,3395876,570779387,281376868,278407383,353995336,5001546,5240044,3587179,5403038,294376381,271659408,266708390,277861479,
179,158162605,151149689,148432684,156429161,378235384,190085729,363009233,381739319,242471070,179934264,141248615,167299241,399510753,396903977,336900159,339240387,190373789,275819525,204871208,157964242,215985417,232321936,214891921,296605576,190524909,182342421,142808672,193156095,218867188,193153725,181079908,195731566,223989673,193652949,172146994,153102133,159573361,156649869,159843823,162080858,157479620,160464370,152707763,184145332,205484622,164739683,175934770,184228882,303961563,206112821,182873355,132820190,361959279,260839008,296077931,337608720,270038293,273285251,219324555,307795786,304390587,219765734,268181473,255808312,
180,179065219,179919850,179055485,183055205,404008630,338226328,387084503,433075727,193390994,192216237,158486738,183313989,450389125,457733060,403454556,380883339,253449610,256892341,220108468,180202150,212956847,225580389,209726779,290481681,204994324,202412742,171584781,191034483,212233174,196514117,174594394,194531781,222160892,207469157,216323803,175304986,156415149,157706948,161195103,166032524,181676661,192072186,191796106,215837408,190234925,162498579,171531860,175612604,242229666,196748731,190903887,164086253,382959866,332594778,312061123,355147209,234213435,243426903,217237457,242797003,318836448,287006502,261118058,251844897,
181,183460466,185351985,179788925,187204591,418029478,338830165,390920947,474261842,211730419,231804157,175188485,175143216,514685149,530264631,514493448,424489684,264718490,259976355,238582427,188857316,197864424,200892328,219566924,278633831,229939394,248341396,202714912,234120753,207794654,187642469,180974337,194730165,233679578,215862883,281772312,234469607,162083559,155949929,162901143,157748098,234419508,238665563,243859867,246720578,183172225,163964385,168335945,170453748,189493365,177649256,178043042,182335738,375130939,350276617,353886381,364049722,190916046,190937491,182887505,190427730,317967476,293124458,204406844,248622268,
182,219208043,189387165,174399990,184467839,426749622,343676115,394784414,501642261,210517431,206020652,174664251,156287308,576616044,598085836,625383624,540032002,278696092,280904869,266693840,214182168,182058202,198154088,203565852,257545793,268934650,295085224,258247541,275271736,179487951,174712997,169190074,181055435,262696923,252162461,333489919,282452810,154428731,156478346,158355346,161618625,275683203,273761646,290174683,280820627,170372780,159249708,159623662,163228088,170183499,166858666,169657785,202318044,359675571,367402981,325014406,369361123,180897122,171311471,193368999,123297049,316847839,293339507,239994458,322513010,
183,189834480,193213157,172324876,185399129,411530900,340993869,391816812,498720599,211817749,205275774,181478221,174940964,587712766,612078747,650295232,582801447,299337446,310861265,300964522,249751736,167443884,169625782,198261327,237461648,313380428,335020343,293809315,308350221,162757426,161064178,158539658,169756798,283888823,267893120,365822855,300845706,153756696,153797321,154658468,161901360,287424353,275346565,318524397,302623041,156983580,156772456,154402223,157919166,164032693,164450908,166132199,201693464,332418685,364193218,322914146,339066687,171647448,165233393,165157649,126407086,303801241,289853850,224606884,218156999,
184,186671758,199967920,169703239,174662605,403530826,335732719,395261867,486316844,209920450,216023488,143686268,171300273,561913208,589987476,629635333,578453580,328021448,352263937,339666889,285764762,159701751,163134195,187600010,219941490,357863609,371335515,317360928,334039716,158226682,156622440,155105878,164913928,302510070,263832754,382970264,316875306,153455020,153029360,153734623,155567352,312621863,302009237,346713438,321495290,155219937,158306993,154005850,157119066,160067807,161116892,162571590,200789450,317385829,351020269,324059494,317615196,162651760,160116579,161502125,160240494,294468394,281014628,238269741,202051849,
185,188348629,204660106,167366537,169893136,386599444,344585674,430562452,489358179,204963729,229124276,190486478,170498421,547641118,576005676,617843728,579473161,370046654,389545798,385095404,314459216,160121454,161394738,181277781,213318678,394269287,408296727,331466426,347320619,155336202,155722472,153828991,163232037,313227421,264430526,367664325,326635635,152943959,152433301,152942892,154416165,320768074,312601261,363306264,330718221,153955037,160865734,153473311,157259916,159622435,159444038,160540817,195911872,313332488,334385239,322078765,312265151,159327871,157803854,159200932,159106357,280619141,268813253,207995308,206902228,
186,184347127,214699951,169691312,171767209,427501965,380333545,461357579,495476171,188578463,215364236,183220695,168400978,545305097,578139464,612435620,582806374,415119072,420986696,396949060,348617665,157593860,160616186,175412478,205434664,432173176,415856643,337302897,348662400,155181929,155341773,153111918,162474172,299804003,260782450,532591462,331694062,154654443,152179167,152494757,153077939,322437401,318995268,372008953,340487567,153462660,166615367,152854204,156534086,158280424,155001651,160941307,187747550,315534430,324505912,342615178,315519271,147980912,158534976,158153224,160198607,267837543,253858203,206673784,202399381,
187,190374062,211121644,174513845,171532572,428241583,429656154,569409624,487374294,203136325,177372450,177937708,173155155,542234216,565805099,613453187,593473150,417714505,438571701,452261693,376417675,155283971,159752079,171128465,207738144,456313389,423690745,341441121,345941115,153839704,154230307,151751845,161293811,296174172,261006962,397523253,283658061,136071262,151596444,151845400,151934341,325926690,331711157,374839210,344478045,152785889,167968711,152648987,155088491,158018794,159038105,160643241,180757994,330031824,331774694,347912698,315982641,160332395,155017079,157940566,157667319,264868334,246453615,206682517,204394920,
188,184421894,210645089,177253473,171124664,462618503,428998122,418282878,446995578,190476553,185518274,181703658,169023580,490875640,503819919,518232334,535169566,435404688,455837399,472650968,408889746,142880237,146380793,157141972,191043903,475346495,433142114,348082332,350819716,143145897,143312363,141450697,151577925,290324081,255589001,412301768,326252378,140929317,140474935,140732347,140849472,321250129,325898376,358430776,348098378,142280034,152902064,141616602,142900337,157520919,158733287,159482031,182034361,328053788,319948934,275058657,310313938,156295199,156115009,157092771,148605276,238380569,224576566,190835388,190035790,
189,187890389,209455894,176308927,171539979,223833925,208272026,196105441,208362369,192324814,191087684,167017099,167666023,224643412,227184060,234891044,245420398,505074928,467190853,481804961,428564487,67784387,68787880,74103299,88354329,484169656,446481799,358449929,363553154,68142339,67849931,67340563,71221367,285659139,260919290,384818146,318962072,67092417,66935530,66904071,66935520,326837599,326711746,357539197,354348190,67746024,71756437,67419005,67806866,156650590,158231704,159587920,182574378,168486063,160157532,144001673,148944541,157182331,113924714,156573284,155690701,112148169,104904643,88847465,87731133,
190,139847981,214748627,164514672,160058447,20854034,21889153,20124047,18681206,173821914,162648177,116893780,154447594,19761364,19729205,20266144,21353747,446984616,436304959,454618975,416457223,6882978,7002050,7380008,8296472,454545559,425632070,352020082,348353023,6996921,6824518,6822174,6965903,263198244,236660438,353741545,293462044,6920719,6818526,6709101,6567215,304461805,302307375,326611535,331534821,6925052,6933951,6874816,6857792,145561446,147579729,148571776,171032266,16417927,15105446,13804304,14089418,145257232,144214966,144672309,145509451,10830988,10022532,8512711,8321555,
191,102359248,118882203,98249429,95229410,1967356,3642561,3575434,1806427,108170377,103973055,102988114,90588577,2027010,1888674,1722644,1914679,259069034,261369170,268247570,249908905,1446960,1537765,1521905,1368988,269422872,254007955,216061911,212965516,1526100,1348241,1416598,1315036,153932347,140086483,208959571,170723372,1544401,1449676,1326533,1177136,183779603,182058703,193907722,200675069,1492219,1404456,1466641,1423870,87208827,87890025,88653396,103035712,1839737,1758500,1972069,1602815,86891954,86148090,86557892,86139528,1615332,1604115,1482664,1342814,
192,6556137,7296726,6265928,6254689,1234790,2843159,2457646,1194891,6747959,6351257,6059591,5979522,1379955,1244474,1037895,1200371,15126282,15126010,14918531,14451871,1240532,1333909,1307409,1113137,15057885,14703770,13116199,12852171,1318034,1141850,1212973,1101038,9070729,7864282,14408408,10343054,1337270,1246481,1125159,976927,11185438,11006115,11728723,12084277,1284962,1187633,1261108,1218025,6017061,5681852,5803557,6737429,1260011,1207641,1474258,1095024,5691510,5696940,5817360,5710884,1243834,1286092,1219961,1087350,
193,1451652,1486036,1384361,1480069,1230769,2423663,1663242,1193905,1485757,1294455,1441696,1301993,1376846,1242617,1036431,1193511,1689684,1549327,1482583,1651321,1239890,1330080,1304398,1109286,1644348,1690386,1622242,1593072,1314297,1138707,1210653,1100157,1532832,1413058,1629530,1431670,1335045,1242520,1121574,975063,1567020,1514028,1568289,1646183,1291960,1186064,1260270,1217124,1648611,1272908,1360555,1491753,1259512,1205030,1471246,1095032,1302714,1341132,1441778,1331386,1242326,1282066,1221980,1087063,
194,1298401,1308276,1237248,1337994,1228059,1542352,763192,1193217,1331126,1145108,1290653,1163548,1374565,1240506,1035402,1194139,1263896,1129518,1068568,1254855,1235601,1325760,1302871,1106134,1239818,1285827,1249268,1229280,1310036,1135606,1207495,1100278,1320091,1182189,1304121,1158945,1331822,1240371,1117994,974142,1250633,1211928,1247387,1309100,1284317,1182853,1256467,1216712,1512253,1139583,1226497,1334663,1259319,1204194,1469138,1092328,1166184,1207119,1306282,1192655,1240725,1280677,1219212,1087157,
195,1295211,1303903,1231123,1334889,1224551,769749,363015,1193468,1329271,1144238,1290033,1161282,1369470,1235530,1032656,1192874,1260973,1124573,1068461,1249922,1235693,1321053,1298189,1106750,1235837,1281228,1242906,1223647,1309814,1135092,1203737,1094301,1319768,1180656,1303575,1158153,1329378,1232874,1111855,974471,1246861,1211578,1243965,1309170,1277076,1179998,1256020,1215729,1503683,1135985,1222613,1333682,1254015,1201526,1468127,1093140,1164970,1202892,1309469,1191475,1238167,1279062,1213607,1086156,
196,1293294,1302248,1230427,1332419,1221666,397969,264948,1190908,1327414,1142784,1283143,1160993,1365649,1235666,1030775,1186272,1258426,1123494,1066829,1249820,1230876,1320711,1299851,1104641,1235413,1282141,1244839,1222349,1305644,1132934,1200167,1093687,1316301,1178763,1300650,1155024,1326491,1231400,1112379,971576,1246580,1209194,1240991,1305572,1286439,1176813,1250138,1215104,1499213,1134500,1220604,1330470,1253180,1199571,1463743,1089164,1163947,1203021,1306096,1191200,1234839,1277385,1212792,1086076,
197,1292629,1296992,1226467,1328921,1220255,269688,242789,1189344,1325802,1139383,1285531,1157741,1363309,1232744,1026923,1183473,1257697,1121326,1063839,1249442,1227721,1318886,1293096,1100053,1230806,1281916,1241334,1222414,1302707,1129038,1197166,1090634,1315887,1177947,1300201,1152939,1309675,1227565,1108379,970173,1244905,1207970,1239419,1305760,1270239,1172059,1246238,1211231,1490722,1133530,1220383,1327493,1250179,1195295,1462790,1087807,1160270,1200251,1305854,1188010,1233686,1272235,1208699,1081070,
198,1289090,1296296,1224739,1325003,1216267,240809,234551,1186065,1321995,1133276,1280802,1153863,1359117,1231455,1021954,1181896,1251634,1119350,1060195,1245577,1225923,1313409,1286946,1097046,1228083,1277447,1237751,1217969,1294898,1125803,1194754,1086785,1310059,1174691,1296787,1150651,1305235,1223592,1102829,968230,1242499,1205978,1236388,1304059,1268738,1170276,1241719,1207263,1498550,1131630,1217561,1322634,1245419,1192512,1454206,1086451,1157628,1195648,1302017,1184540,1228530,1265857,1207264,1080320,
199,1284863,1294902,1224893,1322360,1212858,236284,231923,1182554,1322125,1136824,1278201,1155847,1356659,1223717,1019200,1177658,1250803,1117102,1055753,1242935,1221436,1312428,1282299,1092338,1225490,1275017,1235801,1216100,1291987,1120363,1189645,1083293,1308671,1174097,1294309,1148367,1301253,1223104,1101335,966649,1239142,1200781,1236363,1302633,1275581,1166622,1237764,1206369,1489410,1128346,1213438,1319046,1242049,1189386,1451785,1084644,1152746,1193284,1298744,1183679,1222145,1263876,1199676,1077634,
200,1283033,1289828,1220734,1317858,1208750,232040,227744,1181554,1318616,1138599,1275649,1149353,1352803,1222294,1018656,1172371,1246170,1113481,1055011,1237251,1215620,1306984,1278346,1088786,1222830,1272610,1231029,1213628,1289245,1117749,1185166,1078566,1306616,1170016,1292064,1146915,1294190,1217106,1097841,964612,1237785,1199154,1236529,1295447,1269879,1158434,1232878,1201847,1490333,1119862,1209870,1317693,1237334,1186272,1449116,1082856,1151067,1189027,1292151,1178820,1218230,1260891,1196373,1075030,
201,1279940,1284523,1218860,1313400,1205155,227514,222988,1178353,1316999,1128503,1274919,1145977,1345813,1216906,1014569,1171629,1244281,1108624,1051691,1237525,1215172,1301411,1274048,1085223,1219774,1266422,1227704,1208407,1283877,1112158,1180565,1074578,1305412,1166485,1289866,1143189,1292893,1213915,1096428,963112,1234356,1195417,1232831,1293623,1266693,1155221,1229365,1199926,1484819,1116717,1207044,1312917,1234128,1182874,1441704,1081120,1145666,1182956,1287783,1175032,1215791,1255069,1190801,1071245,
202,1279958,1282212,1213847,1307479,1201448,221934,216758,1176325,1310646,1131321,1268805,1143957,1340751,1214212,1009893,1165876,1238329,1108273,1047761,1233784,1206567,1296764,1272789,1081613,1215015,1267061,1232676,1203669,1275126,1108178,1175988,1067928,1296960,1161346,1284076,1140120,1286677,1208072,1088371,959377,1231600,1192261,1224838,1288458,1254107,1145967,1223861,1199508,1477435,1113243,1200542,1308228,1229159,1176484,1435530,1077341,1140229,1181658,1282518,1171185,1211131,1250251,1189087,1070481,
203,1273680,1274823,1208449,1303760,1186459,216773,210815,1173788,1306144,1135974,1263575,1140564,1322611,1204850,1000854,1157652,1235582,1103482,1045016,1230764,1204832,1291469,1262467,1073861,1210792,1262635,1230148,1202382,1252825,1097803,1158589,1038519,1293834,1159326,1279312,1135231,1279134,1192874,1076461,959298,1224880,1191418,1221593,1285112,1243865,1095906,1220489,1195806,1469411,1111373,1196968,1302914,1224114,1170500,1430644,1074517,1137431,1175792,1278569,1164357,1206830,1247446,1180005,1069449,
204,1268824,1269323,1203419,1297477,1145518,210572,203096,1172045,1300817,1123017,1258528,1135705,1269414,1188848,967919,1142775,1228543,1097521,1041743,1225976,1197413,1279615,1239414,1045409,1205903,1255454,1224493,1197783,1182650,1052108,1098157,954323,1286495,1150629,1276287,1130359,1255612,1140550,1034820,957121,1219547,1183214,1220059,1279146,1215978,961724,1213366,1192536,1467840,1109482,1195448,1300398,1213594,1159708,1418170,1071847,1135447,1174141,1272605,1163077,1188141,1238340,1163263,1066713,
205,1265492,1267203,1203511,1292435,1003280,201556,189748,1168011,1297744,1120813,1254622,1131939,1082392,1107034,853902,1064458,1226853,1096058,1038586,1222294,1170081,1224306,1157055,951136,1202109,1251404,1220371,1192077,965422,905201,917605,743082,1284406,1150830,1271947,1129674,1175080,970574,897569,956606,1216331,1180031,1214121,1277172,1117501,677066,1185061,1191421,1459126,1104295,1191391,1296672,1170577,1104999,1377589,1062913,1131125,1172238,1269708,1160550,1110602,1207514,1092290,1064373,
206,1257770,1261317,1195877,1284466,676773,186182,161183,1152620,1290219,1117970,1249509,1128826,685376,855413,575222,813792,1219175,1090357,1033968,1217693,1059491,1041822,902103,695369,1196923,1249610,1216508,1189370,582665,598917,571940,419703,1278347,1143572,1265662,1126894,911986,615972,593907,947555,1211209,1175715,1208654,1269893,840079,334284,1060306,1182635,1448067,1098237,1185664,1288127,1005912,918374,1202579,1016147,1125171,1161227,1265426,1155822,876651,1079721,870019,1058214,
207,1255350,1254621,1189141,1269396,358337,155120,114238,1089347,1287682,1112785,1243773,1122312,332833,502770,294043,468993,1198373,1086522,1023916,1214385,811682,722784,554588,393245,1190762,1244788,1210307,1181791,285840,310150,281742,199188,1273094,1136448,1260041,1123231,544901,304632,301664,925103,1208242,1169802,1207556,1264154,493511,156785,792845,1153174,1411935,1091439,1180614,1283352,705294,606991,871744,873540,1119122,1141933,1259651,1148965,547265,811826,554798,1034537,
208,1247871,1227987,1168392,1186480,152961,103755,60762,872187,1277931,1100665,1235503,1107537,146784,203506,118158,183488,1092897,1081339,976891,1203389,433283,345281,236886,163513,1147279,1228955,1205627,1152947,135110,134202,127095,98457,1252741,1096305,1254070,1114173,226582,133022,127796,807146,1184074,1132283,1193505,1253236,206640,97547,396175,1008046,1266440,1061767,1171587,1270490,334936,271726,426734,558101,1105478,1059971,1252744,1137887,239184,422610,247127,924131,
209,1240782,1142206,1100795,989361,105786,62517,35700,564399,1259464,1071092,1220258,1059286,113018,114745,81238,103200,858808,1057811,847354,1179376,207091,169302,128550,98281,1021701,1185795,1190598,1065159,107128,95256,95423,81209,1183444,978379,1238621,1089381,131296,99004,90771,579852,1113033,1019507,1154965,1216504,120341,90330,185766,734600,970982,974225,1147213,1236229,162085,137605,204371,291335,1061217,869261,1233690,1101745,130172,202030,133727,699904,
210,1205707,851209,854581,590428,96542,35699,26782,265159,1165628,928214,1139986,865729,106562,96261,74948,87457,449443,939825,538077,1060397,113012,113716,99841,83922,676859,991173,1117668,775842,102100,86824,89615,78559,947683,669099,1152492,967274,110625,94448,84954,291710,870033,711123,977683,1041001,101639,88988,108265,384228,508859,702514,1021451,1061579,104826,99351,128726,134892,878836,500843,1142553,943696,100908,114129,101936,385883,
211,1090186,505732,530381,298650,95650,27471,25318,138642,938309,668399,942339,575579,106033,93475,74169,85989,209127,695365,277440,807157,95374,104693,95301,81850,355973,679382,920582,451413,100729,86496,88772,76991,618621,371441,946201,728078,108425,92788,84157,141875,553262,399976,681497,736325,99381,87886,95052,190055,245927,405745,768113,755616,95917,94185,116866,92122,586528,246780,928498,667578,96768,97942,97010,187516,
212,780851,218710,232325,146130,94899,25293,24439,102550,543521,329192,574438,268504,105192,92870,73420,85184,112679,346482,121734,426470,91419,102726,94368,81363,152039,321060,549418,195267,100750,85412,87570,76820,285237,162239,566706,382124,107212,92535,83352,92711,250446,172233,327688,358295,98310,87314,92924,120966,138784,174402,403854,370343,93587,92904,113776,81900,261208,121927,537948,326688,95470,94300,96297,110130,
213,440299,124621,124321,113272,94449,24289,23697,91924,264928,155254,288630,135687,105468,91919,72749,84132,97513,161337,86325,199822,90510,101121,93444,80774,104629,157291,268634,115404,99347,84724,86824,76693,148303,103007,281083,181124,105942,91345,82101,78034,134906,105901,160185,172652,97321,86980,91807,98021,122322,103184,194952,180873,92382,91683,112697,79346,126167,97343,260106,159943,94794,93497,95082,83963,
214,184978,103066,95398,106876,93307,23428,22809,88707,131904,94302,135648,97113,103947,90800,72499,83610,95267,95255,79101,109447,89100,100632,92875,79083,95829,105281,126457,95128,98420,84091,85946,75548,107778,89495,133415,101762,105543,90494,81303,74637,101789,90264,105195,107925,96091,85439,90595,92597,118301,87738,109648,116543,92238,91045,111840,77899,87249,93464,128699,103257,94038,92550,94121,76683,
215,115785,100248,91151,105191,93049,22817,22183,88857,106703,85786,104242,91337,102632,90139,71832,82183,94610,86526,78730,96836,88797,99554,91687,78322,93865,98564,100267,92547,96897,83494,85294,74804,103414,87724,105665,90264,104097,89387,80944,73702,97145,88520,98187,99671,95537,84383,90116,90776,115373,85342,96198,108572,92011,90256,111321,77617,82580,92397,106474,95493,93530,92174,93323,75935,
216,101292,98603,90422,104625,91604,22414,21672,86544,101243,84445,97476,90026,101844,89667,70775,81566,93409,85010,77626,94653,87722,99138,91517,77940,93610,97509,95932,92150,96708,82610,84616,74006,101458,86767,99393,88136,103740,88376,80389,72762,96136,87325,96682,97476,95239,84604,89102,89753,114331,84752,93794,107025,90851,89946,110148,76625,81712,91909,101629,93805,92155,91097,92900,74712,
217,98209,98207,89505,104614,91069,21679,20869,86167,99557,83504,95142,90035,100946,88347,70013,81486,93021,84208,76326,93445,87203,98257,90270,77788,93020,95904,95106,91135,96444,82051,84491,73612,100627,86225,98109,86984,104382,87981,79278,71798,95541,87174,95242,96741,93947,83679,88190,88975,113741,83513,92546,105643,89567,88834,109097,76196,80741,90848,100849,92857,91939,90449,92648,74204,
218,97217,97453,89048,103379,90695,20344,19353,85582,99316,82786,94584,88613,100647,88035,69192,80251,92262,83558,76126,93090,85870,96951,89308,77155,91895,95862,93516,89845,95107,81617,83133,73148,100307,85261,96650,86156,103619,87762,78950,72209,94564,85931,95838,95819,93325,82285,87586,88277,112743,83233,91386,105283,89207,87987,108436,75504,80576,90552,99854,92643,91165,89932,91252,73360,
219,95927,96335,88201,102086,89449,19297,17676,85385,98057,81836,93887,88114,99572,87176,69283,80275,91201,83006,75764,92511,85485,96228,89082,76392,91173,94823,93575,89627,94527,80463,82666,72221,98955,84506,95857,85633,101466,86520,78181,71200,93207,85361,93818,94579,92115,81890,87003,87484,111929,81992,90896,104198,88246,87092,107483,74973,79358,89195,98843,91359,89572,89073,90583,73160,
220,95392,95576,87548,100956,88766,17165,14589,84562,96734,81108,92348,87311,98259,87130,68487,79123,90407,81552,74679,91016,85073,95666,87913,76202,90042,93831,92204,88522,93516,79737,81450,71665,98222,83477,95555,84521,99356,85505,76622,70560,93248,84207,93488,93782,91368,80851,85419,87291,109819,80855,89434,102990,87189,87290,106285,74607,78417,89334,98093,90436,89311,88235,89564,72785,
221,94106,95155,86921,100427,88250,14023,10703,84067,96605,80854,91503,86324,97281,85848,68108,78758,90146,81247,74240,90546,84760,94803,87383,75226,89338,93036,91991,87975,92675,79149,80838,70979,97709,83491,94668,83659,99754,84784,76777,70841,92302,83624,92665,93371,90313,80147,84709,87050,109313,80785,89244,102138,86700,85931,105398,74139,77627,88030,97071,89183,88446,87189,89334,71912,
222,93523,93978,86144,99489,86621,9925,6568,83353,95470,79857,91033,86601,96942,85484,66747,77561,89330,80722,73262,89977,83081,93989,85938,74015,88183,92261,90878,86359,91977,77956,79726,70252,96497,82255,93708,82862,99220,83916,75350,69534,91530,83113,92014,92834,88922,79469,84940,85896,108743,79998,87978,100587,85944,85675,104660,73423,77275,87550,96761,89205,88214,86654,88398,71563,
223,92896,93323,85255,98598,85477,6804,4240,82940,94190,79414,91124,85475,95544,84528,66245,77097,88091,80404,73128,89089,82694,93191,85346,73775,87642,91219,90162,86609,90454,77615,78745,69763,95542,81663,92926,82943,96531,82793,75163,69876,90696,82553,91101,91649,88253,78206,83722,85543,107460,79474,87660,100095,85165,84004,103959,72776,76439,86729,95886,87650,86966,85884,87807,71402,
224,91792,92182,83588,96728,83974,3769,3130,82053,93724,77517,89164,84462,93118,82934,64737,75331,87015,79105,71732,87635,80835,90923,83328,71948,87096,90788,89169,85226,88696,75382,76766,67760,94466,80640,92048,81407,93510,81272,72998,68490,89532,81983,89888,91283,86738,76501,82374,84315,106199,78403,86392,99543,83737,83067,101374,71801,75493,85324,94072,87266,85197,84215,85659,70498,
225,90829,91103,83489,96544,82612,3139,2925,81346,91641,77037,88434,83090,92158,81450,62967,74260,86422,78189,71029,86916,79841,89779,82470,71153,85826,89562,88665,84825,86741,74430,75824,66550,94109,79915,90990,81232,92516,79746,72134,68479,88702,80797,89976,89507,85204,75067,81527,83450,104774,77527,85782,97839,82546,81831,99880,71898,74710,84736,93619,86125,84473,83222,84595,69613,
226,90170,90503,82146,95356,81706,2858,2762,80589,91608,76650,87519,82695,89950,80440,62307,72986,84714,77587,70189,86243,78905,88848,81221,69968,85139,89092,87431,83144,85858,72580,74790,65835,92810,79259,90011,80121,90899,78482,70860,67429,87332,79851,88740,88864,84396,73405,79859,83423,103114,76928,85213,96870,81895,81310,99029,70742,73755,83099,92497,85291,82558,81974,83544,68832,
227,89416,89390,81782,93866,80315,2830,2726,79572,91224,76191,86888,81535,88671,79124,61075,72033,83927,76767,69645,86110,78028,87502,80472,69040,84186,87309,86892,83385,84111,71709,72966,63592,91710,77994,89168,78625,89707,77030,70129,66557,86855,79080,87344,87779,82816,72095,79296,82264,101640,76030,84417,96315,80376,79513,97452,69858,72579,82598,91769,84321,81207,80530,81572,68988,
228,88668,88355,80438,93026,79593,2788,2705,79236,90356,74795,85696,81051,86958,77216,59882,71321,82628,76006,68700,84555,76809,86309,78513,67900,83145,86935,85529,81476,82675,70656,71477,62235,90537,76893,88234,78815,87523,75361,68386,65930,85473,78093,86751,86243,81039,69490,77739,81409,100778,74500,83064,95305,78754,78739,95398,69041,72126,81207,91263,83547,80302,79754,80936,67794,
229,87689,86902,79499,91294,77433,2587,2491,77617,89123,74084,85199,79705,84414,76375,57888,69133,81345,75245,67617,83329,75751,84477,76819,66096,81623,85789,84794,81132,78929,67828,68412,57849,89685,76329,87474,77698,85353,72668,65647,65996,84886,77193,85514,86045,79218,63577,76873,80993,99149,73468,82270,94531,77338,77102,93801,67846,71256,80242,89236,82612,78497,78060,79634,67152,
230,85893,85829,77915,90226,73320,2454,2343,77304,87083,72772,83839,77940,77892,73658,50539,66360,79389,74200,66670,82265,73771,82091,74674,62668,80079,84307,83513,79095,70799,61990,59726,48497,87880,74668,85988,76393,83073,63835,58427,65192,82677,75932,83998,84616,76041,49527,73922,80163,97224,72815,81258,93085,75758,74395,90781,67457,69785,78616,88687,81245,76213,76303,77403,65971,
231,85092,84436,76855,88747,64555,2363,2233,76182,86893,71550,83176,77462,64879,69530,39712,59568,78070,72598,64928,80703,72190,78618,68888,55776,78907,83263,82777,78443,55792,50890,45508,34916,86906,73830,85148,75236,76919,48960,45544,64274,82043,74853,82728,83371,68862,32582,72686,78789,95124,71298,79534,90942,73251,71250,87072,66024,68495,77354,86938,80283,71648,73411,73372,65413,
232,84360,82312,74933,86922,49002,2201,2034,74700,85237,70487,81269,75532,44158,59542,24929,46350,74909,71596,63855,79392,67207,71107,57058,42448,77488,82268,81529,77039,36251,33855,28394,20725,84255,72428,83489,73836,63510,29851,29184,63370,80370,73683,82224,81810,54620,18476,68308,77744,92474,69630,78411,89939,66573,62271,75484,65393,67221,74965,85729,78757,60942,68427,65465,63772,
233,82779,81104,74077,83785,30704,2069,1778,73898,84308,69379,80473,74927,25378,42804,13678,29346,69826,70733,61354,78285,56701,56698,39585,26677,75900,80983,80316,75434,20832,19546,16196,12044,83126,70225,82308,72912,43596,16692,16066,62290,78580,72506,80045,80257,35393,11771,57184,76670,85194,68663,77238,88064,54148,47505,57067,63497,66326,71542,84232,77300,44644,56795,49844,63199,
234,81374,77817,71192,77563,17378,1564,1242,72891,82925,67389,79011,72301,14986,24715,8649,15225,55259,69248,56101,76191,40375,36354,22655,14647,70883,79672,78902,73366,13210,12053,10647,8702,80528,67114,80624,70842,24628,11034,10407,60953,76176,69154,78524,79046,19704,9565,40390,74905,70010,64821,75803,85757,36115,28792,34642,60343,63325,61759,82423,75741,26790,39313,31112,61997,
235,79644,71638,67259,66450,11750,1218,895,69337,81616,63944,77100,68292,11874,14362,7603,9989,36916,67087,46204,74364,24323,20844,13677,9846,60608,77997,77607,70011,11217,9660,9459,8013,74266,60570,78913,69829,15341,9928,9013,58909,71265,64089,75293,76015,12828,9388,24439,73110,49484,56416,74478,82215,19022,16766,19712,52931,57510,46038,80524,73343,15948,22930,18232,59603,
236,77549,56700,53928,45662,10544,907,635,64929,79063,56161,74344,58538,11424,10790,7332,8918,18883,61870,29645,68242,14841,14191,10451,8564,41478,71854,73976,58830,10908,9175,8988,7809,59453,44843,75733,63200,12594,9790,8944,55298,58659,51378,67065,69186,11057,9332,14910,68921,26859,40069,70622,71760,13481,11786,14009,41742,43791,26611,73688,67680,12060,14459,12910,55105,
237,73542,37734,37867,28192,10376,697,469,54196,75351,42188,69522,43550,11102,10147,7311,8491,11942,51989,17423,57315,10611,11741,9808,8326,24408,62128,68874,43471,10410,9018,8804,7736,41677,28890,70589,51749,11922,9498,8687,46284,42561,35187,52904,57136,10394,9063,10786,60585,16951,24654,63608,54716,10588,10342,12495,27174,27544,15683,62108,55678,10507,10777,10962,45766,
238,63154,20083,20278,15934,10165,493,407,37486,65211,24222,57511,24794,11058,9691,7157,8359,10276,33429,10448,37033,9491,10944,9437,8149,13384,42226,55206,24566,10471,8792,8892,7595,23256,15567,55704,33778,11754,9238,8475,31846,24233,19091,31503,35988,10258,8840,9800,44394,12879,13187,46585,31856,9711,9758,12006,15460,14183,11134,40811,36119,10294,9731,10419,31431,
239,47914,13218,12557,12755,10008,413,379,23263,51159,14412,41429,14626,10961,9500,7176,8330,9950,19380,8536,22130,9286,10692,9401,8182,10947,25954,38382,14953,10586,8901,8801,7367,14727,10740,38403,20102,11609,9048,8322,19291,15052,12163,18712,21573,10171,8813,9384,29133,12673,9954,30248,18652,9561,9633,11933,10428,9694,9883,24534,21817,10117,9525,10371,18785,
240,26965,11056,9848,11760,9591,359,344,13702,29480,9539,22589,10830,10874,9349,7049,8094,10008,11136,7886,12750,9102,10681,9386,8077,9910,14792,20516,10796,10254,8593,8420,7314,11691,9331,21081,11779,11389,9073,8310,11355,11122,9744,11987,13025,10085,8658,9331,16507,12173,8983,16329,13193,9525,9520,11591,8496,8194,10059,14235,13014,9997,9300,10283,11062,
241,15935,10713,9518,11449,9741,374,360,10621,17508,8927,14347,10135,10563,9221,7051,8048,9648,9441,7988,10707,8896,10456,9025,7893,9827,11360,13289,10048,9901,8580,8498,7161,10896,9164,13340,9763,11090,8889,8188,8889,10477,9243,10856,10689,10020,8596,9053,11932,12010,8771,11641,12055,9207,9623,11480,8160,7971,9652,11523,10789,10082,9114,9952,8692,
242,11582,10450,9209,11247,9506,359,351,9679,12255,8576,10773,9747,10512,9253,6764,8018,9514,9116,7671,9905,8907,10482,9071,7545,9823,10442,10548,9640,9840,8343,8180,7206,10829,8856,10802,9289,11031,8736,8149,8097,10120,8906,10385,10297,9710,8436,9092,10198,11867,8785,10256,11743,9175,9279,11177,7816,7850,9507,10959,10332,9703,9175,9983,7718,
243,10577,10336,9128,11197,9528,316,306,9301,10791,8451,9986,9716,10490,9099,6723,7758,9558,8843,7735,9651,8792,10321,8868,7611,9511,10356,10042,9500,9706,8303,8108,7000,10902,8767,10508,9351,10806,8703,7857,7787,10146,9031,10324,9937,9566,8471,8930,9692,11745,8559,9951,11676,9146,9064,11141,7776,7699,9435,10515,10068,9590,9216,9970,7598,
244,10015,10287,8882,10852,9275,327,310,9205,10533,8294,9879,9462,10211,8959,6553,7645,9322,8876,7717,9801,8746,10117,8729,7624,9429,10169,10200,9314,9555,8168,8260,6942,10378,8668,10187,8972,10722,8583,7866,7789,9915,8692,10112,9982,9446,8346,8798,9433,11679,8491,9745,11303,9209,9292,11159,7638,7873,9420,10643,9935,9369,8879,9795,7336,
245,10117,10169,8897,10870,8989,279,251,8901,10529,8289,9479,9449,10095,8952,6463,7596,9160,8620,7577,9526,8446,9944,8498,7366,9260,9995,9980,9179,9535,7953,7930,6796,10021,8634,10050,8899,10556,8489,7795,7671,9505,8518,9891,9774,9492,8300,8621,9358,11463,8264,9618,11268,8754,8934,10841,7713,7717,9029,10688,9912,9353,8864,9601,7329,
246,10044,9887,8874,10665,8983,245,208,9029,10173,8095,9606,9229,9921,8654,6390,7588,9207,8587,7459,9365,8372,9904,8679,7499,9185,9786,9617,8994,9275,8078,7990,6747,10332,8550,9823,8777,10415,8408,7699,7404,9686,8440,9875,9539,9324,7990,8504,9081,11380,8216,9443,11166,8591,8957,10756,7576,7526,9071,10175,9795,9158,8812,9396,7182,
247,9771,9894,8583,10432,8873,230,204,8834,10333,8059,9451,8980,9746,8588,6324,7372,8893,8606,7287,9352,8417,9857,8431,7120,9100,9787,9670,8912,9305,7891,7844,6616,10089,8331,9938,8650,10225,8274,7287,7626,9713,8305,9802,9606,9114,8075,8440,9150,11015,7986,9380,11078,8568,8631,10586,7590,7342,9055,10217,9567,9185,8512,9362,7197,
248,9636,9574,8373,10445,8762,179,142,8816,10153,7999,9277,8952,9667,8488,6030,7143,8920,8469,7251,9205,8199,9601,8419,7084,8838,9537,9280,8855,8947,7793,7486,6550,10043,8252,9671,8686,10233,8157,7382,7332,9536,8612,9664,9607,8983,7647,8214,8951,11021,7920,9421,10677,8634,8825,10614,7409,7392,8858,9984,9617,8798,8586,9412,7127,
249,9566,9540,8408,10133,8705,135,101,8659,9801,7713,9098,8863,9511,8422,6183,7224,8520,8166,6979,9028,7936,9213,8170,6972,8762,9594,9463,8804,8956,7559,7329,6340,9949,8067,9526,8531,9948,8000,7053,7309,9313,8211,9576,9237,8777,7613,8231,8749,10905,7843,9125,10565,8496,8524,10323,7303,7194,8889,10061,9486,9113,8341,9086,7024,
250,9339,9643,8232,10074,8491,94,64,8505,9861,7705,8952,8795,9230,8115,5941,6920,8608,7979,6984,8944,7893,9180,7873,6923,8649,9405,9203,8782,8751,7343,7318,6276,9721,7876,9451,8239,9858,7758,7112,7122,9236,8148,9425,9171,8700,7363,8229,8761,10573,7910,9052,10660,8297,8376,10166,7299,7062,8590,9860,9124,8606,8252,8870,6849,
251,9298,9340,8067,9851,8271,77,46,8455,9605,7567,8977,8612,9065,8117,5802,6858,8421,8000,6927,8784,7840,9045,7854,6635,8469,9334,9141,8530,8470,7230,7035,6132,9568,7906,9451,8236,9543,7537,6871,7318,8995,7913,9226,9082,8595,7233,7840,8739,10399,7702,8997,10501,8112,8289,9817,7140,7120,8582,9650,9031,8440,7916,8902,6924,
252,9117,9136,8147,9816,7967,64,52,8437,9317,7619,8752,8412,8888,7817,5599,6689,8081,8064,6733,8680,7747,8886,7704,6583,8510,9187,9075,8424,8341,7191,6946,6044,9399,7830,8964,8167,9396,7447,6779,7084,8810,7886,8984,8877,8373,7008,7591,8529,10228,7624,8862,10306,8007,8196,9675,7093,6901,8319,9610,8957,8524,8010,8505,6754,
253,9152,9113,7984,9694,7951,65,60,8221,9345,7450,8557,8420,8735,7693,5439,6530,8056,7677,6690,8576,7401,8697,7480,6386,8179,8989,8803,8306,8047,6779,6560,5716,9376,7558,8920,8022,9240,7368,6568,7127,8869,7694,8935,8832,8180,6671,7754,8555,9933,7369,8734,9910,7758,7931,9569,6981,6664,8123,9583,8750,8088,7782,8530,6577,
254,8880,8809,7695,9253,7884,45,42,8129,9168,7328,8416,8193,8413,7536,5343,6526,7623,7537,6440,8309,7215,8620,7344,6352,8196,8958,8799,8071,7667,6589,6514,5490,9076,7571,8810,7794,9063,6813,6240,6939,8594,7522,8856,8604,7949,6158,7451,8524,9806,7243,8608,9525,7464,7834,9238,6856,6678,7787,9410,8693,8022,7675,7974,6542,
255,8946,8688,7670,9124,7624,40,39,8052,9106,7216,8303,8113,8145,7470,4878,6381,7589,7505,6410,8309,7075,8235,6893,5985,7912,8665,8497,8038,7285,6231,5906,4951,9026,7500,8575,7628,8707,6251,5814,6995,8204,7473,8729,8493,7841,5396,7163,8354,9637,7187,8515,9667,7489,7592,8938,6804,6639,7774,8951,8591,7825,7463,7852,6397,
256,8851,8503,7542,9072,6637,38,36,7824,9008,7034,8315,7946,6649,6875,3243,5545,7546,7440,6307,8239,6853,7904,6661,5315,7593,8714,8311,7880,5591,4810,4155,3222,8665,7324,8715,7585,7976,4225,4137,6718,8250,7545,8719,8366,6970,3093,6867,8292,9281,7058,8378,9458,7010,7263,8251,6658,6322,7591,8941,8429,7275,7063,7457,6332,
257,8542,8252,7267,8974,5494,37,35,7714,8953,6927,8204,7848,4921,6366,2062,4585,7210,7296,6035,7979,6494,7321,5636,4319,7661,8429,8315,7614,3891,3425,2735,1962,8677,7019,8572,7414,7156,2717,2711,6657,8098,7192,8372,8146,5849,1938,6471,7964,8867,6824,8097,9285,6725,6575,7396,6502,5996,7407,8663,8499,6556,6708,7012,6148,
258,8437,8106,7011,8474,4033,38,36,7722,8619,6827,8152,7557,3264,5270,1282,3037,6494,7171,5859,7901,6058,6453,4536,3001,7317,8341,8159,7670,2472,2108,1666,1230,8257,6795,8240,7271,5377,1711,1717,6403,7860,7097,8087,8038,4259,1332,6224,7795,8235,6632,7938,9156,5848,5567,6095,6335,6078,7072,8469,8180,5517,6033,6094,6116,
259,8293,7988,6794,8248,2702,36,35,7412,8431,6494,7749,7226,1943,3964,995,2019,5386,6915,5528,7522,5043,5301,3011,1865,7146,8125,8130,7369,1773,1507,1237,1043,8033,6521,7978,7201,3725,1268,1214,6366,7553,6875,7924,7761,2881,1186,5062,7665,7444,6396,7877,8859,4898,4105,4264,6281,5692,6394,8320,7946,3952,4953,4767,5909,
260,7973,7431,6673,7492,1760,16,14,7384,8329,6349,7706,7086,1641,2608,859,1261,3659,6698,4663,7240,3761,3548,2042,1262,6487,7755,7882,7086,1419,1310,1106,981,7596,6229,7831,6759,2510,1185,1081,6305,7353,6460,7784,7337,1859,1172,3889,7435,5604,5675,7550,8523,3418,2770,2858,6076,5348,5119,8162,7792,2665,3678,3321,5877,
261,7826,6846,6238,6448,1424,19,13,7083,8197,5981,7429,6672,1451,1625,867,995,2332,6418,3882,6993,2516,2315,1447,1105,5513,7623,7634,6754,1378,1130,1090,916,6868,5580,7629,6632,1659,1083,1081,6098,6803,6042,7449,7229,1371,1191,2626,7404,3781,5040,7468,8038,2320,1795,1962,5757,4667,3734,7823,7536,1744,2311,2073,5606,
262,7572,5621,5102,4645,1256,15,13,6858,7901,5017,7216,5865,1357,1259,792,986,1504,6080,2531,6564,1549,1600,1244,963,3669,7431,7423,6176,1338,1118,1049,926,5558,4269,7482,6073,1642,1125,985,5893,5593,5277,6717,6780,1302,1112,1630,7177,2353,3299,7142,7011,1540,1398,1600,5256,3187,2191,6987,6911,1377,1571,1536,5508,
263,7244,3974,3779,3247,1247,11,10,6536,7670,3938,6943,4501,1282,1180,815,958,1256,5236,1572,5675,1226,1421,1080,963,2436,6700,7070,4853,1353,1091,994,964,3990,3057,7198,5160,1425,1107,1025,5539,4383,3842,5546,5729,1247,1069,1363,6896,1700,2267,6759,5586,1279,1244,1467,4337,2045,1534,6207,6244,1321,1251,1328,5142,
264,6746,2500,2367,2185,1180,17,10,5979,7250,2667,6319,3144,1294,1114,834,989,1153,4151,1164,4394,1122,1363,1083,948,1535,5637,6483,3667,1286,1017,1061,896,2709,1942,6389,3902,1480,1115,1036,4960,2911,2585,4063,4439,1224,1063,1166,6324,1506,1506,5782,3872,1146,1154,1423,3305,1305,1268,4530,4898,1246,1154,1332,4543,
265,5781,1753,1632,1714,1156,5,5,5274,6817,1789,5608,2040,1311,1168,775,1020,1182,2792,993,2950,1136,1345,1123,895,1289,4391,5417,2410,1217,1034,998,843,1896,1379,5445,2670,1400,1048,991,4077,2035,1779,2667,3008,1256,1080,1127,5595,1535,1195,4655,2561,1142,1182,1393,2147,1055,1258,3042,3582,1310,1102,1297,3472,
266,4123,1352,1193,1518,1147,6,5,3795,5588,1181,3952,1407,1267,1149,828,949,1199,1613,979,1852,1106,1343,1094,955,1195,2662,3683,1527,1158,1072,953,860,1471,1205,3694,1716,1390,1052,971,2777,1462,1230,1726,1883,1244,1085,1163,4152,1386,1108,3103,1782,1111,1230,1376,1420,893,1225,1827,2045,1228,1143,1241,2369,
267,2684,1294,1128,1421,1148,7,7,2596,4106,1097,2745,1254,1313,1106,759,913,1147,1270,923,1303,1058,1285,1024,889,1160,1877,2477,1273,1165,1046,927,816,1321,1138,2352,1328,1367,1011,952,1855,1332,1095,1387,1461,1197,1003,1092,3078,1522,1070,1970,1559,1144,1196,1376,1096,864,1170,1572,1537,1196,1063,1229,1573,
268,1816,1264,1065,1478,1191,5,6,1863,2513,1058,1668,1199,1224,1153,776,860,1087,1147,871,1208,1014,1282,1042,844,1136,1436,1635,1154,1176,1027,967,751,1385,1072,1594,1159,1383,992,901,1330,1292,1119,1309,1278,1189,966,1096,2117,1425,1011,1446,1476,1107,1120,1311,1055,855,1133,1292,1389,1194,1066,1224,1181,
269,1339,1292,1044,1413,1157,7,7,1387,1873,1011,1413,1208,1228,1093,757,874,1113,1182,867,1234,1008,1272,1047,886,1145,1371,1354,1111,1156,941,918,820,1316,1087,1294,1092,1360,969,908,1082,1209,1108,1250,1236,1148,984,1076,1582,1395,1058,1277,1410,1046,1104,1392,891,940,1185,1320,1288,1261,1041,1241,911,
270,1207,1267,1036,1323,1141,5,4,1188,1336,979,1176,1161,1189,1063,707,835,1100,1072,840,1214,1028,1196,959,882,1132,1290,1256,1110,1134,951,863,788,1243,991,1275,1110,1296,954,867,987,1180,1045,1303,1148,1169,949,1070,1314,1371,968,1252,1414,1069,1115,1367,937,848,1107,1305,1306,1167,1044,1300,901,
271,1146,1235,1032,1358,1112,6,6,1118,1296,1036,1155,1153,1237,1026,694,843,1078,1028,818,1123,1011,1220,968,807,1122,1283,1191,1114,1093,921,889,791,1214,1007,1257,1069,1282,948,850,993,1184,1054,1281,1212,1121,969,1003,1151,1414,946,1196,1480,1049,1054,1291,891,811,1079,1349,1237,1152,990,1132,882,
272,1165,1211,1060,1332,1098,5,5,1146,1305,956,1108,1154,1127,1026,689,818,1038,1030,882,1069,953,1139,943,846,1071,1198,1263,1077,1096,947,850,814,1266,974,1220,1083,1190,910,901,945,1184,999,1236,1157,1143,915,942,1167,1385,944,1179,1395,1012,1048,1169,942,772,1103,1223,1198,1057,987,1128,857,
273,1196,1219,1014,1264,1031,3,3,1134,1285,957,1164,1130,1083,1054,676,825,1007,1053,803,1108,1001,1157,873,805,1027,1170,1197,1052,1065,833,869,712,1225,988,1170,1082,1343,862,795,999,1163,986,1203,1172,1065,839,1014,1183,1300,970,1107,1305,1041,1042,1141,838,841,1079,1273,1181,1053,973,1183,841,
274,1196,1181,956,1258,1023,1,1,1075,1349,960,1039,1087,1136,1036,641,780,938,990,778,1069,942,1095,922,784,1037,1188,1194,1036,1053,859,807,727,1221,904,1121,1077,1235,893,822,935,1098,979,1217,1124,1037,806,960,1109,1321,959,1142,1338,983,1007,1254,896,809,994,1238,1175,992,927,1103,875,
275,1194,1182,974,1260,1012,3,2,1021,1207,890,1006,1074,1053,931,638,754,993,1010,840,1100,886,1115,878,758,991,1150,1151,1087,1006,870,853,646,1175,943,1110,1047,1213,834,744,909,1119,951,1148,1119,1032,776,913,1116,1251,876,1152,1306,988,975,1174,885,778,975,1237,1175,1055,937,1045,775,
276,1102,1158,940,1200,1003,4,2,1037,1229,907,1044,1084,1017,968,610,750,937,969,731,1058,884,1101,853,776,980,1100,1142,1052,983,767,810,640,1182,877,1141,1025,1159,788,781,966,1087,1000,1115,1109,1011,749,937,1129,1212,881,1108,1328,1003,1001,1086,875,782,1018,1163,1184,1008,872,1042,788,
277,1130,1090,964,1203,915,2,1,1121,1159,850,1028,1075,1004,839,621,723,904,948,775,995,870,1069,867,768,958,1139,1115,1024,986,775,750,591,1145,854,1095,956,1179,771,746,865,1097,942,1124,1031,986,794,894,1031,1188,915,1052,1254,902,952,1120,855,784,960,1156,1120,1015,882,1036,795,
278,1038,1053,923,1152,912,0,0,1028,1139,847,1032,1027,951,852,590,672,910,973,690,999,832,985,825,718,961,1096,1085,1002,885,776,691,574,1104,829,1096,971,1139,763,704,913,1031,922,1127,1007,877,681,898,1059,1148,821,1039,1288,896,917,990,845,701,994,1195,1107,960,917,1040,778,
279,1088,1052,913,1162,923,1,1,969,1093,824,976,964,948,865,520,699,901,881,751,1008,746,1024,813,676,961,1090,1052,932,831,687,626,537,1083,941,1052,952,1079,760,651,915,993,903,1082,998,857,672,845,989,1115,906,1056,1170,815,894,1113,798,710,927,1093,1109,898,849,962,789,
280,1034,1093,892,1102,850,1,1,1030,1103,829,962,1002,894,827,440,644,856,929,716,973,802,981,798,637,970,1085,1059,900,753,651,563,465,992,877,1044,909,1032,602,563,890,999,813,1052,945,884,537,803,1048,1054,835,1023,1180,880,864,1003,798,683,917,1126,1101,920,848,996,775,
281,1097,980,836,1103,806,1,1,991,1112,880,944,967,804,782,316,601,840,901,685,959,849,919,797,587,914,1068,1091,930,693,578,459,313,1084,804,999,909,924,450,428,816,969,888,1016,990,845,341,795,1012,1084,806,1036,1133,795,880,1007,766,683,899,1079,1061,829,801,894,746,
282,1031,1056,812,1020,679,1,1,960,1061,797,899,916,651,778,216,506,710,866,640,1027,704,873,683,523,857,989,1005,871,502,415,319,222,1013,763,1065,852,906,289,305,841,912,851,970,955,724,226,776,970,961,802,936,1120,806,751,834,759,646,880,1044,1044,805,840,878,742,
283,976,992,780,1015,568,0,0,936,1055,765,945,822,436,704,161,337,623,877,655,847,679,817,559,374,848,983,1012,863,331,300,212,141,1000,795,976,839,730,221,216,786,886,792,980,901,570,188,685,876,874,755,955,1085,676,725,705,796,662,815,960,941,760,721,804,740,
284,946,900,780,961,457,1,1,935,1014,733,910,893,271,583,142,282,468,779,584,905,656,713,439,281,794,934,948,799,239,222,162,145,905,694,951,848,621,184,176,771,905,764,944,931,456,149,716,963,738,682,869,1008,664,598,608,755,627,627,982,979,634,653,696,707,
285,950,886,734,881,308,1,2,928,1031,715,823,889,235,425,108,175,326,827,492,850,575,585,325,194,711,956,953,796,212,166,150,127,846,691,926,785,399,167,166,789,882,759,873,835,289,134,566,939,559,663,992,1014,502,421,425,741,558,559,909,988,450,552,577,644,
286,894,790,674,833,188,0,0,866,1026,675,852,807,186,284,115,135,197,740,407,748,428,428,188,176,569,915,920,780,164,162,134,105,730,600,882,780,286,134,157,742,762,730,835,787,193,143,406,928,382,475,889,925,403,299,291,682,459,374,893,896,287,377,375,636,
287,899,696,590,571,170,1,1,876,955,602,836,729,213,224,103,124,185,692,316,785,259,245,167,133,434,938,866,722,183,161,121,95,684,547,922,708,199,137,138,746,654,592,807,744,168,147,289,856,269,376,883,815,244,208,243,694,302,262,877,837,236,257,291,623,
288,867,496,394,381,182,0,0,828,957,443,744,526,184,158,108,128,171,575,159,617,180,216,159,102,217,834,873,585,163,139,118,92,436,319,835,525,214,117,134,672,485,468,699,677,171,122,175,871,206,242,823,599,169,175,190,657,182,170,630,768,163,157,179,643,
289,765,287,267,241,171,0,0,770,918,302,741,368,168,160,103,113,164,493,140,521,147,165,121,113,191,672,754,495,139,137,115,112,316,233,712,456,215,134,117,702,365,366,489,513,184,135,151,786,209,177,744,433,155,158,224,546,143,162,490,609,168,165,156,556,
290,677,181,191,199,144,0,0,725,871,184,652,234,196,142,95,109,166,360,122,331,142,161,116,126,167,543,664,304,159,136,131,107,215,158,652,304,206,142,132,635,211,246,334,369,156,127,153,776,175,154,636,261,165,141,217,465,108,151,302,455,165,157,172,548,
291,542,187,144,169,148,0,0,742,836,149,510,204,158,168,89,110,150,214,114,262,120,163,130,114,164,406,524,217,155,130,121,97,198,146,529,223,202,112,110,582,173,175,239,254,150,126,150,731,174,135,487,219,123,139,158,304,117,171,255,311,175,122,166,449,
292,410,162,152,199,140,0,0,590,666,127,377,169,156,155,82,116,138,179,135,185,148,179,139,99,140,283,357,178,151,140,127,113,189,149,338,161,173,134,117,451,159,150,187,179,153,123,135,654,191,166,343,246,147,138,189,247,106,161,212,247,162,139,168,341,
293,271,166,132,194,139,0,0,507,473,138,277,141,155,128,84,102,150,158,116,190,145,172,128,100,137,201,269,170,140,116,118,99,192,140,234,136,161,125,137,366,141,151,180,169,147,126,131,528,183,125,241,211,159,160,178,176,117,129,193,211,167,123,174,266,
294,214,189,140,166,151,0,0,378,311,119,172,163,162,141,79,97,137,143,129,166,130,155,121,116,139,188,185,170,150,118,127,101,181,131,203,157,206,117,119,256,155,124,174,139,152,99,139,380,159,140,196,208,134,151,172,147,110,152,178,174,147,143,151,184,
295,154,165,142,189,155,0,0,270,258,127,161,192,117,124,90,116,136,142,102,173,114,147,120,113,156,175,178,151,145,116,113,97,166,129,178,144,174,101,118,202,144,137,198,164,143,102,143,244,170,139,169,199,137,124,184,115,106,142,180,184,156,117,165,138,
296,156,163,149,197,132,0,0,195,168,119,159,147,151,129,95,104,137,137,114,150,103,159,118,128,148,173,161,147,138,119,107,81,165,123,150,143,172,106,115,154,148,125,184,161,143,133,133,217,179,122,169,185,139,134,156,128,88,133,159,173,139,109,154,126,
297,160,168,134,180,135,0,0,146,176,138,164,160,149,144,71,93,126,161,91,163,121,139,96,108,122,170,188,141,118,100,98,95,143,102,189,137,146,124,108,141,128,130,187,156,157,109,141,170,163,107,180,178,113,148,152,125,103,135,185,157,147,115,172,94,
298,150,125,107,159,131,0,0,165,169,128,129,161,157,135,86,94,118,129,101,149,119,148,95,102,141,144,166,137,140,112,120,87,150,111,180,127,172,103,83,129,155,124,150,159,138,117,110,146,146,124,159,192,120,132,160,88,100,145,151,183,139,116,146,107,
299,157,141,137,143,105,0,0,139,184,106,139,151,133,131,80,98,120,139,94,163,118,158,112,90,129,163,168,115,127,105,103,87,155,131,150,125,162,111,89,117,134,139,145,135,135,115,123,147,163,128,170,192,115,137,151,110,96,120,160,181,150,131,148,114,
