165,281224,280909,270199,322668,384035,225177,260848,761286,320438,231188,295722,246656,419533,388631,265282,326457,306758,270757,249962,302885,368606,380042,414610,310945,313566,318557,294485,301557,383585,307424,336690,292330,278903,269414,305552,261192,435444,324250,284856,474249,290804,276324,297757,321009,363207,334727,372561,755669,346235,240541,283688,292603,387883,349070,392565,742962,227784,256879,275945,275653,368781,362883,384454,379236,
166,298780,297213,285963,342392,539235,275005,355356,1267893,341951,244703,314181,261393,543701,524384,290709,396131,298594,268174,257392,299495,519735,464383,626113,410128,315600,336332,305208,320542,500490,356826,424745,367134,293882,285318,323219,267321,576156,367203,309582,806666,305446,291138,300378,334810,454655,443319,492965,1214021,371509,254495,301376,311331,525788,426038,427865,1187122,241634,273218,292565,292858,498063,454165,556668,609387,
167,312820,313169,301257,361226,913241,374990,537663,1793489,372057,257665,330763,274622,899839,895695,359871,602395,303563,279361,270030,308874,845733,692420,1037161,662348,331012,361292,319772,342119,817018,512942,675247,587805,310626,301324,341083,278759,908987,500217,386423,1118922,321337,305327,313952,350955,717257,737528,776151,1557806,392998,268386,318165,327462,859560,650634,526269,1550271,254232,287888,307738,307863,813988,693772,917463,972692,
168,329688,332549,320254,387303,1498090,587747,812706,2193400,438474,273190,356586,289993,1579984,1567250,592159,1093847,319098,292644,286014,324606,1303001,1161613,1525369,1089816,347421,415355,339405,388417,1349413,884438,1145989,1010627,327756,322954,365854,293692,1428106,859889,631366,1263673,340989,335393,328512,374031,1213709,1234612,1220340,1682831,415378,285828,346747,345534,1411645,1110116,815571,1782125,269599,304888,325667,328360,1323475,1163756,1400035,1317080,
169,352472,353067,350165,440131,2136932,874806,1051388,1967406,579943,288394,406075,307772,2428050,2365081,1084701,1792826,338026,310551,309616,343584,1639741,1665196,1810136,1442792,372256,545527,368881,493535,1811385,1353034,1602794,1428664,346228,364638,412777,312088,1812326,1354072,1059658,1292584,367441,394252,349853,413435,1666890,1648812,1676193,1674643,450104,302995,408446,365547,1979646,1630376,1375075,1665191,284200,321986,342480,365923,1807785,1665643,1765766,1501802,
170,410576,404307,438279,633015,2368249,1097335,1208392,1705218,973967,320542,565460,352325,2819714,2515748,1824520,2354030,375093,355851,382649,382132,1768998,1964445,1889197,1592549,454500,957026,464808,832067,1972593,1690236,1832555,1651064,384319,517060,567426,355450,1917052,1703929,1460389,1300004,453802,599582,406081,535625,1889808,1751748,1831736,1669630,566019,343226,596259,402951,2334757,2117968,2111569,1544970,317660,366293,371804,499577,2055028,2024505,1857191,1526937,
171,546041,546756,657705,1038894,2033597,1239072,1389963,1672087,1442920,399356,892591,466588,2378592,2085996,2098959,2057388,466894,469872,586452,476295,1743102,1985862,1887800,1608558,670124,1553392,711858,1356549,1924937,1707660,1804749,1634254,474585,847605,911292,468801,1919341,1765300,1586878,1305729,668698,1004636,550184,828585,1875472,1721913,1806386,1680130,856192,448422,953845,487853,2085769,2118961,2653006,1537288,394122,488481,440250,785658,1915345,2018874,1785565,1502583,
172,933825,998323,1167294,1664215,1865449,1399299,1806919,1701950,1801683,671001,1449162,823790,2133565,1893985,1806289,1805698,831930,852796,1133260,820103,1740452,1964512,1907487,1624831,1274779,2388844,1310393,2074774,1923951,1666168,1787237,1619280,801905,1415403,1517673,825357,1939754,1778400,1610674,1321142,1200349,1627292,992451,1484121,1856781,1731454,1805051,1697323,1516552,778872,1496338,788219,1911718,1892415,2568777,1558387,642366,871280,676476,1299353,1838754,1924122,1776720,1509292,
173,1443296,1571393,1653306,2021647,1902763,1984562,3260558,1794609,1891240,1097744,1818284,1276068,2146196,1926399,1602996,1783203,1513030,1468367,1833295,1422342,1768116,1989631,1938124,1658437,2085990,2601488,2014008,2434060,1974541,1691122,1819663,1651697,1315312,1839253,2021315,1335159,1988804,1820790,1647574,1355550,1785315,2142481,1599129,2176306,1879276,1799009,1836217,1747891,2057990,1234020,1787456,1283996,1910321,1827916,2300929,1610473,1044756,1343381,1102778,1629594,1861892,1918548,1820689,1528569,
174,1928514,2051697,1888290,2007718,2766875,4781370,7153184,2816699,1907459,1552022,1934660,1654381,3137328,2949111,2801337,2601490,2487763,2229888,2192933,2331433,2379113,2658659,2737954,2535583,2653325,2164314,2541309,2075867,2644809,2301722,2441685,2358216,1890154,1916616,2254992,1953483,3020545,2777351,2739192,2459159,2259302,2133524,2348749,2732172,2582559,2800825,3032651,2853729,2226431,1639615,1778207,1840771,2550736,2424816,2863372,2416332,1476016,1674532,1652996,1698833,2578031,2555115,2695454,2300238,
175,1999510,2046992,1841517,2004587,68476510,123883029,125430093,169927521,1962698,1696380,1932222,1724535,158970106,163639943,257819208,142420657,2494646,2177834,1908344,2527220,127481171,134074862,160213619,176637872,2382667,1987445,2294279,1902906,129938545,109074925,121804147,139508687,2061552,1882290,2116160,2081800,190897682,184646132,201909521,216177897,2145382,1955888,2385469,2486985,141178494,196576416,386343421,218422883,2226176,1682262,1753285,1997258,133238742,113494653,126900179,148247822,1618495,1740969,1859328,1698493,133912777,125927144,167936842,160499419,
176,1948794,2044461,1873621,2181092,364065053,183962658,181102612,216848524,2088195,1731403,2002948,1737235,223496879,236174042,245625230,223666836,2107376,1855437,1204574,2193906,198269156,208673413,227676757,262968594,2106228,2008735,2053259,1912688,198014398,181578248,192529141,199348418,2105126,1985167,2093673,1941499,206018290,201935259,214887410,236764539,2057724,1936318,2150015,2255256,204726453,226607783,241666385,247615332,2336634,1673411,1798716,1952019,219861858,187827302,193954302,238855589,1657746,1803600,1889272,1750570,219433335,184122520,242421429,220855822,
177,2018465,2277232,2079670,2581393,276455792,247197936,248088246,288055808,2377617,1824667,2220445,1905618,277458805,286087075,244443665,256411521,2049046,1796662,1774719,2067420,204881239,227672568,223120327,289739633,2115685,2182219,2060642,2052594,198614357,191975098,183254730,193827276,2293297,2270870,2235017,1939517,159302287,165311764,194191844,177580690,2163153,2083768,2112661,2256782,204149275,178407079,185159006,211827204,2648132,1783209,1955640,1989408,287294307,243283043,248326860,302032600,1713685,1968007,1955577,1894605,268440535,251043428,253454020,244931566,
178,4769856,5241472,4863709,5807556,341102618,294600765,314714758,338019989,7032383,4984399,4975308,4920500,338583823,340388398,285595516,294349318,5490149,6538165,5440757,4699519,204921387,218514386,223892684,296932474,5538299,5590057,4749444,5588269,221386719,190200358,180408060,187285706,6527017,5946246,5458030,4597332,160487822,158807848,171975683,167166732,5085719,5109881,4811320,5409566,207353849,166360267,179228980,197206988,8005210,5394689,5225864,4462093,334432473,267295556,279589793,331848983,6283659,6777538,4818107,6913993,294012405,267499494,267658584,259850622,
179,142058850,141987626,139602040,146468880,370695193,323764629,365823725,393069191,219329062,167933978,131744091,154751946,395143071,397799479,338765764,339139716,199672125,252170354,191828833,146597781,209831509,224767648,221188657,293023210,180625480,173483654,137556550,165025059,202443713,199997333,182320764,178040822,207051745,180324660,160054673,141478682,157685258,157342751,159793230,163099136,146070095,149729167,145059613,173240242,194253111,163780638,174490368,185902282,273454901,187312575,168617960,124731461,363603327,318282011,297209910,335578475,245210657,255979617,198921257,274616270,303573877,282869100,263050292,254407055,
180,170318342,178854810,176576858,179545287,400995775,338161204,384235524,573879077,223064718,191721761,180599690,177226245,447767230,453870737,403724690,375386259,249038588,252432309,205735148,169943408,208511719,186377948,207025386,289922348,204380801,207358638,173055304,206241810,207907555,199953194,183704947,193288563,218960323,231130307,216680295,178985890,161117190,158333469,162792143,167678352,182894808,192279208,193136541,209394052,196234087,164024986,172448415,178084536,234166861,194467269,187757228,162443038,378209708,329145680,307745003,356822138,233110775,236214992,209311619,223069420,313765655,282709866,297223050,270442861,
181,180246990,184616536,177978022,180587665,414895184,339625218,386300417,472115228,208756937,198541566,176245014,167995617,502651763,523446906,506500438,427521353,265234115,261628262,238823085,191426038,199251799,215471885,361510062,277005920,231444971,240504786,207460100,235396276,194548610,189363382,182291052,201065698,233093655,212099476,281332524,234207932,162040487,160237086,163337698,170117958,233580570,237945191,241860934,249229307,188152505,164699642,168730732,174661145,187911149,177194298,177414760,317365729,378787279,352824840,323991110,366645725,176263363,176313641,181575773,195737147,320292378,283966402,261258284,173500197,
182,178499992,187202340,172797881,178175530,422411683,344141510,394796086,494976444,192525485,163615505,166943348,172734045,564220630,588097799,606742343,533242648,263431839,280397866,268985428,214790458,182898617,186553334,191304935,257991029,271802101,296278062,259982076,272332596,181069519,173183005,168578545,175585189,267281275,253589639,332457826,279356878,157566666,156852743,159195565,162487229,276479545,282969710,289755978,280999152,173162574,160405971,161635957,165554550,169824736,167565107,169967206,152665893,361662017,359252153,326257225,352246490,172480427,169831125,169475746,168509524,315568617,291491099,242037123,233428512,
183,188258170,192330603,172900077,170767840,408803296,342195440,396067353,495889335,219424229,200797787,188795962,172204567,575249594,584439252,632006569,577941132,300588147,310970748,301063526,250654608,169792610,173219244,195225324,235984544,314977128,336033409,294877155,321983751,165836872,163461222,159875736,170289070,272945437,268847298,365507905,300228325,154916905,154223234,111084180,157938181,285510817,289416737,318547068,302261924,160939176,158215215,156765475,159176579,164394225,165464838,165411597,198774992,337253435,358905176,308812505,277674941,161457971,122794049,164963643,164075811,317564295,293032930,229149920,213048363,
184,186019561,197390466,171188914,159158228,393342204,333092486,402584383,486665002,212646318,230594088,183344474,136580454,555714534,585222175,619107809,576091968,330007045,351516403,343052273,284923629,165341428,166870276,188263388,226478482,359127945,373464183,319016815,330463784,155333681,159550652,156381952,166301810,299429151,268734210,380718583,314575163,153973054,153375238,150941345,156060267,311684892,301823991,344687087,323268679,155918925,159517386,155373592,158217940,160802692,159664686,163113849,199245288,324422424,345064909,347723096,183432579,168448094,160733822,161659094,161643325,294232561,281262776,227169993,209814702,
185,189661463,203384089,168560566,200844023,391093483,353874475,449178987,485772957,206155564,211556625,177258841,176282602,545617574,575500440,611748046,578079637,367738068,387466344,384039173,317541114,160471203,162908429,181166597,216716526,394371846,398255729,331680331,346457027,162255836,157453837,154788345,164214439,302028628,257660272,375990746,318698715,153224485,152696806,153274710,157183635,318417610,311666226,360144621,332292211,155140837,161847492,153993094,158595942,159432314,159304582,160854909,193932361,317607027,337386457,328175633,299360061,161861979,192139812,160039937,160272314,280932080,264078501,219060483,203332664,
186,185667772,208202867,171254374,166686589,406079627,389353430,459847487,494025613,197094660,254546391,181454185,169485039,544489353,574513959,604821768,591682313,404404555,419395970,428017898,353077146,159482105,163167723,176819511,211636178,429323194,414019548,337743508,333358259,158423123,157181936,153883026,162567439,299643706,257007472,416034423,327080001,152140052,152432159,152827014,153808665,321670236,314705954,357456938,340949741,154986334,165743735,153663332,157219717,155779140,159264931,160948310,187907388,306402803,331015884,303808950,314447485,101032727,157575313,158599596,150485903,270630203,263884352,211606478,206338044,
187,190056509,207181917,175473996,171462031,435538710,433521822,460700406,482549097,206162533,191895286,280422029,169256051,536989261,561419478,578766003,586637729,436549459,437931468,449834434,379527425,156046888,161465729,171032288,211500874,444436871,424787028,342286897,348093497,155414850,155475334,152587159,161065764,292934837,254489438,402404049,330513395,150916646,151354457,151846167,151831728,305594623,322557652,374562572,346438322,153448231,166112598,152391646,154807088,158368210,159223857,160688808,183614519,334302852,334962524,253531497,328101664,155825642,158169672,157865047,158638787,263295212,249336184,211296128,198638447,
188,189288133,207301989,182447351,179959083,556818620,427314285,422672718,442451513,210769476,197097535,175262627,169666569,483603465,497425272,512245760,526587249,463276993,455318034,471297006,411077020,143565340,147391360,155706051,179771772,472854624,434773722,350980662,354273388,145827333,143733124,141660813,151099889,287588106,261197539,397569997,327422700,140584502,140128671,140370409,140604644,324419640,323528122,366216699,349205634,142620361,151634881,141618497,142944408,157082113,157369951,160463287,182346137,331238866,318209479,325399094,314371913,157743220,156011293,156791346,155612788,242543980,227183986,194843531,191778510,
189,144675067,206806066,174192560,172558199,243481957,256925128,249768881,258549024,202433053,188867067,171459826,167624570,276184738,279383306,288977902,302511437,532807780,466960058,482842881,432453470,84637282,86258233,91372646,110204077,483509079,457552221,362688601,364149206,87874704,85052022,84070176,89049222,226510435,254411162,380056837,320406873,83376611,83145283,82586228,83190054,328403383,327625436,367531415,359009182,84961630,89006272,83974543,84411126,156587470,158186259,159520369,182004997,207699556,198189310,176493606,191303904,148139963,155121635,156308014,155635765,143754594,133614486,113614135,111720359,
190,180203109,208904876,170487541,165941781,49792230,46352727,46477006,45103747,192046785,212169466,174002504,162818023,47891839,47729725,49334024,51598071,416385229,455973906,471713333,434232468,15011343,16256110,16965224,19630923,473859293,444063203,371391652,367399723,16281306,16011616,15871039,16346133,273687880,235530107,367405204,314576933,15924625,15751741,15624161,15361518,318077303,316380683,344280179,351277361,16163137,16371436,15915318,15872761,151868440,153096824,154233540,177114206,39433155,37400817,33772442,35118120,150665798,151050453,151092517,151844499,26727263,24001588,20505254,19929300,
191,123088704,140136704,116855304,115002452,3159221,5712205,5657200,2971154,131274855,120902148,126451308,111767116,3382365,3168474,2938101,3225229,109875018,315114172,323583922,301412874,2179080,2381171,2336774,2141152,322315198,305948874,264768708,255512854,2339911,2082373,2205189,2043438,183318846,159216643,254477509,207105120,2379940,2204753,2042469,1892701,221561092,219376398,227444763,242160566,2271776,2154627,2247542,2136412,104577011,105027353,106159175,121766447,3068761,2932638,3143672,2632926,71353138,99274436,103774655,104230866,2623862,2575345,2294622,2060086,
192,10555396,11914477,10195478,10223218,1726844,4298720,4269685,1624513,11176694,10346550,9985920,10067395,1973952,1765194,1464965,1673538,27206716,25120820,24779790,23947552,1720325,1924119,1858300,1580862,24944386,24279151,21856077,21768076,1875232,1626744,1753518,1573281,14630598,13628567,20525583,17314275,1926925,1754427,1589504,1310989,18650134,18256962,19615119,20351337,1819606,1684511,1794865,1678716,9730227,9221511,9391612,10797249,1807507,1722093,2087629,1499375,9222027,9180233,9426576,9254922,1757041,1839446,1700446,1488085,
193,2251015,2310245,2133153,2284420,1724176,4264482,4235147,1621971,2304089,2024554,2229336,1977758,1971286,1760602,1460667,1671886,2918117,2664810,2588897,2810365,1712296,1920352,1860293,1578402,2820301,2875934,2747060,2679199,1873415,1624853,1748007,1568808,2445972,2288490,2705621,2365069,1926504,1752196,1586115,1308725,2577650,2484769,2599223,2836396,1828262,1681295,1787171,1678658,2530269,1968315,2088843,2298279,1806497,1717874,2088040,1494173,2004805,2061425,2214812,2033593,1754720,1835991,1695035,1483173,
194,1851734,1862145,1756098,1919037,1720293,4240428,4211885,1621914,1894610,1642124,1864915,1615511,1963871,1758638,1458362,1668001,1777437,1586170,1535181,1792456,1712765,1914344,1854789,1573719,1781635,1812339,1783025,1742963,1870612,1622026,1746441,1565341,1869384,1702497,1878398,1641665,1920782,1752781,1578939,1309000,1773307,1710985,1763237,1958812,1811827,1677654,1788556,1676881,2200588,1620862,1740119,1908670,1801255,1717579,2080949,1496222,1659479,1718545,1870344,1687954,1751887,1833474,1691602,1481531,
195,1848327,1862651,1751242,1917411,1718498,4215996,4181116,1619027,1887731,1637977,1855973,1618842,1961073,1758671,1453935,1663535,1775688,1581291,1533648,1790623,1709353,1903477,1849231,1569693,1778631,1813542,1780926,1739031,1866048,1616596,1739144,1562221,1866893,1697782,1869991,1637924,1915233,1751801,1576122,1306192,1769435,1709438,1759814,1956515,1805394,1674486,1783699,1673265,2177793,1620327,1737056,1896546,1797423,1709148,2075097,1494658,1656940,1716870,1864719,1687788,1747370,1829423,1687844,1480342,
196,1840878,1850866,1745294,1910866,1711395,4183216,4133025,1617028,1880044,1629635,1849690,1609009,1957320,1751435,1453969,1657679,1769428,1575714,1529258,1781948,1775774,1904420,1849407,1567386,1772125,1805600,1776890,1732855,1861957,1612996,1735327,1561185,1858201,1698229,1861319,1633208,1910908,1749082,1573402,1303660,1763649,1703035,1757165,1950191,1816791,1669806,1777378,1668658,2174121,1615506,1732242,1893044,1793507,1706901,2070151,1489317,1648776,1713274,1861041,1678232,1745329,1827549,1683852,1476863,
197,1840074,1848958,1742049,1907972,1709457,4120883,4005671,1613253,1871720,1629011,1844265,1606169,1955200,1745490,1450501,1655556,1770602,1569879,1528265,1782992,1767259,1899908,1842799,1559936,1769331,1801840,1773475,1727383,1855028,1609417,1730755,1555966,1856603,1692967,1860736,1629750,1905322,1739841,1569151,1299952,1759064,1699197,1752276,1945006,1806707,1665020,1771759,1669922,2168307,1612730,1730754,1889368,1788383,1705294,2065443,1490520,1648055,1707492,1853391,1677541,1740064,1820624,1679074,1476408,
198,1831440,1844562,1738034,1900749,1703154,3966350,3591794,1610760,1872496,1621267,1838759,1607327,1947589,1740667,1443560,1652343,1763465,1566860,1521496,1777682,1759093,1893584,1840364,1558907,1761478,1796185,1767717,1726034,1853867,1604905,1729652,1550422,1852044,1684993,1856263,1624504,1900555,1737392,1564368,1299634,1752062,1693075,1747779,1941604,1804968,1661664,1769240,1662497,2164980,1608504,1724716,1884816,1785069,1701073,2060800,1485874,1644212,1701440,1851110,1672752,1733685,1814946,1677041,1471601,
199,1826536,1841101,1730847,1897700,1700743,3516506,2719603,1608830,1863230,1616830,1831864,1605567,1944822,1737678,1443215,1646649,1759537,1561980,1519280,1773050,1759120,1891007,1831599,1554118,1758270,1793250,1764179,1722563,1844203,1598731,1721438,1545803,1846303,1681268,1853594,1622043,1911557,1731671,1558961,1295297,1747592,1692592,1744290,1937473,1805257,1659065,1762500,1661681,2154961,1601122,1722079,1880655,1781711,1696792,2056332,1481608,1635938,1699675,1844426,1666119,1730215,1811054,1670412,1470136,
200,1822174,1833542,1725884,1893882,1697307,2637351,1660257,1603501,1858979,1613129,1829030,1597269,1937827,1731260,1436474,1644122,1757376,1561217,1513409,1766472,1755597,1888094,1827919,1550017,1753460,1785115,1759933,1717468,1840386,1595322,1718337,1543414,1840171,1677792,1843919,1617197,1918581,1725354,1556342,1295372,1743211,1689159,1741069,1930409,1782390,1650001,1757079,1657279,2143563,1597683,1717284,1878639,1772015,1690813,2051524,1482222,1632812,1694987,1838009,1664618,1727387,1803466,1666232,1469174,
201,1819929,1829653,1721098,1886450,1689175,1655564,975229,1602465,1856589,1608262,1822598,1593810,1931518,1726771,1431722,1637900,1751873,1554226,1510561,1759912,1750843,1880047,1822067,1546923,1752102,1780139,1755359,1713668,1835173,1590596,1712782,1537677,1834379,1674409,1840546,1612087,1867401,1718505,1550621,1291493,1740226,1681255,1733183,1927348,1792141,1647665,1752644,1655711,2144322,1591756,1713614,1866503,1771658,1687129,2045695,1478227,1629019,1691166,1837126,1660988,1722650,1801672,1659449,1465631,
202,1812946,1824029,1713667,1880682,1684182,970441,707325,1600142,1847949,1606380,1818148,1587814,1924902,1722718,1428084,1630658,1745163,1550770,1505427,1757222,1744472,1874784,1815362,1542628,1743120,1775816,1747998,1707576,1831678,1587643,1705660,1532976,1828243,1666718,1835427,1608792,1874605,1715914,1542660,1290226,1736066,1677229,1728543,1919742,1773842,1642833,1744921,1652467,2133730,1589030,1706403,1861990,1763780,1680900,2040018,1475514,1623544,1685475,1829714,1657961,1718026,1798985,1657829,1460801,
203,1804997,1819340,1710144,1873438,1679408,718991,639116,1595965,1842123,1580299,1812722,1582647,1914986,1715068,1422868,1628361,1737595,1545504,1502936,1750409,1739755,1869867,1809861,1538398,1738547,1770750,1745293,1697976,1824858,1582987,1702858,1528506,1824228,1663772,1829357,1598702,1870717,1705616,1537637,1289758,1726904,1673029,1722244,1912734,1768638,1639274,1740398,1648876,2123446,1579562,1702235,1857698,1761760,1678712,2034455,1473982,1618539,1678992,1824155,1653678,1712143,1791439,1653804,1462106,
204,1799411,1812750,1705096,1867024,1672534,645814,618743,1591515,1838782,1576302,1807270,1577331,1909610,1710749,1414835,1618614,1731733,1541115,1496173,1744480,1737201,1864187,1803738,1532334,1733158,1765575,1740264,1698450,1817103,1576679,1695484,1525952,1820568,1659835,1824835,1595433,1862306,1697611,1533322,1283616,1725734,1668683,1717986,1906499,1757976,1632788,1732848,1646966,2119936,1574704,1697330,1851908,1755515,1671749,2029705,1470298,1613485,1672516,1818902,1645512,1706848,1787398,1646382,1460760,
205,1795695,1807550,1699111,1863606,1665195,619343,607060,1588291,1831513,1566759,1802407,1576059,1898660,1702574,1414533,1617425,1728290,1537977,1493652,1742518,1727755,1857116,1796603,1527122,1727029,1762933,1734944,1691490,1807020,1565915,1685115,1515393,1813254,1654627,1819333,1592950,1849685,1691733,1525047,1281176,1718410,1664857,1716460,1904040,1751605,1619073,1724008,1638279,2113973,1571938,1688760,1847180,1745284,1663583,2021387,1468493,1607686,1666729,1811941,1640772,1701325,1783470,1639564,1457468,
206,1787971,1802634,1694335,1855140,1658222,606457,596887,1584497,1826629,1564595,1795963,1569711,1892105,1693842,1404414,1606204,1723051,1529948,1484360,1736625,1718587,1849658,1785799,1519480,1719258,1757530,1728147,1688596,1800511,1559379,1675468,1505324,1809030,1649801,1814067,1589569,1829430,1680023,1517796,1276620,1713846,1660606,1706777,1898594,1754123,1610830,1720674,1632877,2101341,1566625,1687223,1840314,1736064,1657610,2013623,1463365,1603523,1663365,1806087,1634645,1691547,1773161,1633540,1452310,
207,1786280,1797535,1688407,1849872,1651988,596397,587496,1580293,1824701,1561100,1789088,1566093,1884453,1687974,1399381,1601658,1719565,1526971,1483103,1732304,1712980,1839822,1778862,1512637,1715081,1752167,1725966,1682752,1791507,1550927,1667845,1502012,1806638,1644777,1807848,1585233,1823608,1674056,1511716,1273349,1712243,1652484,1702525,1892777,1746491,1603451,1711672,1629857,2101713,1559133,1678822,1835257,1728493,1648178,2008983,1459759,1598327,1655184,1801552,1631400,1683642,1763173,1627838,1449717,
208,1780720,1793851,1684953,1841613,1645939,587004,578151,1577260,1818759,1559641,1785074,1558103,1877108,1678369,1394568,1595642,1712116,1520919,1475084,1722624,1700094,1828156,1769869,1505594,1708737,1744131,1717962,1672933,1781918,1544479,1660587,1492306,1799224,1639922,1801907,1582431,1811528,1665976,1504341,1269087,1706693,1650016,1696549,1887663,1734172,1598976,1703288,1625372,2088531,1555620,1673204,1829468,1720198,1640630,1996714,1453864,1590147,1646917,1792148,1621361,1672745,1754176,1617957,1444683,
209,1775258,1785833,1678667,1833410,1639866,576154,567097,1571949,1812447,1552820,1779909,1551941,1868680,1676870,1388806,1588560,1704641,1517480,1469194,1722172,1693952,1819707,1763675,1498012,1701153,1738226,1712269,1668350,1777169,1540364,1653633,1489996,1793436,1636466,1800028,1574133,1802812,1661976,1496945,1265042,1699537,1644960,1692370,1879742,1727346,1589273,1697714,1619211,2083210,1547841,1668259,1821243,1716217,1633828,1984259,1448373,1582508,1641686,1787887,1614095,1670686,1746984,1608856,1439751,
210,1768880,1774751,1667966,1820904,1633785,566074,556808,1566991,1803519,1547474,1773997,1554346,1860739,1669163,1380385,1583850,1693388,1510275,1462932,1715262,1685843,1812809,1755054,1491980,1696055,1728063,1701155,1659053,1769150,1532478,1647988,1482561,1784639,1626521,1790920,1569645,1793923,1654685,1493543,1262910,1690741,1638822,1686397,1869166,1722623,1586663,1689754,1614801,2073020,1540889,1658023,1811748,1707409,1629346,1976077,1446226,1573871,1632434,1774980,1609842,1663502,1739927,1600652,1437269,
211,1760511,1766925,1661466,1813789,1625795,557373,547617,1566530,1795308,1538212,1763162,1541042,1854212,1661950,1376184,1574522,1689890,1507955,1456254,1707664,1681463,1804255,1750562,1485977,1687582,1725132,1702469,1651228,1761747,1528485,1642109,1475600,1774890,1618189,1784217,1564593,1786110,1648746,1485760,1262268,1683961,1630631,1677205,1862613,1715014,1583585,1681526,1612386,2058709,1535311,1653258,1802627,1699732,1624177,1968296,1442101,1564116,1629331,1770803,1600777,1654860,1735608,1595690,1432036,
212,1752893,1756717,1654976,1806437,1624605,545125,534617,1562918,1785829,1528095,1752440,1530651,1848044,1654592,1374084,1570655,1682351,1497032,1449671,1697634,1675343,1803858,1738824,1481706,1680016,1714689,1691468,1646327,1755241,1519851,1633510,1470464,1768330,1611870,1774004,1553873,1779722,1642175,1479436,1259821,1673023,1623867,1669645,1853634,1705660,1574300,1673873,1609897,2046119,1528406,1644156,1795602,1694177,1616416,1961834,1437412,1558544,1620716,1763860,1593500,1649518,1726905,1587555,1432323,
213,1748751,1752110,1646020,1796305,1617936,534936,523297,1556614,1779100,1529577,1747235,1532959,1839566,1649339,1365633,1566764,1674916,1491577,1445280,1690457,1664641,1794311,1734348,1474939,1672326,1709270,1683187,1638325,1746581,1514826,1629989,1463650,1758656,1606279,1765097,1546187,1771283,1637047,1472487,1255356,1664665,1618572,1665746,1845089,1699253,1567121,1669219,1607067,2048111,1519707,1638164,1787594,1687889,1609114,1953661,1438844,1553200,1614692,1753536,1589377,1643789,1720813,1583199,1426469,
214,1736883,1743306,1638621,1789750,1605370,523274,510477,1554053,1771307,1524162,1737691,1521283,1828975,1642771,1357567,1557022,1669975,1486244,1435772,1684877,1658582,1785080,1723461,1468367,1663443,1700525,1678991,1633545,1734295,1506374,1615412,1452346,1751775,1596420,1756618,1541408,1763443,1624366,1461912,1252456,1661984,1607785,1660048,1837961,1692519,1541549,1665091,1603679,2030877,1511638,1630847,1778911,1681541,1603888,1944731,1433647,1546808,1608390,1745632,1580738,1633202,1713984,1574688,1424098,
215,1729763,1735139,1630851,1783401,1581232,507988,494000,1550856,1763708,1507271,1731703,1518575,1798883,1630043,1339297,1549356,1663200,1478793,1432900,1678921,1652485,1776028,1716633,1457182,1662795,1697350,1673089,1625502,1695458,1478559,1582979,1407626,1744498,1590659,1750160,1531615,1751144,1594274,1435321,1248943,1652967,1604116,1652057,1831648,1680816,1439822,1655680,1598038,2019761,1506178,1623317,1771441,1675709,1593234,1933716,1430440,1541042,1601085,1739997,1576118,1623488,1706944,1564965,1422924,
216,1723700,1727528,1625904,1775427,1501413,494072,477884,1546578,1757267,1500840,1722163,1509881,1688965,1600213,1273453,1520757,1654516,1473508,1426882,1674546,1643013,1752059,1681973,1417356,1652256,1693301,1665024,1618480,1563932,1379411,1466559,1267679,1737885,1583177,1744014,1529677,1718366,1491535,1338453,1247409,1645714,1600125,1643205,1824794,1634273,1193616,1641407,1595210,2012787,1503833,1617800,1765969,1658980,1574457,1908321,1424307,1533977,1594843,1731678,1569589,1590193,1694661,1533532,1418568,
217,1715246,1723112,1619018,1765483,1289372,473533,450205,1540613,1747710,1504538,1718935,1507942,1404244,1493194,1089659,1420667,1646996,1468352,1419030,1664943,1610700,1664871,1573675,1294575,1646893,1688033,1659807,1615191,1259689,1148899,1197240,989320,1729617,1578546,1734023,1524863,1603677,1239300,1106379,1243295,1638157,1595395,1641683,1815346,1485462,820189,1606619,1589537,2003996,1496539,1613875,1757191,1603209,1503324,1830687,1418390,1530880,1585114,1726188,1563608,1475330,1657316,1430799,1415276,
218,1712292,1713449,1612891,1753339,894473,442969,399157,1529358,1744015,1494335,1709542,1496891,921638,1192239,740227,1132288,1625981,1462660,1412282,1659812,1483978,1406509,1284113,1001885,1638211,1681408,1650645,1607301,809266,768493,775606,614275,1719766,1569019,1729811,1517264,1283923,816638,727853,1237665,1631431,1586623,1633745,1807147,1134714,467659,1454274,1582758,1973383,1484639,1605599,1752371,1424872,1281876,1573679,1380357,1520025,1569003,1717428,1554773,1175765,1521534,1155610,1409106,
219,1706343,1695357,1604214,1719177,544627,386872,318631,1489026,1736205,1497112,1700461,1492776,541470,783022,435856,735091,1560133,1456421,1394583,1648141,1203136,1009970,875282,647474,1622091,1674736,1649310,1595050,484216,461020,461668,366378,1708426,1558302,1723671,1512925,857072,485098,428733,1217069,1623139,1578133,1623209,1798305,726766,307936,1145614,1558254,1899000,1473708,1602710,1740047,1085681,917806,1143207,1259789,1510824,1523444,1707758,1546253,788599,1224464,788144,1393609,
220,1697708,1632144,1575393,1586594,357803,317107,238099,1367612,1729793,1473263,1694247,1464905,369644,485127,281140,446651,1337986,1441966,1320560,1634875,849822,654834,556221,406034,1563798,1656954,1635980,1561512,342511,314057,319579,262328,1661793,1511840,1713222,1500717,541912,329863,290036,1146756,1591680,1537579,1604530,1779473,457098,255237,777981,1484021,1654985,1422578,1587609,1710621,726335,589979,738850,1024218,1482606,1363666,1695989,1529553,500070,860899,505396,1343561,
221,1689523,1459784,1485871,1312621,277217,238574,168917,1093024,1706469,1421840,1671566,1380630,303316,324281,217763,298092,974579,1402896,1136235,1595184,521858,413983,364553,279113,1405761,1614008,1616208,1437767,286050,252185,261985,223421,1534779,1376596,1695488,1470423,377181,265618,236092,955113,1495393,1426286,1540279,1724681,321631,235351,472172,1270197,1249393,1289830,1552927,1626651,445509,369500,454963,687487,1405530,1075181,1660902,1475252,333646,526634,334204,1183616,
222,1646455,1044601,1202813,843014,250376,170452,129569,702663,1619815,1235548,1589279,1103623,279486,266454,197507,244791,541220,1239731,762817,1433383,342428,313323,286768,233117,1008222,1422340,1531983,1123314,266966,229184,240977,207282,1194299,1037326,1616920,1316705,315402,245392,219215,639633,1204749,1111396,1309584,1505827,273985,227527,323451,885539,736727,954705,1403167,1342463,313014,279640,335053,407588,1139156,649513,1524605,1275412,270256,342698,269308,864143,
223,1527044,651403,828295,524041,241848,132771,115751,440246,1399830,915336,1383023,760200,273446,247822,191846,227194,342104,938783,466709,1125489,281026,281569,260003,217030,627572,1087882,1318003,755654,260131,221734,231566,203467,800612,679216,1420825,1031041,291852,239049,214647,395054,838774,746582,949450,1134458,259299,225789,274441,555608,468629,609898,1114506,947221,271136,251488,302009,288964,781771,400986,1239342,947815,251391,281343,249226,547810,
224,1059842,338371,405003,326702,237724,113692,109830,287015,832464,450834,844837,376874,269486,238320,187636,217942,257879,460664,261705,573272,245841,265154,246329,210836,333803,555447,766411,384376,255901,218343,228545,200114,399450,346352,873783,531560,279470,235280,209927,241078,419876,375397,466755,571210,251094,222175,244689,323590,338644,314996,589228,470258,247964,239203,288191,227326,374277,267027,663998,479944,241400,251072,238229,288740,
225,678438,277975,298328,292356,235217,109309,106876,255797,518283,299982,527579,275412,266766,236406,186040,215717,245263,305082,223937,365253,237612,262099,242049,207501,279510,371930,467201,299241,254187,216721,226773,197695,304195,271078,538520,339538,275638,233331,208346,213454,309015,283911,320416,382735,248636,220386,238512,280378,317580,252658,384912,341468,243190,236289,285361,207592,274475,247079,418830,332279,238574,245420,235483,239558,
226,396467,257011,254471,275819,232512,106285,104056,232092,349962,239369,342600,239239,263431,234059,184522,212486,241916,241884,209126,275629,234412,259696,240104,206149,254750,293745,308741,260386,251251,214898,224608,196404,268782,241545,346965,255167,273354,230211,206697,193164,265267,247048,265148,300372,245666,217533,235308,252329,309058,229107,291110,291370,240559,234188,282835,194535,233210,239252,304866,269284,237156,241784,233376,212671,
227,308233,252031,240588,272098,230713,103829,101614,219369,301410,222623,288746,228547,262316,231140,182451,211134,238847,224148,205141,253608,232415,257090,237465,203901,249034,267183,266555,245537,248468,213033,223324,195603,260419,231784,291507,234035,271127,229880,205044,181141,253447,234028,250635,275828,243498,216712,232761,234439,305662,221832,260184,276300,236468,232630,280709,189608,219879,236900,275072,249308,234577,239587,231199,197476,
228,271425,248860,234210,268258,229477,101551,99378,212168,271559,215168,262541,225220,260593,229516,181839,209862,236904,215211,202100,244728,230025,255571,236523,203333,244545,251735,248961,238036,248190,210963,220997,193444,256406,228142,267600,224947,268216,228065,203067,175110,246579,226273,244283,263459,242410,214946,230642,225053,302286,218693,244073,270786,235988,231237,278484,186992,213020,234290,262365,239061,233391,237738,229590,187773,
229,256657,246410,231679,266256,226637,99278,97129,210770,259689,212248,251137,223238,258216,227876,180370,209183,234857,213467,200709,241899,229123,253147,235406,201021,242606,247423,243275,234299,247200,210120,219407,192271,253168,225005,258352,221227,266295,225805,201758,172948,244425,224189,241774,259328,239847,213560,229582,219997,299439,217211,238765,268599,233554,228107,275794,186583,210641,231962,258952,237410,231256,236556,227469,184000,
230,250687,245394,229241,264692,226910,96235,94013,208562,253137,211182,245835,219488,255814,226374,178367,206047,231712,210512,198609,238567,226509,250583,232286,199937,240248,243094,240141,233469,244208,207436,217350,191008,251366,223457,253075,219098,262480,223296,200695,171198,241135,222362,239921,257332,236563,211631,226835,218069,296093,214006,234681,265367,231173,227254,273252,185209,208155,230367,255329,233620,229393,235317,225448,182262,
231,248345,242678,226790,262247,223738,93482,91173,206547,251069,207919,244257,218338,254858,223646,177694,205268,230654,209862,197293,236961,225674,248391,232747,199081,238505,241771,238443,231077,242849,207065,216294,189132,248806,221373,250638,217169,262071,222944,198667,169657,239185,221644,236705,253852,234707,210046,226071,216449,294190,213102,232633,263827,230517,226257,271806,183843,205883,228382,252922,231583,228292,233257,224223,180044,
232,246305,240760,226253,260788,222810,91814,89285,204634,247964,206025,241393,216732,252950,222287,175774,203157,229515,206367,196264,234440,223130,247025,229492,196809,236564,239106,234997,228213,241212,205726,214449,188909,246658,218917,248664,215684,259747,220757,196612,168442,238127,217319,235888,251838,232979,208886,224171,214701,291649,210766,231003,260285,228840,223777,269639,182196,204793,226832,250738,229761,226726,232018,221675,179296,
233,244253,238407,223375,258160,220249,89057,86414,204514,245449,204821,239675,215476,250943,220884,173164,201463,227534,205411,194080,232710,221852,244711,228599,195449,234946,237738,233953,227497,239195,203189,213028,186901,245907,217244,246488,214314,257304,219154,195682,168164,236541,216258,234165,249241,231538,207346,221782,212622,289089,209237,228239,259650,226491,221608,267681,181301,202974,224062,248168,227524,224700,228998,220753,177379,
234,241945,235537,221930,255731,219438,85989,83210,202935,244091,202665,236759,213064,248860,218778,172197,200935,225717,203891,191974,230479,220277,243477,225644,192710,231929,235566,231449,225207,237152,201275,210437,184975,244458,215268,244024,212363,255454,216831,194020,166189,233364,214274,230959,247548,231198,205775,219742,211895,286727,206799,226320,256860,224797,220353,265312,180047,200773,222545,246162,224709,222384,227394,219705,176808,
235,238340,234240,220104,254203,217792,82566,79574,201457,241879,201608,235309,210951,246474,216574,170622,199733,223456,202281,191491,229867,217028,241627,223528,192414,230348,233000,228399,222211,234973,200489,209596,183288,242239,214506,242860,210693,252995,215251,192609,165449,231695,213384,230970,245086,228994,203192,217172,210566,286817,206772,225585,254160,222483,218227,263439,178778,198184,221103,245505,223219,220677,225641,216850,175416,
236,236791,232524,219145,251804,216068,78995,75157,198692,239416,200089,234440,210592,244890,215424,169946,197384,221426,200414,189889,226503,216400,239619,222581,191186,228470,232599,226395,220489,232278,198676,208066,182486,240150,213858,240572,208627,250563,214547,191049,163929,229665,211695,228887,242881,226288,201395,216538,207929,282627,203533,221678,253556,220586,217272,261436,177388,196730,218955,242853,221898,219973,223933,215426,173976,
237,235532,231503,216054,249960,215564,74464,68661,198132,238218,199613,231309,208871,243200,214619,169116,195749,219447,198742,188346,224953,214176,237556,220457,189121,227476,229484,225735,219281,230937,197296,205878,179639,237866,210600,237859,206836,249475,212898,188848,163488,229081,209586,226199,241478,225550,201079,215039,207489,278019,202846,220296,250953,219267,216098,260165,176279,196023,218106,241705,220239,218629,222404,214183,172451,
238,232816,228905,214839,247342,212679,65282,57151,197992,235949,197842,229724,206940,240537,211870,166234,194476,217589,196801,185820,223200,202622,235486,218947,187725,225146,227971,225033,216691,229643,196301,204602,178700,235830,209822,236525,206059,246665,209910,187625,163021,225815,208907,223422,238868,222362,198335,212105,206428,275178,200589,218520,249031,218196,214871,257539,175824,193844,216060,237585,218799,216239,219905,212682,171625,
239,231328,226916,212814,245983,210845,55126,45756,196042,233974,197089,227359,205194,238877,210996,166020,192796,216680,195985,184937,221692,201988,233963,216697,187203,223846,226297,222303,215071,226745,194015,201219,177791,234436,208129,234791,203906,244105,209235,185840,161342,224454,206888,222621,237110,221002,196582,210868,205029,274509,198829,216118,246504,215735,212288,256322,173939,192215,214721,236969,217533,214245,218428,210081,170837,
240,230289,225944,211299,244460,209020,44927,35395,194873,231911,193941,226043,204152,236657,208659,163933,191551,215669,194621,183094,219481,199972,230867,214851,185035,221261,224383,221207,213665,225519,191841,200028,175096,233573,205980,232504,201992,242018,206770,184392,160625,223776,205222,221867,235151,219648,194858,208795,203544,271288,197529,214722,245896,214489,211196,252862,172806,191117,212121,234051,215425,212272,217471,209789,169489,
241,229496,224172,209282,240749,207568,36367,28280,194832,230763,192196,223724,202534,233430,207086,162837,190660,213203,192368,182706,217407,198092,230224,212651,183713,220070,222572,219731,211826,222439,190561,198058,173530,231347,204765,231269,201077,240269,205709,182849,159586,221074,204743,220022,233536,217659,192996,207207,202347,270011,195863,213125,244161,211952,209294,252240,172007,189481,211382,232950,213849,211676,215697,207655,169237,
242,226944,221664,207684,240068,205835,29040,24083,192251,229141,190914,222171,201974,231403,205482,161008,187982,211133,191016,180849,216749,196064,227505,210644,181880,218191,220399,217947,210769,219810,188590,195166,172613,229220,203044,228041,199487,237133,202628,180211,158735,219114,201781,217212,230583,216168,189944,205345,200399,267849,193736,212068,241752,210066,206839,249040,170363,187774,209322,231484,211568,209238,213041,205510,167832,
243,225254,220810,206477,237251,202322,24927,22696,191586,226764,190513,220215,198707,229844,203284,159093,184818,209166,190060,178433,214459,193884,225203,208457,178836,216331,219457,216176,209693,218367,186156,193831,170326,228381,201285,227401,197785,235033,200804,178489,157797,218319,199471,216364,230384,213239,187684,204023,198910,264208,192522,210300,238288,209646,205033,246839,169282,186348,208061,229197,209943,207146,212457,203453,166919,
244,223035,218180,204876,235312,200077,23189,22037,189997,225397,189071,218703,197433,227092,201215,156559,183075,207229,187120,176933,211944,192167,222431,204880,177986,214595,218748,214927,207101,215802,184456,192177,166947,225472,199340,225613,196244,232880,198323,175909,156302,216046,198904,213099,227473,210252,186393,201298,199172,262089,191121,208984,237150,207065,202609,244536,168741,183384,204940,227284,208410,204609,208776,201526,166228,
245,221919,216720,203010,232848,197574,21918,21287,188364,223037,186468,216698,196776,223616,199331,155358,181377,205267,186019,175347,210866,190608,220201,203601,175100,212106,215684,212442,205200,212293,181643,188315,165316,223280,197507,224158,194361,230461,195418,174435,155615,213484,197030,212791,225445,207698,181669,200234,197209,259875,188556,206933,235449,204843,200996,241183,167005,181430,204506,225484,206701,202594,207510,198309,164688,
246,218784,214111,200173,230043,195074,21224,20647,187728,220778,184634,215742,193990,220941,196368,152786,179309,202253,184366,172094,209207,188654,217987,200937,173127,209619,213471,210547,202909,210852,179102,186309,163291,221115,196248,222006,192831,226366,192185,172540,153106,212201,195451,209967,222636,205629,180867,196543,195951,255494,186675,204851,232420,201968,197919,237522,165399,179706,201425,223746,204272,200011,204638,197002,162456,
247,218394,211284,198967,228502,192871,20703,20189,185792,218683,183114,212601,191973,217621,193630,150945,175871,200459,183541,171508,206485,185827,213611,198275,170781,208198,212691,209950,201005,207066,176134,183551,161073,219084,194196,220022,191109,223034,189969,167907,152799,209557,194469,207856,221935,202443,177514,194432,193418,253370,185101,202949,230066,199230,196667,235675,163891,178880,198890,221432,202883,196174,202803,194228,161922,
248,215135,209327,196485,225555,190715,20064,19601,184038,217875,181626,210540,190710,214753,190850,148527,173727,197387,182050,169265,205502,183578,212162,195568,168664,205980,210143,207277,198583,204294,173533,180114,158680,216916,191423,217608,190055,220185,186627,167307,151199,207216,191792,206880,218638,199970,174466,191388,191835,249874,182274,201192,227029,197009,193819,231872,162354,176289,196165,218394,200787,195493,199888,191164,161007,
249,213606,207148,194568,222135,188310,19719,19159,181569,215795,179928,209455,187753,212453,188421,146320,172087,195299,178896,167027,203256,180439,208674,193256,166503,203422,207448,205592,196576,200502,170845,177784,155827,213597,189201,216245,186715,217350,184495,164316,150359,205321,189058,204004,216886,197674,171070,189626,190592,248718,180780,198825,224453,194285,191089,228176,161348,174492,193732,216791,198135,191858,196538,189055,159002,
250,211705,203301,191731,219583,184234,19077,18554,180810,212604,176783,206910,185052,208208,186422,142949,169149,192186,176342,164930,200350,177831,205177,190665,163847,200219,206566,203033,193400,197683,168498,173897,152601,211071,187187,212692,184233,213146,180503,161275,148260,203000,187155,201750,213958,194110,166757,186735,188093,242496,178396,195887,221519,191685,187968,224922,159303,172061,190872,213394,195872,189733,194218,186738,157781,
251,208973,200979,189659,216554,180800,18371,17791,178815,210497,174590,204074,182465,204488,182981,140324,166418,189005,174878,162463,198383,176376,202278,186581,161257,197699,203471,200487,191078,193433,164446,169713,148532,208350,184299,211033,182251,210139,177897,156576,146928,198946,184871,199200,211089,190064,160865,183760,185921,239508,175913,193599,220611,189656,184945,221411,157388,169348,188360,211648,193711,185603,192622,183121,155833,
252,205562,198130,185987,213034,177512,17634,17029,177028,207552,171969,201610,180454,198760,179263,135601,163711,185153,171895,159912,195568,173318,199226,184340,157972,195051,200257,196915,188364,187054,159861,164422,142723,204620,182850,207549,179997,206032,171050,150556,146850,196375,181777,196404,207193,188133,147171,180622,185144,235073,173345,191603,216434,186121,182911,217564,155397,166057,185088,208483,191047,182811,188683,180863,154103,
253,203401,195006,183489,210362,171442,17014,16474,174761,204875,169402,199401,178710,189199,176549,125839,160212,182082,169336,158371,192073,170886,195534,180290,153473,191950,198456,194934,185800,174786,148181,150469,129157,202091,179153,204554,177458,201035,158194,136865,144293,194340,179569,193342,205012,181957,122218,178732,182910,230799,169978,189127,212951,182870,179720,213002,153835,164222,182799,205238,188413,177961,185432,177368,152940,
254,199895,191382,180095,206604,156388,16339,15696,173430,201900,166958,195537,175032,166517,169384,104445,151961,176772,167592,154761,188966,166517,189099,173241,145125,188133,196313,192230,183722,147977,125299,124581,103600,199767,175890,202122,174976,193097,131501,111792,142699,190463,177486,190426,201578,169764,88778,174093,181955,224966,167257,186596,209057,178605,174371,203909,151779,161241,178300,202801,185477,171814,182169,170442,150151,
255,197410,188690,177787,202236,131378,15589,14854,170711,200074,164667,193699,172865,131332,157842,78776,135879,167725,164853,150726,185998,162001,177475,159770,128171,185315,193324,190145,180354,113115,96561,92356,76413,194899,174110,199742,172681,177009,97112,82790,140638,187813,174631,187845,199324,148569,63559,168672,178132,216839,164537,184418,206075,172371,164058,186411,149957,158832,172962,198502,183183,156702,176512,157955,148573,
256,196330,184660,175486,198204,78281,13853,12671,167409,197864,161728,191680,170307,74188,112009,44008,86463,154123,162527,149042,184728,147016,132711,111454,81309,182496,190925,188034,177922,65966,55931,54732,44896,192229,171241,197804,169948,120878,55839,48447,138214,184937,172285,185350,196901,94090,44655,143188,173658,206826,160927,181776,203369,142493,123435,127940,145569,155783,164634,196071,180948,109485,150803,115900,145679,
257,192877,179003,171471,189906,57973,11929,10554,164546,193927,159243,188562,165708,58555,81222,36733,61082,124985,159712,140532,180811,119805,97543,81258,58663,176907,187537,185403,174880,54035,46354,46207,38829,186040,167678,194492,166973,88296,47594,41685,135905,182038,169561,182633,193133,67886,42363,114880,172148,180625,155898,178265,198283,112967,91655,92650,141924,150842,148185,192922,178569,79204,121440,85083,143493,
258,189191,162263,164149,167115,48302,10294,8963,160514,191073,152944,184966,158173,52427,58767,33757,46609,86068,155707,123086,176209,86975,70354,59897,45401,162474,184072,181103,168733,49535,41756,42520,36085,170988,158861,190687,162996,67488,43985,38935,132319,173008,163865,175768,188112,54015,40480,81651,168711,135580,141703,174639,187743,80713,64870,67820,132993,138969,114834,187633,173095,58647,87915,62347,140869,
259,186620,136453,152609,136643,44817,8787,7357,153848,187742,142662,180946,143718,50158,49113,32933,41214,61468,149286,98291,168900,64228,56772,49817,40403,137797,179569,177266,159026,47535,39921,40804,35545,149016,143638,187494,157249,59097,42201,37915,126523,159506,153060,165563,180719,48989,40077,61420,163635,98955,119919,170402,170413,60332,51759,57412,116792,119145,83632,179155,167018,49886,64986,51037,135337,
260,181689,98313,124972,97882,44095,7758,6291,144305,183989,119965,175139,115854,48864,44876,32662,38915,48287,132087,69704,150761,53099,51266,45895,38205,100711,168293,170572,135651,46400,39480,40651,34517,112232,114841,181304,140601,55069,42054,37448,115768,130459,129577,142342,162041,46543,39438,51588,155034,73204,86333,161089,135115,51520,46831,54041,94985,86635,59234,157772,149508,46275,53075,46778,126366,
261,171538,70635,94019,73336,43236,6791,5563,123072,176432,92027,165555,86723,49032,43443,32241,37709,44576,106567,51695,125642,46559,48734,43410,37449,72711,150047,159407,106957,45883,38497,39965,34357,82618,86111,171180,116323,53120,41152,36882,96169,100308,102766,112001,135597,45546,39025,46315,136315,62262,62639,144191,100395,46398,44306,52695,70429,61997,49004,127766,123446,44729,47236,44871,108911,
262,150336,53180,64697,58537,42434,5550,4902,95030,158534,62242,141780,60578,47842,42697,31291,37064,43359,73552,41261,86717,43242,47905,42546,36480,54576,114746,130300,74540,45912,37787,39521,33927,59518,59478,144442,82932,52788,41106,36432,71093,70523,70477,76562,96978,44714,38561,43436,107055,58305,47668,111764,70649,43691,43343,51217,52005,46269,44861,89226,87087,43444,44097,43460,83269,
263,121794,47785,51556,53187,41675,5150,4807,70621,131258,48366,112371,48805,47426,41537,31110,36656,42843,54371,38034,63976,41687,47111,41755,36317,48781,85207,99701,58188,44841,37577,38514,33593,51582,48690,114060,60447,51532,40555,35906,53182,56525,54653,58291,71158,44111,38387,41859,80755,57482,42547,82301,58329,42919,42981,50711,43280,40654,43539,66327,65658,42931,43061,43122,61313,
264,88663,46238,45386,50843,41438,4840,4632,55541,98879,42223,82538,43420,47112,41345,30635,36034,41882,44911,36958,51587,40811,46134,41205,35629,45868,64529,71677,49389,44183,37521,38541,33482,48359,43754,82636,48465,50724,40349,35225,42870,49540,46314,49264,57134,43079,37884,40892,62437,55601,40807,62074,53232,42134,41969,50137,38144,38102,42821,54716,53380,42665,42630,42275,47194,
265,66688,44661,42672,49676,41012,4471,4338,47516,74455,39445,62764,41829,46352,40539,30292,35845,41614,40803,35730,46580,40471,45649,40430,35498,44765,54006,56203,45800,43936,37309,37803,32398,46924,41776,63357,43606,50128,39802,35291,37567,46824,42983,46406,50531,42941,37783,40619,51900,55420,39182,51912,51433,41531,41749,49235,35504,36543,42677,49986,48163,42502,41854,41832,40050,
266,52990,44634,41488,49189,40535,4451,4316,42324,58147,38052,51576,41471,45923,40272,30423,35462,40682,39081,35247,44037,39785,45308,40476,34943,43982,48048,47870,43531,43669,36405,37354,32479,46220,40561,51960,41114,49615,39178,34529,34289,45026,40621,44759,47135,42818,36954,39908,46124,54044,38716,46417,50332,41316,41239,48985,33387,35953,42325,47817,45089,41685,41421,41593,35289,
267,48078,43900,40739,48911,40100,4362,4248,39842,51496,37539,46860,40661,45624,39598,29992,34633,40953,38449,35464,43130,39259,44535,39755,34498,43863,46150,45126,42391,42868,36300,36920,31709,45714,40038,48373,40085,49146,39110,34496,32495,44684,40186,44239,46167,42357,36546,39968,42593,53674,37915,43909,49409,40874,40946,48193,32498,35535,41588,47177,44286,41397,41304,40876,32957,
268,45875,43500,40277,47953,39727,4161,4015,38408,47771,36671,44780,40083,44935,39854,29117,34655,40161,37682,34044,42823,39063,44565,39141,34493,42417,44953,43978,41843,42389,35832,36612,31574,45113,39434,45910,39375,48611,38070,34309,31631,43829,39147,43244,45106,42030,36195,39425,40328,52993,37925,42766,49054,40345,40263,47703,31979,34912,40864,46585,43421,40918,40595,40647,32112,
269,44764,42331,39723,47476,39508,4042,3926,37337,46372,36609,43714,39412,44123,38697,29423,34223,39891,37335,33917,42205,38984,43869,38965,33928,42337,44111,43107,41052,41912,35561,35912,31518,44042,39070,45218,38920,48034,37926,33914,30748,43479,38995,42930,44711,41177,35871,38670,39082,52880,37332,42076,48300,39853,39788,47518,31921,34524,40572,45681,42878,40804,40297,39915,30945,
270,43889,42308,39352,46678,38771,3961,3829,36842,45000,35994,42484,38833,43915,38589,28850,33904,39420,36749,33452,41630,37795,43188,38339,33208,41634,43025,42763,41028,41768,34944,35600,30713,44100,38603,44711,38422,47690,37343,33542,30555,42800,38446,42490,44217,41190,35130,38471,38510,51239,36993,41419,47930,39062,39674,46916,31469,34121,40233,45220,42177,39655,39626,39990,30523,
271,43586,41973,38776,46723,38207,3577,3408,36545,44189,35611,41900,38984,43327,37948,28418,33818,38781,36254,33331,41354,37820,43016,38345,33100,41744,43021,41790,40398,40524,34615,35444,30495,43874,38111,44168,38336,46695,36773,33127,29948,42481,38238,41803,43310,40962,34828,37897,38070,51275,36708,41245,46934,38946,39268,46728,30986,33520,39811,44697,42052,39460,39298,39473,30521,
272,43091,41076,38571,45833,37795,3555,3399,36024,43895,34800,41404,38209,42824,37658,28512,32785,38439,35685,32858,40532,37108,42193,37519,32446,41092,42713,41481,39581,40564,33975,34447,30144,43388,37035,43464,37299,46392,36620,32266,29637,41454,37188,41851,43228,39756,34743,37274,37500,50545,36197,40387,46373,38204,38403,45316,30334,32960,39208,44398,41535,39267,38680,38816,29952,
273,42373,40841,37910,45414,37446,3485,3324,35644,43124,34893,40840,37803,42264,37365,27648,32623,37775,35410,32130,40011,34937,41495,36775,32204,40525,42043,41000,39456,39707,33881,34327,29697,42535,37034,43211,36984,45793,36420,31996,29439,40928,36789,40507,42288,39338,33873,37027,36981,49719,35372,39666,45968,37938,38115,45103,30635,32601,39015,43571,41222,38836,38241,38286,29522,
274,42176,40362,37254,44790,36461,3190,2972,34780,42744,34534,40420,37092,41909,36747,27315,32183,37369,35200,31825,39478,34774,41065,36635,31676,39899,41245,40634,38821,39648,33466,33785,29250,42058,36540,42294,36429,45253,35681,31599,28971,40617,36518,40468,41738,38814,33988,36444,36548,49381,34881,39426,45023,37827,37166,44391,29998,32263,37989,43129,40165,38394,37981,38058,29664,
275,41495,39788,36889,43913,36292,2918,2690,34759,42213,34128,40106,36679,41210,36218,27045,31840,37571,34680,31516,39169,34121,40794,36643,31344,39726,41243,39982,38314,38668,32674,33300,29094,41480,36332,42091,35994,44436,35247,31215,28766,40151,36372,40319,41271,38780,33038,36027,36288,48542,34841,39154,44937,37082,37682,44258,29368,32219,37818,42625,40167,37580,37441,37504,28920,
276,41027,39544,36256,43724,35844,2649,2388,34805,41599,33465,39154,36771,40932,35821,26770,31732,36500,34389,31320,38943,33858,40277,35729,30862,38943,40070,39370,37820,38365,32391,32922,29041,41193,35515,41582,35992,43703,35085,31129,28911,39735,35892,39840,41031,37801,32958,35573,35806,48211,34327,38763,44444,36962,37218,43752,29502,31634,37306,41712,39943,37234,37321,37061,28753,
277,40481,39301,36291,43201,35612,2238,1996,34215,41435,32792,38994,36442,40222,35644,26501,31096,36175,33964,30790,38304,33399,39658,35624,30700,38916,39838,39409,37344,37680,31759,32527,27961,40661,35166,41194,35073,43761,34441,30474,28291,39070,35542,39213,40494,37924,32143,35427,35599,47311,34193,38282,43745,36241,36523,43112,29177,31747,36631,41710,39101,36847,36952,36389,28309,
278,40098,38551,35492,42821,34952,1924,1664,33840,40590,32951,38770,35647,39418,34967,25765,30612,35734,33452,30247,37932,32973,39329,35282,30278,38289,39561,38813,37164,37543,31663,32116,27660,39970,35308,40879,35067,42918,33708,30018,28011,38810,34929,38704,39727,37307,31742,34847,35271,46739,33981,37391,43495,35582,35790,41825,28867,30712,36345,41219,38196,36137,35807,35965,27966,
279,39911,37826,35471,42125,34905,1741,1463,33612,40245,32798,37938,35379,39046,34413,25584,30150,35235,32824,30158,37689,32661,38690,34222,30021,37845,39168,38074,36445,36898,30804,31490,27114,39613,34896,40521,34567,42393,33186,29600,27696,38501,34919,38353,39560,36185,30948,34310,34743,46140,33109,37298,43187,35351,35427,42035,28556,30505,35690,40948,38282,36002,35261,35591,27833,
280,39464,37277,34867,41952,34335,1531,1259,32990,40014,32134,37631,34644,38472,34475,25010,29662,34507,32635,29794,37083,32307,37877,33567,29336,37632,38333,37814,36225,36118,30595,31077,26583,39154,34657,39528,34133,41632,32814,28702,27486,37797,34544,38117,39255,35908,30305,33814,35051,45150,32888,37069,42383,35100,34935,41357,28275,29994,35325,39970,37943,35670,35319,35427,27391,
281,38876,37007,34545,41013,33262,1391,1205,32852,39424,31397,37322,34225,37886,33134,24535,28971,34165,32399,29388,36418,32037,37473,33206,29024,36540,38194,37671,35725,35530,29791,30467,26400,38888,34110,39565,33751,41090,31919,28551,27210,37434,33774,37501,38734,35248,30185,33209,34231,45117,32475,36171,41814,34541,34251,40302,28048,29689,35152,40006,37270,34759,34818,34529,27512,
282,38297,36832,33903,40356,32887,1192,1088,32240,39117,31296,36801,34152,36965,33149,23895,28813,33400,32052,29051,36192,30962,37133,32865,28536,36205,37642,37037,35285,35012,29508,29906,25531,38212,33297,38676,33133,39744,31482,27855,26581,37245,33326,37203,37816,35078,29301,32793,34042,44060,32084,36281,40939,33649,33902,39934,27631,29082,34580,39088,36818,34489,34102,34176,27108,
283,37801,36126,33397,39901,32415,1111,1061,32285,38563,30661,36360,34010,36461,32276,23765,28135,32730,31844,28279,35737,32249,36302,31910,27783,35961,37503,36368,34518,33974,28946,29036,25167,37831,33293,38195,33006,39493,30910,27374,26412,36561,33496,36169,37498,34016,28726,31897,33651,43612,31308,35477,40677,33506,33670,39429,27342,28970,34041,38552,36808,33633,33686,33668,26804,
284,37163,35559,32994,39791,31632,1034,997,31909,38261,30576,35688,33281,35745,31756,23161,27910,32434,31174,28181,35212,31759,35770,31291,27266,35062,36993,36243,34032,33820,28084,28208,24711,37065,32525,37683,32495,38696,30278,26826,26253,35893,32624,35946,37030,33904,27872,31848,33075,42779,30646,35193,40106,33106,32610,38591,26875,28216,33330,38241,36149,32959,33109,32738,26715,
285,36635,35153,32464,38536,31088,916,880,31606,37230,29872,35463,32449,35090,31189,22566,27022,31667,30549,27681,34666,30762,34827,31017,26858,34514,36288,35851,33406,32996,27456,28196,24083,36225,32033,37655,32128,37958,29547,26362,25773,35207,32062,35314,36926,32991,27295,31014,32739,41801,30275,34247,39154,32369,32259,37896,26611,27900,32918,37560,35193,32746,32812,32411,26636,
286,36220,34421,31629,37878,30400,952,913,30732,37270,29466,35009,31890,34066,30503,22123,26584,30937,30132,26791,34177,30676,34184,30648,26197,33733,35762,35231,32837,32235,26642,26952,23422,35974,31589,36986,31710,37573,28663,25178,25758,34950,31611,35040,36239,31948,26127,30625,32479,41076,29784,33886,38546,31826,31460,37185,26704,27306,32093,37095,35024,31787,31837,31995,26082,
287,35559,33655,31129,37198,29829,925,873,30530,36246,28721,34730,31471,32911,30191,21249,26292,30544,29251,26475,33424,29640,33516,29760,25871,33313,35435,34443,32425,31092,25898,26214,22581,35200,31117,36112,31117,36370,27780,24383,25555,34384,31296,34342,35621,31635,24400,29816,32062,40315,29459,33367,37888,31115,30785,35993,26093,26774,31389,36487,34488,31101,31078,30887,25374,
288,34838,32829,30922,36181,28208,890,858,30081,36072,28159,33587,30685,31364,29048,18536,24910,29650,28856,25617,32545,29406,32348,28944,24540,32698,34568,34338,31829,28315,23181,22895,19631,34059,30217,35570,30308,34833,24127,20773,24849,33208,30452,33879,34771,30322,18786,28991,31368,39003,28742,33175,36707,30370,29801,34622,25460,26223,30260,35599,33109,30045,30696,30014,24967,
289,34569,32095,30403,35908,26325,851,805,29466,35292,27422,33131,30146,28174,27933,15720,23862,28216,28432,25215,31862,28338,31383,27983,23825,31622,34059,33264,31183,25213,20148,19492,16403,33908,29189,34788,29843,33553,20662,17208,24420,32805,30033,32775,33729,28585,14750,28239,30909,38116,27972,32382,36209,29322,29122,33413,24810,25181,29450,34778,33091,28754,29661,29026,24737,
290,34130,31327,28993,34736,23608,815,790,29069,34991,27266,32551,29223,23995,26428,11973,21955,26407,28059,24502,31395,27897,30063,26163,21547,31104,33551,32816,30358,20235,16173,14976,12650,32614,28746,34327,29228,32138,15931,13180,24180,31894,29424,32204,32917,26336,11565,27364,30577,36519,27207,31586,35254,28226,27670,30604,24743,24598,28708,33524,32551,27356,28920,27832,24435,
291,33695,30764,28910,33664,19696,786,747,28920,34339,26843,31758,28566,18795,24776,9306,19163,23660,27222,24273,30542,26958,27836,23853,19121,30236,32531,32342,29860,16020,12759,12048,9994,32008,28525,33710,28450,29016,12580,10456,23945,31644,28955,31441,32828,22569,9653,26480,30144,34365,26577,31317,34377,27333,26147,26983,24617,24321,27881,33657,31716,25090,27743,25728,23946,
292,32981,29382,28287,32247,16021,676,649,28575,33403,25929,31370,28265,14796,22221,7738,15786,18790,26460,22683,30019,25273,25296,20983,15712,29355,32302,31595,29082,12805,10539,9857,8472,30776,27370,32893,27900,24961,10326,8895,23603,30725,28373,31004,31754,18643,8897,25343,29224,30407,25560,30350,33825,25615,23372,23063,23683,23254,24560,32751,30776,21579,26268,23116,23459,
293,32411,28000,27427,30703,12486,629,588,28005,33103,25283,30732,27144,12132,17821,6857,11890,14506,26045,21183,29422,22909,20483,16534,12074,28201,31518,31172,28247,10859,9112,8892,7315,29308,26867,31998,27242,19677,9277,8266,23053,30001,27532,29992,31036,14360,8385,22372,29388,25152,24126,30134,32751,22812,19413,17737,23310,21805,20837,31860,30081,17320,23391,18693,23024,
294,31383,25234,25944,27179,10532,588,524,27469,32115,24061,30006,25910,10962,13504,6488,9262,10898,25039,17888,28136,18637,15744,12724,9435,25278,30875,30062,27668,10087,8269,8399,7066,26348,25381,31484,26286,15388,8801,7861,22806,28299,26838,29009,30289,11528,8304,18034,28520,19242,21528,29184,30270,18334,14554,13836,22837,19127,15819,30599,29697,13490,18948,14315,22301,
295,30763,21120,24277,22998,9614,505,454,26594,31420,22198,29764,23570,10357,11050,6365,8130,9568,24242,14698,27358,14774,12681,10608,8244,22031,29839,29661,26395,9851,8061,8157,6830,22632,23467,30928,25750,13155,8407,7616,22182,25731,25127,27334,29014,10313,8219,14301,28002,15404,17934,28694,27172,14658,11698,11826,22227,15655,12687,28949,28191,11038,15213,11654,22150,
296,30144,16473,21285,18488,9037,497,436,26370,31040,19312,28708,20493,10288,9684,6328,7611,9080,22140,11453,25121,11761,10860,9296,7727,17210,28980,28732,24451,9541,7924,7891,6929,18260,20008,30286,23554,12171,8381,7526,21674,22619,23120,24730,26891,9626,8107,11535,27396,13006,14024,27511,22579,11841,9987,11104,21112,12166,10700,25548,26945,9882,12046,10337,21609,
297,28877,12951,17055,14766,8932,412,355,25859,30229,15718,27312,16224,9876,9023,6201,7537,8737,19014,9205,21995,9905,10314,8756,7337,13384,27787,27598,21000,9398,7723,7846,6484,14511,15994,29143,20630,11587,8443,7419,20904,18402,20059,20811,24201,9396,7959,9861,26605,12085,10978,26016,17817,10116,9456,10650,19404,9717,9696,21518,23518,9464,10325,9575,21097,
298,27345,10635,12856,12284,8753,366,320,24290,28843,11762,26122,12199,9744,8795,6200,7278,8334,14603,8103,16903,8788,9821,8556,7304,10775,24451,25343,16533,9161,7615,7866,6363,11645,12400,27013,16463,11265,8146,7458,19456,14242,15644,16059,19380,9294,7593,8970,25412,11846,9314,23187,13829,9095,8900,10555,16643,8032,8947,16309,19219,9157,9249,9196,19855,
299,24351,9610,10569,11108,8446,322,273,22803,26991,9659,23273,10417,9775,8431,6069,7196,8431,11401,7538,13358,8488,9596,8212,7246,9812,20339,21961,13169,9090,7681,7545,6557,10363,10334,24061,13072,10912,7971,7239,17146,11814,12228,12582,15363,9217,7746,8445,23755,11421,8465,19466,11989,8820,8811,10178,13389,7585,8937,13239,15209,9055,8912,8933,17965,
