165,8210,8499,15171,27464,53479,16568,23802,43033,32871,6412,19306,8487,65224,55316,41230,47534,9281,6858,12702,7849,43628,49072,49915,40893,16300,35156,12132,33790,54936,41341,46923,40703,7955,23460,20329,8081,56301,44703,36761,27428,14069,28899,9738,15866,49359,45648,45215,40362,24337,8551,20716,8177,50639,49375,58979,38474,6232,9930,6813,16788,47832,47268,46071,34618,
166,13795,14108,25348,39684,55790,25483,33927,46993,37936,10324,29130,14623,67774,58116,38866,49786,15512,10731,21916,12086,46549,52135,52576,44092,28519,48744,22007,44118,58543,43527,49918,43448,12368,32541,30838,13721,59948,48037,39469,28909,23995,38300,16885,26767,52781,48063,47759,43354,40085,14960,30326,11712,53244,49712,61862,44268,10312,17447,8896,26374,50283,49956,49113,36367,
167,22270,23384,33603,46345,59301,35431,42397,60859,39793,16879,34952,22792,71166,61882,39805,52676,25586,18158,31251,19826,49662,54923,56744,46117,41178,53420,30580,49799,62143,46432,52328,46349,19993,39168,38215,21458,63670,50541,41744,32354,33828,45750,26444,36367,56155,51413,50637,53085,51254,23228,35114,19284,56714,51750,60919,63367,17152,26925,14946,32426,53134,52566,52024,41129,
168,30585,33248,38511,49419,69099,43786,53082,106297,42007,24062,38345,30145,78965,68967,42198,56168,37229,27778,40774,30162,55272,58664,68177,50710,56552,49326,41387,47814,69931,50278,57392,50931,30219,41643,44011,29734,69993,53793,44089,42827,43622,46377,36132,47434,59741,58471,55197,84566,57109,30919,37029,29863,62855,55601,62969,122217,24123,34141,24346,35168,59468,56814,59659,54241,
169,37044,39778,39976,51651,109766,55536,78974,216304,44477,28977,40514,34622,113722,102669,45823,70822,51843,39527,41497,42350,75982,68594,111272,70397,59126,47930,48330,46910,99622,57561,75198,68974,37332,42169,44570,37328,95572,60371,47988,80135,48855,44406,47262,53602,75894,88034,71373,166644,59751,35044,38665,38551,84998,66543,67802,225224,28200,38241,32581,36684,81842,69170,89522,96163,
170,38711,42337,42208,54968,231250,92199,144329,408702,47608,31800,43016,36925,244048,232960,62229,139377,53309,42367,39211,49278,150775,116232,227712,143655,53923,49690,44980,49131,207518,98051,150564,142730,42419,44727,45181,40186,188202,97145,64713,164073,46768,45824,50243,50688,145599,191031,137040,295951,64471,36800,40854,43342,171918,120200,84000,356202,30868,40381,37709,39224,164811,123943,183806,189995,
171,39785,43855,44571,58619,421268,163281,222708,538014,50861,33529,45570,39063,492776,475845,125771,301950,49498,39573,39806,46260,272384,230340,355088,251948,53156,53243,43628,52713,362943,196619,283499,260402,43905,47316,47108,38632,330941,198631,127547,229973,47881,48854,47303,49972,277163,328378,265185,368428,68357,38817,43040,45697,326063,237147,145452,422049,32310,43160,39994,41561,303320,239355,312402,281469,
172,42621,46905,47927,65177,579964,229412,270381,477504,63239,35577,49817,41214,721115,649387,264000,514658,51412,38849,42063,45621,372204,362003,418204,326478,55998,63736,46275,64689,463507,316548,397271,354374,46574,52739,51285,40619,422971,321452,231098,251015,51020,56163,48042,53294,398559,396376,381951,368336,73932,41673,47460,48496,501555,378719,272954,376214,35157,46436,42508,44490,443464,376399,408377,330824,
173,45650,51018,53698,86178,549720,277069,324314,391343,102144,38190,57472,44222,686724,592298,457167,554013,54237,41131,47627,47596,413985,458269,428138,351128,62740,103624,50332,104379,462783,394187,436629,377169,49834,67932,59264,43111,436512,392246,323643,254143,56253,80323,50915,58953,442411,386272,414557,359584,86407,44424,58017,51615,573401,521888,487884,339703,37374,49607,45712,50572,490962,488227,415227,329845,
174,52443,64500,84553,182697,450055,333541,467895,371565,221819,44078,100033,55420,547105,470157,447632,435719,67589,47711,78996,53984,400100,455728,429937,355511,98098,252091,70754,242444,448911,375166,414031,362160,57014,141538,102661,51981,435814,398201,345855,256119,83814,176004,63865,89203,427249,383805,397748,364217,154435,56037,112178,57397,476599,482951,671924,335415,41548,67407,49792,86093,433453,465081,390437,321945,
175,78779,118122,169391,335675,479278,574898,1044659,453779,339848,64100,198266,92347,564436,500934,438994,451177,122311,76253,174037,77489,437249,489167,486868,416994,209807,480739,140408,439423,498737,402531,451783,408366,85479,266744,204547,84322,510292,465180,421087,327976,163430,324082,109813,178707,470005,460932,488891,446168,307697,97706,222250,79340,473079,452270,648878,394246,58987,130066,62451,174288,457863,477643,439166,375017,
176,198172,293285,345411,483135,105667521,92313355,92888658,137270114,414108,163909,362034,224258,119654050,128638619,163756548,125321815,347440,217449,402722,207795,109679887,112826426,129888958,148601046,498620,615184,350258,567829,100783110,94010684,104653588,117171491,222226,429338,399949,217686,158841124,143894067,162754926,166736699,363366,507972,282893,413866,104516122,155064969,166281421,180088006,510351,230550,374102,189920,100400395,90139013,98309218,115062906,139301,276533,136224,318273,106826279,104297693,123346031,135863960,
177,334514,450891,433224,551320,234358537,186571836,179130674,240773490,464905,275857,450310,344569,219570893,236294394,233885825,236822025,570173,411092,475551,412928,201197501,211798701,222882707,267478548,616529,554669,518529,510470,200914003,181051824,185455453,200293421,379207,521238,498072,358257,191396649,182951966,195222762,214627118,491323,516503,462213,581615,194281443,202634580,179051987,231037821,553305,338470,393879,338997,228573846,195681139,204103707,243913638,246604,357853,266917,357847,232129301,189573091,246278893,229932936,
178,458854,605481,535365,761132,288143508,240313329,243740400,281916914,626502,399082,574298,505210,268355798,280428812,251067855,265563235,586097,508868,443375,578122,204203965,218044463,216094692,274797790,599708,507062,567542,486053,208036884,198473670,183527542,192818656,592786,701399,594783,480243,168708796,163406294,171920095,178115456,605089,561257,570123,626183,194804430,174814677,182248243,205910851,642299,393410,411030,458714,279203017,248417809,249768300,294618783,342532,405237,399624,381602,272244355,250852948,247799413,240163322,
179,29674748,27640384,27167541,28865207,328181167,278698611,288920361,309372857,46221557,38280861,28105081,32675308,319815652,325763933,281818694,296691106,35279381,52911031,39423562,30672716,205901615,219227132,219379594,281401337,37054635,34434896,27328151,19602049,215903299,194346027,186940432,194386295,45158294,40199448,35532617,30564969,165485162,163345345,168302362,174406579,31031092,30761382,29138892,35116657,206241662,170816371,187494332,197601834,55674035,34752930,31881968,24700953,308885348,266079132,266881117,316525840,51740646,50366319,33105168,56890302,151628454,258319426,266960300,233396142,
180,171954573,165896036,165064594,179574411,348913562,299362255,311231858,343729580,247930570,205785243,162416115,189493759,341077114,351124914,310995590,324053834,226051178,281044231,216326738,169074197,209741478,221721997,213427437,281510447,201859476,195838607,153733954,182395031,245077278,202070765,197018398,202832076,237034079,219754421,201762527,170759765,165673177,165503725,173375439,178557528,137573908,176937491,171070341,205998595,203262337,176894833,183543440,196271376,298638614,190191549,187704361,141180999,320005076,279776051,281893559,325848862,285400570,289528155,239727429,308749744,289949510,259131034,249165042,234895093,
181,180377250,179569486,175732993,179100250,402958706,318717821,201857219,385685733,214188765,190636046,173837665,177071319,380685772,396965532,356129279,360639231,233652543,231569478,207661195,157997506,211763619,271260682,212158831,278429941,188913637,203452740,165309707,201742312,219082974,203370293,195828685,213239754,234005563,242487884,267734946,210279526,172253924,167319554,177591418,190918923,207300437,213767821,216894654,229062313,203982918,178378637,188737807,193898140,208882552,179765434,184808548,168391022,333899309,302515674,301136247,341007597,202675134,212422690,195641263,213992974,294522349,254030208,253323955,248734570,
182,175187533,178369215,170877165,173350282,390625836,340249146,356398049,435613808,194319712,189026805,230304549,168368344,441948156,470736240,458393410,409255180,234954700,222796974,206532319,42727068,206708206,236074857,206085304,262729845,202167798,225275173,201926050,227826397,176257554,195661413,191233232,203193555,250747922,252685805,320769747,287080544,172114847,166891366,176708474,228629893,265493649,269730095,271705084,266411088,237643297,175216926,189945752,197075799,170856147,168564598,174465568,184132104,341548547,325813671,317121114,365421393,178583645,171645765,172404096,172875166,302640239,268348427,249220944,239172718,
183,171750537,181869474,168460884,171973558,370193303,345553071,362831328,480484767,192925088,195239253,173024427,168117632,491492478,512364660,562171790,482410958,240835726,233345415,218322210,182274556,195106255,201707974,200096772,242071092,222713716,260320728,241285051,258600195,193033897,185842221,191021831,202140729,262400097,271277516,348209840,301323239,171051327,166385198,172643855,188870902,293054338,285391790,295820994,282873626,182783497,167400265,183874644,190756866,164850593,166104693,173021516,190377268,333536722,332025163,319234210,351284701,167972601,165871938,169816676,165628540,296455302,264187807,230053503,213477310,
184,175505441,189579303,171250997,171378379,361669420,355011833,361118154,501351060,195947693,193948266,134649843,168698876,528113464,589444798,620156709,554259233,256812392,259045368,246486307,207720761,180096294,181945833,191207176,226242471,260400610,308209447,280285654,289232018,173124196,167715201,170775927,181946287,276342198,278345276,356609584,308878672,204499207,162611971,161764778,175994728,297884439,292276724,313086714,297107419,171290047,167326302,169075641,178962931,163641190,164875237,174623674,198516791,306077753,342244557,328686119,348618427,167231253,163992165,169735978,165782169,292754059,268619339,224438386,205270288,
185,184244615,198783242,172352526,173965464,349182143,360414480,356060228,491313773,196498698,197686359,178696606,169458251,547015174,593452559,630644876,569904615,284799671,291357228,280678527,239047677,168880341,170436862,190620430,219936037,303911444,347079199,305959749,316315594,160849607,162539073,160333855,167030333,283342342,267952364,459645744,309610388,154826857,156048928,157293697,147680949,306242520,288887595,321306581,340216332,158486881,161255061,160797888,168212311,162522512,164057780,169025281,200607216,312093025,339701162,332984504,324875672,167326972,161859759,167251284,170524892,284995986,273688147,191186534,197781077,
186,180020288,205256779,168402906,182513519,349436068,361680172,373872997,495776413,196492413,206404971,178834254,169888689,551360614,582574503,630197994,569263421,315908974,329882324,319082168,276295594,159901287,160411838,190429381,220004197,352676130,380719351,291937646,281775737,156098803,155220221,154945584,158946407,289860740,267134458,363416945,309878844,153816523,153505121,154053182,156230100,311149081,293364834,333139149,312089666,154498834,157566208,155684046,161483243,160188914,161159721,166114173,196820725,307726942,328364530,368974435,313365705,170617440,159896717,163244067,160640701,271701276,268423773,198819333,186129784,
187,178206089,211210480,172371768,172175273,356518037,370743888,416144702,488895818,196593970,184242335,164445087,170181537,502485155,572705591,625902924,592279132,351694292,365421804,363543837,309497005,156614849,157526573,187313187,212343641,390732026,398299383,334166966,345287589,120825250,154012685,153529540,156322726,301505539,266445300,355075889,322494358,153370016,153072351,153381844,153877147,315245209,302915892,348055235,337616820,153579989,157006412,154444583,158614743,159680711,160889293,163148217,193009640,307555995,321880345,343968151,300680438,159342525,159906010,162892758,167249525,258212590,241731352,192236044,184040115,
188,179760465,213692528,174024102,204959802,362014770,393985471,460388663,499427190,202530997,215685638,180606014,169800451,582512652,564007305,613715574,603136012,516558767,394316338,409484069,351338500,155521219,156901733,181538776,213460153,425412088,406945744,336626911,345020321,154196287,153476621,153150743,155901619,289110035,258619662,369900994,334988024,153244635,152897609,153077066,153219809,323411619,315414650,354420154,347912679,153111306,159126373,153846403,156620018,159524095,161747854,163820304,190379780,311793108,327572422,489432280,310582688,161346431,159723463,162625230,160048508,248756870,236548840,191775443,186224489,
189,180235240,212819240,181637901,175211225,448627006,423726956,452645050,484931705,207703362,199405707,172446132,170732947,531545736,549680931,573315660,571341410,394416740,418658936,428344217,378611901,152449058,153959374,175642581,211438954,443165732,403505223,338236516,345791679,152197542,151215103,150727699,153830977,291258481,267711976,365087808,320526449,150838162,150542698,150633818,150720182,333958780,324846666,358260008,358357474,150973030,158770512,151346382,153357093,160351829,162905378,164768281,210467856,324628897,318523856,345777412,302164625,160094749,160605040,163738944,162756783,229678703,227598086,192156638,187314280,
190,178633964,208260330,175505194,174343743,254131433,292492513,308329821,304453265,231534046,178212834,179053934,164244800,329966255,335208883,346665766,348011044,296771572,432669135,436882354,390763164,97805838,98334714,109147424,132851745,447898751,406716577,340959517,353086156,100909660,97978907,97176451,98859707,290554847,276187860,363742116,331839687,97116833,96887577,97007176,97052376,347739763,343502458,351469392,365484774,97600418,101394053,97725242,98264393,162934097,164403629,164315039,188507748,224569347,212400796,182336523,158451489,161932739,161089856,164097185,160085311,156828414,147930144,125229439,122336371,
191,165290719,194202086,165719950,163541710,65933676,94561926,65219238,68615568,193640280,178856514,169555334,160944940,72166885,72583886,75167874,77971000,281671549,422302579,420814771,247492301,22286496,22343474,24136517,28188388,426073169,392006905,330184315,344983601,24515267,22213041,22182888,22367676,281929664,273370731,358579415,324886632,22181236,22118393,22099925,22040898,370410182,316169849,344319043,367100153,22208633,22658839,22134239,22378057,153218249,156506578,157037897,177913599,56065764,50669030,46481105,48148584,153573832,153432453,157833650,154349164,37517060,33979173,29090108,28236897,
192,37028266,42063583,36841768,37398963,326039,1236356,1229031,356163,42347137,40140255,37759222,36147407,471859,409717,308281,377685,100751653,92048918,93014893,84078855,388762,436227,421110,347387,92311130,86117325,73415041,77058137,437543,355226,403381,349678,61634843,62470629,77702599,75028785,432126,393853,343152,255173,80167966,74695717,78180663,81836199,417870,373250,394085,361952,34278086,34726118,34854846,39034032,406357,377089,474733,321600,34142010,34202132,35342863,34460099,391079,412032,365569,314567,
193,1855380,2102759,1854234,1940579,388822,1230606,1224345,354210,2048726,1961991,1880326,1784334,469122,407399,304715,374411,4823982,4000546,4112658,3895719,387979,433673,419654,347617,4074221,3790427,3322583,3493997,436827,355414,400950,348322,2847029,2875260,3549589,3457078,430094,392047,341495,254369,3806862,3564668,3627570,3839069,416928,371207,392984,360582,1889663,1742767,1767941,1991333,403915,376190,472972,321687,1712194,1744087,1804673,1727534,388049,410792,364887,313496,
194,594526,635709,586945,641413,385098,1226361,1219791,353965,630974,549797,605141,552047,469702,405799,304703,373133,1108096,880997,936262,925232,387522,433843,417315,346412,972254,948906,849000,885948,434172,354367,398990,347763,740444,740148,864083,839499,430752,391596,341333,255299,933104,887619,900792,962344,417095,369991,392233,358838,720454,546014,569421,644279,403515,374012,471402,319744,540870,572086,598405,552617,387934,407326,365708,314140,
195,378347,392905,369068,426618,386276,1213468,1203428,352786,399377,328566,390119,339035,467577,407338,304403,372527,386611,312826,312296,372994,386991,431708,418167,345675,389111,383829,364947,370489,433514,353305,399737,346028,399060,364097,384142,329961,428961,390643,339085,253671,376586,366808,371065,413352,416550,369495,392478,358844,512770,336154,359507,407399,402270,373504,470288,318516,331154,365391,389030,345608,388458,406461,361799,313924,
196,377239,392363,369789,425862,385592,1207308,1180011,353506,398327,321653,388917,338398,467893,405983,304552,372109,385742,312041,311107,372928,386713,431508,417164,344205,387796,383176,364570,369020,433451,352059,399295,346083,397931,363548,383269,329504,428370,390746,338311,253734,374483,366500,370873,412238,415121,368293,390051,359255,512152,335890,358637,407341,401640,373934,469024,319617,332037,364897,388061,342303,388941,406226,363817,313322,
197,376472,392202,369650,425243,383382,1175541,1073217,352570,397782,323276,387922,337170,464321,403986,303127,372623,384708,311240,310309,370165,385158,431744,417070,343490,387081,382738,363593,369964,432294,352289,398616,345633,398282,362087,382497,328714,426600,390119,337864,253060,375497,366908,370666,412199,416990,368461,389997,358251,516718,335315,358046,406867,400979,372117,469047,319324,330053,364972,387354,344218,386779,405108,361941,313417,
198,376317,390228,368285,422067,382403,1020819,762613,352405,397539,325873,387356,336932,463714,403393,303519,369588,383693,311215,308953,369216,384394,430001,415984,341558,386634,382068,363560,368266,430118,351206,396762,345189,395857,363023,381167,328433,426107,388474,337851,253407,373084,365613,369351,410385,411026,367471,389575,358920,513494,334398,358282,405866,399816,370959,467085,318179,328997,362983,388086,342815,386944,404777,360367,312525,
199,375626,390143,366033,422047,381221,726590,422534,351548,396766,323935,386791,336321,462909,400839,301317,368603,382700,310130,308109,369288,383952,428877,415244,340066,384941,382425,361634,367863,429886,350879,394422,343259,394557,361161,381611,327441,423662,387591,335556,252687,373200,365196,369815,409508,410878,364876,387481,357224,510316,333364,357022,404537,399120,371328,466651,316716,329569,362364,385420,342460,386146,403715,360009,312203,
200,374546,389296,366317,419913,379982,408947,218377,352629,395024,319464,385783,335437,462626,400186,300361,368388,381393,309679,308995,368837,382901,428258,413810,340235,384219,381075,360910,366571,429351,346979,394333,342023,394498,360062,380441,327622,422935,386675,334652,252844,371737,364555,367119,408594,410828,363978,387193,357251,506593,334558,356559,403739,397807,370391,465727,317137,328801,361828,384288,341994,385914,403101,359857,311394,
201,373738,387590,365435,419605,380937,222293,155437,349852,395633,321514,385954,332886,459291,398951,299939,367326,382193,309389,308183,368823,381405,426958,413212,340134,381504,380151,360787,365453,428629,347694,392581,342141,394772,360212,379051,326345,422044,382808,333694,251016,371782,363342,367089,408846,411988,363267,386092,355653,508583,331392,355360,403577,397742,368631,463579,317496,328255,361776,385544,340619,383266,401480,358191,310529,
202,372600,385425,364088,419784,377709,155855,142225,349493,394188,317591,384357,332954,458670,398923,298571,364850,379586,308668,306476,366759,380345,425740,411404,338262,382849,378437,360056,364970,427237,346108,391072,342742,392797,358981,377621,324820,420032,381941,333585,250639,370944,361264,367027,407460,411288,361883,384112,354939,504360,330747,354618,401462,396808,366274,463572,316311,327823,359376,383886,339801,382502,399498,357265,311783,
203,371608,386207,362831,418564,376897,143145,139656,350781,393648,316769,382286,332237,457433,397233,298049,365649,379327,306063,306868,365293,379656,425078,409743,338180,380979,377699,358283,363493,425181,346703,390841,340048,391344,357543,377743,325828,418585,381052,329999,250305,369427,362581,363769,406412,407513,362244,383020,354538,503628,329714,353554,400566,394846,365852,461353,316717,326459,358313,382555,338736,380500,398752,356065,310046,
204,370670,384122,361786,416031,377315,139248,137091,348688,391113,315964,382034,330119,454475,395684,298023,363167,379073,306191,305489,364724,377805,422965,407480,337346,379726,375426,358623,362830,423925,344267,389937,337870,390328,357942,377154,325177,416418,378944,330783,249868,369311,359235,363882,405318,402636,360923,381908,354292,502921,329014,351472,399126,393635,364581,460073,315115,324199,356913,381511,337550,379189,397950,354163,309895,
205,371169,383464,360981,416027,374650,137093,135220,347503,390542,315272,381400,330845,454891,393906,295873,361056,376131,305490,304245,362923,376112,421108,407950,334903,378169,376330,356918,361239,421257,342373,385836,335481,389339,355809,375630,323661,413994,379169,328320,249282,367955,360287,363720,404184,401278,359039,379075,352738,500337,328829,351553,398666,392388,364385,457689,313996,323085,355092,379835,335627,379163,396427,353366,309038,
206,369409,382325,359679,413200,374287,136308,134483,347174,389596,316711,379916,329409,452885,391924,294245,359316,375451,303796,302725,362998,374919,419839,404037,333826,375487,373146,355194,359400,419772,341283,386514,336247,387890,355791,374634,321025,413785,377564,328790,248248,366569,358934,362745,402603,400454,357630,378834,351495,497247,327103,349597,396374,390357,362108,456167,313958,321459,353742,378010,333645,377651,392915,351747,308345,
207,367032,381915,358961,412694,372726,134031,132185,347116,389129,312948,378166,330692,452422,390695,294019,359330,373566,303033,302080,363331,372508,417361,402989,332741,376997,372471,354296,357935,418642,340600,385095,334358,388064,352843,373721,322683,410713,377501,328082,248766,364285,357735,361694,401027,400777,357649,377137,352031,499534,325435,349460,395645,389004,360633,453997,312996,321190,352307,375834,333363,375962,394597,349221,307165,
208,365920,379166,357485,410438,371742,130999,129048,345926,387562,311518,376728,325818,448804,390426,292451,359059,372537,301700,301459,360439,372350,416292,401059,329216,375125,371813,355133,356770,416046,339859,383687,332493,385386,352199,371103,320986,409251,374663,325797,246873,364407,356173,360259,400213,397608,355215,375805,351051,492443,324657,347567,394352,387582,359280,453883,312211,319758,352119,375277,331737,373378,392142,349553,306239,
209,365178,378003,356071,408990,370640,129349,127392,344217,385671,310905,376127,324786,447229,388371,292411,357138,371161,300348,300119,361123,370637,415793,400137,328578,373549,370852,352715,356757,415967,338872,381465,331561,384147,350496,370237,319182,410568,374640,324808,248135,362209,354394,359845,400030,395667,354324,375133,349474,489515,322566,345337,392376,386986,358961,451425,312015,318110,350857,374236,331394,374009,391317,347748,306340,
210,363547,377056,354124,406925,368156,126430,124157,343290,384396,310765,374133,325552,447866,387715,290645,356141,370764,299463,299282,357415,370908,414033,398339,329458,371579,370515,350903,354481,415594,335641,379934,330504,383846,349877,370138,317960,407440,371211,324018,247153,360883,352806,358222,397027,397951,353642,374660,349611,488687,322015,344548,391430,384924,357599,450706,311288,316790,350212,372961,330795,372971,388102,346921,304951,
211,362491,375986,353704,406555,367427,124167,121520,343879,382356,312615,372845,325629,444806,386225,289485,354871,369466,298091,297805,357876,368942,411894,397848,327991,370385,368891,349826,355545,412844,334684,379771,329201,381868,349312,367440,317685,405317,370582,320790,245812,359056,351787,356203,395629,398664,350280,371597,347826,489357,320420,343834,390323,383804,356401,449625,310849,316253,349070,372023,328850,371002,388544,345276,304789,
212,361295,375912,352002,404376,362288,121420,118536,343491,381679,307923,372163,322437,441736,385280,286137,354875,367681,297954,297112,355644,366706,405461,394855,326700,369503,367285,348193,353094,406723,324994,368813,323898,380633,347838,366174,315562,403180,364297,310247,246924,358012,350706,355650,394049,394704,333804,370491,347770,485679,319164,342738,389297,381259,354469,444424,309309,315200,347362,370710,327684,367731,386783,342168,304613,
213,359507,372579,351245,402954,343371,118058,114808,342350,380942,308605,370806,323145,424884,380294,268113,350106,367275,297676,295429,354970,360301,383527,384722,316989,368413,366336,348405,351686,376395,289716,335737,300548,379765,345070,365688,315593,391264,331637,269403,244270,356659,350932,353542,393396,371689,282963,363669,345415,486193,317875,342270,388468,377073,343411,424483,308929,313130,345813,369213,326459,351921,382470,324424,302974,
214,358585,368708,348895,401968,277691,113754,108833,337136,379686,309463,368638,322339,355751,355463,212139,328761,360861,295640,294946,354116,326547,310158,337514,273891,366351,365460,348483,349381,292102,205168,247959,235181,376279,344756,364447,314538,337773,244761,181627,233543,355337,348785,352920,392171,302157,183182,331227,335780,479528,316695,340220,385061,347384,297918,350965,300356,313621,341299,366517,325503,295457,355385,269225,302793,
215,357750,351661,346770,391077,182122,107883,97567,312538,377338,307584,367452,312703,237701,286303,132609,268197,337306,293619,289435,349641,255094,204558,246828,197171,364104,363502,346594,348538,181252,119055,146641,149111,362618,341943,362795,312232,237873,141520,99262,200959,350686,347424,348243,387577,198107,98602,256603,300866,464240,310822,338714,373695,277702,213020,237331,269812,307239,327685,362276,321411,201452,289816,182768,301253,
216,351602,300510,336566,356568,98024,92574,74953,251337,372420,286248,359589,287232,125515,177169,67478,167369,271149,276226,268065,333758,155495,109779,142855,110556,348900,356304,336430,337875,95856,63653,77557,79357,320675,331242,358892,302341,131311,73262,52881,139191,332600,340650,326425,369767,105013,55525,154845,224694,413853,292255,326373,331685,177517,121033,127707,201788,286802,282620,344904,304878,110681,188688,100227,292497,
217,322258,206200,296970,280191,57489,70984,50418,164871,352289,244555,338358,230090,71536,93256,39829,86163,172238,229159,215685,282574,83097,63171,77070,59608,299847,325603,303774,302250,60296,43282,50000,47479,237275,297099,340994,267072,73044,48767,38489,76856,280644,316000,268813,314573,60752,42908,81423,134186,307920,238735,289934,246136,95567,65901,71191,120264,231300,199444,287683,254570,62532,104168,57944,258924,
218,235866,98071,199828,155669,45716,48123,32280,86638,276310,146497,260241,128543,55665,55288,32351,49660,77760,133006,123341,173805,50183,48293,51073,41253,189695,235860,213221,209007,50120,38878,43371,37286,123282,205733,274659,179605,54694,42787,35344,40617,176052,237565,157936,195535,46953,40256,49628,68410,162111,139252,195750,125250,55662,45352,52969,62127,128958,98558,173517,154987,45515,57789,43407,185196,
219,140460,53559,111879,84771,43476,32970,24044,52700,176924,76652,165961,67177,52419,46138,31206,41608,47302,68716,64632,92439,41674,45512,44623,37290,101291,141516,122476,120921,48141,37257,41528,36257,65407,120936,181285,99905,50484,41665,35281,29425,97022,148664,83848,105655,45123,39834,41939,45704,88195,73645,110988,67088,45685,41261,49774,41673,65264,54752,91900,82760,41812,45594,40305,109251,
220,65091,39554,55454,53098,42636,25672,21920,41648,85627,40244,80227,40168,52145,44265,30584,39782,39454,37207,37701,46867,39550,44589,43390,36393,53105,68927,57423,60204,47690,37545,41261,35516,43144,59778,88575,48487,49589,41173,34513,25648,52046,72711,45633,54307,44654,39687,40149,38442,60172,41385,54854,43926,43040,40530,48966,35016,36231,39601,47449,45006,41284,42938,39848,64190,
221,41961,37696,40756,47086,42606,22040,20944,36715,52433,31862,49244,35178,51210,43570,30471,39253,38728,30892,31740,36935,38702,44212,42880,35984,42754,45692,38654,43610,47254,36904,40685,35074,39637,42143,51966,35223,48661,40634,34621,24432,40748,46538,37923,41974,44162,38674,39410,35389,55525,34900,39678,41317,41973,39603,48541,32004,30858,37419,39114,36382,41070,41797,39367,41947,
222,36050,36779,36841,45124,42043,20744,20298,34787,41101,30374,38909,33594,50733,43382,30514,38366,38058,29650,30382,35469,38104,43811,42279,35718,40698,38950,34589,38602,47145,36751,40784,34597,38677,37493,40100,32187,47932,40694,33801,23930,38190,38080,36570,38753,43741,38499,38913,34123,54172,33209,35086,40217,41548,39792,48110,31190,29769,36715,37121,34746,40599,41308,38762,34136,
223,34874,36357,36295,44729,41466,20516,20111,34286,39453,29742,36713,33459,50350,43081,29817,38468,37939,29277,29953,34857,37979,43592,41693,35249,39955,37953,33794,37226,46467,36417,40379,34846,38310,36589,37515,31416,47882,40018,33583,23777,37790,36922,36276,38345,43511,38184,38605,33912,53955,32700,34194,40195,41572,39283,47774,30143,29732,36973,36597,33903,40284,41046,38556,31120,
224,34429,36218,35501,44315,40948,19720,19303,33880,37810,29410,36252,32728,49787,42057,29656,37512,37763,29083,29744,33976,37483,42614,41265,34735,39438,37564,33764,36943,46093,35926,39214,35019,37858,36005,37221,31293,47119,39495,33261,23670,37163,36175,35429,37662,43327,37604,38148,33047,53842,32820,34169,39613,40909,39006,47349,29827,28950,36763,36200,33524,39604,40513,38592,30424,
225,34504,35772,35210,43777,40455,18946,18588,33293,37505,29104,35893,33167,49848,41524,29438,37174,37200,28697,29635,34011,37293,42434,40520,34491,39556,36897,33523,36455,45221,35800,39129,33666,37764,35196,36618,31043,47183,39310,33463,23504,36769,35952,35533,37554,43111,37466,37821,32808,52794,31855,33902,39204,40431,38880,47246,29690,28746,36015,36053,32888,39385,40360,37987,29201,
226,33634,35797,34921,43325,40327,18846,18459,33267,37216,28832,35385,32431,49442,41831,29037,37095,36858,28433,29322,33670,36723,42259,40779,34639,38681,36883,33174,36500,45152,35284,38956,33794,37386,35312,36490,30663,46395,39124,32950,23458,36699,35562,35188,37108,42656,37032,37491,32976,52534,31803,33182,38786,40612,38389,46728,29488,28514,35704,35577,32833,39122,39611,37850,29514,
227,33276,34730,34544,43232,40294,18398,17967,33162,36987,28589,35301,32421,48665,41414,28911,36561,36761,28114,29516,33395,36501,42000,40281,33873,38227,36311,33155,36259,44702,35227,38776,33353,36941,34943,35733,30488,45755,38892,32432,23117,36271,35321,34993,36852,41924,36744,37083,32502,51618,31910,32785,38590,40160,38037,46182,29018,28110,35567,35322,32791,39102,39710,37397,28744,
228,33588,34948,34218,42960,39637,17535,17061,32727,36520,28536,35063,32118,48784,40921,28865,36734,36484,27859,28848,33207,36427,41818,39972,33968,38091,36539,32651,35491,44991,34696,38712,32995,36709,34694,35927,30008,45337,38518,32623,22733,35951,35040,34469,36491,42819,36315,37251,32394,51153,31536,32664,38472,39746,37451,45824,29112,28007,35143,35159,32503,38508,39245,37326,29042,
229,32839,34841,34060,42484,39259,17280,16786,32607,36148,28000,35030,31575,48328,40873,28723,36477,36187,27570,28652,32898,36061,41595,39681,33627,37952,35832,32648,35367,44471,34704,38227,32671,36208,34601,35345,30201,45369,38483,32344,22952,35381,34781,34493,36107,41657,36206,36943,32458,51508,31167,32492,38100,39551,37676,46005,29090,27735,35155,34668,32276,38557,39121,36831,28682,
230,32754,34500,33812,42506,39489,16648,16075,32198,35891,27671,34243,31840,47760,40316,28313,36143,35661,27550,28319,33082,36095,41106,39336,33819,37799,35974,32294,35130,43847,34433,37774,32670,36065,34249,34917,29611,44642,37932,32280,22783,35751,34023,34259,35931,41423,36106,36491,32086,50674,31042,32099,37439,39168,37103,45598,29136,27537,34758,34737,31974,37855,38925,36266,28406,
231,32099,33969,33576,42281,38822,16047,15346,32056,35605,27985,34013,30977,47410,40239,28076,35916,35336,27208,28527,32570,35631,40934,39328,32902,37403,35200,31879,34836,43420,34007,37218,32338,35836,34064,35060,29695,44437,37924,32043,22609,35340,34469,33936,36078,40619,35815,36113,31972,50768,30855,31845,37277,38779,36993,45084,28809,27386,34294,34528,31880,37505,38362,36000,28280,
232,31932,33591,33173,41837,38636,14964,13754,31994,35457,27356,33804,31202,47201,39719,27681,35391,35327,27110,28180,31902,35564,40703,38765,32959,37281,34947,31602,34424,43626,33704,37135,32181,35525,33676,34535,29258,44234,37575,31504,22399,34755,34092,33482,35633,40274,35466,35697,31864,50023,30428,31640,36999,38504,36904,44639,28589,27162,33711,33689,31453,37647,38320,35957,28067,
233,31890,33477,32921,41306,38132,13248,11388,31760,35712,27191,33308,30661,46509,38985,27339,35518,34831,26789,27668,32029,34880,40125,38681,32586,36646,35103,31636,34379,42577,33131,36546,31882,34870,33474,34117,29210,43899,37094,31080,22270,34870,33971,33111,35235,40277,35235,35346,31478,49878,30106,31440,36757,37989,36088,43868,27997,26707,34292,33300,31439,36963,37663,35766,28016,
234,31667,33308,32563,40928,38189,10618,8484,31393,34840,27112,33267,30146,46079,39030,27234,34869,34780,26574,27383,31502,34690,39524,38317,32555,36182,34661,31105,34060,42541,32673,36352,31560,34957,33100,34083,28805,43348,36894,31025,22213,34544,33320,32921,34888,39696,34655,35138,31427,48948,29868,31279,36462,37938,35703,43534,28113,26703,33701,33551,31042,36586,37755,35212,27659,
235,31571,33007,32716,40909,37632,8135,6270,31558,34439,26937,32981,30419,45731,38685,27075,34528,33922,26291,27137,31389,34143,39323,37706,31797,36481,34518,31101,33491,42038,32583,36289,31550,34327,33157,33704,28306,43283,36508,30461,22353,34325,33055,32738,34364,39084,34580,34814,31018,48468,29706,30993,36067,37507,35729,43535,28031,26535,33611,33210,30323,36403,37306,35163,27631,
236,31348,32905,31853,40582,37198,6486,4830,31020,34257,27283,32604,30253,45405,37923,26854,34418,33765,26246,26860,30964,33944,38909,37089,31749,35648,34084,30512,33460,41745,32417,35535,30994,34091,32919,33500,28522,42514,36024,30438,21653,33735,32902,32718,34321,39096,34424,34674,30825,48298,29522,31039,36043,37307,35260,42913,28096,26044,32919,32810,30856,36202,36777,34691,27386,
237,30996,32070,31785,40041,36770,5163,4013,30960,33747,26752,32339,29572,45056,37796,26596,33871,34064,26071,26714,30737,33581,38170,36981,31423,35260,33984,30431,33176,41562,32093,35521,31028,33579,32397,33117,28246,42234,35601,29961,21685,33442,32886,32303,33952,38542,34004,34402,30743,48210,29821,30111,35170,37246,35189,42703,27628,26085,32864,32263,30116,35833,36622,34451,26991,
238,30620,32054,31568,39224,36782,3986,3508,30607,33908,26296,32129,29637,44680,37706,26089,33402,33203,25458,26672,30420,33284,38179,36577,31179,35212,33644,30287,32511,40435,31918,34660,30303,33748,32064,32834,27592,41591,35377,29189,21464,33484,32454,31921,33429,37732,33312,34344,30052,47706,28832,29983,34865,36869,34902,41982,27580,25405,32619,32236,30114,35132,35899,34076,27118,
239,30264,31881,31072,39074,36373,3659,3489,30221,33639,26059,31683,29180,43852,37186,25626,33022,33271,25398,26125,30041,32950,37481,36085,30615,34886,33439,29921,32867,39959,31232,34605,29948,33110,31880,32654,27636,40979,34422,29399,21350,33117,32257,31405,33481,37739,32767,33374,30086,47265,28489,30065,34574,36347,34378,41434,27068,25039,31910,32059,29563,35018,35599,33436,26887,
240,29919,31170,31108,38687,35657,3459,3360,29877,33276,25221,31401,28796,43095,36481,25243,32851,32449,24920,25946,29897,32061,36761,35994,29918,34464,32632,29673,31967,39599,30663,33746,29688,32594,31218,32048,27068,40371,34292,28387,21076,32351,31801,31072,32677,37011,32223,32821,29788,45854,28197,29442,34354,35693,33656,40898,26957,24959,31561,31161,29318,34609,35328,32953,26688,
241,29492,30431,30535,38269,35320,3436,3376,30036,32685,25311,31214,28241,42816,36322,24802,32771,31827,24541,25498,29172,31852,36598,35425,30023,34000,32109,29051,31837,39266,30342,33159,29023,32239,31272,31898,26743,39672,33904,28291,20624,31925,31522,30660,32005,36603,31523,32419,29257,45647,27625,29384,33980,35322,33269,40198,26737,24523,30938,30805,28709,33932,34437,32526,26524,
242,29223,30128,30038,37355,34412,3335,3257,29569,32632,24780,30659,27928,42349,36185,24603,31788,31622,24264,24956,28913,31596,35915,34815,29407,33658,31923,28311,31610,38705,29746,32552,28502,31891,30667,31579,26327,39513,33081,27392,20586,31702,31163,30503,31512,35712,31598,31978,29339,45036,27305,28576,33069,35031,32718,39520,26275,23993,30762,30653,28427,33502,34303,32009,26150,
243,28732,29431,29263,36770,34067,3108,3027,29311,31973,24372,30310,27390,41488,35290,23994,31463,30819,23982,24743,28206,30990,35480,34329,29003,33449,31632,28286,30818,37981,29098,32230,28281,31450,30256,31003,25758,38645,32178,26929,20382,31167,30578,29903,31384,34974,30818,31933,28750,44005,26943,28319,32563,33921,32419,38703,26008,23744,30008,30032,28040,33122,34025,31776,26151,
244,28325,28998,29167,36362,33813,3131,3040,28958,31360,24082,29956,26934,41118,35150,23538,31164,30105,23531,24524,28047,30671,34646,33702,28454,32602,31256,27938,30529,37228,28368,31343,27610,30790,29540,30449,25830,37718,32098,25828,19871,30871,30239,29550,30696,34855,30235,30913,28201,43238,26587,27967,31644,33794,32026,38095,26124,23366,29643,29607,27673,32532,33828,31268,25938,
245,28029,28547,28669,36083,32902,3027,2929,28521,31093,23536,29178,26698,40110,34546,22678,30271,28925,23257,23815,27965,30100,33411,33401,28100,32236,30843,27614,30023,35953,26326,29704,26835,29574,29379,30312,24916,37394,30349,23168,19764,30172,30006,28686,30498,34163,28040,30470,28208,42431,26129,27537,30964,33346,31300,36325,25552,22772,28789,28605,27133,31634,33130,30586,25429,
246,27049,25952,28420,34944,31235,2987,2908,28212,30442,22736,28955,25619,38495,33793,19935,30017,25581,22417,23265,26662,29243,30614,31902,26831,31459,30404,26939,29536,33640,22471,25881,25045,27144,28759,29855,24842,35753,25667,17771,19632,29519,29494,27905,29586,30938,23665,29739,27539,40863,24841,27160,28661,32176,30255,32505,25131,21221,27028,27110,26505,30158,32049,29233,24881,
247,26575,21986,27481,33771,28413,2724,2593,28013,30438,21142,28314,23520,35301,32544,15650,28506,20309,21070,21947,25296,27154,25561,29768,25128,30548,29452,26298,28846,28843,16392,19767,21413,23207,28243,29010,23767,32766,19307,11918,18933,28095,28835,26243,28401,26900,17328,27837,27241,37734,23601,26500,23901,31357,27219,25984,24755,18856,23762,24746,25399,27367,30170,26355,24938,
248,24140,15874,26021,30536,23006,2555,2440,27368,29545,17908,27222,19786,28661,30477,10618,26293,13272,18198,19287,22216,23196,18447,24925,20347,28428,29007,24808,27849,21357,10692,13280,15859,17408,27422,28412,21662,26677,12366,7693,18046,25551,28162,23151,26111,19589,11447,24033,26221,31423,20656,24969,17057,27955,21897,17418,24407,14218,18231,19631,23085,21587,27154,21134,24413,
249,20865,10151,22647,25280,15834,2467,2322,26874,28624,13325,26155,14522,20197,26005,6724,21446,8368,13741,15154,16940,17148,12402,18513,14748,24964,27532,22011,26616,14212,7373,8869,11159,11520,25577,27362,18217,18754,8350,5734,15587,20791,27304,18054,21856,12729,7908,18285,24625,23586,15721,22534,11095,22962,15378,11620,23323,9262,12529,13409,18754,15337,21723,14467,23994,
250,13950,6268,16416,17355,10124,2173,1966,24727,26534,7514,21556,8508,12500,19165,4886,14251,5914,8159,9756,10378,10976,8163,11598,9199,17083,23503,16021,22201,9362,5923,6664,6987,7140,20537,23397,11912,12073,6587,5064,11319,14255,24689,10859,14461,8609,6376,11726,20572,14307,9496,17252,7012,15737,9850,8307,21094,5385,7513,7870,12016,9571,14358,9265,23659,
251,8946,5178,10511,11241,7442,1892,1604,22038,21953,5158,16246,5859,9164,12636,4355,9136,5370,5206,6386,6703,7326,7081,7837,6446,10938,18236,10581,16561,7773,5573,6042,5546,5631,14959,18125,7966,8925,6181,5051,7526,9568,20036,7129,9292,7018,5908,7831,15413,9887,6298,11709,5953,10182,7125,7167,17409,4019,5919,5795,7949,7164,9668,7007,22869,
252,5714,4732,6815,7892,6701,1554,1304,18023,15021,4134,10505,4931,8163,8729,4262,6795,5421,4284,4806,5040,6012,6594,6694,5755,7128,11584,6466,10358,7289,5311,5957,5190,5362,9335,11606,5118,7899,5962,4919,5215,6541,13450,5344,6323,6690,5751,6489,10781,8310,4872,7108,5585,7754,6411,7165,13109,3828,5166,5119,5566,6261,7355,6265,21797,
253,4716,4848,5333,6864,6234,1366,1123,12385,9909,3844,6825,4627,7805,7133,4212,5781,5129,3888,4272,4618,5512,6253,6212,5239,5976,7635,5026,7186,7044,5294,5655,4993,5111,6492,7610,4442,7669,5964,4993,3998,5660,8779,4939,5311,6298,5798,5872,7317,7893,4523,5404,5470,6515,5921,6999,8635,3716,5381,4812,4936,6074,6386,5950,18676,
254,4357,4802,4889,6626,6269,1125,881,8135,6559,3770,5236,4561,7641,6583,4146,5595,5063,3798,4093,4422,5417,6172,5949,5190,5690,5807,4483,5593,6996,5225,5644,5037,5070,5351,5504,4234,7550,5776,4917,3466,5235,6167,4895,5094,6559,5655,5485,5472,7684,4407,4637,5409,6246,5694,6676,5871,3612,5174,4765,4865,5945,5948,5760,13897,
255,4438,4642,4762,6283,6112,889,689,5939,5423,3790,4829,4556,7685,6586,4024,5608,4988,3775,4073,4490,5276,6116,5905,5055,5561,5415,4442,5235,6595,5254,5700,4988,5026,5135,5074,4128,7332,5885,4679,3261,5134,5264,4721,5086,6364,5502,5470,4900,7790,4303,4466,5282,5949,5725,6693,4815,3641,4970,4783,4611,5850,5994,5724,9446,
256,4325,4703,4657,6231,6050,704,650,4987,5262,3687,4680,4325,7420,6154,4104,5366,5028,3632,3959,4465,5226,5961,5847,5076,5464,5226,4370,5172,6684,5120,5428,4871,4963,5221,4881,4075,7268,5634,4656,3171,5103,5213,4933,4867,6349,5343,5298,4516,7609,4387,4575,5250,5774,5652,6664,4205,3539,4946,4665,4563,5711,5785,5535,5342,
257,4367,4583,4644,6474,6085,655,624,4798,5090,3749,4707,4368,7488,6133,4030,5387,5043,3806,3924,4339,5120,5826,5820,4901,5386,5140,4497,5098,6636,5061,5466,4862,4906,4950,4861,4014,7091,5590,4657,3143,5049,5101,4745,4799,6239,5397,5294,4448,7376,4380,4532,5170,5740,5555,6554,4083,3543,5091,4599,4525,5802,5686,5539,4563,
258,4203,4491,4607,6221,5909,571,555,4676,5001,3674,4511,4341,7288,6132,3966,5328,4891,3735,3894,4280,4980,5778,5654,4875,5562,5163,4313,5055,6526,4938,5301,4691,4776,4941,4793,3947,7009,5505,4666,3100,4878,4980,4516,4738,6156,5503,5101,4438,7348,4274,4341,5123,5678,5571,6428,4161,3577,4856,4636,4421,5706,5572,5579,4225,
259,4141,4420,4555,6021,5694,579,564,4498,5084,3598,4504,4344,7340,6071,3905,5156,4851,3678,3886,4421,4882,5787,5600,4892,5369,5083,4341,5017,6617,4989,5349,4659,4683,4753,4928,3864,6818,5475,4473,3092,4840,4833,4674,4693,5996,5370,5001,4323,7240,4212,4458,5012,5812,5407,6404,4029,3403,4774,4577,4404,5635,5563,5372,4105,
260,3972,4435,4539,5971,5892,518,504,4426,4770,3424,4444,4206,7188,5987,3725,5066,4750,3607,3859,4216,4826,5770,5547,4698,5283,4977,4250,4934,6426,4899,5261,4608,4662,4756,4640,3949,6847,5542,4548,3055,4882,4769,4492,4616,5839,5164,5191,4262,7509,4212,4382,5040,5517,5357,6331,4029,3233,4791,4508,4370,5464,5529,5231,4047,
261,4110,4562,4414,5923,5736,559,547,4424,4918,3557,4369,4250,7081,5906,3898,5129,4710,3481,3841,4100,4883,5528,5438,4751,4981,4879,4114,4901,6303,4774,5232,4617,4625,4750,4763,3805,6900,5321,4395,3053,4703,4832,4544,4611,5913,5259,5027,4189,7234,4043,4268,5050,5507,5225,6291,3984,3411,4845,4403,4296,5382,5331,5334,4044,
262,3990,4301,4335,5937,5610,527,502,4553,4710,3541,4367,4124,6956,5777,3710,4978,4627,3700,3715,4098,4941,5597,5394,4746,5157,4776,4120,4685,6200,4725,5221,4574,4609,4753,4606,3763,6729,5370,4406,3050,4729,4846,4511,4602,5831,5131,4778,4130,6967,4077,4187,5004,5315,5172,6081,3841,3316,4667,4311,4187,5363,5283,5135,3857,
263,3975,4316,4401,5801,5680,516,492,4419,4757,3619,4241,4249,6935,5826,3883,4966,4730,3495,3612,4011,4699,5503,5352,4574,5172,4765,4058,4675,6235,4804,5043,4526,4544,4517,4534,3781,6632,5374,4266,2989,4723,4731,4496,4458,5759,5136,4833,4064,6896,3872,4273,4888,5495,5127,5966,3818,3221,4545,4363,4170,5335,5137,5106,3946,
264,3859,4100,4425,5834,5445,525,508,4350,4588,3332,4369,4069,6909,5748,3611,4966,4529,3375,3675,4076,4650,5376,5216,4543,5211,4758,3952,4639,6107,4659,5109,4328,4490,4536,4500,3810,6522,5211,4326,2905,4666,4536,4262,4391,5788,4993,4876,4164,6973,3932,4128,4780,5355,5276,5868,3858,3319,4680,4295,4129,5318,5137,5074,3901,
265,4114,4138,4346,5726,5648,440,416,4265,4693,3374,4229,3959,6707,5818,3661,4876,4572,3344,3455,4027,4669,5466,5190,4580,4900,4685,4058,4623,6059,4526,4909,4386,4566,4486,4478,3691,6403,5053,4254,2855,4594,4642,4325,4407,5612,4873,4844,4002,6743,4065,4019,4636,5305,5060,5926,3801,3215,4485,4169,4213,5108,5185,5178,3814,
266,3870,4002,4239,5610,5370,419,377,4300,4571,3371,4051,3929,6716,5630,3507,4741,4514,3369,3556,3862,4474,5330,5211,4375,4789,4592,3904,4649,6083,4443,4958,4295,4452,4350,4499,3657,6372,5082,4027,2834,4509,4490,4277,4339,5454,4702,4863,4081,6803,3963,4040,4571,5247,5082,5744,3781,3112,4442,4138,4051,5136,5107,5116,3761,
267,3787,4141,4129,5504,5349,367,329,278,4557,3281,4063,3934,6651,5548,3519,4819,4443,3416,3543,3833,4522,5234,5044,4440,4911,4602,3764,4631,6011,4278,4799,4236,4227,4325,4254,3559,6203,4873,4087,2815,4592,4463,4270,4182,5466,4757,4530,3983,6737,3785,4147,4561,5186,4914,5712,3658,3102,4296,4023,4086,5072,4963,4923,3702,
268,3777,3931,4112,5508,5222,340,290,4191,4437,3315,4106,3931,6404,5482,3506,4696,4389,3162,3473,3877,4444,5103,5029,4357,4815,4553,3847,4477,5920,4221,4899,4073,4211,4377,4272,3500,6104,4793,3928,2811,4389,4349,4120,4162,5416,4721,4582,3943,6476,3677,3891,4406,5092,4881,5677,3755,3089,4340,4010,4011,4996,5069,4824,3691,
269,3616,3925,4126,5425,5135,266,236,4193,4386,3011,3930,3793,6365,5493,3492,4497,4242,3171,3421,3745,4419,4969,4959,4211,4701,4331,3872,4332,5720,4165,4579,4183,4178,4260,4280,3504,6015,4959,3967,2779,4339,4486,4023,4189,5337,4711,4536,4007,6538,3601,3960,4485,5099,4802,5646,3624,2977,4212,3903,3876,4977,4847,4832,3698,
270,3692,3872,3952,5371,5131,223,190,4091,4475,3034,3976,3781,6369,5288,3339,4498,4121,3129,3330,3750,4382,4939,4815,4124,4658,4545,3783,4153,5787,4158,4471,4082,4049,4206,4234,3444,6096,4859,3900,2745,4205,4383,3944,3963,5178,4578,4462,3862,6310,3686,3830,4224,4964,4816,5524,3550,2976,4240,3869,3935,4885,4833,4756,3528,
271,3672,3742,3870,5334,5000,186,154,4126,4387,3156,3902,3699,6267,5105,3231,4362,4137,3108,3254,3641,4298,4910,4755,4125,4606,4394,3704,4332,5597,4045,4452,4067,3890,4216,4054,3504,5867,4593,3784,2755,4304,4344,3945,4124,5142,4576,4420,3845,6317,3609,3713,4128,4894,4587,5465,3574,2849,4125,3762,3761,4777,4798,4628,3588,
272,3551,3714,3895,5221,5041,190,155,4100,4088,3011,3844,3561,6102,5086,3273,4449,3933,3071,3180,3488,4176,4922,4722,4096,4494,4309,3580,4253,5357,4036,4496,3909,3923,4112,4028,3479,5781,4595,3718,2566,4062,4247,3879,3917,5076,4290,4313,3904,6134,3592,3692,4169,4854,4617,5148,3556,2865,4110,3734,3657,4662,4547,4407,3572,
273,3596,3645,3929,5010,4764,148,128,3922,4189,3062,3833,3665,6010,5115,3130,4333,3886,2947,3186,3441,4051,4673,4636,3812,4613,4172,3460,4246,5330,3956,4250,3787,3829,3972,3933,3313,5828,4447,3609,2679,4070,4166,3797,3932,4849,4278,4248,3692,6018,3382,3701,4015,4741,4534,5113,3580,2759,3924,3617,3599,4660,4687,4567,3434,
274,3397,3596,3682,4994,4872,135,129,3876,4078,2926,3767,3345,5810,4959,3011,4216,3756,2869,3081,3478,4032,4708,4549,3834,4323,4201,3549,4087,5115,3843,4173,3701,3681,3996,4023,3226,5505,4411,3496,2570,3916,4063,3668,3876,4896,4041,4063,3605,5705,3336,3594,3890,4545,4488,5045,3376,2715,3805,3602,3614,4448,4544,4328,3324,
275,3320,3481,3668,4766,4652,127,122,3780,4025,2813,3530,3312,5855,4830,2939,4189,3555,2772,3108,3277,4021,4463,4478,3799,4298,3861,3531,4093,5148,3695,4023,3690,3617,3928,4017,3154,5399,4214,3281,2486,3836,3935,3605,3836,4648,3994,3948,3522,5661,3259,3424,3858,4595,4391,4748,3320,2645,3776,3401,3507,4424,4440,4372,3328,
276,3186,3263,3560,4707,4528,100,98,3744,3886,2725,3420,3261,5646,4725,2873,4066,3366,2844,2898,3186,3812,4379,4267,3865,4146,3929,3326,3992,4991,3558,3928,3604,3413,3845,3870,3090,5358,4074,3113,2471,3652,3933,3549,3730,4517,3901,4005,3538,5618,3223,3398,3498,4521,4172,4578,3338,2407,3563,3310,3426,4247,4430,4200,3352,
277,3144,2984,3366,4682,4375,119,114,3700,3909,2529,3495,3195,5413,4783,2722,4056,2917,2654,2795,3165,3748,4183,4312,3691,4034,3852,3333,3916,4841,3243,3670,3442,3167,3664,3658,2982,5116,3800,2634,2409,3775,3930,3414,3539,4374,3617,3884,3509,5391,2980,3319,3145,4374,4139,4496,3191,2318,3330,3047,3336,4307,4184,4034,3280,
278,3099,2397,3383,4483,4084,119,119,3699,3794,2347,3403,2943,5256,4623,2340,3844,2194,2449,2737,2954,3757,3905,4107,3560,3987,3755,3172,3688,4492,2615,3200,3278,2572,3512,3645,2907,4991,3056,1922,2404,3589,3874,3288,3295,3914,3121,3768,3484,5109,2929,3203,2506,4257,3832,3836,3216,1803,2959,2558,3345,4019,3997,3878,3233,
279,2844,1805,3288,4174,4005,117,113,3508,3618,2049,3293,2393,5133,4540,1809,3768,1475,2173,2471,2596,3420,3395,3814,3310,3728,3700,2985,3704,4111,2005,2497,2839,1913,3615,3475,2606,4765,2394,1396,2288,3329,3632,2885,3240,3470,2595,3531,3258,4304,2587,3116,1800,4101,3677,2884,3244,1289,2355,2074,3008,3846,3999,3576,3080,
280,2537,1221,2964,3803,3503,110,103,3532,3649,1472,3188,1870,4569,4196,1297,3630,1096,1695,2080,2163,3106,2578,3443,2882,3549,3638,2788,3503,3217,1484,1740,2372,1309,3418,3464,2266,4062,1696,1044,2264,2916,3661,2364,2857,2951,1845,3329,3226,3564,2148,2931,1225,3882,3213,2072,3090,931,1662,1434,2636,3123,3618,3078,3094,
281,1833,903,2577,3183,2822,92,90,3512,3520,1086,2984,1335,3622,3986,904,3213,853,1263,1627,1524,2471,1854,2917,2278,2870,3471,2493,3333,2469,1113,1376,1651,1008,3282,3252,1813,3266,1243,853,2084,2311,3570,1694,2155,2019,1300,2701,3258,2536,1500,2750,1004,3415,2513,1576,3038,643,1276,989,2085,2407,3182,2458,3124,
282,1197,782,1896,2425,1993,98,94,3335,3328,767,2602,922,2577,3452,800,2451,806,825,1107,998,1768,1399,2067,1688,2144,3157,1879,3032,1751,969,1017,1246,860,2702,2832,1177,2246,1062,795,1777,1573,3243,1132,1548,1422,1081,2009,3047,1674,1003,2233,855,2840,1708,1179,2929,563,918,799,1473,1711,2486,1679,3116,
283,887,736,1347,1694,1475,84,78,3211,3100,588,2110,810,1828,2747,723,1964,856,694,808,804,1258,1121,1576,1197,1490,2599,1320,2401,1379,893,983,980,747,2175,2302,951,1693,1050,782,1333,1233,3081,876,1137,1223,1024,1482,2690,1444,853,1598,894,2044,1318,1137,2818,516,836,738,1008,1318,1723,1231,2995,
284,735,723,992,1254,1208,73,68,3143,2493,572,1489,702,1476,2162,682,1355,819,593,718,777,1036,1016,1216,984,1018,1938,967,1781,1219,930,1009,849,722,1469,1615,740,1463,996,824,1029,944,2447,778,832,1137,1006,1105,2256,1353,690,1044,848,1602,1045,1170,2558,510,823,678,790,1133,1375,1156,2937,
285,665,696,806,1152,1116,58,45,2838,1890,584,1064,718,1399,1587,635,1159,806,578,639,678,927,1006,1033,912,959,1373,744,1357,1201,914,979,828,739,1138,1206,607,1410,973,820,710,858,1830,719,742,1124,947,939,1682,1300,710,835,784,1308,986,1084,2210,495,814,677,734,1002,1119,1093,2818,
286,679,711,754,1080,1089,38,38,2327,1224,559,854,712,1375,1213,666,999,772,616,629,648,834,1017,976,872,878,1063,671,975,1140,799,921,846,740,858,893,637,1334,957,795,607,793,1217,753,731,1102,939,931,1214,1189,742,759,816,1086,950,1132,1667,537,755,730,771,1001,971,985,2565,
287,641,662,710,1087,1061,41,37,1781,920,565,736,663,1314,1072,646,907,809,591,642,672,800,1001,965,818,897,879,676,883,1129,811,984,876,694,769,798,642,1238,944,767,544,800,977,754,708,1026,955,832,961,1241,664,695,790,1011,915,1066,1269,502,785,716,718,965,984,995,2446,
288,667,695,662,1002,1010,37,27,1110,812,502,697,696,1331,963,621,928,733,572,600,700,795,1026,932,866,926,796,640,811,1187,833,910,804,745,802,807,631,1256,910,743,470,764,827,668,739,1066,954,859,752,1256,670,718,748,973,908,1050,831,521,779,717,744,974,920,945,1651,
289,618,646,678,1042,1008,22,18,957,780,560,697,693,1256,1082,632,867,756,508,598,639,818,964,883,774,852,847,657,788,1084,867,883,770,722,781,779,616,1269,960,809,522,783,833,713,690,991,913,806,700,1132,643,691,797,929,893,1070,719,510,761,677,713,917,910,882,1277,
290,611,700,693,955,1011,23,21,783,778,514,640,686,1254,1025,661,823,767,549,591,666,756,954,860,799,857,801,641,759,1078,813,853,804,709,768,701,594,1188,927,722,484,740,776,667,735,1014,901,845,676,1223,620,720,755,934,910,1004,655,511,711,649,685,927,924,905,903,
291,575,656,723,971,978,29,26,755,758,567,629,613,1245,1043,628,863,720,588,595,616,801,913,837,741,822,786,641,757,1093,749,863,711,661,779,687,593,1239,849,677,461,720,814,681,713,939,869,821,667,1195,602,647,710,927,900,1002,639,519,742,651,729,915,890,920,758,
292,579,612,626,1029,998,21,22,757,778,490,669,642,1200,991,595,847,758,491,584,637,777,917,893,773,826,795,671,797,1102,764,868,729,679,761,720,590,1255,931,735,477,734,767,660,665,978,798,813,623,1165,594,674,722,907,889,965,634,443,732,649,675,881,898,852,691,
293,620,617,696,987,929,23,23,732,716,511,677,594,1187,1029,618,841,743,501,587,614,741,874,829,735,790,787,612,738,1050,731,812,773,681,742,674,591,1165,872,653,463,691,800,647,704,916,841,804,612,1120,609,671,760,845,877,1004,643,435,713,591,657,931,816,845,676,
294,559,635,659,884,986,19,17,725,692,528,648,635,1178,1013,602,785,708,516,583,566,715,891,821,706,816,763,578,706,1081,745,850,730,652,683,642,550,1124,900,704,477,706,729,651,667,933,849,735,632,1126,646,642,674,893,845,934,640,432,680,570,624,874,876,864,593,
295,575,632,681,976,890,16,16,715,710,496,653,564,1118,950,577,809,722,484,533,564,723,840,849,731,796,765,561,710,1014,697,822,689,672,745,663,577,1125,842,650,454,704,763,635,654,967,832,727,604,1096,597,618,722,829,861,970,644,441,699,605,681,858,838,854,617,
296,517,589,618,908,885,14,13,685,686,484,620,600,1167,967,534,810,678,460,535,547,753,892,821,715,751,758,585,702,972,747,866,694,655,731,700,526,1145,855,640,464,665,732,608,623,884,801,738,586,1073,592,624,648,881,850,888,582,412,693,583,605,835,808,885,611,
297,540,586,592,888,911,11,11,644,722,469,656,549,1152,996,573,832,622,479,514,588,662,876,794,709,791,798,603,744,992,688,797,683,641,667,674,540,1055,740,639,453,706,737,653,649,921,768,724,624,1060,551,608,629,825,844,918,613,421,699,578,593,804,810,774,614,
298,515,595,581,908,862,17,16,693,669,421,563,550,1059,918,485,701,680,428,500,547,715,761,816,696,738,723,578,711,1048,694,736,669,679,673,654,550,1157,779,669,481,682,742,647,647,851,732,726,618,1013,555,627,668,832,783,843,528,399,644,596,600,802,773,832,609,
299,560,532,644,814,892,16,13,626,693,449,563,578,1129,868,497,770,657,489,486,519,653,824,759,686,735,707,550,701,1036,675,788,663,604,678,571,522,996,753,586,381,622,715,574,578,866,792,732,587,1032,543,565,620,835,758,877,568,404,630,548,638,796,740,833,574,
