165,7888,8932,11114,20430,90300,12985,19403,66591,30749,7051,12362,8437,110271,94280,61836,83559,10399,7795,9939,8707,62193,73123,74089,61867,12796,31296,9577,31211,81840,62658,71786,62633,8770,17160,13427,8175,83209,65872,53511,44977,11162,22623,9808,11270,73628,70468,67460,61150,17138,8538,13880,9402,83004,75964,71822,60168,6586,9709,7940,11306,75551,72718,72791,55392,
166,9754,10808,18936,38264,86631,21380,31944,70399,48155,8278,23615,10876,103834,89828,71760,78525,12277,9001,16706,9582,65372,77795,78545,66204,20444,50836,14795,50100,87136,66772,75181,66073,10107,32569,25842,9971,88354,71621,59375,46857,17828,39726,12446,18811,77149,74986,71757,64448,30817,10925,26859,10852,81378,79677,91611,64192,7747,13061,8680,21520,77557,75446,75011,57897,
167,14517,17283,32865,56368,90049,33795,45004,79078,57544,11998,38259,17915,107649,93457,66915,80430,19088,13327,29335,13711,69549,82333,83355,70394,35810,71472,25990,66187,91629,70248,80140,69527,14240,47243,41270,16265,94289,75974,62904,48952,30935,54395,20380,32719,82798,78858,75990,69976,51727,17976,41403,13786,84152,79170,98418,78704,11223,21708,10645,35299,81132,77653,79360,61671,
168,26911,31533,48376,70676,98447,48308,59027,115826,62911,21880,51388,31532,115735,101715,66733,85318,34904,24114,46074,24475,75023,88148,92607,75900,57593,87907,42211,80547,99727,75249,85706,75878,25955,59668,55449,29009,100789,80875,67421,56416,48065,69465,35867,49847,88260,85922,81418,93062,72415,32087,53230,23742,90115,83267,96363,137444,20881,37719,17330,48416,86909,82846,87579,71110,
169,41911,48344,59796,77140,136444,61292,83410,245253,66724,35761,58830,45323,146152,130455,71101,97578,55611,41040,65623,41944,89210,97194,128646,92067,84870,83646,60601,79671,127282,83007,101346,92979,42066,66798,68375,43840,120499,87615,72858,89103,64995,74934,53196,68921,101696,114024,93434,177833,84692,46166,58874,41358,108414,93314,99078,291445,33690,51703,31186,55801,106990,93891,116738,109556,
170,56370,64175,65069,80952,294189,93911,154810,558203,71724,46530,63861,56097,299700,278207,87115,163704,86315,65840,69484,67533,162606,143159,276088,174422,94935,77134,78637,76109,256559,123462,183913,180668,58736,68702,72398,61487,221184,121172,87985,210442,78424,70625,76861,83923,170715,246631,158307,395959,90828,55795,61683,60649,201301,147369,114315,551651,44790,60356,49627,59212,203323,145248,238280,238715,
171,61888,68153,67574,86469,605981,181137,276133,947127,76223,52221,67387,60592,671067,652578,156964,380834,88016,71249,65004,80512,340528,297510,525990,362531,86509,79714,74672,79392,521769,261165,394517,378073,66742,72074,72284,66781,461574,252002,160192,382535,75849,72408,82222,79474,366556,502654,343792,621184,97127,59281,65350,69340,428766,308879,178171,786513,49523,64526,58616,62848,422634,299539,469143,435063,
172,63276,70926,72338,94317,996797,296452,376546,1010184,86889,55482,73199,64142,1192290,1124814,357112,788483,81627,64488,65469,74106,558156,549213,724170,554587,84803,89012,70687,90128,784536,488907,654623,598785,70371,77690,76830,63712,709522,486332,332357,483691,77393,78912,76983,77666,622563,715979,600726,701835,105212,62912,71187,73813,764002,568534,353926,792585,52829,69879,63410,67554,706222,549440,708842,598486,
173,67417,75592,78736,115360,1113563,389651,476136,824782,123820,59279,80458,68891,1355536,1206929,769608,1106547,83061,64801,71124,71932,721360,805181,807127,662683,90161,124859,74492,128138,873874,714839,824778,720628,74422,92825,84898,66295,811971,704991,559176,510532,82643,100550,78148,83459,810631,748052,777128,686452,118427,68052,80904,78447,1078423,910533,714352,689996,56430,74436,67352,74597,928093,839618,822903,664158,
174,74842,91326,109303,235132,927401,498253,745755,736069,287346,65472,120860,79772,1099829,971229,945296,933056,97775,71036,103852,78600,733406,871896,815404,688693,125585,307387,94599,310863,840851,735809,802516,701742,83606,177953,125655,75323,817292,760124,665720,524048,111510,217939,90595,111139,801403,741009,770467,694412,189818,79379,135783,85827,976491,981971,1179579,665455,61751,94022,73575,108470,859578,918561,773655,647835,
175,98133,154829,219339,491839,3436825,3177250,3958770,4265281,532440,87005,249690,124133,4033414,4020918,5435313,3650445,160444,101987,225976,102396,3199589,3447406,3961150,4157747,261978,693211,173105,658665,3138255,2731286,3101383,3358825,114781,378125,260197,111905,4733917,4345430,4793977,4786832,211954,458358,143941,217706,3365685,4423942,6101665,5168918,407326,127829,297290,108757,3126149,3053392,3702098,3588604,78133,171865,85710,225438,3464442,3384422,3713344,3832249,
176,277517,456183,548656,862638,184758673,158042273,155109664,227198995,766373,255153,581670,360179,204845828,217270306,260473159,199986477,497545,305926,640782,286523,181668396,188483759,217085842,248699029,761199,1140510,514830,1056146,175009444,152382368,174420917,196221019,356002,747131,629737,336667,251576857,239157668,261831032,275683713,578516,859995,433576,600735,195514725,263432676,309200624,294715541,836566,344942,621601,270660,173897914,153614195,167283565,203537930,183101,432808,173484,517529,182532850,175482822,207992236,218057892,
177,525566,788168,798926,1057303,266164013,213659025,211654490,261336002,900550,467953,814298,620411,245842681,256717434,237653561,245349552,981475,681187,897252,631749,205233808,217796947,219472042,278578602,1110841,1118161,883669,1032939,227299482,190438323,184500415,195061295,651744,975689,889349,599054,176658504,182109813,185070723,190057116,874054,979296,771401,964478,212845152,188973363,206440260,232534334,1010862,588491,753860,545829,259710987,216526782,230282093,272325918,383447,640801,391842,669007,254034358,227823027,246808924,235646483,
178,949356,1238953,1148125,1488553,319030438,272161947,287386435,306752878,1382743,892425,1181414,1077125,306284604,313956465,269762147,276078984,1302311,1220490,1061654,1169648,196713999,251350271,195874013,287498252,1327243,1181845,1190647,1136515,207708809,183170026,176301229,187385202,1240444,1422450,1270975,1019502,163642939,159297642,164704938,169043610,1271072,1231622,1197274,1293628,199243238,167170079,178628970,206887598,1441690,936676,953524,954898,305620823,305572873,266942864,315848192,846276,987433,813556,964098,288733258,264449226,255688249,240432725,
179,117686099,110949099,109068934,114364256,348312719,307544860,326851391,341201929,179867514,141788486,106433480,126413485,349371420,356776548,306614259,313422231,188823408,210238770,154013734,118483285,238951843,217783028,210188804,291136935,144635599,137080628,106922454,133487460,215997300,326920682,181356025,216782998,172443875,149884187,133039545,117012048,160796701,158356585,165516302,164952246,119545452,120438054,113784957,137911701,71069031,166056642,160164742,201903387,233878516,147174014,134719283,98950720,334646367,273506006,282198336,326228997,209779080,214299411,155382657,230119952,294223492,269310634,251187690,264752599,
180,171900158,172994675,172038632,185359491,387932354,334581877,356853283,380081677,240164473,201459404,163043226,185804219,389401530,394742145,348947430,351737381,244595773,267696863,216254533,165077866,218990630,208185505,217929748,291046387,199227576,189772565,161798934,206002952,254176362,194749596,185895966,199963216,231635138,205648867,204832313,170098316,160733836,158960751,163287291,171093824,171564338,181318661,177343150,208073168,183600464,165181633,177143986,182740700,280764748,201461858,193588305,150543697,357478381,312903384,301855824,323237970,269391207,277708975,237728821,277181592,305753514,277688019,269493026,291725118,
181,179929890,182529640,176975613,224898461,408022535,410465222,372601555,440982195,209278582,191618999,167075142,159042244,450002567,465418290,431604821,397757047,248089753,242489051,225963027,176515692,207439434,219462647,204804287,279761429,206958323,216475259,61317699,219099146,207656043,191639873,185662028,183640821,242045466,234686926,276490610,227171754,191701020,161908640,170389719,177035418,250546384,230632110,231760361,242211314,233400835,123015161,171971469,181111628,193882828,179194890,179294507,176116356,369012704,335854499,324182904,358821351,190168789,186650130,187860007,207207663,270498521,281332413,249128498,248457703,
182,169988027,185077802,171870210,168823452,405165605,347611778,376922326,484478513,204044163,186637868,176389963,170014077,520895553,556429076,569267363,471777065,251669129,252286248,229690156,187657057,200162995,199587547,203029738,253655167,232494759,259690734,231781396,252836630,188782368,185306384,180739907,192888599,258447512,250610874,337073875,233512897,156513640,162928026,167163302,177877875,278294460,277836465,285046302,277218678,183323979,167096550,175663941,178281716,271088493,167751875,170246051,154663009,351280405,103534900,326426763,362065249,174720933,270686636,178868406,170320246,310002115,281000695,240470241,222841721,
183,171344784,193690617,170583118,180571601,397481116,354971171,377320213,469987297,205281155,210468671,177751975,170594883,565232801,613118366,645635730,571429787,270396324,275384932,261268849,211576033,177935430,179957120,192242166,234899680,270182051,306284678,272229678,287029666,172545428,171597994,168088909,181346315,274586026,264436614,355335609,303271585,159842789,158388767,160400287,167328154,296361535,291541121,314014736,293209335,163956013,195818031,164539114,167466410,165238894,164985167,168651305,200364096,335804351,357291472,335421106,356190688,168745615,167192149,167908383,166549785,304976655,237509110,217957113,202056772,
184,194373727,198529780,179011343,178176299,375453276,351674724,363011615,492505840,211317340,208196421,179896891,172724608,567769848,609477927,648786352,582719541,291968950,309615951,295739089,245326084,165796193,166839673,190241199,221613495,318161769,348085729,303397035,318061117,159992764,159634159,158525172,166763050,277420931,267289380,373980363,311433393,155827694,154729861,156056217,158814088,307075687,295473386,326315324,305681023,157571878,159373291,156987502,161320749,161803435,163215713,166003946,203463712,307663699,351394836,338011532,297101721,165718466,161702218,164975681,163277673,294699124,280565340,171703492,194675543,
185,181888958,204932761,168420780,172942078,369262586,345645856,374280362,487506180,202742404,234458007,182718925,170188641,552135668,584521608,628913266,567611797,325783533,347646639,333727363,277973747,159357195,160682228,188748132,216972812,359400599,380869512,323207852,343360979,155399854,155430274,154772699,160830044,298361214,265892949,387211289,318810886,153446030,153169276,153656777,155838717,321748701,300391042,346455799,323339104,154449225,158361930,154338437,157780627,160305836,161084062,162840659,201067685,306203742,337404152,330546787,317218231,161039436,125637896,161866617,162470120,283460188,272174037,203257146,191441083,
186,179261533,218370456,157349311,170211912,368836934,355507122,422295271,494186789,198492216,207969316,175481924,168209248,547357503,574969782,623620768,576667077,363266140,387957959,381599275,314963739,156732003,158409028,182735992,207544080,402327920,403631940,336828498,350046377,154346515,154236455,153359546,158992790,302017432,261010277,383073168,322563632,152890329,152645295,152951059,154091096,323114548,309061196,360071466,335590612,153490371,159977113,153568117,157348091,158727734,159320986,157902117,193780634,307316730,326761335,102284432,309355807,155601232,149840489,160761670,161248501,267808607,392293160,197216502,189017140,
187,183389455,215791666,170243821,176397547,416003125,385785082,459204172,497034732,184798287,193517767,187080663,164427814,545573504,572033642,612962863,599642461,394974685,412254597,419604693,342480063,155715818,158327611,177348971,205170554,432735784,415235263,339145750,346612526,153790199,154110668,152286920,148686070,294686397,266029881,399231005,326542860,152835655,152534466,152743837,153130680,321870954,316559472,361587152,350123251,153062835,162998108,153014127,156643604,158235806,159664336,160738987,189124483,310052411,323343770,283748636,310239428,159946726,159879117,159315431,159107610,255724597,235367377,195891430,191355872,
188,181480141,216280343,176428706,175372809,445983497,426476424,466797133,488641276,198406256,187496249,185326363,169674490,538872785,560698548,586207497,587498315,472570157,435830452,448743762,378447776,153973873,156895016,172575958,203134255,459472590,403288227,343230644,323591024,153092079,153069619,152155895,158938192,291485746,251022443,381585080,326436709,141554610,151737257,151960580,152127935,361881286,332863719,362349042,352655333,152320710,164007755,152550257,154845960,158310355,194546014,161944326,188406978,322858740,325619828,353765608,313621812,158038756,157502781,158926236,155145056,248338203,235412539,197741152,194394846,
189,182651002,210172793,176028995,171716709,539358671,401965696,411127256,420237488,197437582,213789823,210864577,168500350,458630832,468201884,483949696,496648947,428419896,446448060,454424678,430379374,134366242,136107474,149717115,183377383,460479944,376398978,344286808,354883736,134434194,134258159,133333023,139283601,290195111,267385508,382779637,334140045,132852761,132821404,132892690,133063721,340696237,335215793,364817475,368264954,133837491,141916850,133549736,134622181,157816549,160712564,161222768,185798582,304912036,295106897,273459364,283464386,164295787,157156925,158627452,160393027,217409840,204181659,174454652,171966478,
190,179220402,209675970,175287850,171539793,85878136,146043010,144209309,146151333,183977679,192105120,166110050,168484159,156185997,156518589,161955979,169806855,482184183,454089308,459434117,417887858,47482741,47716584,52055800,62215898,461468994,428482986,352733853,367483070,48137037,47381410,47244308,48444178,289559749,284992548,379718893,337197749,47686185,47044096,47027951,47068947,344258944,338056238,358846362,355942854,47407253,48731410,47218561,47541337,157532650,160124949,160669220,186028214,117147446,108914492,94451808,102703261,157694998,156813182,158115207,155814315,77766920,72596517,61645843,60353962,
191,141295769,169487947,139294930,135054989,13076356,13400448,12925374,11782121,154527606,147755704,131269995,117063834,12090753,12450910,12837659,13482733,365077471,366665782,375357508,344678303,4307933,4424068,4672358,5297110,374234539,349759940,293466939,297972766,4443978,4284174,4353661,4336333,225922902,210860103,292378012,255466582,4386584,4322427,4240419,4106466,272267207,267190750,283545424,295748071,4372531,4408570,4340926,4295463,124341667,127065831,128002306,149870079,10650565,9731314,9039459,9094702,124705788,123884821,125119716,122984765,6991835,6401602,5449821,5260903,
192,12053126,14677884,12021699,12100670,727420,2062912,2049403,673707,13059569,12390663,13651400,11564757,859873,758771,593886,716030,31850276,31109419,31279463,29311173,690957,806370,780683,654629,31351757,29475343,25974904,25517148,802184,668424,756038,656728,18415941,18019280,24210636,21570151,796587,733913,647719,510763,23382740,22700554,24084463,24928975,767535,703849,737605,677908,11089115,10880338,11041797,13155634,750664,703689,861510,617441,10761531,11211228,10920037,10846957,727804,761088,696398,615683,
193,1166978,1298532,1158612,1207277,727119,2043016,2016117,672743,1248637,1026791,1171674,1086060,861954,759072,594436,713510,1986958,1896892,1858578,1892120,690832,803930,779489,656409,1974151,1954024,1761619,1753108,798871,666550,754942,657094,1421693,1382394,1662355,1486325,795398,734834,646416,510680,1652624,1590408,1670595,1740551,755973,702796,734777,678092,1325885,1058165,1100587,1287222,749706,702719,863075,616729,1051961,1093487,1138185,1072952,724799,759952,695353,615725,
194,701370,723857,697361,775025,724998,2013730,1907024,671993,750629,620935,722085,645574,860679,758656,591609,712447,732297,603553,594155,688494,690038,802755,778437,654229,718395,724250,681167,697998,797402,666081,755960,656232,731680,684434,721369,627526,793415,732211,645163,509767,703369,678389,701028,738226,760421,701960,736078,677687,908657,637002,677745,772616,746940,703928,861221,615313,636049,679200,723264,654405,725482,757781,694555,614166,
195,701605,723034,697367,775253,724004,1880012,1564174,672487,749203,617972,721868,644136,856202,755336,592506,713356,730535,601451,593949,689279,687288,800115,777426,653461,717801,727108,677448,698832,796406,665440,751124,652886,732156,682764,720880,625744,793174,731441,643077,510961,702524,676708,701567,737390,764591,699228,734010,677683,907667,635924,679529,770830,745642,699384,859268,615014,633223,676895,719445,655072,724035,756093,693604,614050,
196,698694,721777,696327,773028,723592,1557312,1036712,669225,749076,618759,722533,645194,856632,756219,589339,712093,729869,602195,591879,687150,687600,798214,775033,651656,717007,722933,676728,695894,795529,665549,750452,652174,731659,681466,718907,626422,791628,729391,644007,509612,701040,678544,698569,737595,759271,695909,733809,675608,902908,635106,676879,772684,745036,698028,857115,613578,633875,677835,719535,654265,722519,755554,693694,613607,
197,700762,719049,695441,770606,719806,1002689,514844,668021,747669,617546,718432,643817,854042,752398,588981,707538,726992,600426,591943,686535,685778,796429,773854,650514,714649,721757,674765,696589,793591,662840,748811,651202,728953,680375,717416,623227,788660,728057,640453,509152,700874,675531,695723,736126,761541,693783,729482,675142,902349,634704,673072,769490,744720,698373,857475,615253,630558,674627,716234,653125,722020,752818,691229,613005,
198,697831,718346,692191,769728,720120,484591,264171,667940,744757,616030,716270,642176,851941,750765,586909,704650,725810,600895,589958,682833,683971,796979,772245,649364,712859,721015,674715,695155,791660,660807,748017,650259,729562,678896,715698,622459,785412,723299,636449,507551,699710,674202,695258,735295,753650,693446,730597,672937,903011,632383,673891,767744,742373,697451,854758,613989,630449,675510,717049,649731,720516,753379,690365,612809,
199,697685,715833,691736,768044,716140,272939,213113,667311,744530,614424,714125,640965,849028,748428,586351,703942,724292,597670,590045,683533,683635,796047,771808,647083,712631,720053,672826,693744,788977,660991,744778,648775,725714,678662,714249,623199,783431,722031,636109,506729,698409,672686,693995,733176,751110,691255,726570,672581,908786,630389,673060,768245,741270,694538,854354,613866,629603,673033,714746,650284,718932,751156,686307,610794,
200,696062,715059,690029,768077,715925,214536,202781,664536,743272,612578,713665,639745,846631,745486,584133,702260,720924,597013,588582,683239,680050,791691,767617,644735,711019,718456,676349,693309,785961,657677,742726,648028,723356,677524,715667,622229,781718,720438,635901,506141,694884,673299,694370,730840,750698,688825,726719,669367,905989,629575,669795,765634,739791,693600,850631,610142,626999,670144,711846,648893,715678,748018,686792,610733,
201,694628,715617,688206,765081,713960,204140,200018,663059,742551,613090,712209,636996,842685,743927,580493,699507,720612,595705,586818,682778,677659,791003,765516,642323,709100,716000,675195,689455,784370,655906,739269,642786,722699,676345,713650,618924,777573,718578,632416,505296,695444,672371,691428,729972,747482,686662,722464,668792,897791,629779,668944,762870,737468,691230,846882,610925,628079,667517,711570,645091,714130,747717,682996,611780,
202,691952,713102,685877,762317,712355,198893,195882,664880,739500,610792,708925,634781,840943,741538,579949,696513,717464,592562,583900,678664,674211,786856,761753,641082,707548,713470,674058,688902,780234,652902,735270,641947,721555,673904,710463,618238,774011,717406,629719,504539,693180,668888,690097,727153,741846,683360,718142,667290,901773,625769,666116,759827,733546,689429,843658,608175,622601,665345,708266,642774,710955,744244,681764,609792,
203,690496,709798,683362,762014,709344,196214,193275,662932,737777,609153,709865,635615,838107,740773,579183,695340,715180,591940,583081,677526,672151,783474,759062,638233,704606,712876,672628,687344,778910,649609,733167,639693,721971,672074,709120,616568,772358,714306,628048,502738,690238,667574,688920,725068,737415,681632,716195,664815,895751,623769,665595,758735,732784,686827,840684,609961,622357,664454,705397,639992,708776,740887,678867,608173,
204,689350,708102,681209,757479,708425,194631,191514,660138,735645,608949,706057,632447,836136,736337,577282,694514,714536,590660,581492,674982,673014,781318,756122,636533,702349,710002,669602,683310,776540,647132,732298,638158,716996,669854,708041,616313,769897,711019,627343,501632,687113,666664,687648,723480,741342,680658,716220,664550,892925,621231,663702,754859,729986,683417,840087,607073,618072,660797,704230,638449,708708,738681,675551,604971,
205,684519,705369,680519,754660,705688,189489,186432,661207,733402,606573,703598,629853,834352,735832,575492,693920,711636,588642,579399,673172,669031,778717,755860,634461,701203,708093,668317,682541,773644,645631,729582,636628,714564,666231,705000,612421,767015,708777,624607,502078,686114,663697,685725,720340,740778,677883,712047,663288,888877,619436,659221,751232,727067,683039,836102,605134,615347,659378,701549,637902,704020,736339,673682,603702,
206,684551,703564,676883,752417,702486,186096,182652,658030,730356,603684,701541,627407,831394,733809,572167,690235,710186,586456,577863,670550,667709,774935,750554,631564,697950,705396,662605,678680,773030,643349,726795,633060,712256,665567,702559,610581,763945,706359,622803,500177,683766,660943,682555,719572,732411,675478,709383,662625,876647,617860,657782,749742,724522,680909,835928,603262,614805,656299,700415,634857,702546,734465,670507,603188,
207,682779,699178,674984,748336,700305,182229,178327,657731,729573,601911,699080,627128,829446,729762,569972,686109,708823,585674,576253,668447,664517,770740,749498,630224,697662,702859,659970,678435,765880,637491,721214,629138,709208,663706,700926,608875,759783,701847,615607,499887,681069,659747,680060,717025,731051,669366,708048,661587,873722,614744,656386,749422,722175,676919,829914,603346,612754,656582,698126,633439,699190,731910,670157,600875,
208,680623,696863,673300,747681,684691,178265,173582,656346,725806,600272,695570,623806,815868,726914,557947,682997,705658,582537,574518,666335,659524,754047,741027,621648,693411,701508,657152,674395,744897,608203,695197,609569,705917,662100,698014,605571,750429,678613,579622,497152,678214,657919,676687,713801,716164,619832,701840,659622,867154,613149,654391,745580,717005,669471,814446,602111,610368,654134,695794,632326,689724,728009,655919,600728,
209,677575,695452,669984,744356,627133,172481,166798,652215,723677,598854,692716,620994,763078,708437,510519,670314,702514,582981,571951,667068,634353,687671,700614,589259,692434,701054,656244,674946,667955,519225,606763,545863,704364,657381,695068,604995,706921,592519,482267,487766,678366,654406,675780,711059,658763,500556,675533,649456,866043,610901,653007,743818,693531,632773,756824,595235,609724,648927,691690,629262,639488,708810,604364,601248,
210,674398,682797,667811,738847,471673,164750,154469,621639,719670,594786,690812,617969,592280,627963,373987,599433,687359,578744,568284,662841,542082,515601,569784,476027,687733,699246,652940,669391,475590,337098,410099,392813,696896,655098,694440,602992,562426,398762,298920,442673,672817,654268,672740,708570,489819,295677,578282,606484,858051,605676,648673,733281,606073,509715,585362,555407,604441,640580,687188,624699,496823,625425,461517,599294,
211,669042,638693,658880,710191,279338,151570,130919,539145,715158,583854,686181,600874,354924,453316,211617,438428,632142,565754,552948,648533,378310,372703,370749,304990,677970,691936,645207,661494,267293,177009,220820,223497,660989,646921,688953,594851,349546,211027,148763,338870,658425,648349,656164,696130,287546,147109,399249,490193,813993,592159,642549,701197,437933,328816,357769,454206,589796,603310,672630,610637,305991,462258,282274,587737,
212,634248,489421,611169,601074,148823,127492,96346,396944,689818,526122,655259,518498,184621,263669,107503,255747,460469,506449,480600,588392,218556,161958,203963,166186,618074,653429,605224,618779,141409,96472,117306,117204,542537,603702,667590,552151,186167,110959,81818,210518,591609,617156,583179,630558,151149,86371,224295,329899,671999,522879,594123,576106,261878,179058,190184,307586,515718,473633,603594,546329,164828,282905,152040,551819,
213,539120,298658,495182,420456,87734,92399,60399,227221,606978,403785,572358,371188,105052,130203,62806,122814,262966,374252,347616,454914,110175,92671,106927,87110,481026,547912,503162,504543,89996,68084,77523,71352,362417,498430,595363,450480,104041,74646,61807,104100,455380,531266,434909,486459,87859,68374,112793,172955,445966,386074,477300,381279,131819,95688,104937,163051,374127,299763,457553,410847,91458,143268,87266,449675,
214,330978,126049,276813,200651,71415,57796,36174,110387,400260,207556,372862,178370,84687,80819,52831,74595,109943,181403,168931,238154,69516,74223,75760,63485,253602,328430,292671,292652,77916,61822,68852,60248,164044,293685,409790,254694,81878,67529,57771,56572,242777,340082,217624,254048,71930,64500,72786,87193,203229,192310,267778,170564,79663,69399,80970,82887,177087,132375,233429,208853,70348,81919,68664,278411,
215,168243,72981,137021,107726,68619,37805,28426,71320,215809,100035,201296,90351,82172,71905,51569,65125,71001,87057,85004,114101,64282,71844,69807,59905,124402,167307,145775,148717,75094,60346,66779,58433,87100,151626,227872,126868,78261,66657,56702,45175,122079,182212,106940,123581,70111,64138,64631,63432,112294,95940,133663,90558,69907,65580,77130,59958,84243,75787,113110,104443,66845,69473,65308,146756,
216,84330,60796,75975,77559,68700,29392,26636,60421,107052,59060,100040,61289,81967,70186,50919,63856,63151,55285,55767,66733,62362,70832,68247,58111,75126,87701,75455,82677,74674,59109,66215,57640,64731,82335,112073,68155,77354,66045,56408,42347,73615,92473,67855,72584,69391,63464,63519,56727,87842,61468,73868,68750,67482,64092,76274,53247,55131,61360,68451,64747,65672,66838,64793,80863,
217,59879,58471,60984,71464,67251,26646,25779,57097,71957,50754,67180,54967,80834,69978,50548,63167,61981,49564,50639,56695,61573,69711,67462,58411,65052,66413,57791,64677,74385,59354,65381,57242,60511,63081,70855,53641,76035,65730,55966,41060,62326,64802,59679,61596,68764,63093,62469,54725,83246,54601,59596,65770,66734,64010,75602,51259,48548,59618,59868,56609,65351,65695,64099,59598,
218,55488,57720,57773,69937,66937,25535,24996,55809,62403,48614,58825,54392,80144,68665,50653,62592,61463,48178,48845,54992,60718,68999,66953,57452,62525,61628,54495,60658,73530,58839,65562,56901,59844,58188,60344,51136,75554,64921,55014,40768,59871,58004,58170,59077,68054,62883,61769,54356,81554,52853,56091,64696,65467,63052,75139,50531,48428,58283,58346,54719,65238,65014,63030,52708,
219,54236,57293,57251,69066,66715,24995,24466,55658,60719,47571,56663,53449,79504,68553,49858,61903,60925,47923,48985,54444,60175,68864,66502,56911,62286,60477,53873,59382,73040,58372,65158,56147,59877,57512,59496,50365,74685,63897,55270,40796,59475,56843,57799,58209,67439,62438,61871,53466,81767,52396,54594,64196,64941,62647,74307,50158,47210,58014,57339,54594,64495,65008,62980,50498,
220,53534,56118,56438,69087,66428,24552,23930,54648,60078,47571,56656,53421,78885,67672,49803,61456,60339,47070,48295,53713,59908,68650,65607,56270,62269,59898,53336,59081,72711,57842,64022,55950,58846,57253,58473,50154,74507,63543,54697,40721,59227,56478,56931,58220,68110,61344,61080,53434,79417,52017,54554,63416,64918,61893,73619,49779,46932,57431,56767,53800,63709,64270,62321,50256,
221,53551,56073,55949,68200,65664,23992,23433,54661,59850,47731,55824,53086,78750,67192,48976,61495,59905,47047,47614,53383,59176,67629,65118,56570,61056,59497,53506,58601,71623,57565,63590,55249,58645,56886,57669,49759,73096,63882,54412,40229,58375,55826,56735,57338,66650,61679,60710,52996,79564,51421,53873,62809,63916,61911,73898,49181,46756,57402,56763,53222,63491,63583,62142,49411,
222,52580,55780,55840,67518,65451,22974,22476,53808,59246,46762,55598,52267,77755,66828,48404,60431,59415,46350,47921,53178,59036,66887,64992,55860,60827,58923,52788,58061,70590,56646,62970,54702,57601,56876,57161,48888,72919,62802,53302,39846,58223,55187,56509,56673,65907,61055,59880,53008,78239,51413,53603,62122,64010,61369,72522,49324,46235,56744,55967,52723,63142,63394,61980,49106,
223,52257,55477,54886,67000,64799,22522,21859,53792,58722,46751,54805,52415,76972,66653,48545,60701,58802,46203,47480,52688,58379,66508,64046,55692,59712,58227,52632,57252,70850,56503,62604,54405,57408,55745,57027,49129,72023,62560,53291,39353,57679,54719,56091,56523,65973,60494,59932,52335,77568,51133,52926,62061,63550,60959,71854,48658,45780,56197,55708,52394,62232,62704,61298,48656,
224,52155,54576,54760,66362,63836,21406,20601,53281,57838,46477,54568,51675,75660,65453,47599,59204,58200,45521,47049,51932,57834,65782,63224,54849,59631,57720,51678,56535,69576,55819,62200,53905,57043,55574,56328,47980,71622,61296,52937,39313,56567,54511,55465,55697,64974,59146,58720,51892,76296,50061,52326,61307,62990,59955,71570,48740,45071,55481,54372,52059,61639,62121,60883,48671,
225,50873,54418,53966,65540,63462,20472,19423,52991,57696,45683,54021,51242,75931,65240,47455,58983,57769,45190,46619,51752,56957,65512,63043,54274,58715,57182,50654,56393,68963,55531,61239,53241,56401,54748,55814,48338,70711,60912,51864,39037,56532,54306,54533,55202,63968,58649,58166,51168,76551,49660,51398,60747,62216,59679,70690,47860,44957,54938,53956,52307,61131,61254,60069,47834,
226,50824,53937,53357,64717,63453,18694,16830,52818,57078,45359,53751,50804,74803,64533,47046,58641,57318,44586,46281,50835,56306,64788,62527,53760,58568,56862,50584,55951,68634,54661,60671,52647,55465,54413,55338,47481,69607,60808,51459,38662,56273,53690,54207,55177,63647,58819,57817,51272,75658,49406,51154,60395,62048,59291,69259,47711,44432,54147,54100,50977,60230,60927,59447,47613,
227,50932,53341,53040,64850,62445,16258,13489,51838,56294,44790,53218,50839,74309,63901,46548,57503,56529,43889,45719,51092,55813,64062,61578,53072,58058,56103,50441,55581,67741,53679,59816,52572,55396,53901,54916,47348,69280,59385,51136,38278,55413,53211,53878,54410,63584,57683,57293,50464,74478,48952,51286,59366,60956,58935,69955,47658,44386,54266,53788,50505,59831,60735,58590,47794,
228,49803,53252,52922,64181,61857,13173,10019,51855,55907,44479,52645,49982,73715,63169,46031,57402,55993,44102,45389,50024,55883,63275,61151,52909,57913,55914,49889,54628,67283,53622,59924,51928,54584,53174,54378,46899,68543,59222,50719,38219,55059,52072,53807,53795,62724,57456,56562,50223,73961,48083,50377,58865,60193,58020,68871,46726,43425,53255,53092,50351,59977,60165,58613,46914,
229,49907,52429,52718,63115,61287,9773,6996,51264,55881,44260,52263,49323,73218,62502,45710,56443,55703,43304,44542,49544,55235,63237,60543,52873,57417,55701,49549,54582,67331,53169,59256,51685,54428,53525,54413,46630,67894,58870,50630,37917,54464,52344,53335,53817,62353,56947,56375,49672,73342,47866,50112,57907,60336,57798,68533,46599,43620,52884,52793,50067,58796,59671,57754,46860,
230,49231,51989,51245,62490,60810,7117,4982,51306,55133,43636,51444,48911,72351,62255,44885,56260,54862,43236,44278,49284,54891,62158,60285,51983,57076,55551,49163,54060,66318,52476,58123,50568,53775,52594,53692,45970,67982,57943,49128,36983,54345,51762,53067,53027,61922,55815,56095,49771,72741,47745,49655,57556,59797,57023,67287,46371,42527,52583,52020,49294,58365,59054,57187,46006,
231,48722,51295,51229,61955,60153,5323,4255,50384,54721,43162,51295,48408,71588,61338,44396,55720,54511,42215,43883,48929,54351,61688,59026,51225,56230,54881,48782,53490,65435,52187,57637,50391,53341,52733,52964,45407,66751,57250,48595,37144,53804,51631,52379,52063,60441,55002,55315,49114,71940,47069,49151,57018,59062,56914,66681,45907,42055,51764,51332,48786,57952,58295,56392,46159,
232,48903,50662,50629,61690,58575,4329,3955,50089,54319,42655,50992,47886,70508,61150,44042,55005,53182,41792,43289,48273,52929,60786,58065,50933,55452,54118,48075,52750,64325,51125,56288,49455,52601,51727,53086,45071,66046,56385,47529,36681,53230,50782,51365,52299,59169,54497,53906,48759,71372,46469,48635,56609,57797,55524,65405,45705,41867,51751,50882,48294,57042,57713,55661,45481,
233,47799,49804,50114,60887,58449,3961,3805,49591,53614,42268,49887,47052,69686,59818,42998,54603,52909,41695,43036,47482,52706,59911,57092,50164,55028,53583,47881,52504,63554,50290,55766,48757,51782,51318,52298,44593,64448,55664,47397,36430,52067,50261,51053,51167,58711,53844,54264,48276,71199,45899,47986,55852,57539,55166,64240,45259,41394,50985,50184,47822,56338,56882,55025,45607,
234,46938,49035,49167,59959,57352,3583,3476,49198,53135,41461,49400,46773,68628,59300,42671,53630,52434,41133,42428,46653,52058,59239,56606,49468,54348,53025,47128,51823,62335,49290,54572,48290,51036,50193,51401,44218,63388,54385,46639,35608,51483,49920,49961,50254,57081,52602,52519,48047,69371,45430,47501,54488,56819,54163,64064,44343,40527,50115,49769,47310,55150,55727,54503,44869,
235,46302,47877,48513,59580,56852,3588,3469,48371,52324,41201,49050,45764,67822,58389,41980,52629,51323,40620,41682,46042,50845,57230,56273,48769,53687,51776,45800,51739,61467,48710,53767,47333,50403,50094,50913,43191,62265,53829,45593,35361,50591,49203,49427,49703,57185,52258,52025,47038,69152,44781,46751,53727,55668,53764,62786,44297,40087,48965,48526,46613,54518,55049,53618,44453,
236,45811,47317,47895,58323,55986,3394,3301,48313,51682,40472,48239,45138,66629,57931,40882,52357,49977,39431,41341,45282,50456,56926,55638,47747,52516,51369,45130,50207,60522,48041,52985,46719,49374,48997,49983,42628,60933,52418,44324,35120,49882,48481,48743,48966,56049,50949,51456,46960,67831,44075,46405,52712,54951,52846,61576,43759,39272,48207,47974,45602,53536,54621,52704,44015,
237,44875,46006,47078,57060,54642,3382,3273,47399,50834,39568,47434,44431,65058,57160,39599,51169,48902,38957,40376,44842,49272,55567,54165,47027,51636,50653,44938,49539,59266,45105,51083,45392,48212,48127,49344,41873,60392,50173,41042,34238,49093,47663,47479,48212,54245,48604,50637,46181,66180,43273,45069,51673,54178,51567,59344,43067,38039,47343,46678,45067,52574,53317,51472,43756,
238,43806,43806,45689,56119,52481,3326,3219,46972,49777,38541,46603,42800,63259,55493,36428,50161,45395,38077,39729,43867,47914,51442,52233,45244,50354,49843,43835,48839,55925,39329,45580,42793,45254,47013,48076,41087,58099,44975,33254,34092,48003,46972,46624,46923,51303,42614,49190,45211,64500,42325,44806,48786,52886,49712,54368,42288,36562,45176,44479,43963,50314,52062,49848,43367,
239,42609,38430,45127,54171,48046,3142,3019,46105,49002,36336,45167,40606,58720,53697,29329,49033,38272,36194,37854,41877,44582,44225,48951,42384,49286,49000,42713,47913,49034,30192,36367,37371,39622,46219,47691,39537,53108,34859,23156,33073,46106,46170,44434,45471,44156,33417,46519,44228,60290,39886,43464,42517,50326,45388,44160,42179,32822,41197,41025,42088,45858,49122,45228,42555,
240,38496,26792,42465,49129,38245,3080,2962,45032,48091,30573,44187,33960,48379,50298,19194,43921,24886,31179,32981,35659,36972,31051,39784,34104,46211,47381,40340,46230,35848,18500,22957,27792,28913,44845,46109,36027,42201,21540,13096,30158,41420,45402,38620,41267,31909,20444,38924,42105,50214,34304,41150,29532,44732,36503,29182,40937,23748,31620,32127,37944,35762,43189,35183,41942,
241,32145,16707,36646,40577,26626,2802,2632,43529,46263,22629,40794,24136,33666,43172,11528,35282,14538,23157,25937,27425,26259,19387,28164,23891,39176,44403,35229,43256,23576,11680,14120,17548,18665,41606,43195,29784,28738,12922,8771,24773,34100,43195,29374,33810,20026,12849,28364,37855,36727,26208,36533,18589,36159,24776,17745,38797,15245,21402,21863,30703,24386,33068,23688,41192,
242,20482,9379,25227,27155,15787,2467,2165,39942,41526,12597,33074,13672,19560,29974,7498,22451,8875,12870,15702,15988,15475,11903,17179,14000,26981,36815,24763,35871,13907,8388,9539,10491,10574,33480,36343,19224,17245,9250,7378,17056,22401,37742,17116,21512,12331,9336,17142,29935,21195,15338,26436,10563,23640,14633,11423,34150,8246,11679,11721,18934,14566,21377,14441,40356,
243,12105,6968,15920,16669,10680,2165,1786,33524,33562,7795,23238,8711,13126,18863,6523,13484,7484,8123,9695,9459,10248,9531,11181,9209,16553,26725,15575,25532,10649,7680,8625,7903,7774,23275,26461,11702,12064,8389,6991,10416,14221,30183,10400,13133,9848,8517,10865,20394,13849,9444,16878,8157,14629,9896,9721,26323,5851,8412,7888,11609,10121,12978,10110,39028,
244,7343,6674,9168,10917,9354,1743,1401,25472,21092,5827,13476,6868,11071,12586,6201,9619,7342,5884,6570,6787,8262,8892,9162,7884,9523,15800,9069,15214,9993,7676,8220,7317,6928,13534,15642,7304,10605,8325,6958,6980,8921,19158,7424,8343,8819,8248,8532,13545,10715,6911,9767,7521,10694,8675,9344,18197,5188,7158,6785,7643,9041,9646,8936,35506,
245,6163,6529,7313,9148,8862,1422,1082,16520,12925,5492,8925,6388,10767,9933,6203,8088,7037,5414,5923,6251,7593,8722,8412,7391,8033,10090,6839,9939,9589,7379,8005,7051,6757,8920,9761,6126,10004,8277,6893,5407,7448,11784,6966,6926,8674,8086,7873,8948,10106,6344,7375,7322,8788,8101,9293,11570,5042,6973,6585,6718,8458,8374,8298,29327,
246,5920,6592,6609,8839,8766,1089,787,10419,8431,5257,6775,6279,10733,9246,6304,7825,7043,5354,5850,5976,7361,8560,8165,7207,7746,7783,6180,7693,9404,7310,8085,7068,6734,7190,7415,5712,10072,8059,6806,4920,6990,8000,6721,6701,8568,8066,7487,7078,9686,6078,6455,7266,8368,7949,9106,7967,4971,6862,6389,6448,8166,8164,8336,20001,
247,5840,6497,6592,8525,8671,869,663,7939,7183,5256,6371,6236,10363,8808,6061,7615,7032,5174,5721,6047,7090,8494,8084,7256,7462,7258,6097,7113,9387,7177,7969,7038,6634,6938,7002,5794,9994,7917,6595,4738,7057,7182,6738,6386,8511,7931,7490,6450,9651,6038,6307,7053,8301,7841,8912,6600,5003,6835,6255,6389,8224,7973,8036,12571,
248,5803,6190,6568,8443,8533,716,627,6908,7194,5132,6219,6158,10397,8778,5960,7492,6962,5254,5504,5924,7079,8265,7937,6904,7339,6972,5943,7018,9215,7096,7745,6941,6468,6783,6699,5640,9808,7756,6630,4750,6882,6856,6350,6474,8168,7845,7494,6229,9400,5961,6063,7210,7987,7801,8864,6324,4960,6722,6149,6232,8044,7825,7832,8325,
249,5785,6232,6388,8272,8363,597,559,6743,6854,5185,6129,6048,10209,8542,5693,7595,6864,5136,5375,5794,6938,7980,7855,6772,7248,7075,5899,6952,9043,7176,7704,6716,6474,6910,6614,5531,9719,7700,6345,4557,6758,6647,6478,6311,8379,7800,7132,6106,9488,5930,6259,6984,7930,7741,8910,6016,4865,6757,6053,6264,7963,7777,7944,6786,
250,5783,6158,6294,8384,8410,557,528,6483,6864,5004,6122,5906,10053,8331,5768,7251,6887,5191,5450,5674,7001,8115,7765,6804,7195,6861,5924,6940,8986,6874,7672,6849,6275,6584,6375,5548,9498,7722,6486,4387,6822,6624,6496,6236,8157,7541,7042,6168,9385,5889,5996,6919,7834,7667,8610,5881,4629,6666,6027,6085,7917,7633,7745,6177,
251,5508,5935,6285,8163,8320,607,589,6380,6728,4957,5963,5871,9919,8463,5604,7466,6648,5115,5422,5741,6707,7873,7624,6851,7102,6926,5785,6793,8835,6807,7364,6537,6359,6618,6435,5449,9319,7528,6340,4448,6659,6451,6440,6154,8197,7625,6995,5913,9350,5769,6117,6793,7719,7650,8586,5817,4779,6460,6031,5952,7783,7628,7747,5863,
252,5385,5849,6104,7955,8084,559,534,6453,6509,4885,5989,5842,9870,8339,5548,7318,6627,5025,5338,5605,6729,7917,7490,6762,7083,6746,5677,6580,8817,6822,7346,6615,6245,6464,6293,5431,9463,7571,6269,4450,6557,6349,6265,6269,8110,7384,6897,5826,9188,5680,5908,6935,7860,7529,8580,5596,4519,6374,5931,5923,7651,7518,7504,5850,
253,5350,5955,6093,7905,8061,515,489,6382,6446,4732,5796,5751,9904,8314,5576,7212,6443,4974,5157,5567,6785,7625,7597,6561,6940,6746,5640,6660,8708,6703,7240,6435,6152,6473,6130,5340,9186,7359,6340,4438,6552,6471,6062,6099,7913,7308,6868,5790,9087,5491,5700,6889,7733,7395,8227,5761,4666,6348,5703,5980,7601,7236,7458,5756,
254,5358,5860,5917,7898,7818,522,502,6357,6424,4822,5944,5704,9523,8227,5531,7070,6234,4874,5115,5571,6614,7716,7525,6544,6563,6428,5567,6417,8715,6654,7233,6345,6002,6401,6265,5286,9067,7359,6138,4288,6375,6376,6066,5955,7745,7149,6839,5816,8871,5590,5704,6563,7512,7097,8286,5490,4410,6205,5712,5833,7336,7375,7450,5739,
255,5319,5806,5847,7765,7861,443,433,6060,6490,4752,5823,5517,9704,8057,5452,7137,6311,4866,5012,5427,6561,7632,7473,6673,6719,6530,5591,6415,8526,6446,7311,6249,6013,6278,6149,5287,9149,7285,6155,4312,6288,6267,5881,5827,7604,7259,6787,5895,8732,5548,5647,6735,7447,7245,8141,5529,4472,6228,5607,5695,7640,7169,7379,5549,
256,5175,5586,5753,7584,7637,441,412,5944,6405,4638,5512,5517,9358,7723,5367,6817,6291,4682,4983,5354,6504,7513,7202,6092,6838,6481,5342,6427,8331,6509,7016,6247,5974,6187,6128,5073,8773,7148,5918,4166,6175,6263,6012,5866,7618,7150,6435,5685,8741,5538,5611,6256,7279,7243,8032,5485,4458,6059,5580,5568,7258,6984,7279,5461,
257,5181,5591,5690,7473,7559,387,343,5917,6271,4742,5535,5454,9242,7902,5056,6768,6147,4691,5014,5331,6263,7363,6909,6168,6654,6369,5269,6415,8077,6351,6970,6030,5791,6063,6029,5000,8788,6847,5721,4161,6141,6105,5867,5915,7424,6981,6357,5551,8516,5270,5535,6276,7274,6978,7897,5486,4341,6024,5530,5724,7180,6984,7093,5414,
258,5169,5603,5728,7388,7559,327,297,6021,6157,4608,5587,5605,9165,7609,5254,6779,5976,4515,4827,5217,6129,7082,7092,6138,6610,6313,5325,6121,8038,6068,6781,5945,5746,6058,5862,4951,8526,6792,5561,4103,5989,6056,5661,5659,7352,6841,6576,5537,8421,5325,5402,6230,6919,6748,7610,5365,4293,6006,5543,5410,7066,6996,7057,5429,
259,5089,5409,5694,7239,7390,280,235,5856,6127,4591,5454,5129,9083,7519,4942,6523,5961,4574,4797,5126,6086,7001,6841,6096,6388,6233,5190,6181,7836,6204,6625,5847,5774,5898,5870,4997,8376,6742,5549,4141,5958,6027,5740,5660,7196,6543,6309,5451,8396,5160,5380,6179,6911,6722,7517,5194,4201,5865,5302,5473,6841,6769,6938,5401,
260,4994,5350,5524,7304,7202,207,174,5888,6030,4424,5315,5191,8859,7539,5064,6599,5724,4557,4591,5084,6135,6938,6728,6021,6365,6165,5208,6103,7921,5907,6580,5722,5472,5970,5623,4851,8286,6666,5565,4027,5702,5743,5498,5441,7275,6501,6341,5360,8090,5064,5319,5970,6788,6832,7418,5334,4052,5698,5215,5348,6724,6753,6812,5280,
261,4895,5282,5422,7136,7220,199,154,5561,5984,4326,5247,5078,8652,7370,4796,6573,5764,4395,4504,5036,5833,6742,6668,5825,6209,6061,5141,5889,7676,5765,6357,5743,5212,5763,5617,4829,7985,6452,5358,3939,5769,5751,5482,5581,7000,6344,5983,5247,7936,4950,5279,5852,6749,6559,7187,5121,4043,5593,5105,5291,6784,6544,6778,5263,
262,4807,5016,5240,6914,6907,150,99,5657,5879,4337,5142,5140,8581,7383,4797,6278,5505,4305,4678,4902,5806,6609,6435,5695,6067,5870,5070,5630,7784,5792,6220,5636,5314,5769,5551,4642,7897,6351,5304,3986,5573,5641,5448,5269,6851,6366,6016,5304,7815,4958,5193,5766,6783,6471,7211,5118,3940,5511,5169,5204,6690,6308,6468,5169,
263,4493,5068,5159,6899,6904,138,114,5656,5615,4165,4970,4922,8337,7012,4739,6190,5431,4230,4429,4718,5667,6425,6395,5627,5966,5837,4915,5689,7385,5540,6017,5370,5145,5575,5392,4493,7718,6121,5145,3879,5481,5676,5178,5199,6775,6173,5998,5139,7675,4882,5075,5425,6534,6298,6913,5127,3824,5475,4826,4844,6667,6233,6422,5108,
264,4523,4843,5090,6708,6704,106,94,5509,5692,4007,5043,4844,7990,6929,4473,6054,5266,4063,4277,4607,5596,6307,6213,5526,5871,5634,4665,5468,7269,5383,6082,5208,4983,5409,5331,4450,7296,5982,4792,3785,5485,5516,5280,5032,6538,5838,5753,4894,7535,4760,4855,5414,6448,6208,6686,4873,3582,5359,4829,4967,6387,6227,6271,5091,
265,4366,4736,5009,6683,6511,118,112,5334,5539,3933,4917,4732,7771,6686,4361,5759,4844,3890,4251,4550,5424,6250,6141,5417,5749,5531,4689,5412,6943,5106,5597,5151,4752,5368,5263,4375,7355,5762,4368,3649,5272,5286,4996,4925,6270,5669,5589,4987,7152,4571,4830,5038,6288,6033,6560,4832,3546,4991,4622,4754,6256,5907,6026,4997,
266,4284,4187,4832,6303,6194,105,100,5298,5537,3710,4745,4398,7735,6583,4077,5645,4235,3927,4134,4342,5273,5890,5828,5329,5659,5556,4545,5358,6787,4585,5328,4996,4262,5160,5118,4232,7172,5206,3719,3606,5247,5226,4795,4942,6002,5405,5518,4820,6972,4334,4675,4540,6124,5702,5902,4834,3207,4655,4257,4828,6012,5989,5874,4822,
267,4073,3428,4870,6231,6145,96,90,5127,5185,3496,4709,4062,7509,6618,3412,5664,3358,3618,3859,3963,5014,5158,5708,5010,5444,5352,4465,5422,6377,3775,4532,4698,3572,5270,5133,3985,6675,4459,2652,3548,4875,5174,4530,4491,5697,4593,5230,4808,6667,3956,4543,3504,5960,5452,5024,4699,2619,4335,3502,4592,5706,5686,5667,4788,
268,3564,2354,4418,5847,5785,83,79,5165,5279,2763,4319,3394,7070,6303,2706,5381,2137,3022,3372,3531,4660,4463,5216,4630,5205,5192,4176,5021,5788,2823,3556,4235,2537,4951,4842,3623,6221,3266,1908,3478,4422,4970,4064,4249,4799,3686,4863,4586,5708,3474,4374,2306,5708,5070,3862,4734,1653,3195,2488,4064,5206,5469,5070,4775,
269,2891,1593,3963,5100,4930,80,73,5013,5079,1964,4291,2505,6180,5949,1870,5085,1394,2232,2956,2571,4009,3285,4584,4046,4644,5126,3862,4982,4433,1953,2433,3221,1598,4705,4541,3000,5232,2109,1288,3181,3877,4959,3102,3539,3632,2623,4339,4612,4486,2729,4065,1563,5295,4195,2596,4652,1083,2313,1641,3551,4319,4739,4310,4681,
270,2070,1060,3141,3946,3697,70,66,4931,4786,1267,3811,1621,4848,5637,1313,4297,1049,1354,1944,1638,3007,2122,3521,3015,3643,4575,2894,4552,3132,1391,1721,2304,1089,4392,4122,2071,3851,1487,1098,2705,2739,4739,1935,2519,2486,1782,3384,4223,2850,1704,3327,1104,4452,3048,1785,4478,791,1430,1072,2515,3135,3860,3211,4635,
271,1254,938,2221,2942,2548,67,62,4783,4462,853,3179,1090,3342,4701,929,3350,1045,967,1271,1136,1999,1580,2367,2111,2590,4056,2006,3991,2132,1240,1344,1485,955,3521,3442,1457,2654,1246,974,2174,1849,4419,1403,1733,1698,1283,2293,3789,2043,1172,2493,1022,3464,2145,1383,4335,615,1111,931,1677,2197,2804,2199,4482,
272,882,923,1254,1904,1708,74,70,4624,3671,706,2067,915,2159,3474,944,2117,898,731,950,847,1378,1298,1557,1287,1592,2835,1230,2883,1578,1070,1203,1117,923,2396,2377,938,1871,1274,980,1497,1315,3569,946,1156,1393,1288,1566,3019,1553,960,1535,996,2330,1440,1375,3929,634,978,855,1077,1564,1829,1466,4464,
273,730,910,1045,1465,1504,51,49,4060,2852,719,1453,838,1761,2369,857,1488,914,730,759,789,1158,1233,1299,1159,1237,2032,1001,2037,1429,1064,1222,1018,863,1651,1600,832,1596,1136,1046,1064,1123,2692,913,903,1326,1242,1147,2161,1539,901,1128,953,1619,1275,1254,3307,623,963,805,919,1375,1333,1317,4316,
274,779,831,891,1246,1304,46,39,3318,1772,670,1013,832,1652,1681,864,1229,937,640,747,743,996,1213,1159,1032,1049,1354,805,1285,1428,1061,1109,1028,865,1172,1073,713,1589,1152,938,740,1018,1694,891,904,1231,1157,1090,1461,1334,835,904,924,1303,1139,1271,2502,585,902,804,902,1218,1204,1244,4028,
275,710,818,877,1193,1258,35,32,2443,1218,691,849,813,1587,1450,848,1149,885,677,742,696,1040,1194,1186,1068,1010,1108,780,1104,1365,1004,1071,981,856,1001,992,708,1560,1172,939,691,882,1293,914,860,1302,1136,1065,1120,1376,805,846,939,1163,1140,1213,1705,579,922,785,853,1207,1172,1218,3549,
276,696,824,864,1156,1257,26,21,1798,1016,648,811,812,1635,1392,845,1095,926,708,741,769,989,1207,1163,989,1018,1015,824,957,1329,1071,1043,1003,815,957,866,703,1452,1124,896,598,971,957,833,802,1175,1129,1030,979,1349,825,847,932,1178,1105,1231,1351,567,890,780,906,1215,1097,1194,3131,
277,689,775,854,1181,1292,32,29,1275,910,632,816,760,1578,1338,771,1111,845,606,704,725,904,1170,1087,1016,1037,948,763,958,1356,977,1117,979,841,916,891,677,1481,1092,890,644,935,963,873,834,1182,1143,983,846,1280,829,740,917,1096,1106,1172,1048,598,884,780,850,1139,1071,1130,2335,
278,706,825,856,1158,1234,21,15,1018,899,652,765,786,1439,1252,831,1050,809,640,684,718,971,1119,1051,951,1044,959,787,945,1280,909,1041,1040,822,902,838,657,1481,1128,859,580,864,922,875,775,1146,1089,952,808,1328,810,816,863,1204,1134,1122,835,517,960,788,828,1111,996,1197,1553,
279,666,785,798,1178,1256,31,27,944,955,623,787,740,1508,1261,748,1005,869,620,678,747,953,1128,1047,976,964,927,712,884,1294,1002,1034,920,814,862,902,725,1466,1084,885,601,831,896,815,797,1141,1149,1020,797,1250,745,834,890,1113,1075,1222,831,595,913,741,832,1152,1041,1176,1167,
280,656,776,851,1103,1228,16,12,919,905,517,729,803,1469,1230,821,1040,867,659,698,718,895,1083,1059,941,1000,892,727,986,1290,927,1098,940,767,911,838,715,1441,1068,876,628,861,863,805,748,1187,1073,978,820,1310,732,791,869,1037,1108,1163,784,568,937,763,827,1078,1010,1150,906,
281,666,778,778,1074,1243,17,15,921,859,575,733,758,1443,1237,696,1053,875,596,740,677,968,1032,1042,893,942,934,753,905,1266,932,1038,938,783,867,782,696,1389,1032,834,599,829,845,816,748,1098,1023,970,716,1231,750,766,847,1096,1048,1135,801,571,838,711,786,1138,1013,1110,858,
282,619,729,748,1018,1146,16,14,828,917,622,725,769,1387,1202,747,964,815,641,664,700,932,990,1028,964,910,883,724,954,1205,918,990,902,753,847,836,705,1349,1003,811,616,810,881,783,729,1104,1006,920,848,1268,724,727,815,1086,965,1113,769,554,847,620,750,1115,1077,1093,805,
283,649,697,781,1081,1144,9,9,894,828,578,798,767,1422,1156,677,964,892,614,654,658,884,990,1047,920,965,925,699,884,1166,881,1010,904,703,868,811,634,1364,1044,806,606,863,852,805,756,1081,1046,933,724,1264,695,724,810,952,1022,1051,759,527,794,698,765,1070,982,1020,780,
284,642,697,758,1027,1191,17,17,834,795,603,675,711,1346,1097,701,995,802,565,668,667,848,1023,1023,936,858,877,761,896,1217,898,977,941,737,797,740,654,1277,1006,815,554,799,809,755,730,1159,989,932,752,1150,689,707,769,1043,1007,1086,727,562,825,674,792,1134,995,1023,799,
285,629,734,725,1103,1100,12,12,874,850,570,631,696,1393,1138,716,985,748,623,619,679,831,958,928,891,877,830,685,806,1204,883,963,873,701,871,796,624,1226,907,755,576,758,816,760,693,1047,983,836,751,1144,683,733,771,1010,978,1029,790,494,810,678,771,1043,1026,995,737,
286,569,693,694,967,1139,16,16,812,808,537,677,737,1381,1072,669,909,730,563,674,638,824,954,952,866,904,810,661,788,1170,866,931,781,685,773,782,657,1312,945,774,557,764,793,783,686,1055,995,910,680,1157,589,722,710,960,922,1030,735,457,735,703,692,1009,956,1025,729,
287,596,715,698,1040,1059,10,6,804,798,558,613,701,1303,1099,704,902,733,580,619,641,832,944,951,830,882,829,656,831,1145,815,934,818,705,769,753,617,1240,949,762,494,771,806,734,714,1078,976,823,696,1100,591,674,742,982,987,1029,712,436,762,642,687,997,942,945,721,
288,552,617,648,1029,1027,12,8,805,760,560,664,712,1302,1062,674,941,700,516,621,624,772,907,887,825,827,834,622,792,1128,783,884,797,673,767,722,600,1174,854,715,554,741,786,698,639,948,933,871,735,1089,604,665,667,983,902,1001,733,462,716,588,711,938,859,964,734,
289,570,577,678,936,1066,9,6,794,734,508,637,622,1240,1078,638,916,645,556,580,550,774,862,868,782,830,759,613,820,1101,799,815,776,636,824,756,562,1247,905,694,521,756,748,701,679,931,863,746,705,1040,647,658,637,954,866,931,697,443,732,583,722,849,861,921,688,
290,520,643,628,914,999,7,5,745,700,490,600,569,1225,1069,609,821,639,497,543,545,691,902,891,834,759,771,648,793,1097,763,784,700,633,736,722,612,1063,838,689,504,644,766,688,600,957,864,773,632,1084,550,651,612,899,907,860,693,377,684,562,695,944,847,914,750,
291,532,546,660,943,970,4,4,753,747,498,594,656,1200,1052,604,806,626,473,529,537,761,852,783,787,764,739,570,756,1009,761,798,734,550,715,651,546,1058,783,635,502,681,754,635,677,909,850,824,710,980,601,609,611,875,860,837,690,365,705,522,619,909,837,968,725,
292,499,521,607,872,910,1,0,673,730,447,584,511,1236,1038,590,846,533,447,525,549,732,838,819,749,742,740,569,682,959,710,763,743,497,661,646,549,1139,760,596,454,669,681,634,593,901,801,751,667,955,569,601,518,883,853,839,645,350,640,472,638,871,805,880,685,
293,471,399,602,876,920,4,3,743,701,422,605,533,1188,987,557,815,385,447,475,498,687,767,782,695,736,727,588,754,970,631,799,715,425,680,645,496,1071,715,467,495,587,671,554,558,841,789,697,619,938,552,606,445,876,769,772,684,261,557,391,603,880,842,857,710,
294,447,306,507,802,877,4,3,724,622,308,588,434,1033,952,480,806,246,401,442,402,702,742,782,654,762,684,564,699,941,551,650,726,302,645,600,437,1054,627,384,494,594,698,517,575,810,711,733,660,815,428,536,245,809,768,698,644,176,433,266,532,775,804,818,679,
295,359,209,563,702,822,1,0,683,671,230,567,403,1026,933,416,733,218,305,406,357,662,690,746,610,614,741,499,720,835,453,547,606,246,672,636,390,982,529,292,415,524,703,414,491,742,630,698,638,681,378,518,196,838,710,571,623,131,369,211,487,782,758,772,642,
296,275,147,447,674,770,4,4,717,685,190,495,241,1002,927,318,750,166,208,326,255,558,532,672,619,554,668,441,672,774,356,448,554,166,633,572,309,862,388,214,464,417,681,345,380,676,516,650,580,489,287,483,149,794,667,398,609,89,227,140,419,731,642,700,650,
297,198,106,377,544,707,3,3,704,640,117,454,172,896,867,186,699,147,143,252,186,489,454,643,516,439,608,341,626,628,261,334,475,139,567,499,251,713,252,169,395,285,645,228,296,469,348,593,565,425,210,416,139,700,562,275,596,86,165,125,289,566,626,600,624,
298,155,117,264,441,602,2,2,648,594,97,378,132,729,818,157,614,148,128,177,132,388,291,472,456,313,541,263,539,424,184,221,349,129,496,410,163,544,194,174,344,247,653,154,172,353,231,428,569,309,142,320,140,641,427,210,598,96,170,111,187,466,526,449,607,
299,118,131,201,312,434,4,4,626,580,104,316,118,542,725,141,529,134,107,112,122,257,224,360,340,251,440,179,451,332,178,196,230,126,394,330,126,411,210,169,308,193,525,143,148,244,205,308,471,272,123,199,128,528,287,199,573,67,143,124,133,338,408,336,583,
