165,7860,10765,13849,19683,170704,7118,11174,221561,17630,7963,12918,10818,188220,182974,51814,122155,11874,8879,14988,8452,111853,90480,151349,117219,18570,21219,12903,20508,153391,78892,122267,118478,8907,16902,14849,9669,146558,77318,44932,118151,14536,19091,11932,13689,115012,145875,105164,154070,19090,10847,14257,8362,134267,98736,47628,188547,6685,12560,5620,13544,132842,97089,144677,146895,
166,10981,14427,15836,23013,246425,12583,20348,221144,23504,10731,15258,13673,285222,277248,104276,201335,17993,13513,17823,13019,155580,152964,184843,159342,22316,24646,17226,25988,204690,136248,176874,163298,12707,19421,17372,13322,199787,138374,94289,133921,18030,22142,16478,17710,169763,190998,159571,168372,22233,13704,16386,12679,195386,153673,98782,191477,9542,15082,9690,15428,186943,152227,190955,165915,
167,12931,16463,18161,32510,283293,22022,37428,213653,40705,12564,17982,15693,327306,298067,173372,261106,21033,16877,18823,17050,180493,195423,205013,181290,22993,41632,18658,45716,230394,178036,207755,187555,14899,26687,20128,15741,226641,180859,143178,144895,20183,33097,19644,19172,201262,213031,189930,178689,27044,15459,20339,15518,243279,205831,161115,199504,11006,17189,12595,18083,222842,191434,216516,176300,
168,14608,19236,25926,63105,277488,42677,68186,235830,82429,14429,27956,18830,313258,283165,235705,252000,23023,17497,26846,18383,196135,220547,225171,198710,30055,85252,22079,90895,250068,200312,226089,204091,17266,50752,31370,17700,247218,204314,174047,154741,26565,67395,21498,25143,218895,232422,206403,195481,43382,18570,35253,18037,247896,240816,231207,240350,12682,21645,14187,27566,235115,214499,232332,188477,
169,18455,28891,51407,117263,307857,76784,108648,337016,131927,19006,56670,28620,338373,307156,229025,255902,32807,22275,52913,21289,216781,241724,257281,223073,56952,145454,38236,147865,284408,217886,250268,229979,23018,96287,62754,24974,277454,225039,192882,176165,49935,118252,31738,46868,239458,269786,226538,248017,86887,28425,72098,22300,257381,245898,276351,424686,15793,37110,16654,56219,255534,227811,266763,215956,
170,38479,66964,108510,182994,508513,123246,196688,837673,171196,40065,112201,65973,518876,471458,237303,318586,75338,48809,114309,43407,278985,295997,402416,310099,126628,239007,86416,229198,436815,265500,340890,336108,48307,157624,121402,56690,371307,266826,221791,293113,105880,187864,72029,101959,306476,448639,283373,520347,162319,66539,130874,41437,341012,292934,285103,1089019,31769,84700,26762,112294,366495,273619,428017,341460,
171,78597,122053,158667,214825,1198569,227544,417899,2075731,192202,80153,153371,115783,1216289,1145118,332154,617634,144231,100379,189026,88305,539945,511404,918869,667418,218753,261890,147343,249488,997102,481046,713544,757854,94817,194674,173564,104399,775588,434532,316483,738142,166693,227965,129461,163561,589082,1080419,536673,1270745,211257,117130,166515,86191,705947,534030,351565,2203681,67025,135099,55521,151627,790470,465664,975499,779440,
172,134783,183296,190904,234909,2582554,490068,799741,3728081,214203,129387,180615,163576,2836097,2760339,723525,1540542,248506,191575,223621,171055,1209040,1156254,1852498,1444269,277186,245308,224636,240173,2046842,1113432,1579812,1611920,156814,210610,213344,168708,1706469,1008724,692383,1501996,226024,227846,212236,233211,1351758,2153034,1252882,2230064,240952,163810,183188,153794,1604082,1211939,633258,3275029,113859,171955,112630,173124,1708676,1039958,1967895,1576372,
173,170812,206136,205602,271585,4345699,922030,1364507,4151668,255096,157595,199008,185390,4917022,4711833,1985679,3561237,267940,226199,211761,231644,2279211,2332311,2839635,2402053,262718,270244,232108,275592,3149256,2250716,2789925,2643974,190856,234265,220108,205389,2833445,2125015,1626088,2166158,233083,247108,249769,234559,2529691,3019523,2442147,2801880,271323,182023,202425,198970,3268738,2571376,1533946,3408940,140029,191776,154563,191178,3097336,2210113,3129783,2505641,
174,188635,237047,251799,466745,20540078,16409408,18487496,24407997,488964,179816,249545,213761,24329580,24371093,33459329,21163957,267674,216213,250639,227578,17769712,18804557,21861164,23438398,291383,499932,236634,542795,17478893,15330250,17414072,19601548,217141,360983,269484,213357,25830562,25379291,26836456,29476825,270112,414089,251773,255698,19490454,25564022,31070896,26986668,375640,210498,269384,224705,19682433,17331714,18401726,21757821,159548,233515,180226,239802,20025080,18169533,22188822,22004802,
175,241681,414420,503231,1232169,168552731,154989932,163868744,205109269,1308028,252810,547500,350751,197949200,202055136,284273639,180445941,391895,270808,511964,268138,158320798,166002176,193209819,215789705,565141,1397403,401737,1466950,154404899,139384246,151660659,178759544,352165,994586,602749,324004,218575606,227061757,234096922,257101144,578448,1121121,399114,483839,181885645,255911503,305683085,245641734,824069,305281,580011,276620,163029020,139029227,153579454,194186113,188320,383685,209824,437600,167893516,153085634,161394634,195276787,
176,606250,1285797,1491781,2782742,259726762,211340058,213106413,265773102,2555163,701690,1543032,1057186,244634607,264281301,252165076,249876921,1165057,730494,1672378,659641,206323364,221637179,233327569,271045239,1816659,3467997,1212211,3369510,233596471,334951547,190080224,197083906,1046557,2398733,1635387,921478,169174674,218150565,227692285,202804340,1612703,2607252,1132254,1421300,215208269,210485027,200250086,214932171,2226154,880228,1651341,634864,243596747,204759939,212702689,261392323,375215,1144473,376280,1295575,238610609,221962945,244592075,234853905,
177,1430005,2599635,2762466,3904793,317417898,274045002,285398533,333658439,3508401,1556387,2673380,2114036,311419213,323168901,273570361,286355258,2962618,1987263,3319821,1667246,212372760,275103085,228662523,277159135,3686703,4659155,2626944,4377767,235424443,292320740,184083520,226845214,2124311,3514295,2904119,1933890,163342858,160238017,154603119,168994112,2962477,3847258,2391650,2864847,230040271,171073500,166033611,182873853,3587663,1945879,2808625,1552565,308066727,271285615,264092486,309902877,993157,2280805,961182,2412280,280777451,257585677,264778493,267022827,
178,49964224,48942098,47910630,50545313,358835495,313056097,345657034,379031998,79952907,55022098,45548358,51836917,377088285,380497529,322422601,332371450,68482901,89419026,67579450,58737391,196037229,219087972,219766094,293102919,63375825,62516659,48485550,68610115,226980246,207015889,179049391,188709209,73467988,61323620,53792870,48240637,153891315,155913834,157744871,158059324,50707912,51816470,49212645,58737240,202532529,161414957,164057958,171310264,98961453,71342446,60799582,44876690,359361803,303361461,297047738,342166024,86865266,89059640,60916542,93409953,307320640,284027559,275686588,228859337,
179,154011193,163230153,157793535,161741012,382869856,329373303,378126289,418004080,234096061,210492530,144961728,170538716,441556405,435622817,373225128,367266875,247065776,268556962,211431707,150054493,210335978,221223441,233048318,300557125,199001226,193081072,149568768,192692268,212669216,205482480,182857205,191837779,216693445,193620752,132521251,153192513,157948924,155875499,158363904,161466532,159561229,164360298,158246222,191007075,195314287,161689997,168055965,168006060,291295039,212773166,192451010,139961830,388710265,326033469,282624259,375015889,263283523,275441339,220526523,277902121,326673475,281179048,272902511,272341132,
180,182383741,184372112,181562895,154328478,402392340,333380402,387051475,454924234,218746284,178785316,202746592,180845238,486110407,493912818,453039689,399794167,256241633,263422205,163280040,197970374,201433864,213769084,244535548,276072095,223733723,229326061,189576431,220347876,207413940,202582170,179264856,184412404,219247495,209018096,230885366,193426557,160990340,157279078,160934052,164103037,196826104,208108325,205920180,225097420,190741661,161878539,163251480,165764847,215959537,192798702,186012088,171919976,399807651,338136501,312541591,368496678,225294255,261688667,333423603,218104509,327667680,291244670,407952796,263646424,
181,199559930,185971610,177731614,192986237,420948000,339163385,406198622,475727837,210895108,202076188,174117846,174381445,535705610,547738271,543629799,479086835,285732736,281300863,265957441,213199268,192836959,167980807,210252906,288220833,269947590,271524652,234308647,250947876,193813530,181679469,171555036,183494814,243957093,235653343,283679203,237508945,141993179,155593521,153468193,159421315,238778761,244640333,251840143,242134751,178305484,159249082,159609383,160347512,123476233,173779117,174106535,187000223,393526856,353065451,318295628,377146147,191796601,181349135,177118194,177482090,327094028,303490267,261455586,260523077,
182,215867962,190312708,172153887,193081463,425993138,344513985,432240306,491786760,217105101,188177411,199520220,178568559,565276044,581228209,593402121,520145363,302779073,314255214,307716738,254141609,176001464,183613043,204782482,267354544,313628341,329025172,284344624,298835312,178118957,169655309,161223481,173575805,266330779,251599648,340473590,276978953,153303482,153158534,154026254,155161892,279790266,275552083,299769777,290068594,161588896,155832020,154999421,155891162,167307154,165669623,165482588,194370054,370916268,363468162,351465203,357421613,174257782,166674389,162562550,165637046,317247075,295817087,244682022,232328186,
183,215629437,192566161,174623228,175311750,416287902,350506179,437278361,487550748,211604002,203601661,192500110,180346127,559056433,586214142,604229102,573212285,338523078,352904369,349307763,291351719,167726745,175355899,222081312,245740480,355640327,341356344,311247174,328496181,163632057,162054221,157118376,171929242,300250676,267913225,376998986,303993016,153456755,152850863,154582909,155132746,302952429,297243941,332595121,313458694,156651936,158093992,154534577,156589526,158299032,160773397,164434578,198119812,346662532,358304085,319638883,338404764,164480133,160675828,162245063,127741609,302638248,287564070,239904591,228165610,
184,204700367,197282637,168096421,183195330,414001570,369811537,464720034,490459467,179788296,230065489,213814136,181767172,555188270,583015676,603803551,584866330,368020403,392187240,391621512,326551635,163422743,171685531,184923527,234654879,393882558,392824151,327604909,347505921,146273166,161714706,155592828,164310248,307693137,271833224,434355141,321256608,153958177,152815052,154188318,154773810,318096383,312725055,358132768,330784553,156449831,161186349,154760273,163312443,159989223,159973568,161890188,202387820,338189039,348160460,325410961,295768266,162056950,159001600,159856654,294714941,291435018,277358957,229289132,220363516,
185,182360833,202329324,171734507,179584537,426854243,407030783,504952671,492713988,209928309,207353459,186826765,181480197,552917758,591090945,601800913,600217742,404973843,419972083,429314600,357978368,162972754,170383399,178937008,223217760,425462689,418328734,333457685,353256709,160901293,161109644,154552006,156287554,304553649,302371696,438464647,288635397,152707628,151704834,152265067,152703682,323048058,319797205,368884270,336653188,155844846,164841687,153415745,155822408,160729367,159399767,161912120,188050056,376135630,348089795,302396811,328911790,194109094,154652881,158651995,160464070,286264353,269840809,227716888,226797449,
186,201805680,200550221,176068436,158984576,498234094,450866926,465688153,484322101,209326708,183676967,178881479,171410570,557297795,570250741,576194473,593606238,443800960,440092984,460017758,394523910,158631869,168753459,173959405,220554880,453994070,427599999,339584388,343789997,152174165,158990120,153368915,162709304,306975542,285791263,429892972,337643872,151686099,151315454,151514984,151969496,322573817,323397873,370299635,344285748,154259044,163093732,152985650,154197393,157855895,158625270,161099892,180522567,359733946,351286964,317551122,346844482,160929645,156948530,157053408,154687487,281318077,97846099,230370768,228120251,
187,198929574,203403627,175441165,169989708,473008926,438041146,428462401,439630061,209564051,197484953,178310127,169278801,489523345,498211748,508529663,535474826,462183360,453262331,476730217,420421745,145418093,152476969,152925594,191959176,475329602,442935706,348129649,349996817,145796752,146866248,142927445,151733218,327646339,222030396,383295469,329422654,140971399,140516684,140375999,140648300,320039175,323168226,363769861,347240155,144102624,150252980,142134222,142798523,156217407,157653763,159679873,176848083,358495201,339476496,281636282,335272422,159222614,154945218,157867730,155577420,260182756,242750167,208707606,209109258,
188,295129002,202754602,174726711,169064564,262004090,274137269,238828573,243891882,202383858,372020013,271572179,165488394,264223495,266259310,272743505,288444696,479650766,462813833,486442849,446744275,81170706,83552998,85595298,103056168,483123436,460391412,366932082,365086856,82021961,82020452,80426555,86380482,283688465,258299282,396768760,314273912,79279116,78937076,78993791,78947675,319035102,321114981,354980182,350220786,81220533,84855185,79942127,79574487,154598938,156047643,157860950,174116180,209325413,195253894,174103844,191552295,155534910,155173326,154537303,91220565,142839847,131309680,112257065,112317451,
189,188526651,201899409,173149446,168242665,44171033,42969897,41392049,39620354,192195867,179425842,164109063,163744034,41744512,41713761,42400896,45118500,472327641,460128934,482793629,446328410,14675327,15141148,15344879,17170316,479248314,458932466,381981083,374762217,15067505,15169917,14735370,15216246,280808561,216979473,376574662,449506748,14553344,14432463,14238975,13936381,317067798,317996195,344498707,349614957,16922313,15086906,14598297,14934082,151750809,152643794,155041815,169973807,35134309,33244320,30192679,31809854,158795147,151045440,151519856,151971006,23982345,22041013,18739747,18502445,
190,137827177,146270381,125443725,122124465,3730856,7659033,6821659,3439087,139834561,129184522,117391511,119826299,3973960,3772868,3350830,3720711,341978936,336357322,340878576,324355074,3049243,3293450,3218673,2953363,342461061,331610716,293567572,287917249,3256736,2934903,3208955,2909715,201025216,160757307,279831638,255377102,3279972,3107686,2874550,2546135,235182421,235526395,251231592,264529473,3146776,3077557,3116805,2933368,106888770,110821449,112312939,122885192,3587038,3437028,3800707,3240776,109759618,109456940,109694508,110124782,3302691,3303455,3137395,2935487,
191,68664350,74718772,63719423,61464283,2880424,6160111,5249044,2690884,71060363,74134195,61088114,59842096,3175863,2934592,2528372,2848714,166535386,172671523,171902495,165456326,2798624,3038396,2963540,2659745,171821202,168195673,155989347,151630902,2998938,2680095,2961285,2650284,102041262,87517280,141117259,112059639,3036980,2858616,2628593,2299633,122796202,123805896,130720231,143015640,2898358,2804463,2867666,2683634,57002569,56797012,57490635,62828636,2885397,2764126,3145824,2587434,56681362,56637538,56646335,56613569,2828959,2897000,2813033,2603291,
192,5691277,5903716,5491587,5483242,2873567,3485044,1757107,2686403,5782860,5252347,5341255,5175721,3163606,2923293,2518178,2840446,11318388,10421824,10143048,10172257,2788710,3032047,2954411,2651390,10403011,10476178,10107594,10040196,2988701,2670482,2949373,2640882,7217695,6362830,9065275,7864901,3019664,2846616,2616457,2290511,8696538,8455465,8911578,9465342,2877969,2794181,2857653,2676848,5642097,5069830,5215582,5668291,2877425,2754629,3138307,2580414,5054486,5142825,5171445,5119404,2819066,2887936,2803427,2600940,
193,2920754,3004877,2940265,3074377,2861489,1780837,834728,2680276,3119235,2728698,2943235,3326573,3154168,2916909,2510194,2830769,3561873,3135838,3089063,3246548,2778329,3020690,2947430,2640471,3366333,3439698,3259551,3360416,2982050,2659878,2937251,2632988,3129446,3020557,3294749,2956661,3007024,2834784,2607900,2286693,3257858,3201683,3288600,3312791,2870580,2782434,2848850,2669125,3354146,2767353,2870783,3191765,2869412,2746689,3129575,2577358,2753708,2852641,2937300,2821985,2812710,2883005,2795772,2598473,
194,2671726,2744154,2716855,2860187,2854376,829557,560993,2675633,2869834,2504834,2729575,2596569,3144885,2904861,2503464,2819824,2850928,2486240,2447154,2627242,2712992,3026488,2935973,2637583,2735157,2811662,2636530,2744407,2967090,2650855,2928134,2623108,2750872,2677232,2764167,2513749,2999527,2825174,2599573,2282164,2716785,2694215,2731388,2710648,2866769,2777245,2841121,2658984,3142297,2560001,2660790,2969292,2863577,2738719,3124854,2570570,2542902,2643949,2725777,2613158,2801343,2874157,2787748,2592739,
195,2665974,2741927,2710881,2853793,2846595,570368,510085,2671427,2866610,2495416,2727378,2592838,3136590,2899250,2498866,2813909,2844921,2481855,2443480,2627149,2705708,3008813,2925752,2626535,2729707,2809897,2633138,2743925,2960587,2644972,2917526,2614643,2747366,2676461,2762541,2518236,2988686,2821041,2592148,2281908,2712080,2689388,2728568,2704207,2848311,2766958,2829356,2658903,3124613,2552730,2656994,2965136,2854202,2729410,3116548,2564464,2536887,2633961,2719750,2608286,2795340,2864729,2775036,2591293,
196,2662209,2734899,2705553,2842481,2838604,514718,494514,2666895,2860439,2499801,2723912,2588549,3128743,2890700,2491074,2809773,2838455,2477738,2438973,2622260,2694388,2990272,2915457,2617263,2724807,2802930,2625136,2730049,2949245,2637973,2906875,2609026,2742753,2669944,2760015,2507002,2978832,2813546,2588050,2274988,2707798,2687794,2721157,2700999,2839095,2758200,2823320,2650887,3103604,2541712,2651801,2961474,2843708,2724977,3108806,2559578,2525548,2628065,2713083,2600906,2787824,2857954,2768779,2583751,
197,2658082,2725139,2695728,2832141,2827036,494812,481508,2656852,2851591,2491545,2716036,2576660,3114375,2884334,2482952,2799249,2831826,2474122,2431487,2612631,2683816,2982357,2907703,2604309,2718327,2796263,2619011,2722465,2936368,2620409,2897269,2594337,2735852,2665333,2750311,2505238,2961578,2800588,2570959,2270221,2698842,2678465,2712098,2691670,2832177,2740749,2808478,2650877,3092508,2535638,2635279,2948356,2831497,2710777,3090818,2550868,2519372,2618309,2706453,2591729,2774734,2843731,2759514,2576023,
198,2644267,2715842,2685760,2818690,2814637,481017,467629,2651765,2839305,2478839,2698915,2569105,3096801,2868328,2470250,2787082,2820576,2461714,2421212,2601861,2667944,2956654,2888501,2590565,2707590,2784807,2608135,2714155,2917500,2605659,2876326,2579558,2721116,2651069,2743029,2499432,2947577,2777172,2549190,2261579,2689996,2668768,2702591,2683021,2813462,2715383,2796608,2636161,3087487,2521093,2630273,2938557,2822633,2697423,3075726,2540634,2513277,2609873,2695807,2580287,2759609,2831984,2739617,2572388,
199,2637252,2706063,2678616,2811258,2785833,467627,452419,2638451,2829408,2464329,2689920,2560971,3064897,2851345,2441950,2764241,2811138,2453624,2413191,2592475,2706975,2925687,2859759,2567823,2699579,2778965,2601081,2703694,2882742,2565225,2834893,2544624,2713662,2646550,2728954,2490864,2913589,2731570,2494373,2246763,2677990,2656198,2697235,2671837,2789386,2660561,2771067,2621013,3073254,2516164,2623715,2924980,2803648,2678094,3049507,2531292,2504162,2603105,2684739,2575103,2732604,2817856,2707586,2565959,
200,2624599,2689209,2663727,2797122,2694601,452238,433775,2616124,2812962,2458948,2679139,2545626,2991829,2806779,2365507,2725516,2797215,2445049,2405611,2588348,2654515,2822073,2784343,2502166,2687402,2767767,2595004,2695373,2764425,2418442,2695936,2430063,2697633,2629559,2720938,2474900,2821444,2597158,2335395,2210782,2667576,2647814,2682230,2663843,2680088,2461970,2715930,2583536,3053702,2509529,2610021,2913404,2759472,2613225,2964996,2502530,2492383,2586941,2678184,2562774,2655561,2775761,2617381,2551737,
201,2617124,2667573,2655527,2775069,2418862,433640,408770,2546425,2801519,2447879,2669286,2537425,2729443,2674344,2131712,2613985,2770493,2432480,2390905,2571140,2474486,2500649,2537356,2292030,2673535,2754374,2577032,2681504,2404329,2015763,2290650,2108677,2679027,2618955,2706054,2464437,2552062,2226325,1927943,2077511,2651109,2637340,2672829,2645319,2374127,1971991,2532965,2463384,3024630,2485812,2596569,2888693,2600335,2398579,2687850,2404226,2479646,2562696,2658846,2545276,2393180,2622995,2325267,2540267,
202,2586330,2577190,2619447,2715412,1734655,403361,360267,2286622,2777732,2420844,2637584,2489463,2020032,2229680,1529696,2204298,2677504,2397426,2346579,2536711,1958692,1773599,1894278,1736553,2638160,2727555,2550835,2650625,1627195,1259303,1487015,1424913,2611736,2589210,2686607,2440632,1866079,1454294,1178756,1687428,2613774,2613597,2633143,2612662,1661939,1147929,1999057,2077104,2930521,2444026,2555897,2820898,2118650,1808876,1987602,2054862,2428551,2476105,2611138,2493934,1745786,2160966,1659997,2504215,
203,2585054,2329592,2530049,2533412,945235,353166,278935,1725493,2706913,2332263,2578652,2368315,1120888,1444440,811247,1455324,2429561,2292505,2232902,2450663,1210568,959504,1087034,1006461,2542994,2636486,2479763,2572043,837853,604543,735069,737513,2427807,2513152,2634506,2370430,1019396,711219,543529,1064308,2502716,2553270,2523096,2505462,881893,525961,1216192,1404573,2710147,2331685,2465018,2632315,1358133,1047656,1124695,1429005,2311097,2271627,2494061,2372275,978894,1413446,913343,2374093,
204,2255458,1673631,2203032,1994554,451809,278973,182918,1046986,2454649,2013857,2327683,1946755,523155,736142,365466,738840,1752792,1924787,1837751,2116556,606969,456229,523672,484771,2180549,2312778,2189537,2251418,401871,293755,352893,349250,1894301,2220693,2417699,2088872,476181,332863,261447,527819,2115562,2305013,2115683,2113590,415139,273011,593264,770949,2081376,1953168,2125617,2039042,698606,505430,539156,796856,1926156,1720354,2120533,1975662,474717,745852,443072,2044767,
205,1707493,927010,1582741,1246294,246971,179506,97412,473593,1908105,1427223,1802618,1281560,277277,327039,192858,315163,961048,1284642,1209767,1499838,278360,246673,259791,237445,1519142,1681687,1617287,1644608,241228,193681,219727,204301,1173000,1649473,1931182,1530921,259574,209998,181343,230037,1467747,1797602,1428659,1442021,230480,202804,273359,337310,1256261,1328640,1509267,1233466,315089,249003,271269,355249,1280693,1021568,1474306,1327981,246922,332788,240479,1399214,
206,845351,347559,730174,513995,204077,95905,57415,225130,991429,641934,936306,539777,228871,215871,162830,199468,352712,526036,504301,671850,187656,202748,198358,180569,662526,788270,768864,773373,210415,176819,195563,175608,468769,813774,1055480,730225,217294,189117,169246,146664,657503,926977,611689,623386,195271,190820,191796,187960,501084,574516,684908,479227,204386,189415,210800,194045,521871,395825,645800,566582,196439,205311,195533,682065,
207,357267,193718,314240,256782,198598,59698,48450,175169,432082,271859,410837,245170,221607,201247,158618,185718,200898,223879,226437,280553,173538,196155,189304,172840,286194,337306,322958,335163,205419,173618,192525,171190,226234,358669,470648,310076,210931,185734,166262,133329,292820,409604,268092,269784,190837,188635,179605,161473,262092,256200,295279,234659,189427,181605,202179,163655,222718,207488,277491,253935,189580,184802,190178,313187,
208,174348,162603,179442,191608,195839,48708,46082,165064,208065,157003,195721,165129,219867,197729,157330,182839,174247,148542,153363,162768,170432,193727,185771,170256,180765,188319,170781,189518,202960,171585,189888,170033,167028,191637,210800,166736,207803,183317,165214,131631,179320,199601,171719,167541,188161,185423,176587,156009,207376,163862,172471,181019,184864,178866,199012,157893,145221,167548,168945,167438,185477,179740,185830,185360,
209,149676,159149,161677,183999,193218,46371,44809,162966,173681,141865,160834,155823,217365,195882,155783,180539,171636,141204,146315,150238,168733,191692,184429,167757,169926,170426,153409,169970,201918,169833,187638,166927,160446,167442,167642,147474,205969,181896,163560,130452,164942,167884,162290,155561,185064,183908,175074,153830,200337,152801,156171,175731,182608,177871,196311,154689,136757,162788,155952,156604,183351,177923,183908,162814,
210,143990,157488,157123,181540,191560,43937,42389,161364,167390,138985,153112,152289,215649,193600,153565,178380,169377,138845,143524,146610,166630,189228,181689,166302,166575,166795,149770,166562,198573,167960,185173,164836,156862,163483,160582,144274,203578,180666,161056,128938,162315,162068,159672,152449,183585,181958,172826,152511,198069,150652,152823,173269,180334,175506,195603,154855,134354,160209,152520,153566,182785,175487,181899,157822,
211,142366,155118,155257,179611,189749,42160,40559,160320,164852,136526,151090,150931,212810,191195,152579,176848,167485,137677,142450,144666,163715,187030,180130,164816,165559,165460,148062,164844,196636,166253,182986,164113,155182,161048,158627,141915,201037,178745,159721,127728,159697,160224,157176,150774,181545,180784,171673,150693,195849,148445,151360,170764,178668,173867,193113,152105,133492,158471,150647,152078,180441,174088,181382,156356,
212,140540,153513,154213,176722,188494,40873,39059,159035,163113,135869,149550,149927,211277,189251,151459,175499,165401,135841,141296,143909,162842,184487,178224,163299,162476,163395,146752,162772,194833,164590,181488,162690,155063,158960,157014,140645,198977,176529,157167,126991,158382,158969,156254,149643,180376,179046,169681,149235,192541,146420,149905,168977,177016,170980,191454,150832,131496,157172,149594,150223,178683,173424,178881,155099,
213,139161,152041,152736,175607,187506,38636,36477,157235,162031,134008,147753,148369,209418,187494,149212,173666,163869,134511,138717,142662,161720,182579,176870,161769,161883,161932,145354,161067,192482,162171,180123,160151,152822,157683,154804,138718,196531,174714,155544,125851,156558,156253,154450,148925,177907,177047,167647,148877,191213,145230,147492,167498,176022,170260,189293,150411,129892,154840,147741,149211,176553,170178,177090,153334,
214,136973,149629,150529,173157,185041,36130,33032,155982,159221,132769,145446,146534,206639,185686,147716,171066,161593,133192,137520,140006,159201,181110,174050,159885,159514,160288,142681,159745,190021,160020,177923,158775,151285,156201,152592,138001,194727,171794,154083,124400,153957,154532,152313,146481,175530,174164,166366,147091,188797,143209,146680,164257,173777,167784,186994,148380,128269,153413,144829,147309,175398,168878,175651,152451,
215,136717,148427,148811,171164,183182,32336,27462,154794,158235,131459,144865,145039,204134,183728,146155,169333,159146,132339,135991,139361,157689,178890,172273,158157,158054,159070,142291,158233,188607,158543,175241,156964,148998,154431,151822,136057,192435,170259,152117,123756,153196,154259,151405,144656,173151,172943,164772,145511,186517,142077,144817,163147,171782,166433,184966,148139,126510,151324,143867,145541,173104,166471,173173,150970,
216,134784,146891,146789,169566,179586,26073,19426,153309,156879,130211,142887,143586,200515,181550,144356,167853,157710,129448,134725,137586,155882,176508,170231,156422,155916,156531,140208,156350,185912,156661,173239,155245,147539,153077,149742,134872,189554,168666,150133,121587,150555,152369,148971,143143,172270,171173,161736,144382,184728,140505,143224,161607,170159,164283,181445,146390,125304,149373,142928,144456,170424,165201,171487,149066,
217,132583,144531,146085,167878,178190,18895,12002,151201,154322,128567,141605,141445,199255,179325,142008,166445,155414,128265,133544,136776,153488,175000,168091,154025,154109,155152,138671,154585,183848,155055,170605,153422,145268,150339,148132,132871,187359,164677,147349,120820,149465,150457,147996,141240,169335,168401,160086,142849,182443,138277,141611,159494,167313,162072,179339,143579,123640,148237,140292,142316,168968,163166,168918,148247,
218,131778,141910,143635,165598,175295,11984,7107,149136,153297,126274,139273,139426,195676,176904,139354,163991,152953,126271,131749,132927,150579,170642,164338,151899,151783,152820,137338,153221,180735,151952,167350,149918,143323,148876,146258,131706,183515,162872,144715,119393,147516,148609,145718,139238,165991,166033,156821,140652,178815,136665,139435,155836,166205,159750,175933,142935,121811,145989,138641,140461,166374,160654,166701,146513,
219,128448,140216,141744,162995,172389,7786,5499,148445,150613,125171,138092,137042,193758,174208,137130,160901,150821,123984,129392,131762,148851,167521,162379,148781,150461,151659,135553,149988,177115,148132,163930,148007,140737,146306,144044,129920,179867,159333,142407,117229,145437,146907,143937,136960,164311,162631,154482,138840,176327,134187,137535,153804,162907,156503,173046,141555,119040,143476,136058,138247,162894,158093,163660,145293,
220,126531,136264,138938,159957,169763,5921,5082,145608,148598,122345,135349,134811,189816,171641,134584,158488,147121,122019,126483,128612,145129,164363,159650,146529,147076,148694,132025,147984,173349,145786,161422,145415,137382,144551,141285,127369,177171,156354,138959,115916,142635,144775,140343,134592,161504,158961,152045,136527,173050,132061,135370,150481,159466,154529,169286,139508,116211,140074,133408,136496,160837,156301,160497,143667,
221,124023,133492,136185,156741,166301,4921,4643,144424,145762,119285,132122,132522,185297,169178,130869,154913,143273,119654,124576,126666,143188,160828,156073,142549,144626,146576,129556,144537,170196,141926,156688,141776,134499,142606,139265,125026,172808,152312,135533,114133,140399,142346,138017,132073,158331,155465,148451,134900,168723,129412,132546,146548,156517,151931,165599,136880,114260,138471,129728,133377,156562,152670,158057,142302,
222,121002,129816,133159,152827,161683,4812,4595,141151,142575,116996,130039,128840,181661,165135,127593,152186,139605,116171,121763,123214,140132,155755,152332,140249,142249,142442,127265,142137,166865,136769,152271,137402,130232,139202,135790,122116,168999,147242,128660,111785,136732,140006,134619,128882,153443,149854,145036,132994,165001,126242,129697,141767,153009,148009,159242,135536,111440,134581,127180,129828,152299,149477,153855,139623,
223,117549,123851,129773,151023,156884,4519,4344,139572,139826,113020,126694,125077,176200,161597,120110,148171,133472,113705,118415,119277,134431,147589,146118,135370,138533,139815,124218,138802,159340,125133,141767,131670,124730,135921,133719,118374,161648,136129,113327,108779,132913,137561,130772,125114,145470,140158,140657,129271,160133,123003,126373,135325,148954,142461,148600,131477,106126,129604,122635,126229,148105,144728,148404,138101,
224,108263,101243,123755,140917,137180,4190,3976,134086,134804,103056,122182,113583,156832,151650,89421,137051,109676,104192,110862,111041,113665,112332,124051,116739,131854,135230,118386,133875,129187,82830,99631,104788,105058,131669,127782,111470,135321,92600,64834,97170,123649,131702,120707,117581,112827,97645,121762,120576,146023,113381,119844,111370,134510,120904,106996,126655,89257,114593,105920,117779,123844,127895,123830,134164,
225,93017,72582,112311,127912,105911,3851,3602,129261,130323,86234,114426,94350,124971,136611,55737,118732,77568,86739,96629,93680,85534,74542,92673,88260,119942,127777,107339,127979,91827,48843,61521,73476,77877,124426,121178,99025,97313,54086,35067,78300,109790,127982,102739,101782,75648,60478,93399,106754,122300,96708,109940,78988,112348,89216,66791,119839,65430,90109,80261,102118,91674,102078,91968,130673,
226,61879,36961,85279,94667,63863,3489,3128,116569,117603,54821,94201,58971,77716,104061,27682,81767,38410,54449,66648,61097,49693,39244,53484,52254,91787,108414,81122,112545,50944,25460,31878,40134,42208,106886,103749,70287,53527,27502,19099,50020,79353,116189,67420,70846,40251,31467,56227,79377,79952,64491,85358,39513,75558,51434,34383,103553,33408,52716,44510,69911,53457,64437,53678,127783,
227,34351,20047,53889,60578,34855,3012,2507,93785,95623,29231,66636,32140,41930,64760,16925,46360,20752,28743,39317,33345,26626,22548,29462,28293,57102,79157,51383,85206,28623,17402,20085,22723,22804,79160,75753,41925,29485,18424,15261,27207,48649,94525,37857,41112,23224,20578,30275,49926,44888,36193,54787,21034,43393,27565,21285,77822,16797,28172,23081,39864,29569,35382,29678,120976,
228,16813,13690,26088,31048,22960,2480,1875,65651,59135,14591,35272,16874,26351,37145,14036,25434,14497,14687,19374,16489,17422,18187,19500,18593,27727,43360,24708,49268,20980,15610,17242,16727,14080,44359,41641,20618,21864,16859,14438,15913,24911,59197,18733,19947,18404,17878,19576,29044,23632,17773,26664,14860,25631,19171,18084,49925,10908,16246,13629,19947,20350,21834,20459,108652,
229,11768,12763,16133,19682,19150,1899,1301,37810,32187,11591,19309,13062,21381,22792,13580,17706,13860,11373,13566,12165,14695,16802,16351,15403,17209,23870,14920,26871,19242,15038,16637,15244,12679,24240,22307,13297,19466,16173,14331,11368,16101,33421,13795,13587,16856,17262,15818,17445,18229,13328,15961,13809,18016,16375,17034,27830,9849,13991,11943,13837,17493,16439,17560,84829,
230,10688,12427,12512,16175,17869,1331,860,20702,17108,10547,12958,12281,20696,18951,13335,16124,13610,10580,11733,11310,14087,16356,15917,14750,14037,15357,11887,16245,18592,14791,16345,14762,12096,15206,14016,11571,19321,15696,13997,10585,13334,17858,12551,12023,16602,16937,14774,13352,16884,12129,12668,13153,16302,15753,16672,17023,9636,13213,11632,12655,16750,15548,17026,52774,
231,10362,12207,12532,15400,17630,936,654,15346,13972,10205,11981,12199,20409,17954,13145,15838,13335,10230,11527,11084,13847,16393,15831,14468,13687,13811,11510,13976,18108,14453,16131,14505,11977,13743,12671,11182,18952,15672,13684,10419,12831,14335,12602,11609,16525,17061,14554,12329,16456,11850,11895,13227,15858,15497,16190,13861,9494,12950,11523,12149,16558,15072,16181,29805,
232,10273,11822,11890,15126,17712,647,554,13978,13397,10173,11452,11807,19721,17475,12696,15491,13020,10392,11408,10880,13628,16055,15472,14777,13400,13383,11416,13400,17892,14564,15915,14263,11820,13134,12295,10785,18290,15328,13359,10108,12773,13378,12466,11563,16140,16360,14461,12303,16426,11725,11916,12967,15757,15025,15959,12983,9391,12791,11140,11938,16196,14843,16142,18022,
233,9962,11657,11840,14962,17266,549,510,13536,13050,9899,11081,11686,19412,17314,12767,15214,12888,10233,11228,10928,13504,15650,15082,13985,12947,13135,11232,13159,17812,14327,15569,14206,11653,13122,12182,10915,18146,15273,13393,9984,12551,12989,12117,11271,15945,16465,14396,12005,16039,11334,11421,12656,15497,15034,15978,13039,9091,12552,10819,11925,16144,14399,16022,14076,
234,9912,11564,11694,14787,17062,521,493,13119,12938,9811,10800,11720,19467,17295,12553,14981,12381,10053,11156,10590,13015,15391,14781,13918,13093,13176,10886,13048,17285,13908,15355,13990,11390,12744,11755,10545,17741,15014,12820,9617,12148,12930,11876,11074,15602,15906,14060,11666,15711,11227,11402,12587,15150,14697,15803,12568,8933,12491,10861,11683,15885,14218,15845,13340,
235,9783,11472,11502,14476,16866,469,447,12827,12608,9756,10866,11409,19007,16894,12453,14862,12465,9834,10720,10397,13063,15269,14393,13635,12861,12773,10978,12709,17137,13748,15125,13563,11168,12666,11906,10497,17752,14847,12843,9924,12099,12782,11578,10980,15305,15490,13837,11609,15634,11145,11133,12405,14911,14344,15493,12518,8882,12347,10632,11426,15429,14149,15549,12849,
236,9554,11193,11338,14256,16603,479,440,13010,12398,9396,10749,11109,18615,16570,11909,14824,12246,9607,10671,10169,12635,14865,14295,13681,12553,12690,10713,12714,16884,13462,15174,13576,10870,12517,11533,10070,17703,14539,12726,9502,11994,12702,11477,10805,15023,15661,13587,11450,15300,10840,10984,11955,14548,14333,15180,12439,8735,12138,10442,11335,15337,13763,15353,12748,
237,9168,10935,11253,13971,16202,440,404,12834,12248,9163,10408,10990,18485,16266,11798,14342,11885,9517,10173,10096,12464,14755,14082,13535,12509,12443,10511,12373,16816,13315,14391,13220,10868,12137,11239,10049,17132,14213,12276,9422,11392,12525,11295,10613,14785,15249,13252,11333,14910,10720,10794,11918,14133,14379,14889,12328,8470,11879,10175,11175,14990,13666,15141,12641,
238,9006,10634,10884,13858,16052,426,380,12703,12149,9245,10088,10706,18055,16232,11692,14165,11556,9263,10191,9737,12119,14480,13545,12920,12282,11881,10243,12258,16089,13029,14331,13170,10380,12012,11020,9874,16888,13714,12469,9209,11567,11902,11111,10266,14602,15082,13200,11130,14561,10240,10741,11722,14077,13962,14521,12185,8387,11557,9987,10992,14946,13445,14831,12502,
239,9145,10401,10815,13637,15606,348,297,12699,11778,8902,10172,10505,17863,15936,11434,13681,11393,9023,9983,9480,11911,14067,13561,12837,11903,11855,10084,12312,16095,12779,13703,12866,10431,11835,10936,9708,16610,13653,12006,9084,11221,12202,10832,10077,14284,14558,12832,10861,14478,10161,10354,11285,14067,13738,14276,12008,8400,11423,9630,10738,14504,13229,14679,12115,
240,8772,10101,10384,13151,15400,304,238,12253,11590,8730,10056,10354,17465,15381,11337,13589,11114,8892,9701,9381,11633,14065,13247,12477,11577,11622,10114,11864,15626,12488,13722,12665,10071,11373,10587,9438,15881,13260,11570,9002,11132,11737,10675,9822,14181,14144,12543,10638,13874,10081,10213,10951,13618,13150,13885,11473,7972,11053,9399,10350,14025,12849,14191,11954,
241,8519,9757,10302,13062,14881,227,177,12114,11258,8582,9687,9846,17112,15413,10714,13624,10839,8700,9541,9247,11354,13361,13286,12286,11415,11684,9564,11455,15214,12060,13442,12215,9670,11392,10443,9442,15887,12951,11321,8838,10831,11667,10443,9712,13760,13650,12260,10528,13683,9708,10040,10540,13428,13024,13395,11542,7618,10789,9071,10204,13811,12683,13963,11875,
242,8042,9512,9987,12642,14613,146,100,11966,11071,8096,9424,9529,16907,14916,10600,13034,10354,8373,9224,8913,11085,13079,12564,12037,11091,11187,9415,11220,15018,11466,13094,11906,9316,11150,10305,8904,15265,12688,10986,8747,10555,11059,10063,9353,13144,13631,11844,10183,13148,9537,9734,10012,13054,12497,12987,11519,7393,10519,8758,9931,13393,12154,13437,11695,
243,7777,8950,9862,12194,14181,103,84,11721,10759,7916,9154,9258,16193,14592,10197,12530,9839,8188,8908,8496,11074,12766,12525,11492,10787,11065,9172,11153,14414,11239,12441,11645,8833,10889,9805,8536,14796,12243,10531,8285,10032,10834,9837,9165,12969,13018,11620,10101,12602,9086,9583,9582,12635,12318,12460,10957,6797,9916,8442,9634,12932,11960,13204,11575,
244,7552,8104,9221,11713,14044,93,77,11507,10338,7573,8809,8877,15695,14143,9846,12343,8965,7438,8546,8065,10653,12065,12158,11353,10421,10604,8836,10833,13957,10820,11932,11175,7997,10669,9608,8223,14368,11419,9514,8308,9427,10473,9256,8587,12350,12599,11288,9947,12047,8743,9139,8234,12580,11851,12004,10661,6076,9529,7450,9340,12683,11776,12845,11519,
245,7005,6805,8981,11134,13389,72,62,11290,10213,6778,8563,8060,15162,13834,9011,12101,7194,6979,8148,7584,10108,11251,11546,10916,10083,10286,8306,10449,13352,9564,11059,10627,6380,10109,9178,7519,13752,10588,7824,8090,9052,10389,8718,8247,11777,11702,10762,9510,11434,8062,8687,6514,12022,11431,10737,10440,4717,8243,5943,8696,12370,11002,12389,11282,
246,5263,4143,7986,10399,12827,73,67,11054,9859,5073,8151,6322,14579,13228,7567,11437,4691,5544,6933,5887,9233,10061,10706,10318,9051,9691,7441,9854,12480,7743,9092,9934,4259,9623,8658,6575,12631,8457,5596,7599,7992,10116,6850,6904,10540,10274,9981,9210,9588,6446,8198,3750,11410,10675,8568,10275,2775,6346,3705,7402,11533,10580,11531,10888,
247,3642,2556,6679,9005,11592,66,60,10819,9238,3398,7160,4349,13703,12724,5667,10868,2688,3636,5516,4184,7981,7686,9221,8931,7918,9018,6416,9592,10862,5339,6803,8198,2745,9096,7979,5147,10671,5864,3364,6856,6338,9612,5097,5261,8427,7924,8805,8931,7214,4812,7009,2218,10538,9189,6055,10002,1586,4214,2309,5680,9824,9346,10013,10690,
248,2133,1540,4895,6877,9734,53,49,10196,8735,1983,5618,2637,11435,11943,3441,9601,1620,2244,3615,2523,5842,5092,7135,6968,5762,7613,4326,8510,8028,3257,4235,6059,1623,7710,6462,3287,7912,3505,2079,5580,4202,8867,3088,3322,5510,5038,6944,8036,4580,2881,5165,1477,9036,6789,3560,9843,1016,2551,1359,3612,7332,7477,7689,10650,
249,1268,1196,2900,4524,6785,45,38,9976,7286,1232,3875,1610,8373,10663,2005,7402,1317,1291,2290,1452,3758,2969,4500,4708,3598,5757,2650,6583,5104,2105,2521,3673,1240,5809,4615,1874,4925,2179,1610,3988,2794,7524,1902,2029,3389,3097,4747,6606,2818,1751,3262,1301,6873,4352,2162,9218,845,1593,1093,2053,4989,5297,5056,10188,
250,930,1110,1573,2596,4001,39,35,8944,4804,969,2005,1226,5161,7700,1510,4561,1227,1015,1366,1082,2164,1963,2669,2705,1891,3368,1458,4241,3054,1619,1963,2264,1115,3434,2398,1210,2954,1696,1477,2263,1624,5138,1299,1322,2181,2124,2620,4656,1866,1205,1736,1173,4328,2518,1800,8232,850,1361,1033,1299,3009,2989,3072,9901,
251,849,1128,1194,1950,2649,36,32,7954,3061,902,1418,1201,3219,4998,1364,2648,1234,949,1112,1028,1532,1711,1923,1850,1432,2078,1168,2504,2287,1471,1701,1709,1074,2065,1590,1110,2290,1638,1382,1491,1274,3381,1202,1080,1808,1928,1788,2973,1637,1063,1306,1208,2693,1786,1638,6321,765,1289,983,1244,2116,1904,2122,9274,
252,808,1107,1080,1625,2041,29,26,6037,1670,932,1083,1070,2392,3142,1261,1873,1215,940,1069,1021,1411,1646,1653,1507,1283,1361,1070,1685,2082,1489,1647,1470,1054,1466,1228,1017,2132,1581,1322,1075,1180,1884,1154,1056,1741,1742,1545,1969,1631,1059,1097,1194,1981,1662,1582,4662,748,1272,963,1161,1842,1575,1827,8847,
253,841,1046,1085,1491,1904,29,17,3906,1344,848,1007,1020,2230,2229,1321,1684,1146,890,1014,979,1341,1706,1547,1506,1279,1338,1002,1360,1927,1422,1657,1584,1030,1282,1151,981,2028,1632,1407,1019,1147,1477,1056,1023,1704,1804,1517,1390,1497,1040,1068,1152,1731,1619,1561,2929,785,1162,846,1080,1800,1519,1758,7531,
254,856,996,1071,1453,1898,33,23,2444,1242,848,934,1027,2166,2021,1305,1527,1156,812,1045,932,1325,1553,1538,1461,1159,1224,1025,1304,1907,1339,1548,1404,1042,1214,1062,905,2003,1595,1304,966,1073,1302,1093,1019,1588,1861,1332,1115,1508,1008,1031,1130,1524,1523,1644,1761,730,1138,922,1065,1639,1437,1733,5457,
255,772,985,998,1439,1931,13,9,1669,1166,878,971,1000,2057,1870,1222,1569,1138,817,1043,881,1219,1638,1464,1417,1235,1273,1010,1174,1831,1377,1603,1459,1007,1222,1087,956,1916,1548,1277,898,1141,1257,1047,943,1621,1658,1394,1088,1487,982,1043,1075,1585,1440,1543,1472,736,1159,858,1098,1624,1465,1702,3495,
256,804,1022,1060,1387,1845,9,9,1380,1139,796,988,1019,2085,1772,1194,1522,1063,840,980,873,1238,1507,1486,1409,1164,1180,951,1234,1777,1414,1502,1379,947,1212,1041,920,1949,1459,1249,877,1076,1223,1058,951,1535,1655,1361,1105,1459,992,984,1082,1530,1451,1465,1264,639,1147,839,1046,1630,1362,1642,1753,
257,741,957,1040,1366,1722,9,9,1304,1128,789,929,1066,2041,1736,1216,1489,1111,848,949,888,1211,1478,1381,1318,1191,1199,1007,1172,1847,1320,1513,1441,907,1180,987,928,1890,1523,1155,888,1045,1183,995,924,1571,1556,1281,1034,1435,946,997,1064,1530,1431,1417,1167,722,1102,869,1022,1627,1297,1566,1446,
258,740,1001,972,1343,1711,10,10,1302,1131,757,886,963,2008,1764,1110,1447,1060,837,985,864,1160,1408,1359,1310,1096,1214,906,1173,1639,1324,1444,1328,947,1151,1018,915,1879,1397,1226,846,1078,1238,989,908,1405,1490,1290,1023,1371,976,975,992,1372,1424,1422,1116,658,1050,843,1043,1550,1339,1560,1265,
259,763,951,965,1337,1786,5,4,1220,1041,788,909,926,1926,1690,1148,1488,1078,756,930,808,1196,1377,1400,1197,1127,1076,876,1171,1678,1287,1544,1285,934,1109,970,815,1744,1379,1153,845,1029,1095,981,914,1463,1587,1177,1061,1397,891,928,990,1483,1386,1364,1228,652,1029,809,991,1514,1310,1542,1296,
260,711,913,911,1301,1624,9,8,1260,1074,709,881,909,1952,1708,1111,1357,923,762,866,825,1063,1401,1337,1201,1089,1111,899,1177,1643,1271,1405,1290,902,1117,958,822,1721,1320,1121,767,1012,1147,972,901,1503,1558,1253,1049,1390,920,905,948,1398,1297,1308,1128,658,1028,817,944,1529,1333,1538,1261,
261,712,829,914,1271,1595,4,3,1258,1049,738,883,947,1805,1646,1006,1331,935,767,893,842,1099,1342,1324,1213,1075,1067,850,1145,1579,1134,1334,1248,816,1061,958,808,1649,1308,1121,797,968,1130,915,782,1398,1530,1145,927,1367,842,857,890,1300,1353,1306,1169,624,987,775,943,1458,1176,1447,1192,
262,656,854,939,1225,1518,4,2,1164,1035,677,809,893,1880,1624,1038,1336,884,733,849,750,1067,1287,1264,1219,1075,1013,850,1052,1611,1145,1322,1210,870,1052,917,748,1566,1318,1113,780,924,1099,860,779,1339,1438,1179,947,1214,795,862,880,1344,1301,1169,1104,560,972,685,866,1379,1154,1366,1108,
263,636,798,863,1136,1478,3,3,1214,1041,700,830,889,1792,1589,1030,1307,863,730,809,758,1078,1307,1261,1189,1011,1030,829,1057,1538,1158,1238,1151,756,1051,866,745,1582,1182,1015,772,999,1090,891,794,1270,1378,1165,935,1236,818,812,793,1296,1238,1208,1058,543,925,713,936,1350,1192,1339,1163,
264,657,761,844,1049,1509,5,4,1128,1003,651,761,798,1680,1517,991,1289,834,663,750,706,956,1201,1156,1095,992,973,762,1003,1493,1105,1225,1117,710,917,887,703,1545,1092,1009,714,904,996,798,794,1273,1346,1088,916,1149,774,818,742,1245,1204,1166,1128,463,897,625,875,1252,1071,1368,1170,
265,534,636,861,1146,1446,6,4,1092,938,573,783,782,1588,1450,935,1210,720,648,793,675,966,1147,1139,1119,963,975,743,987,1415,1011,1171,1144,562,982,855,734,1422,1138,905,745,878,1004,818,729,1212,1302,1063,938,1164,723,834,614,1183,1219,1119,1045,413,846,527,836,1344,1141,1284,1110,
266,509,531,750,989,1449,5,4,1073,941,511,710,669,1643,1467,883,1177,636,556,703,577,895,1066,1075,1028,917,915,732,977,1407,949,1047,996,426,922,761,619,1399,1062,745,680,775,1018,704,648,1151,1250,1029,835,1010,659,787,372,1182,1088,987,1067,249,714,385,823,1227,1111,1290,1090,
267,382,318,684,1041,1357,1,1,1066,892,388,646,530,1560,1472,730,1131,383,458,626,462,914,980,1070,1074,829,868,628,923,1311,797,1013,942,310,920,751,607,1302,845,507,687,709,957,598,536,1107,1118,929,861,910,575,720,227,1125,1067,851,1044,161,539,241,678,1173,980,1193,1045,
268,262,201,603,872,1282,2,1,1080,869,226,612,369,1368,1365,618,1083,215,279,503,320,812,827,906,957,704,803,512,884,1205,587,776,949,198,886,708,421,1222,705,351,627,576,925,439,455,985,909,875,876,737,408,633,172,1096,925,632,999,90,363,134,491,1037,961,1126,1063,
269,152,146,435,741,1157,1,1,1082,775,160,484,245,1430,1247,392,1030,148,172,345,191,636,685,818,862,552,721,396,864,992,426,542,768,107,811,594,277,1067,427,234,612,389,864,298,313,741,752,737,801,446,235,511,141,1011,850,368,1009,90,224,95,346,932,796,1002,1046,
270,73,132,288,498,996,0,0,971,756,102,374,133,1228,1254,240,868,125,124,211,115,442,391,610,685,401,605,240,711,774,280,344,601,112,629,435,168,733,258,177,453,268,788,176,202,527,489,560,690,320,160,309,109,857,606,277,980,76,160,103,215,720,647,771,967,
271,95,112,167,354,726,1,1,939,642,92,253,114,947,1055,173,707,141,92,135,113,282,260,424,452,241,448,144,553,537,192,237,393,105,441,301,125,517,196,170,332,174,692,113,109,338,319,395,575,192,122,197,104,726,415,201,905,71,151,95,152,511,454,544,1008,
272,70,94,114,253,468,1,1,968,381,96,147,95,587,885,174,488,126,84,114,77,198,219,258,274,142,295,92,344,331,172,191,228,108,315,161,94,303,208,149,195,130,490,108,94,252,235,276,439,177,109,146,102,460,232,156,880,76,150,88,113,307,294,328,962,
273,66,99,115,168,329,2,2,838,281,95,119,93,386,685,124,308,122,99,103,92,159,175,213,182,138,191,102,271,243,154,182,172,99,194,131,103,233,195,134,142,101,327,118,93,178,205,188,349,175,117,112,104,272,201,158,682,55,122,72,121,253,204,225,931,
274,75,105,114,153,261,3,2,720,170,82,98,87,281,368,145,219,108,79,99,64,128,190,183,175,132,137,120,163,241,151,179,172,102,133,125,99,214,189,147,72,110,190,98,88,177,186,151,238,194,104,86,102,226,162,174,593,61,134,96,111,202,149,203,886,
275,68,100,113,164,212,0,0,516,132,82,103,102,220,296,134,202,97,91,113,94,125,179,150,173,144,137,102,131,209,170,189,150,102,143,104,93,214,171,140,95,116,156,103,110,171,206,143,158,136,84,101,99,183,173,142,415,62,112,97,117,189,151,206,808,
276,66,111,95,151,245,0,0,410,130,73,88,90,247,226,146,193,129,96,113,79,133,169,153,191,105,129,89,133,229,160,181,155,87,113,97,88,243,144,131,90,113,150,108,89,163,153,156,127,161,100,102,99,172,170,142,326,56,103,80,105,212,131,195,744,
277,69,78,100,132,229,0,0,285,129,77,92,109,279,234,136,159,95,73,89,95,111,178,151,155,104,100,110,131,197,153,155,145,107,121,114,88,214,157,127,92,128,140,100,81,171,178,148,110,125,91,88,91,200,169,165,185,68,108,86,97,195,153,187,579,
278,76,104,77,125,196,0,0,187,126,78,90,85,255,207,116,176,93,93,101,108,136,144,154,150,116,104,105,124,182,144,171,159,82,123,94,77,204,162,137,93,107,151,84,102,157,179,128,124,172,92,103,82,163,154,147,155,53,102,71,93,194,142,160,392,
279,74,94,93,150,213,1,0,161,107,75,86,75,221,220,129,163,100,82,96,75,123,137,169,126,133,96,83,122,230,142,164,141,89,114,78,73,218,159,128,81,105,134,107,82,156,187,150,123,148,119,98,91,181,174,140,141,56,110,78,94,168,131,174,253,
280,62,85,92,145,183,0,0,133,118,85,84,82,261,223,116,135,113,72,77,63,110,154,106,142,137,117,78,115,180,142,139,140,87,107,81,78,202,157,117,97,85,102,95,79,173,185,149,106,142,87,85,71,134,150,139,111,54,110,67,80,172,144,177,173,
281,49,88,98,131,170,0,0,116,117,65,89,101,230,179,118,168,80,74,85,69,102,162,132,150,100,100,88,104,182,139,149,156,91,105,93,85,176,131,132,72,108,125,97,71,158,184,138,101,135,89,110,77,193,155,143,138,53,95,69,90,171,133,182,158,
282,62,89,87,154,158,0,0,143,102,59,76,89,238,213,112,150,90,73,81,71,116,126,160,144,105,99,59,130,202,116,136,137,67,101,88,79,183,135,110,83,88,116,76,75,160,174,123,79,122,85,81,72,141,143,135,101,46,108,80,74,176,135,172,152,
283,57,71,78,141,156,1,1,137,118,57,76,85,211,175,110,136,87,74,81,65,109,135,134,136,94,89,64,117,172,107,146,145,84,92,95,69,167,124,106,81,90,111,92,63,142,174,120,93,124,97,87,74,151,143,118,127,49,102,56,83,178,141,178,118,
284,57,69,80,131,170,1,0,121,105,56,74,67,225,183,104,135,92,64,73,63,124,139,139,105,100,110,61,106,200,119,131,133,62,95,90,56,190,123,92,75,89,124,85,75,123,161,107,84,113,68,80,61,135,151,109,110,28,76,38,77,149,107,166,123,
285,53,61,80,112,163,0,0,138,79,62,80,78,220,159,109,143,70,55,66,63,108,157,113,124,98,106,71,91,165,123,128,134,45,96,84,78,188,119,102,92,66,97,81,60,141,150,112,94,100,69,83,47,138,128,108,114,16,78,44,87,152,130,157,127,
286,54,43,73,116,172,0,0,105,94,43,77,49,227,147,80,134,51,74,80,45,117,123,131,119,91,80,75,93,174,98,118,124,39,89,69,44,175,131,89,74,72,104,59,71,131,139,121,92,111,56,68,32,135,127,113,115,22,73,31,80,151,110,153,122,
287,34,37,72,103,151,0,0,120,109,35,62,60,173,168,92,114,24,42,52,44,85,104,103,116,82,92,63,82,155,97,102,133,22,82,72,53,154,109,75,77,65,100,62,54,156,152,121,87,89,53,73,15,131,131,110,116,14,44,19,67,142,109,143,116,
288,20,11,64,102,149,0,0,109,80,27,56,52,198,174,68,139,15,15,45,29,103,123,116,122,75,94,53,90,152,90,88,105,21,84,61,34,124,81,63,63,52,92,43,35,116,116,96,84,62,34,53,14,108,111,72,117,3,35,10,53,138,106,123,116,
289,10,7,54,73,160,0,0,109,90,13,44,21,178,140,59,118,17,11,29,15,84,96,96,85,61,79,40,102,143,55,83,94,12,80,51,30,123,81,29,62,45,87,29,23,106,129,96,86,47,33,50,11,105,106,60,103,10,16,11,36,123,95,111,115,
290,8,11,18,52,127,0,0,106,69,11,33,21,154,135,46,119,10,9,21,15,65,61,116,91,36,62,27,71,133,55,45,78,9,67,50,15,102,51,35,49,32,74,24,20,84,92,81,85,28,18,44,14,89,83,35,112,5,19,9,22,105,93,134,95,
291,6,16,22,52,119,0,0,110,70,11,13,4,150,157,29,116,11,11,14,8,48,47,64,71,27,56,26,65,113,43,36,77,10,63,15,13,86,37,16,59,17,73,13,15,56,77,50,76,26,11,18,10,117,63,22,94,4,14,17,10,88,72,93,96,
292,9,10,8,35,110,0,0,102,69,7,17,15,106,143,22,98,12,2,7,11,33,25,73,44,27,40,6,57,65,16,25,41,9,37,17,12,69,15,25,37,11,56,20,12,44,33,55,56,23,6,13,6,89,45,23,94,10,13,4,16,46,62,74,117,
293,7,12,7,16,82,0,0,97,56,20,12,14,108,133,18,89,11,13,12,10,30,29,32,33,10,35,5,34,53,22,18,24,4,27,23,11,44,23,13,24,12,56,15,5,17,30,20,53,24,6,13,17,76,41,22,83,5,12,10,7,62,33,53,112,
294,5,7,11,23,30,0,0,98,29,12,6,16,65,97,16,62,8,8,12,16,18,29,26,34,13,18,18,17,44,20,19,26,10,21,12,10,32,25,17,18,13,38,14,10,21,21,17,52,15,9,7,14,44,31,26,87,8,15,9,11,33,29,39,104,
295,4,5,11,16,27,0,0,97,13,10,7,10,50,71,18,30,10,12,12,6,16,16,20,20,10,16,6,26,22,22,26,17,11,17,10,8,24,14,18,11,12,20,8,8,20,28,19,26,9,11,12,8,28,17,19,79,9,7,5,7,24,18,23,68,
296,5,10,8,22,40,0,0,89,9,8,14,8,40,58,21,19,9,7,8,8,14,16,19,19,13,15,6,14,21,21,13,16,5,12,21,7,18,17,17,12,16,22,6,9,24,20,14,18,15,12,11,7,26,14,25,68,4,14,8,8,18,18,24,78,
297,9,8,6,24,21,0,0,67,8,10,9,17,48,40,18,16,13,8,8,9,12,22,16,23,14,13,13,12,21,24,17,20,8,10,10,13,25,16,19,11,9,25,14,7,14,23,11,12,28,9,14,8,18,18,16,44,2,15,8,6,18,16,15,68,
298,7,6,9,16,20,0,0,62,9,11,12,8,27,30,13,14,12,6,9,8,15,26,21,30,13,15,4,29,22,18,19,18,7,19,12,6,24,12,14,9,11,14,11,4,18,32,16,13,11,8,6,4,20,15,18,48,9,13,9,8,23,13,22,77,
299,6,9,10,18,18,0,0,47,16,5,11,3,29,20,15,13,7,9,14,10,17,26,19,23,13,16,4,19,18,23,19,23,3,15,11,16,29,12,18,8,5,12,12,14,12,29,19,16,19,12,16,9,17,14,14,21,8,10,5,11,19,24,29,54,
