165,2299,4183,9085,19860,158577,4510,8262,262370,20440,2732,9303,4717,166027,159689,42579,84322,5109,3177,9712,2990,72120,61840,124705,87436,10098,21807,6315,23395,127581,56227,89662,95746,3093,16843,10551,3939,103381,52145,36855,109024,8648,20366,5070,7893,76373,129233,67013,174232,15197,4720,12007,2845,98001,67817,42857,278015,1903,6316,1867,9931,106021,60546,127283,161226,
166,5235,9545,15831,27256,289695,9128,16090,401516,25771,6439,15627,10500,314532,305082,77582,183083,11491,7383,16979,6531,154169,131789,232814,181482,18676,32136,12534,32060,249069,121185,189803,194209,6944,23444,17422,9078,218341,110116,66972,194489,15966,28293,11280,14209,166077,251513,147726,264500,24667,10644,18601,5897,201530,145352,67942,368644,4483,13505,3462,16388,211898,130440,239929,253133,
167,9722,15759,21911,33767,440979,18078,32456,467075,31828,11302,20334,16559,502843,494814,165128,325797,19113,13086,24547,11919,250341,244144,322448,277093,28421,37337,18957,38435,363411,224312,304811,293299,12957,28862,23069,14569,339522,213918,142648,251727,22504,34434,17716,20610,277654,359593,256795,318407,30831,16631,22750,11742,322915,253701,137372,412063,8677,19622,6910,21224,324804,231677,345112,316079,
168,15070,22747,27321,46824,569944,36541,67758,472387,50000,16373,25281,22177,644152,606798,308688,494809,29202,21279,31231,19255,326088,353880,388746,347856,37156,52613,27495,58665,444202,330250,396574,369119,18987,37750,28986,20962,425261,325256,251512,289224,30156,46606,26291,28842,368824,433141,350072,359439,39023,22385,28697,19006,455567,376288,257354,454651,13552,25096,12922,26121,429302,336983,428621,362209,
169,19639,28924,35793,86221,611259,77998,135136,569285,101713,20859,35000,27638,673777,621845,463155,535719,37720,28601,40242,27303,382926,433869,451509,406628,45247,103614,33809,118973,515089,402261,463386,430207,24317,65250,39521,27048,492655,400227,337068,330995,38664,87469,34374,35492,428521,505772,410212,425580,59250,27697,43309,25638,514133,483733,402740,639548,17235,32353,18149,36149,488938,414243,495274,408470,
170,27059,47303,76291,196802,840000,161999,269200,1096722,211790,29134,77776,44644,888352,814355,508969,600483,55619,37305,85413,35450,459780,528678,619305,529892,87949,230403,56547,247614,716270,488105,593279,580140,35288,154109,85314,39456,629124,484686,412946,450182,75058,195511,51478,67689,528433,751330,499158,683744,136242,44855,103491,34623,602466,554962,541655,1465061,23317,60372,24618,79680,625559,486484,703871,540576,
171,46197,100586,160273,318586,1810980,315094,595164,2840618,303763,54185,159977,94101,1848077,1708273,633901,978403,112954,69012,179303,59385,759362,811641,1247259,991345,186881,395106,119469,398245,1485430,779853,1080130,1162386,67210,263680,171868,78703,1130849,719746,568800,970562,155630,322602,101045,143427,877055,1682629,801157,1635806,258254,94701,200093,58451,1040654,845636,641568,3416613,39080,131024,35810,163066,1193859,710990,1479530,1050731,
172,112576,219760,288452,421513,4182506,716392,1339324,6200498,380128,131506,270500,202302,4459131,4307468,1254241,2334864,259954,171200,355431,141141,1705746,1778286,2814085,2301048,387047,524041,251461,511648,3325821,1781855,2487133,2670651,158210,381793,301870,176653,2627500,1588692,1166525,2331251,298211,462271,220435,279789,2023847,3720423,1858966,3519692,392026,205970,309558,139091,2413905,1873954,1033418,6053273,97219,247768,82781,273123,2728739,1506040,3272778,2365307,
173,212166,340213,374125,494868,8605039,2036714,3333003,9541764,456134,227356,347872,304289,9595851,9414568,4140178,6419933,460046,336728,458287,281187,4124444,4398114,5621936,5045087,530083,547460,407344,541255,6332110,4364617,5401558,5452573,270438,445472,409279,300831,5739781,4294756,3543853,4898953,431254,506848,378897,428091,4813068,6691950,4724537,6102966,472886,309776,371379,261822,5922671,4726021,2829228,8185611,183386,334536,171614,341627,5993298,3919183,6496747,4990552,
174,330306,459205,479763,847370,111524555,94066288,103899310,128315839,839148,331323,465956,411150,126165790,128086998,118760845,111491901,570677,465985,519225,451568,91112025,96190298,118128639,129140714,600539,843277,506568,917217,127527387,81403073,88424302,107043450,398713,712599,525143,432250,136284960,137737666,139638286,154135152,555472,788261,529580,524188,106038002,149676558,208275523,143128545,662603,395896,485385,398716,99137022,84676604,91550204,119342483,269329,433802,290767,435648,101199709,87808024,118933881,115256452,
175,433272,763510,859183,2090822,195637830,174976576,180574821,229199401,2095007,466068,888850,647864,222609607,228735467,285125016,219245359,755368,555687,905687,543407,183048194,192311147,208410953,238522446,978746,2077302,722093,2290719,213218468,169850247,174116463,203973582,637398,1701869,980427,609138,229730227,227139070,223224409,247083162,1010176,1871737,747948,827722,211855862,278516745,293375778,245017653,1344725,563888,912115,513238,185692660,120976294,175722088,229213873,340097,693512,373989,720797,190646844,170087388,226756080,214784396,
176,972776,2278693,2566860,5083483,284758526,242547744,252790829,304760803,4708067,1234106,2592966,1869228,292077627,299769034,272836772,272087279,2067033,1322021,2912617,1154869,207649717,240638489,225506259,272776909,3025018,5847073,2025558,5943404,316075911,207466632,187654853,201863460,1841708,4260280,2775752,1625370,174518347,171804741,178117332,166876873,2857798,4720291,2056349,2385757,176489648,190417030,190958412,191553004,3867091,1549402,2758932,1090836,265883253,226016907,226264037,277318408,652520,2066802,668123,2157669,250505491,237784200,236273947,233721384,
177,2799211,5341638,5539595,8326734,333330953,291909521,312556561,366366361,7780341,3329109,5327559,4337741,352992802,364808948,312060933,326548347,5924109,4006086,6910405,3230617,211596128,249818195,227122852,295483351,7188772,9912660,5066214,9581159,231975864,211105578,184312111,192359081,4383094,7422477,5750033,3950046,158337199,156446443,160535866,162389393,5934940,8153364,4847836,5619859,219719715,167809320,180073569,168510556,7668377,4132357,5863402,3143868,332496833,277530954,272014478,331606843,2326937,5262731,2155407,5277483,284387969,261749533,278068378,278888756,
178,141203064,138470182,135887625,141390625,359069947,316688735,353445257,401219162,210916460,144644736,127603127,139821390,398786195,401465151,354114968,366851981,202653757,237769075,186124982,135957073,220218389,141371277,230241236,297329763,178026560,172480767,131779469,177411103,347004402,310129980,179743847,191549912,191091773,160586521,142220611,130416513,158495486,156927644,161639017,165039950,136530323,138719086,132030972,159484165,208368848,162505559,164254968,165400607,275769666,207833763,172857763,126488458,362509951,305556473,431144067,347019611,237212716,245781910,183996979,304691660,308719190,276452656,272449212,257188172,
179,99843015,172391305,168958190,178583590,376250318,330736408,386661069,420756553,222403191,116770017,153706260,172301067,445448266,455311767,410566879,397211147,258036832,250363065,222203667,109341138,192787749,257696752,212347983,296136902,207173815,209911198,164218455,207257201,219657970,184903002,178420358,187341390,204914450,200668015,180951692,159540573,159425693,156912837,161825793,163849352,165865575,173961114,270374022,199014002,178114971,164069354,160619815,165134402,252654979,208842604,191751812,151068633,392520785,323029383,293691967,359135286,229112339,245842739,209876390,278107619,327673534,287503255,281087235,266105726,
180,189256140,183632961,180170596,189969096,398525486,339782369,404775875,458234165,246777671,202145606,180237535,174889865,483681738,501272611,473783172,448879952,281256694,275142823,256000482,205791660,193058305,218748740,217888944,121252332,253577784,256147013,214301726,263986597,202429133,172296691,172688826,185099759,222444212,215334901,246101761,206456173,160027900,156014073,155850131,160309302,179536723,219716128,222843183,237073098,170986066,161213314,160604714,161137232,190359425,175776801,177241992,177246822,404135384,335260322,315916514,369262633,194314393,178777229,180034941,212152419,324848215,296457248,268811556,257749021,
181,172372779,183526134,178735298,156727072,420365831,358799113,440769348,473552528,204040857,222768810,134933599,177383034,531323412,537367100,524977155,506560594,306868088,301509657,292042809,245340062,188357089,164900427,204416255,295046548,294202194,299596125,259135929,271940747,193018261,181674007,166061710,179454288,242726805,237644913,289404793,239067147,154703701,153665078,151559210,157406116,245020918,249327098,261044743,269194270,179441871,157648477,156736867,156853033,170336702,164898352,169770633,320308098,404971884,347750797,320219534,373198059,171648755,172303796,169467067,168358353,324125857,295197841,268028960,255241701,
182,239358948,180442451,179228193,182800294,434116146,380372071,464627098,481042437,222484230,225387157,177183610,182599822,540762232,561074433,553852075,539376731,338105711,340624959,332392587,285211831,177760155,197668764,202325287,275870446,343663950,348287347,298548732,308485317,184713697,172593673,161190847,198654127,278635965,259161090,341237243,277004165,152999668,152888916,153573129,154536593,270276542,282000554,305590363,300897504,164169029,157564510,155557167,154953916,160291259,161867789,165906649,200696668,392452244,359790357,323847274,298309248,163034709,163563825,186768506,161507220,310915942,254302527,262560729,247301971,
183,211369417,188784453,179352034,201910748,444122161,405099179,476067480,485888116,229693276,248465935,204895133,184676551,550230007,577685417,571355922,546695832,373162267,401821218,372664513,323758576,172762020,190236646,192569781,268225893,382058991,377874932,319293010,328842463,163916035,169491461,157978768,170767026,298131558,283340986,370499016,302433145,154027541,152601021,153364878,154771012,302629747,303714169,332526344,321192308,159681111,159083399,147462395,155663285,161723659,161138235,163984666,191347514,381649606,365295895,327471953,353111715,158907744,165164393,163073925,160045637,305439305,283786004,252969620,255531512,
184,210152010,194683013,176540781,176248109,468506184,436513763,475528083,483674543,223039516,302804997,172719015,177809283,554818821,585123694,578935122,578766783,411541116,408802197,412707987,356369465,169643924,189282839,219233344,254892165,415259660,402215392,330532077,337144835,164893188,168466274,156556559,168187236,304948572,274600806,397451402,323278429,152554229,151747932,152055251,153045165,311895466,316392332,356444319,342837598,158573387,159758834,154053276,154793649,159733035,160267813,162698125,191546181,388240919,371970556,340909042,360151148,165349214,158479590,156919167,166410576,303830945,283454843,247096985,250238558,
185,207126973,192463423,177170276,181880665,485897751,459576781,467182481,478607204,218151353,188024014,169004785,172940651,545261186,565458004,567996545,583643781,438345859,430249992,447137275,392178888,166104307,186527533,187979021,247182454,443392820,426524717,339770650,344313205,161086991,167489605,155434882,166623813,316877187,275233568,402639931,333917408,151395807,151033873,151366854,152422548,319245490,321354577,366460692,340994917,159193402,158345263,153334873,153862128,157992512,158003926,162151730,180168626,403278518,380838712,384753039,376677228,159866993,156458017,156820044,167124491,306903504,283192191,257689432,249600022,
186,203848599,193839104,172981598,170253805,491426826,458455053,443901737,453370911,207408810,186034904,172299638,168310023,506381062,515755196,524857867,551929956,461220282,446887252,468214476,424878447,156487656,171652052,165438436,222021201,463698711,451289164,355746193,392842703,157890327,158106510,150154246,162361568,311349502,271600092,381154949,332051100,145910199,146183575,146636748,146719260,316185868,321737517,364445820,348822301,153669073,153698706,148737839,148330143,156081621,156383169,159952485,172857548,412032795,385507467,343716836,384104211,115370896,155421377,154851408,155988806,298609319,272725647,245679766,240736232,
187,195998015,194772599,174821410,168693344,341846080,314585157,301185227,304403225,139171121,190777613,173170473,170010522,332256908,337110556,342157755,362831268,468008296,454991580,478358954,441459350,106811161,113160527,109666916,137354972,474176210,473249564,377384798,373523098,108817323,107934131,104743597,112567751,300384752,231827019,392332879,326006843,100764654,101043476,101070233,101088786,315763094,321915689,356838687,354828495,106396334,107235242,102855651,102705565,153759504,155376035,158653302,170075292,287804346,272393888,253158045,272604548,155217050,153412547,153182840,155315132,206990609,183051782,161603086,161304963,
188,196134121,200427388,172584619,150012108,108472493,106170430,97326553,98394007,200557439,193153107,306539310,163712493,104636163,106044886,106239066,112493871,478099300,461070766,481055115,448796719,36455906,37866190,37429755,43244225,478949336,458629499,402508597,396227262,40270632,36824533,36386193,37992726,288844685,172712117,393275293,312423981,35256923,35105532,35048034,34462532,317330340,323117085,354147925,350547073,36788174,37682674,35702012,35460430,152957992,154012348,156801898,170447119,48683895,82742634,82495209,88734405,152810256,152120534,152494658,151903840,66610627,58197175,51337321,50542527,
189,183845728,186684652,162326877,158090525,13239484,17373794,14799217,13724348,184628449,180274601,159376065,150441646,13291415,13018085,12399226,13248409,453139292,439619979,446339259,424205811,7945566,8445404,8279663,8155777,448070276,432582853,399939149,393586794,8444113,7862788,8305273,7896851,269481732,225531073,366655735,282072773,8319886,8022159,7680131,7153927,306044843,312910899,343337674,364643746,8158078,8132193,8044690,7749091,143566404,144091356,146937871,181291034,12160292,11857136,12174055,11667219,143514838,143225517,142614392,135264500,10457462,9694503,9104170,8713788,
190,135286637,139417982,120728615,116556492,6066481,8651656,5605164,5718725,167526870,122314552,114161793,114034136,6512302,6125521,5501705,5998189,346751395,331326958,325615977,317290862,5708462,6248449,6089376,5660405,328165645,324318885,311179139,307349899,6172519,5680910,6166971,5639869,201668905,175864017,309872428,218223229,6268105,5963084,5608743,5076427,237408969,243474200,265739362,284782679,5962003,5931283,5947678,5637829,107984003,107860925,109683668,114519817,6024277,5845760,6373867,5616293,106626807,107161955,107495543,107371307,5926120,5986642,5949819,5670702,
191,55245264,57013648,49718632,48264791,6001790,5471412,2743748,5657587,54579090,48652259,47897087,46747406,6449465,6069817,5443334,5932565,139909220,132094707,128594652,126458497,5685107,6214994,6063572,5633225,129693285,127600193,126354977,124327631,6136980,5648052,6131111,5619734,79765682,71167341,106916401,94323375,6226479,5922790,5561718,5045633,103412047,101167259,109943434,119082283,5933966,5890060,5917126,5613850,45682269,45034157,46314770,47830908,5976150,5788940,6330011,5563680,45167418,45012026,45217519,45174298,5880656,5946271,5916415,5635854,
192,7362281,7652627,7401657,7537751,5958200,1453520,1045992,5627278,7854884,7269098,7273535,7144938,6391052,6021784,5401099,5886762,11125210,10176999,10008617,10136673,5635364,6160140,6003333,5584304,10488523,9995921,10130990,10339295,6081022,5598153,6072304,5562559,8519013,8189208,9733970,8877693,6163214,5875534,5521020,5017280,9622943,9741463,10219921,10321849,5893884,5835042,5868367,5575499,7730361,6941463,7109916,7752908,5924182,5747303,6280248,5524926,6921406,7085191,7156083,7035131,5837221,5902033,5859332,5619767,
193,5517907,5669385,5677742,5869499,5928404,1061458,944021,5611200,5953317,5312175,5643187,5513583,6361102,5994661,5377270,5866357,6038133,5403571,5364566,5556894,5609572,6125268,5962416,5554449,5769124,5925903,5570541,5819979,6039967,5565056,6032188,5531370,5645007,5678468,5787838,5406583,6128576,5844387,5484812,5002986,5740497,5815196,5792591,5666677,5857187,5797984,5839007,5557371,6222654,5432967,5570883,6141220,5896470,5722980,6246981,5499993,5355219,5568337,5625012,5523469,5799120,5873660,5820903,5598782,
194,5449880,5587455,5605281,5794375,5876875,944514,890769,5578251,5869119,5241745,5572013,5436285,6304031,5954861,5332650,5826487,5879729,5252658,5210244,5410894,5566095,6058454,5913677,5496633,5609669,5769305,5421440,5668662,5977727,5498565,5962611,5470318,5539384,5582031,5660038,5282082,6052049,5770346,5403634,4963869,5594809,5679298,5649134,5513339,5800445,5707380,5787497,5515210,6146493,5368223,5497104,6060726,5854279,5677888,6191354,5472185,5280805,5499438,5554017,5454992,5755802,5828276,5778117,5573796,
195,5427088,5558614,5574134,5762959,5777664,895352,846750,5530423,5838118,5220281,5551961,5416099,6203617,5888614,5242710,5762525,5855709,5234721,5192997,5390995,5499607,5948666,5817258,5417488,5586705,5751288,5401051,5644212,5859857,5360545,5824843,5351691,5512623,5553853,5629050,5260491,5920231,5606654,5226368,4886901,5570584,5648859,5617565,5493453,5687771,5515865,5697643,5439644,6129153,5339161,5474806,6035237,5783586,5600784,6103988,5418928,5261477,5475359,5525451,5429823,5660752,5765172,5668397,5551033,
196,5396277,5509685,5540544,5715685,5551982,850618,795596,5444148,5797610,5193323,5516842,5383461,5988408,5755374,5046250,5637257,5810874,5201885,5165790,5364713,5333008,5677085,5594247,5213331,5553790,5717716,5390125,5615345,5562786,5015050,5487419,5060942,5474082,5519949,5597459,5237086,5662166,5270968,4859698,4718442,5534748,5614420,5587786,5462474,5443222,5077453,5513863,5293314,6065821,5299364,5439234,5995125,5641457,5417431,5898567,5316122,5229229,5422247,5488978,5387258,5451112,5630036,5417686,5513394,
197,5353630,5421230,5492432,5638783,4921785,793749,721829,5187544,5744819,5145625,5471351,5326390,5392670,5387456,4502489,5302531,5720854,5156394,5111484,5322811,4860329,4955186,4972709,4690438,5501271,5668513,5333858,5571489,4771848,4145504,4620649,4311401,5403711,5472493,5560731,5188301,5001832,4477863,4021102,4287531,5484224,5574532,5539196,5413928,4742306,4071725,5023854,4884238,5941952,5236079,5379891,5919374,5220893,4871880,5287243,4961689,5162906,5318423,5425149,5320177,4831618,5284800,4726843,5462193,
198,5249427,5135324,5359838,5421496,3504206,714228,605165,4438008,5629247,5036537,5362558,5171960,3948525,4355274,3236350,4350450,5460022,5016329,4960446,5205527,3712309,3449517,3589318,3461276,5368135,5540859,5241684,5460555,3192390,2592029,2986110,2870344,5200439,5357701,5466937,5103024,3548156,2954831,2517760,3263094,5349128,5485300,5407820,5275551,3266625,2417990,3829893,3883295,5665510,5068779,5233935,5692909,4093626,3581703,3857856,4002425,4980443,5050174,5254707,5121346,3451648,4140428,3301556,5293907,
199,4998588,4516630,5061057,4925466,1896943,601526,442405,3112745,5375607,4786301,5117993,4804014,2178199,2746202,1725140,2783098,4874084,4701811,4613001,4936841,2205119,1834395,1989291,1963676,5060863,5237282,4989487,5176973,1633735,1240780,1475209,1463958,4732941,5095290,5266640,4864997,1890407,1456565,1181508,1894837,5007080,5260080,5074261,4933749,1709247,1115348,2243270,2450027,5086677,4724900,4907565,5174426,2512174,2021765,2161328,2573559,4627491,4529946,4908613,4739265,1897072,2595285,1780224,4871703,
200,4341670,3266696,4280421,3822859,799593,429434,252248,1553562,4703737,4074959,4477370,3917329,903420,1209784,679818,1215181,3631894,3881565,3757890,4204957,957899,775702,837274,832436,4250605,4423450,4288148,4409700,698437,536583,630040,619171,3702540,4397238,4686682,4184236,780408,606086,501941,781067,4142321,4620593,4187640,4042776,713976,514989,947636,1102539,3920919,3922587,4109605,4003012,1111989,853908,911737,1198823,3820413,3482475,4128488,3876288,808891,1172631,765127,3814737,
201,3109386,1781962,2935707,2315665,446673,250102,130024,654717,3424867,2821264,3268967,2524453,490836,545316,364806,523058,2030595,2508389,2404269,2897631,450940,438535,439899,419794,2832768,3001810,2998882,3043065,433357,362041,405403,376047,2265788,3131344,3510488,2942370,453766,388481,346651,362801,2746014,3385091,2739532,2618548,411580,384908,454998,489820,2338650,2615646,2761694,2375661,510828,434324,467637,530566,2501390,2066407,2812499,2524711,438000,529332,431425,2300757,
202,1397563,640863,1249461,903949,381165,129174,85814,364817,1591256,1206497,1534856,1010742,416364,391831,312733,365253,714520,956133,941698,1217083,331230,372327,358200,336018,1146649,1255348,1290452,1315720,385961,332368,366615,333011,867674,1426733,1709236,1296466,395344,352304,320764,271244,1145704,1592662,1106045,1042332,357072,362595,348024,323800,891194,1075698,1151588,817706,364696,347684,375400,340348,970986,770020,1166811,1009244,361736,358901,365666,994299,
203,573354,352398,530572,451108,371028,87858,75847,319763,668011,498900,643796,451677,406328,374527,305132,346962,380536,403227,415022,495687,312566,359640,345171,322639,490195,529685,528827,555895,377057,325528,357779,324567,406108,610489,720267,536987,383725,343991,314310,258395,502802,674011,473991,447634,348128,357044,332021,298350,462909,470691,494926,429199,345104,335783,362429,309467,407971,393204,494416,452316,351033,334797,353792,475794,
204,303926,296156,322483,345218,365842,76450,71496,312321,359729,290308,334069,307014,400519,367285,300869,341135,322168,275861,288853,295931,306574,354017,339444,319037,323561,333490,306132,338789,369858,320742,353016,320231,298118,345521,354559,301818,379134,339484,310454,253883,321871,358253,314826,296510,344033,352241,326310,292032,365697,307825,311654,331499,340455,331611,355605,304812,271158,312756,306508,309065,344802,328040,348355,344597,
205,265656,287493,294235,330648,359982,70811,66752,307809,315893,263445,287132,287481,395808,361744,296252,337071,313059,262739,274825,272197,301203,348410,334215,314070,304317,310050,279390,312785,365211,315793,347673,315600,283529,307913,299431,271226,371852,332626,305281,251297,298707,314892,296243,279402,340299,346841,321723,286901,352023,283979,287875,319712,334711,326521,350264,300560,252729,300252,281092,289680,341513,322998,343659,316196,
206,255998,281381,285704,323444,354968,65907,61505,302788,304533,254979,275622,279983,389448,356417,291553,329738,306888,256565,268802,266531,295098,343073,329002,308042,298229,303761,272269,305617,360193,311434,341257,310669,277892,298799,287591,264251,365743,328656,300848,246886,291398,304194,289833,273253,333287,341403,316459,282620,343598,275531,278877,311527,329444,321060,345896,294523,244757,293477,272988,283108,335196,317653,338481,308543,
207,252529,276903,281626,318106,350062,61711,56652,300754,300461,251370,271721,275929,382853,352657,286217,325880,301418,252540,265556,261822,296398,337009,322999,305069,293903,299338,268801,300533,354768,305361,335158,305992,273492,294767,282069,259761,359821,322975,295147,243042,286084,299846,284655,268212,329231,335044,310946,278132,338207,271890,274906,306009,324769,317504,337998,291050,241742,289052,267021,278379,330525,313076,333191,302938,
208,247066,271248,276677,312624,344575,55885,49523,294604,294900,247204,266531,271042,376737,344870,282048,319256,296161,247542,261087,257666,291302,331462,318193,299974,288521,294761,263057,295790,348780,301019,329506,300068,267743,289335,276844,255168,354680,318039,289262,238835,281698,294665,279487,264535,323826,329970,306739,274431,332386,267417,271454,299982,319462,312230,332747,287436,236135,284100,262961,273635,325053,307934,328465,300296,
209,242526,266591,273434,308303,337686,48294,39514,291100,291425,243371,262533,266976,371379,340819,277446,315789,291015,244179,257292,253201,286593,324588,312197,295661,284620,290236,259442,292695,342785,296378,324535,294720,263841,285567,273245,251206,347712,311919,283475,236962,277639,290484,275966,259194,317262,325120,299817,271658,325834,262784,265698,294404,314267,305731,326371,282643,233049,279840,258552,268936,318963,303365,322012,294923,
210,237853,260887,268117,301298,331341,37756,26470,286901,285135,238086,256364,261405,363631,334074,270793,308715,284746,238040,250725,247507,280682,318636,306305,288734,277709,282449,254165,285391,335880,288970,315919,287957,257199,279386,267556,246650,339735,304555,276542,231256,271276,284941,269887,254571,311173,317448,294203,264322,319381,258176,260553,287262,307666,300140,318645,278510,226561,273370,253783,264070,313546,297079,314482,290376,
211,232954,256633,262073,296475,325090,25728,15259,281402,279487,232049,252266,255511,355597,328194,264832,302382,278714,234398,246445,243175,273873,309497,297443,281588,273056,278633,249546,280058,328844,281820,307861,281816,253337,274759,262142,241100,331670,297213,269228,225817,266228,280646,265404,249878,303412,310787,288288,260089,314002,252975,256264,281017,301666,294405,310544,274087,221902,267586,248833,257705,306571,290029,308370,285891,
212,226523,248065,256931,289789,318194,16411,9415,277588,274761,227747,246714,250169,348558,322244,259536,297202,272036,227997,241933,237811,267846,303392,291800,275860,268116,273033,244243,275352,320283,273952,300817,276445,246373,270153,257703,235676,324350,288760,263592,222672,260711,275190,258145,243373,297007,302178,281329,254688,305545,246435,249439,273206,295302,287426,303111,270577,215866,261865,241513,253656,299950,282906,301618,283484,
213,221660,240993,249418,282633,311179,10066,7075,271211,268263,221288,240178,244255,339409,314580,251223,289613,263196,222028,235058,231329,259864,292882,283809,268852,260750,267162,238725,268840,311432,266012,291122,268664,238705,263683,251494,231066,314044,280887,254345,216776,254219,269659,252199,238198,288102,294418,273310,249058,297748,240075,243984,264697,286753,281837,293505,263468,210451,255427,234399,246916,290790,275772,292857,278493,
214,213535,233299,242664,274918,301234,7344,6434,265274,260911,215076,233603,234642,328205,305337,242149,281363,253707,216618,228749,223241,251378,281438,274267,261019,253458,259618,230699,261975,299354,254069,280844,258225,230114,257147,244636,223471,301537,268660,242150,210293,246703,261810,243707,229117,276851,282470,264053,240928,287807,233090,237183,254897,279422,270461,282305,257061,200874,246200,225188,237633,282111,266830,284493,273342,
215,205153,224965,234559,266128,289421,6390,5942,258767,253849,206035,226791,226596,316753,296065,229606,272092,243382,207117,220170,214577,240397,268030,261664,250012,245421,251530,223242,254323,288316,237819,263567,246918,218818,249249,237626,215858,290367,252360,223716,202705,237599,255994,234840,221133,263712,266818,252533,233704,276483,224966,229136,241638,268413,260130,264496,250275,193065,237243,215906,229346,270858,257019,272287,266670,
216,194548,206732,224612,255202,273148,5870,5469,249472,244297,195969,217351,216233,300786,285706,207325,259320,225024,196971,210893,204618,222863,240842,242629,235071,235965,242445,214697,246061,266712,205541,232751,226449,203155,240979,228994,206714,267995,220981,182602,190048,227695,247405,223626,210188,239827,237228,237802,222504,263439,214481,219347,221343,254816,241274,233276,241124,177415,224827,200939,218985,252725,240481,254175,259956,
217,174982,172041,210439,239302,242255,5424,5004,240640,235103,178521,205660,194740,272540,269037,165081,240676,190862,178808,195699,186315,189558,193126,207303,204650,222143,231593,200472,235990,225637,151309,179506,188139,172267,231370,218086,191883,225924,164546,123630,166551,210265,237553,205055,193157,194452,184950,206562,204149,241052,196129,205971,184795,230988,207810,181172,231113,150204,198569,173216,201957,217526,212408,218871,254464,
218,132536,109900,177762,202185,183120,4796,4305,222573,217593,136408,179813,147824,211971,233037,100111,197981,125345,135081,158762,144575,130247,120995,142809,147779,190003,205859,167243,215217,155094,84838,106052,124147,115816,210165,193061,155963,152166,92377,62658,118064,171749,222048,159977,153339,124215,111504,147542,164853,189406,154851,175290,114739,181385,145330,107499,208336,95822,145553,117491,158592,153175,157509,154606,244650,
219,83077,59173,129641,150802,113374,4508,3864,191076,188561,87266,141803,94269,135215,175778,51361,135333,67878,83807,110525,93735,73678,64923,82180,87372,140623,165389,121659,181381,88555,44382,55493,69781,66055,173823,155241,109276,83397,46953,33567,70065,122408,194764,104175,102379,66852,58992,86883,113969,126712,103117,129041,61044,120044,84059,56182,168995,51048,88671,66290,105775,90905,97173,91304,233728,
220,37851,27781,68174,83362,62668,3799,3011,143465,129777,39677,81844,44041,73700,108775,29194,75463,31331,37457,55095,43311,39435,37331,44678,46677,74184,100626,63236,119474,48293,28236,33535,38422,30797,111310,93232,54449,45359,29723,24366,36378,64222,138119,49285,49349,37596,35260,46331,67467,61913,49659,68053,29136,67453,45314,33541,119007,22402,40982,29714,50963,50103,52577,49933,215094,
221,21069,20044,34574,44713,36787,2789,1969,86627,74500,21544,42433,24694,42023,56707,22687,38173,22185,20578,29067,23176,25459,27348,28166,28587,37785,53238,32093,66764,32699,24554,26926,26227,20326,60873,49089,28026,31724,25060,22177,20927,34483,82187,26341,26095,27526,29025,28099,35626,34283,26665,34738,21402,36609,28613,26363,67626,15676,24617,19463,27076,31320,30357,31693,180508,
222,15469,18438,20763,26560,29220,1914,1221,43872,34285,16047,21986,18951,32229,33726,21090,26425,20255,16488,19101,17344,21591,25677,24666,23226,22459,26598,19616,31702,28548,23034,25587,23916,17641,29375,24651,17962,28921,24178,21777,16936,21256,38071,19538,18118,25351,26895,23262,22292,25245,18942,20431,19676,25882,24327,24590,34983,14355,20193,16780,19262,26517,23812,26908,123073,
223,14667,17827,18282,22978,27477,1233,743,26762,22469,15102,17779,17796,31027,28348,20789,24307,19589,15605,17788,16228,20923,24593,23320,22600,19798,20775,17225,22862,27846,22428,25002,22904,17088,22063,18986,16449,28141,23880,21102,16046,19127,24447,18346,16798,24724,26242,22223,19212,23455,17976,18229,19110,24040,23575,24403,23768,13833,19619,16037,18005,25348,22502,25669,69636,
224,14081,17183,17519,21722,26756,722,613,21568,19232,14775,16421,17037,29719,26813,19981,23685,18863,15193,17128,15659,19700,23906,22281,21564,19218,19447,16450,20387,26641,21472,23901,22240,16418,19675,17646,15796,27442,22895,20668,15545,17874,20399,17681,16277,23989,25718,21705,18093,22875,17174,17144,18163,23151,22843,23019,20459,13410,18986,15616,17413,24549,21214,24473,28476,
225,13924,16799,17253,21480,26320,595,538,20559,19059,14218,15932,16871,29242,26502,19494,22981,18661,14978,16382,15193,19324,23362,21784,21244,19124,18963,16407,19753,26568,21212,23611,21792,15992,18997,17153,15163,26483,22318,19807,15270,17814,19635,17223,15768,23234,25126,20720,17855,22419,16579,16694,17856,22738,22081,22648,20254,13008,18569,15361,17332,24176,21145,24332,22477,
226,13472,16371,16489,21165,25627,575,537,20609,18398,14057,15479,16279,28656,25725,18984,22996,18186,14440,16182,15029,19074,22815,21475,20878,18244,18512,15699,19167,25548,20729,23277,21228,15412,18351,16626,15325,25996,21796,19215,14879,17375,19003,17105,15247,22700,24336,20426,17462,21584,15981,16234,17586,22174,22017,22289,19382,12707,18058,14646,16796,23344,20757,23359,21222,
227,13179,15932,16236,20327,25232,494,445,20102,18064,13822,15088,15975,27972,25587,18665,22135,17743,13903,15554,14590,18554,21925,20977,20275,17776,18102,15454,18679,25197,20282,22135,20816,15187,18281,16318,14933,25222,21182,19143,14535,16937,19037,16301,15057,21952,23868,20126,17242,21164,15858,15982,17137,21726,21050,21433,19325,12302,17471,14510,16435,22931,20024,23237,20626,
228,12492,15321,15939,19982,24599,479,411,19680,17507,13324,14696,15656,27280,25214,17933,21454,17061,13372,15118,14226,18160,21420,20534,20051,17345,17356,14789,18038,24446,19832,21874,20388,14703,17658,15876,14176,24732,20781,18552,14210,16372,18367,15890,14457,21657,23088,19095,16730,20559,15364,15327,16365,21209,20669,21153,18992,11713,17155,13729,15830,22361,19865,22701,20088,
229,12230,14901,15450,19495,24018,404,333,19229,17155,13090,14279,14935,26791,24397,17496,21068,16594,13074,14692,13522,17668,20649,19868,19428,17025,17162,14302,17934,24122,19367,21202,19776,14359,17514,15365,14017,24006,20281,17573,13956,15991,18258,15480,13979,21055,22705,18781,16173,20057,15034,15005,15655,20549,20102,20043,18721,11397,16554,13565,15465,21656,18908,22123,19569,
230,11695,14287,14776,18734,23287,326,242,18910,16794,12275,14011,14437,26287,23640,16950,20290,15641,12608,14391,13337,17071,20513,19089,18928,16222,16623,13797,17193,23057,18574,20542,19107,13709,16892,14915,13387,23469,19722,17247,13268,15699,17300,14871,13610,20532,21696,18059,15917,19318,14591,14698,15090,20200,19534,19404,18088,10721,15841,12816,14718,20794,18457,21487,19666,
231,11344,13737,14541,18347,22644,251,187,18343,16226,11962,13589,14021,25280,23230,16152,19882,15057,12254,13562,12740,16651,19534,18723,18174,16020,16003,13302,16408,22348,17984,19765,18603,12996,16256,14548,13049,22424,18923,16648,13242,14868,16947,14392,13142,19756,21241,17712,15588,18661,14008,14109,14220,19502,18965,19105,17510,10392,15509,12349,14537,20597,17733,20958,19037,
232,10754,12768,12688,17452,21829,159,105,18112,15724,11579,13178,13424,24256,22570,15676,19160,14416,11610,13619,12122,15902,18800,18166,17376,15312,15671,13021,16281,21847,16936,18800,17910,12511,15859,13811,12556,21560,17785,15781,12467,14259,16579,13785,12569,18819,20407,17201,15011,17784,13345,13624,13430,18790,18280,17705,17182,9558,14508,11415,13987,19684,17500,20189,18537,
233,10002,11931,13258,16910,21144,103,70,17346,15088,10637,12311,12719,23571,21671,15105,18351,13367,11310,12629,11559,15091,17754,17121,16779,14835,15325,12227,15726,20840,16107,17717,17126,11391,15294,13622,11909,20750,16932,14857,12206,13686,16146,13270,11941,18160,19334,16510,14556,16908,12631,13290,12223,18192,17758,17023,17049,8805,13994,10441,13339,19097,16667,19410,18030,
234,8936,9952,12465,16034,20405,81,64,16929,14389,9705,11810,11300,22779,20711,13774,17686,11315,10001,12029,10256,14196,16598,16453,15892,13807,14320,11756,14847,19607,14543,16343,15834,9451,14446,12780,10827,19408,15487,12495,11434,12639,15395,12035,10912,16974,17932,15687,14050,15895,11730,12312,9394,17405,16717,14900,16216,6850,12585,8386,12071,17679,15732,18510,17601,
235,7085,7230,11185,14942,19231,67,56,16512,13784,7924,10815,9696,21527,20137,11993,16860,8467,8390,10620,8629,12836,14594,14979,15005,12621,13620,10527,14380,18097,12158,14121,14794,6826,13822,11967,9586,17901,12817,9338,10690,11347,14784,10396,9579,15010,16272,14176,13353,14113,10097,11410,6579,16250,15205,12291,15980,4484,10281,6002,10782,16545,14772,16912,17205,
236,4404,4089,9362,12743,17629,58,47,15750,12882,5174,9284,6704,19971,19228,9247,15764,5110,5591,8420,5849,10965,11767,13026,13491,10787,12291,8569,13341,15987,9023,11039,12877,4076,12727,10329,7237,15412,9407,6178,9352,9033,13866,7333,7194,12712,13264,12579,12275,10806,7395,9559,3435,15075,13374,9086,15015,2346,7099,3209,7925,14911,13219,14997,16683,
237,2495,2380,6715,10063,14813,49,43,15196,11504,2940,7124,3906,17227,17771,5866,13875,2748,3244,5662,3445,7943,7780,9710,10545,8157,10124,5887,11597,12569,5505,6993,9676,2256,10838,8092,4779,11314,5747,3507,7323,6171,12605,4574,4461,8529,9183,9603,10762,7171,4600,6837,1985,12972,10106,5412,14434,1310,4286,1880,5081,11542,10111,11990,16310,
238,1288,1461,3484,6274,10452,49,50,13930,8942,1551,4246,2038,12745,15286,3229,10505,1662,1629,3054,1756,4538,4365,5882,6917,4497,6859,3091,8645,8046,3015,3907,5842,1441,7638,4965,2348,6749,3145,2177,4431,3448,10168,2311,2249,4919,5140,6028,8086,3862,2416,3844,1428,9099,6164,3033,13098,938,2316,1213,2706,7517,6344,7745,15685,
239,1025,1284,1987,3828,6519,38,30,12451,6020,1173,2332,1430,8041,11229,2037,6647,1491,1232,1904,1207,2716,2753,3453,3843,2511,4010,1731,5668,4501,2111,2596,3426,1269,4642,2909,1509,3900,2212,1880,2638,2022,6886,1594,1497,2887,3282,3406,5281,2410,1559,2167,1339,6026,3448,2175,10948,922,1640,1136,1642,4299,3771,4437,14743,
240,933,1311,1396,2259,3763,33,26,9631,3174,1021,1394,1318,4314,6695,1670,3540,1382,1144,1374,1151,1716,2085,2130,2399,1609,2203,1285,3040,2913,1834,2115,2236,1096,2469,1583,1199,2589,1939,1617,1569,1429,3958,1392,1184,2192,2418,2083,3028,1923,1292,1364,1298,3291,2228,1891,7912,888,1547,1043,1376,2662,2223,2822,14006,
241,919,1266,1278,1748,2637,26,20,6475,1886,995,1187,1241,3063,4048,1592,2317,1380,988,1237,1063,1677,1968,1865,1913,1505,1656,1183,2003,2496,1728,2073,1934,1179,1697,1299,1143,2436,1878,1716,1266,1364,2331,1299,1169,2066,2193,1775,1988,1786,1194,1301,1262,2160,1991,1817,5208,817,1391,1009,1293,2237,1848,2263,12009,
242,846,1184,1208,1755,2357,20,17,3735,1466,991,1150,1228,2743,2708,1542,1958,1374,1039,1122,1070,1519,1891,1856,1839,1429,1403,1155,1550,2394,1795,1953,1882,1133,1482,1180,1049,2336,1897,1637,1228,1320,1639,1188,1074,2010,2153,1695,1484,1661,1209,1227,1257,1931,1831,1792,2856,843,1366,1054,1248,2069,1676,2141,9230,
243,838,1158,1182,1663,2293,15,10,2368,1358,973,1125,1155,2620,2385,1497,1925,1282,970,1153,993,1421,1941,1749,1755,1352,1432,1071,1404,2239,1813,1909,1783,1096,1384,1209,1051,2325,1798,1672,1086,1311,1489,1205,1104,1966,2154,1635,1315,1717,1230,1149,1160,1932,1877,1746,1956,754,1342,957,1182,2024,1645,1983,5968,
244,845,1151,1100,1629,2247,15,9,1894,1364,941,1011,1129,2609,2196,1448,1795,1265,1008,1186,996,1508,1769,1725,1665,1314,1357,1055,1462,2206,1695,1821,1743,1038,1346,1117,1013,2245,1730,1549,1085,1142,1525,1206,1026,1987,2131,1580,1328,1702,1108,1157,1173,1797,1818,1658,1641,753,1374,957,1212,2037,1604,2041,3633,
245,837,1102,1177,1514,2185,7,5,1578,1191,911,1017,1118,2519,2245,1526,1796,1181,899,1100,954,1346,1749,1606,1703,1323,1302,1041,1392,2164,1674,1869,1767,952,1343,1103,988,2146,1714,1518,1052,1197,1450,1109,985,1758,2050,1560,1212,1629,1127,1062,1088,1693,1773,1661,1550,703,1217,926,1185,1941,1516,1965,2209,
246,773,1004,1054,1493,2152,10,9,1671,1275,862,955,991,2535,2234,1347,1696,1185,884,1069,910,1363,1790,1631,1560,1237,1197,953,1354,2063,1588,1826,1583,960,1356,1090,955,2085,1712,1441,1069,1123,1367,1128,954,1856,2002,1483,1096,1434,1051,1024,1021,1681,1556,1632,1481,685,1170,873,1115,1872,1497,1855,1755,
247,757,940,1096,1419,2016,5,4,1611,1198,770,911,1011,2375,2121,1385,1725,1090,867,981,860,1366,1618,1656,1617,1160,1234,929,1279,2152,1502,1652,1586,960,1319,1029,943,1970,1584,1399,1015,1161,1329,1010,924,1708,2054,1425,1247,1438,924,988,981,1771,1650,1607,1461,655,1181,832,1021,1832,1442,1885,1577,
248,749,965,994,1399,1995,6,6,1535,1152,775,938,983,2263,2068,1349,1663,1063,821,1063,864,1256,1630,1538,1517,1183,1161,973,1281,1922,1485,1630,1542,870,1254,1023,945,1966,1497,1334,1000,1039,1276,1029,919,1681,1894,1467,1236,1495,965,996,890,1664,1594,1442,1497,633,1116,847,1031,1772,1450,1770,1648,
249,678,818,967,1395,1879,3,2,1444,1107,742,863,926,2196,2076,1305,1649,982,757,995,819,1296,1552,1442,1454,1135,1189,881,1238,1863,1443,1529,1563,785,1202,1030,868,1882,1420,1220,970,973,1220,964,831,1578,1820,1367,1099,1369,940,960,880,1562,1564,1436,1407,565,1068,698,940,1733,1423,1737,1546,
250,654,860,868,1230,1862,4,3,1403,1078,683,805,885,2224,1962,1146,1485,965,751,898,735,1180,1447,1499,1410,1073,1096,876,1133,1894,1366,1543,1414,732,1200,990,764,1854,1374,1180,863,960,1201,839,806,1575,1706,1319,1078,1226,924,856,702,1490,1479,1302,1344,509,1007,613,888,1688,1325,1702,1544,
251,486,704,860,1228,1857,1,1,1461,1099,626,837,820,2069,1883,1196,1497,806,687,833,687,1133,1412,1323,1377,1045,1119,780,1139,1726,1243,1401,1352,627,1105,888,739,1774,1369,1162,873,915,1190,818,762,1437,1646,1279,1067,1206,824,847,570,1517,1447,1216,1368,387,890,507,883,1542,1235,1579,1451,
252,381,494,797,1193,1716,4,2,1365,1003,500,729,721,2059,1814,1061,1439,607,538,820,541,1057,1315,1325,1444,936,958,758,1060,1698,1179,1432,1299,460,1018,828,654,1693,1215,983,898,806,1126,733,671,1432,1593,1198,1045,1137,737,796,406,1402,1369,1105,1330,227,790,300,767,1523,1231,1584,1449,
253,271,370,704,1089,1790,1,1,1357,914,386,666,516,2009,1806,1028,1377,416,429,669,425,1013,1251,1256,1196,874,901,598,1038,1722,1065,1170,1317,330,933,742,560,1557,1147,829,761,718,1040,576,533,1294,1432,1158,949,984,578,743,263,1372,1249,1038,1187,141,639,191,670,1430,1205,1437,1367,
254,144,184,566,960,1585,1,1,1316,906,218,569,353,1752,1636,865,1318,210,243,529,270,914,1097,1034,1147,695,843,485,961,1528,872,1056,1090,175,865,605,362,1475,934,559,765,476,1007,350,377,1157,1379,1068,881,676,393,603,123,1268,1132,824,1164,78,385,120,465,1350,1069,1297,1384,
255,98,137,419,736,1529,0,0,1184,864,130,402,195,1747,1609,581,1250,134,145,332,145,762,873,1008,1010,531,708,313,857,1321,643,833,1004,119,771,467,228,1251,632,366,629,356,866,246,238,914,1073,872,912,476,260,393,98,1214,997,571,1170,64,238,87,265,1196,912,1217,1339,
256,77,107,256,606,1114,2,1,1213,701,115,307,132,1320,1369,298,986,133,89,251,122,433,406,558,718,345,603,211,711,907,293,345,626,105,634,380,148,733,252,196,375,234,855,168,155,497,620,546,655,317,180,318,112,943,566,251,1100,67,158,75,196,795,606,819,1232,
257,80,97,155,392,821,1,1,1136,541,72,176,109,1060,1261,175,753,133,95,156,77,253,256,390,458,208,344,106,606,582,214,248,394,82,462,217,117,395,193,149,252,171,665,127,135,336,412,351,497,195,129,181,86,649,381,212,1050,51,129,81,132,520,366,528,1222,
258,63,99,122,234,551,1,1,964,367,70,98,94,646,998,161,465,113,82,110,66,162,211,246,252,142,230,92,352,352,183,198,259,93,283,129,96,298,147,129,173,131,445,116,90,207,273,208,354,192,106,128,78,412,202,145,899,57,107,72,119,320,246,337,1198,
259,57,78,93,189,358,0,0,884,190,79,97,99,461,682,129,257,105,85,93,75,139,158,165,182,122,136,91,226,268,182,190,175,90,167,100,80,217,159,139,109,99,297,93,70,214,204,163,258,145,80,75,89,270,171,145,708,74,110,69,106,228,174,228,1114,
260,68,93,86,136,256,0,0,633,146,60,92,85,319,462,128,196,99,81,92,63,97,167,154,155,111,111,84,155,231,159,175,164,89,139,97,75,249,158,109,90,68,175,92,88,156,223,135,153,136,94,112,109,183,126,149,564,64,119,74,101,196,143,195,1004,
261,51,88,79,142,221,0,0,479,121,86,84,89,264,277,132,175,116,64,90,67,146,186,145,129,122,88,73,121,196,151,194,205,57,102,90,89,234,154,122,84,97,128,90,75,185,215,119,142,133,86,96,90,157,154,130,360,53,103,71,110,213,131,183,893,
262,51,79,85,149,192,0,0,287,107,47,70,80,211,252,124,168,95,75,82,60,125,153,134,137,106,92,89,124,196,140,189,158,64,115,94,74,212,121,126,92,86,100,94,79,164,191,131,108,119,76,91,72,163,137,137,217,38,95,63,88,188,117,184,748,
263,43,74,88,153,172,0,0,203,104,65,84,100,227,228,122,146,93,85,79,65,122,153,143,140,116,109,71,107,205,145,141,155,80,121,86,73,200,150,108,78,56,123,80,70,169,205,121,102,110,63,92,84,167,153,130,150,41,83,73,91,191,132,170,484,
264,51,68,112,141,172,0,0,160,100,52,78,73,229,193,137,186,85,64,108,60,111,149,119,128,99,94,72,130,203,138,136,138,67,116,79,57,191,142,120,71,98,119,102,77,145,203,138,101,132,74,88,82,148,144,127,161,48,98,60,95,170,117,173,305,
265,47,57,65,111,214,0,0,142,119,60,67,69,240,173,109,139,80,77,83,57,121,132,152,125,96,109,69,101,194,109,122,172,46,104,71,62,159,113,98,61,76,111,78,64,127,168,124,89,140,75,65,57,163,148,122,121,39,91,60,75,171,118,151,170,
266,44,54,73,124,181,0,0,145,95,60,59,63,168,195,135,158,78,57,59,52,88,117,127,129,93,94,68,107,180,118,141,126,55,106,72,60,184,122,118,80,68,111,81,49,151,172,123,104,111,65,83,64,130,149,112,136,37,96,36,89,160,120,165,152,
267,38,62,70,124,213,0,0,122,88,40,64,64,197,209,104,150,81,58,81,58,97,137,119,105,81,96,47,82,161,133,133,124,46,103,62,62,153,117,103,83,63,99,69,61,117,188,113,82,106,65,63,53,126,128,118,109,19,79,44,87,126,92,166,133,
268,33,47,60,109,174,0,0,151,99,49,68,57,205,167,110,117,70,55,66,42,109,108,144,133,84,73,70,79,173,107,124,115,43,90,80,51,178,115,73,67,71,79,58,53,134,169,90,70,101,53,63,41,143,100,107,116,28,74,44,71,118,108,161,150,
269,20,37,58,108,169,0,0,104,85,42,59,53,207,164,84,137,55,29,62,53,78,107,117,115,74,91,61,104,171,84,121,100,37,93,59,50,163,99,107,76,76,80,63,51,106,154,89,85,113,58,49,29,126,119,88,133,13,65,21,61,144,119,151,139,
270,19,36,50,84,160,0,0,128,69,34,52,39,191,163,79,120,39,33,74,36,79,115,109,140,74,85,50,86,149,105,102,103,14,81,76,51,156,104,77,75,50,80,44,42,111,159,91,69,75,54,50,15,118,111,93,128,5,58,18,59,138,108,131,114,
271,12,24,44,88,143,0,0,121,80,16,40,36,164,157,79,100,20,24,47,27,81,103,90,101,59,66,40,83,137,77,122,104,10,98,47,27,147,88,64,59,42,88,38,33,108,135,90,69,55,38,34,8,129,112,67,109,3,41,12,46,141,116,131,124,
272,9,12,30,77,168,0,0,92,69,7,32,19,165,162,60,106,17,13,34,16,68,82,96,91,54,69,38,61,119,74,96,109,8,64,51,18,138,57,46,54,32,73,29,12,101,129,78,47,41,16,47,13,109,93,65,104,1,36,6,31,109,79,103,129,
273,3,4,27,60,130,0,0,100,57,11,31,12,152,173,37,125,3,5,23,10,58,59,70,82,41,56,14,68,124,66,58,98,6,60,35,18,121,35,30,50,27,70,16,13,77,104,73,71,25,14,27,8,97,67,34,100,1,25,5,21,109,63,112,121,
274,5,6,7,48,112,0,0,107,40,10,16,5,151,119,16,94,9,11,17,9,40,44,46,62,22,34,9,48,107,41,51,77,7,49,25,9,93,32,19,35,18,67,10,5,61,98,60,80,19,9,13,5,82,62,25,86,4,11,6,15,76,48,80,103,
275,3,11,7,37,85,0,0,105,46,5,12,8,117,128,22,80,11,4,13,7,26,28,51,51,10,33,4,39,78,24,22,54,6,38,13,7,61,18,17,27,12,59,10,8,45,48,35,48,13,3,9,13,70,39,15,81,4,11,10,13,52,47,69,97,
276,4,14,3,18,87,0,0,94,28,5,5,11,109,121,9,72,4,6,6,7,15,13,25,39,11,15,2,25,48,15,26,39,12,18,5,9,37,14,6,24,9,44,5,5,26,27,29,48,12,7,5,6,55,28,12,81,3,8,7,10,38,27,61,102,
277,6,6,14,12,44,0,0,72,11,3,8,6,86,100,18,38,8,8,11,8,9,16,17,30,10,7,7,25,35,11,14,23,2,12,8,5,27,9,9,11,8,22,5,6,20,30,27,20,15,8,12,9,44,23,10,80,4,5,5,10,41,16,36,94,
278,3,3,4,9,32,0,0,83,13,2,11,7,51,73,10,31,5,2,6,4,15,18,14,28,6,6,2,12,20,18,7,28,11,11,5,8,24,12,16,9,5,19,11,8,22,20,13,31,10,4,12,7,14,18,12,81,4,5,3,8,26,12,21,94,
279,6,8,5,13,35,0,0,72,6,2,3,5,33,52,13,14,11,7,6,2,15,16,10,12,11,9,5,17,20,12,15,20,10,16,7,9,20,10,14,8,15,17,7,6,10,24,18,15,10,5,13,8,21,21,13,50,4,12,5,7,14,12,22,105,
280,2,2,6,9,19,0,0,57,12,5,6,14,29,34,11,14,7,4,7,3,13,13,13,8,11,12,6,14,18,7,17,8,5,10,8,5,24,15,11,13,5,8,6,5,19,26,8,9,8,5,8,5,15,16,11,43,1,6,1,6,12,6,20,85,
281,1,11,10,11,23,0,0,31,8,3,6,10,19,20,11,16,4,6,4,6,11,15,7,10,4,10,2,3,16,18,13,12,5,9,4,9,18,24,17,8,6,10,8,7,19,22,7,8,18,4,7,5,12,11,12,35,3,11,6,10,9,18,15,83,
282,4,8,6,5,21,0,0,26,6,1,8,7,17,17,8,10,12,7,3,7,8,12,14,10,12,8,5,12,19,11,16,18,5,10,5,3,17,13,9,5,4,15,4,4,14,20,9,7,10,4,5,6,10,14,14,19,1,5,5,8,15,18,14,67,
283,5,0,8,14,16,0,0,23,7,6,2,9,20,28,10,19,3,3,9,4,8,10,5,11,8,11,9,7,17,11,18,19,5,8,6,9,22,10,8,9,5,6,6,6,11,24,10,8,7,3,8,4,14,11,10,8,3,5,5,6,15,12,23,40,
284,3,3,6,7,20,0,0,19,10,4,1,5,21,11,6,10,7,3,4,5,6,12,11,9,6,5,5,4,10,12,15,5,3,7,4,5,19,14,9,9,4,13,4,3,12,13,11,7,5,5,10,7,11,16,5,12,1,9,2,4,14,14,14,18,
285,3,5,5,13,22,0,0,13,7,3,3,5,19,15,11,12,3,2,6,4,6,13,9,9,3,6,7,13,15,9,17,8,5,5,7,6,26,15,10,7,3,13,6,2,13,6,13,7,6,11,3,1,16,11,10,18,2,4,2,7,16,8,17,13,
286,3,3,6,4,19,0,0,14,11,2,1,4,18,27,6,15,5,3,2,3,12,9,9,11,3,7,3,9,16,14,13,8,1,5,6,3,12,12,14,4,3,9,4,3,15,14,8,5,11,6,5,0,10,7,11,10,1,4,1,4,10,7,13,13,
287,0,1,1,13,26,0,0,11,6,2,1,5,14,18,6,15,1,1,6,3,8,5,15,9,6,6,3,6,21,10,15,12,1,8,2,2,14,15,5,3,4,7,3,1,16,11,7,8,4,6,3,4,10,11,8,13,1,3,2,5,11,11,9,19,
288,0,2,3,4,15,0,0,9,10,4,5,2,24,9,7,11,0,2,5,2,11,10,8,3,6,9,1,3,20,6,12,12,0,8,1,2,16,6,2,1,3,5,2,2,13,15,7,5,7,4,2,0,9,9,5,10,0,2,1,2,8,8,14,15,
289,0,0,1,6,16,0,0,11,4,0,3,0,14,18,5,16,2,2,6,0,6,5,7,8,3,2,1,2,18,10,8,16,0,8,7,0,13,6,4,7,2,13,1,1,9,11,7,8,3,0,3,0,9,10,5,9,0,2,1,0,10,5,18,14,
290,0,0,0,2,11,0,0,7,2,1,1,1,17,11,4,13,1,0,0,0,6,4,3,6,1,4,1,6,11,7,8,7,1,4,3,1,12,8,5,1,2,6,0,1,14,12,5,10,3,2,1,2,12,8,6,12,1,1,0,1,9,7,11,10,
291,1,1,1,4,11,0,0,10,3,1,0,0,16,16,5,14,0,0,0,0,5,4,6,10,1,4,2,6,12,1,6,3,1,6,3,0,13,2,6,3,4,6,0,0,8,3,3,4,3,1,0,1,13,8,2,6,0,1,0,0,8,8,6,11,
292,1,0,1,0,19,0,0,8,5,0,1,0,15,21,1,6,1,1,3,0,2,3,4,4,1,2,1,4,8,5,0,10,0,5,2,2,5,3,1,2,1,8,0,0,2,9,5,6,0,0,0,0,8,3,3,13,1,1,0,0,13,4,4,9,
293,0,2,1,3,11,0,0,7,7,1,0,0,10,8,1,2,0,0,0,1,1,0,4,6,1,3,0,2,3,1,1,4,2,0,0,0,3,2,0,0,0,5,0,0,3,2,1,5,1,0,1,0,4,6,2,7,0,1,1,0,4,3,6,6,
294,0,2,0,0,8,0,0,11,2,0,0,1,12,7,0,6,1,0,1,0,1,2,5,1,0,2,2,3,2,0,3,4,0,1,0,0,2,0,1,1,0,6,3,0,1,1,5,4,0,0,0,1,7,3,1,10,0,1,1,0,6,3,5,10,
295,0,0,1,0,5,0,0,17,1,0,0,1,11,3,0,2,1,0,0,0,1,1,1,4,1,1,1,2,4,1,0,3,1,0,0,1,3,0,1,3,0,0,1,0,0,2,3,4,0,1,1,0,4,3,1,7,0,0,0,1,3,0,5,8,
296,0,0,0,0,5,0,0,2,1,0,1,0,8,13,2,1,2,0,2,0,1,1,3,1,2,1,1,2,3,0,1,1,0,1,0,0,2,3,3,0,1,3,2,2,0,0,0,1,4,2,0,1,3,1,3,10,1,1,0,0,1,1,5,9,
297,0,0,2,1,1,0,0,9,0,0,0,0,4,4,0,2,0,0,0,0,1,0,2,0,1,0,0,0,4,0,3,1,0,1,0,0,4,8,0,0,3,1,0,1,0,1,1,3,1,3,1,0,1,2,1,7,0,0,0,0,2,0,4,6,
298,0,0,1,2,7,0,0,6,0,0,0,1,3,4,0,1,1,2,1,0,1,1,0,2,2,0,2,0,2,1,2,2,1,1,1,0,4,1,0,0,1,1,0,0,1,0,1,1,0,0,0,0,1,2,0,4,0,0,0,0,1,0,1,5,
299,0,0,0,1,2,0,0,2,0,0,0,1,4,5,1,0,1,1,1,1,0,3,1,1,1,3,0,0,6,2,0,3,0,1,1,1,0,2,2,0,2,1,0,0,3,2,1,0,1,0,0,0,4,1,0,3,0,1,0,0,0,1,2,5,
