165,26994,25028,29331,49864,154111,13743,20803,130058,93459,18425,49888,22983,180241,159071,97751,138586,20816,21711,23323,22620,113023,130351,124699,103209,27074,88054,36467,73951,132146,108588,113945,99637,23036,37815,49716,22397,139344,110718,94046,100265,31108,48573,26963,39346,125783,115369,121384,128247,35117,19139,56536,24697,142487,132096,136300,114009,17052,21084,21412,46025,133081,124559,129061,100278,
166,49394,43692,56232,89518,148523,22770,35436,140007,115143,29756,84225,40903,168101,147543,125343,133605,29760,35841,44869,35758,121280,139645,132334,111575,49114,127623,68549,107166,139715,116374,120268,106734,36464,68672,85991,38526,148668,120506,105672,106410,58724,82770,47780,73495,132949,122675,128735,139454,66620,31477,90197,36681,139389,141336,169401,125179,26693,34356,30383,79953,135652,131209,135986,105315,
167,79714,74176,84817,117687,151527,38737,54743,173499,124710,51272,105910,67699,168033,150727,119388,131565,53014,62022,72428,62016,127721,147650,142835,117572,83186,163222,100085,138089,148615,122962,128629,113277,62125,94471,111817,64622,159537,128601,113649,119284,89569,108893,78183,103730,142498,131183,136856,172587,104624,54756,110562,63301,144205,140171,173838,167432,47396,60021,51007,101906,143189,136686,144763,112762,
168,108533,106995,109456,138042,169862,58523,74403,307927,132907,78888,120827,94456,183290,164609,117491,140085,89662,99712,108774,98734,141481,160421,161569,129236,128827,161995,138898,151390,163663,132164,140523,123858,96367,114747,135817,94554,173347,137956,123042,175186,121366,134819,111768,140621,153847,144407,148295,295643,136969,84077,119905,100758,157945,149644,173958,323574,74370,91601,84878,114607,158476,147483,166557,135841,
169,126357,130548,121442,145765,242495,78624,108792,672147,140940,98030,128497,110335,234705,215492,125355,159386,134324,138580,133474,138813,188035,189581,238408,162167,169267,150972,162556,143764,214209,151412,171870,154067,121378,123192,144437,121031,219452,152385,133445,361509,146444,136897,148340,165497,186181,194479,184880,611967,152946,103256,125573,125930,201654,176135,186566,667728,92469,109682,111816,121178,211559,175215,247178,222759,
170,133606,140535,127972,154619,538862,124734,208852,1370699,153557,109926,137759,121490,487668,472725,159911,267543,165974,145499,126435,163556,384906,335549,525610,323621,165081,154351,152806,145282,445480,253115,330799,300398,136587,127870,146695,135053,438700,227541,176159,720695,147304,134534,160612,156816,346644,430661,356834,1080621,164727,113910,134359,140812,403991,315010,238307,1172626,103237,121832,127663,130352,437123,301886,534518,492151,
171,139299,146843,135868,167712,1125998,248224,390292,1910936,169298,116629,147889,128047,1131757,1136958,314440,641839,155489,136023,124628,151351,770600,710087,979660,675152,155277,166472,150247,156753,919200,553684,716651,650363,143260,136674,154262,133446,903624,496650,362331,965006,148859,142452,153336,156876,744451,894082,766550,1319485,176020,120647,145166,148606,865185,675761,436463,1517799,110147,129444,136123,140175,890768,640639,1002270,872283,
172,151444,160158,148370,192801,1837570,425247,556769,1732157,234641,125524,165521,139261,2038363,1974658,729205,1367782,154628,139480,134148,151900,1152816,1170558,1327231,1029460,161449,219320,161623,201317,1382155,986554,1161902,1053892,155368,153973,171175,137888,1322715,933698,725694,1031154,161078,162458,157409,169905,1218441,1285259,1220507,1325906,195763,130458,165197,160117,1498742,1194566,872244,1421307,118872,141577,146857,155288,1415098,1122085,1410377,1156658,
173,166117,182455,176911,288933,2005998,584617,758331,1450451,445699,137361,218501,155946,2332171,2117060,1501837,1985633,167927,151369,157441,163795,1364068,1503876,1457262,1219204,186835,409761,192802,361646,1547222,1334810,1425042,1295423,170657,210536,221626,152933,1466005,1300467,1109941,1041870,190322,243137,176103,206943,1468598,1361159,1432788,1313687,242302,145515,237801,174968,1946397,1769401,1613824,1282209,128520,159575,158941,201713,1697091,1592390,1519611,1249582,
174,237652,308846,334726,685863,1868768,970193,1529881,1626464,957477,180577,472658,238836,2122367,1932132,2025889,1885661,246760,224126,313666,219243,1500495,1691367,1668271,1483808,341060,1062370,370621,908944,1646165,1456169,1535609,1444709,235780,484279,468275,224478,1723087,1621206,1515821,1343003,353826,588265,279465,410678,1609304,1585628,1643656,1618165,497079,212386,555826,229718,1865973,1868976,2391108,1465540,162940,262221,193897,435167,1715734,1781636,1656117,1419024,
175,496034,695262,741395,1257873,80640312,72609911,75514440,110489859,1347605,375127,938696,525719,95221619,98002190,142457487,85489524,543548,500770,764437,450328,76816521,80782460,98841018,106858801,828013,1913149,836044,1663129,73762501,67143079,73786073,84009354,513060,979936,969494,491504,115787727,111558204,123384208,131762511,788866,1170305,623913,908571,84169867,118038375,143186994,134128331,1045571,449476,1044240,445992,73902231,68404769,76940714,90545045,295327,563924,328637,864625,81218231,77145621,94611162,97686229,
176,1080998,1388265,1343143,1713187,220895707,178393852,176426022,234052993,1565878,861164,1445359,1067468,218649486,233737095,251403465,218748880,1472878,1314438,1587030,1186161,193674037,205251768,228046900,257566326,1822122,2152330,1697489,2051637,198181132,313726109,180424632,198335163,1127071,1532561,1621919,1103113,215813984,210030557,225486072,238777677,1511524,1770614,1386842,1769853,210859825,237469425,265493527,257181074,1670157,990206,1424490,1031898,206200311,182305516,182837306,334453343,719245,1105425,805233,1284275,211225508,198300441,227807293,225531344,
177,1484133,1781506,1636001,1943369,293930245,244775922,248900646,292316492,1766641,1233735,1685887,1442777,303507536,286341910,242438195,254297804,2093267,1859170,1757658,1872302,204781941,216267934,227174227,281775330,2150762,1971165,2016542,1848183,218587100,194486435,181577702,199528424,1592244,1824220,1890908,1548769,168737883,164467389,172606786,178734580,1864330,1893993,1876823,2103560,244260882,177608465,187953245,213259170,1872251,1323515,1455231,1451035,290000405,252354802,252316883,300915933,1093822,1354150,1270700,1367032,278033070,250367583,255990439,236187807,
178,3988730,4243070,4002343,4635284,340952711,292190333,317781641,339629813,5874376,4172815,4042067,4132161,335908665,341834037,282381657,290005538,4795352,5957685,4674892,4341921,202820955,221192256,191866004,295681096,4900783,4586421,4200611,4329953,223724658,189511778,176662317,190115550,5526193,4895834,4615538,4076293,160981297,158209529,161821931,154018562,4446145,4388634,4287171,4712174,198751309,164133351,163164559,200420378,6630604,4554606,4209059,3624148,365014188,282533768,279928924,329087729,5359511,5593063,3871255,5743251,294092071,269902548,266474210,263687782,
179,157274013,150388261,147688445,153885094,376980970,324255210,358830006,381835088,234512902,179820004,140459215,166121602,394878200,398622119,337364451,339412460,215469068,274081314,202604780,155732980,212554436,223259371,218793874,288299352,192156819,180472585,143504953,147441629,221947931,195232518,181620169,195018283,222086319,191763310,170292795,153421488,158295319,156747842,160569595,163026620,156312750,158708544,153619820,183055077,180338879,162443095,175333071,184898077,302715675,203667670,181308438,132349392,362235327,311703109,294505981,341122220,266287660,271413277,217461336,307382692,314105531,280431101,267115015,271084562,
180,178178553,179879045,175773907,180731741,403757534,338242098,385841726,433404908,226508752,191531311,158414871,181596821,447942273,456885833,405749306,380943583,236342334,256399721,207887354,169307835,207983756,220706802,213486192,290946919,204861264,206531590,168133891,204819876,238818848,190929903,174661342,194981447,220636183,212532966,205174886,179197184,160436848,157899647,161008060,166134992,183310717,191745964,190829821,214979882,195578307,162811121,170852824,176022727,241747686,197990615,190343062,165774682,382359562,335456986,309835882,346538063,244033368,253504680,215634827,177546438,319819831,297493910,294130033,217616124,
181,185211208,185878507,182577936,181322414,411193100,339152449,388944150,475089823,209573846,196637089,177082310,169879449,510999503,530973362,521035159,425843884,266364199,259825300,235131171,187222149,199970695,166478107,197523404,271106758,227198158,247146048,206927631,232975353,200907056,192011386,181161924,191856921,233324368,236220421,281879935,235322028,161236924,159923082,164474929,169908296,234692107,237772960,244014710,249812616,195722585,164245768,168877316,172129162,188861949,177550415,177852950,182149102,379044403,349349910,320144521,373845126,196197135,190669195,181049197,171165418,320282342,294014385,244455669,240819308,
182,183980053,189227848,173695513,184492793,425946512,343485122,394223025,498549421,193500435,210765271,180111894,170947437,575137409,599726415,621079654,537834561,275987904,281121913,268664778,209868775,182787944,186493636,204145700,256492470,270014847,294728190,258882639,276753930,178988067,175199423,169194887,180844798,262586636,253044977,332607489,280701101,159317977,156478764,158930007,162272372,276229412,274626572,274703268,280682824,170259510,159624277,160488101,163954098,169723114,167284231,169832763,196082196,361248161,362917348,325879710,364840875,174110553,169447271,169943536,173105196,316438788,305343805,243196222,263118176,
183,187981868,194281816,173929298,179665170,413690804,340028688,392833663,499185429,217450919,212568760,182582968,174194454,584277442,610551924,647752566,584664887,302776019,311337941,301434887,248712005,167910542,171299261,195520460,271234179,314334186,338257697,293107841,308067006,162117504,161726309,158628712,169741376,279693622,267998833,365300078,301503394,154043643,153706895,154812247,156575640,296874827,288008037,318089818,301292450,158393423,157049905,155897709,143773864,163340637,162943964,166072427,199800487,334104351,363585771,328448564,338579078,165223230,163699029,165459518,169337499,304883315,288502729,227010888,163843618,
184,199138364,199247633,169135082,177302876,401828728,336897519,396599420,486334424,210955771,195155440,150656336,160178473,560216937,591316681,628091434,577340879,328817669,352540991,342229468,284595652,163147491,163599259,188023412,221085554,358600617,374198090,318013623,335262006,157491440,157207591,155127053,165154679,292734958,264122872,379931999,316871006,153209234,153003550,153700391,156270492,313136295,301099929,346584192,323328899,154598134,158393944,154207386,157937677,161132476,160979704,162991075,200857095,318225695,345304148,323008527,319207017,160307751,159952684,161387824,164099518,292808861,407536032,213848945,319080411,
185,186915674,204736136,167962378,169314394,390074672,346865683,430541473,488736250,189397143,187453216,179188661,169021247,548406091,578452001,617288221,577988011,362918855,389476866,385258994,316416120,158997047,161901126,180247702,213707027,395318319,399887290,331687562,346932597,163921536,155286546,153913009,163360977,292902198,250067596,409154837,325027547,152838363,152510320,152988742,154669665,320115602,311932233,362040308,332093772,155375705,161633643,151818605,161444306,159060563,159253416,160546872,195135154,313423593,333581085,100676875,304650683,160408147,157420628,159405712,161415814,280257615,267124597,206372135,203488643,
186,189176485,211775684,169708850,173064178,389034030,381986726,462423253,494127998,185083408,195596396,167252775,164764656,544944409,577888615,611582527,598786038,405004404,420634450,429597902,348773872,157473181,161257539,173415985,206302432,430678844,423717643,337348207,346270945,156423311,154978826,153240821,162428202,294537096,251113936,394499210,327525263,152566715,152200785,152601397,153196708,322549272,319140207,370496784,341587385,153965628,166227285,153026577,156964321,158942792,159513820,160661086,53559797,316954077,324099502,318600220,280407558,158993481,157273628,158519764,152115093,268220366,243557965,206860152,202164044,
187,189193375,211240269,175069314,173573638,433932632,430603910,465260124,489107352,206968171,213472578,165516949,169955271,541282871,566676725,587247743,592436490,400102339,438699242,453893339,377801504,155363582,160101777,171033223,140787211,455691281,424278566,341128039,346723334,153600799,154514123,152399151,162188395,295817419,267637869,408888732,330613813,151860897,151585524,151836900,152225447,330272703,323189182,368820772,347944319,152947684,167686753,152698779,155117098,158094439,158384411,160944206,184871978,331819533,331472301,304035296,322362286,155264745,158266440,157739588,159625096,259726194,248219699,207206770,206413876,
188,193945237,209367891,199761307,173976521,491797983,433521497,432339093,450984585,199844123,69021618,165954519,169760056,494046153,508927213,523467902,540484051,518802147,455064299,471971672,413481403,144734858,148411497,158720808,190292634,475993222,433504561,348604497,348945377,144947483,144846070,143093544,153116497,293732952,277171511,387801142,328430157,142468455,142144276,142431950,141809374,324988084,325892716,360473422,351218563,143939223,154478259,143043117,144300486,157186876,159063403,160184179,183375896,334122986,317647131,274733230,310328543,157891744,161034718,157027016,159682175,240131254,228254321,193750251,192478084,
189,184984205,205283275,175901794,172789924,267320917,241472217,236027845,242208330,200631353,140641473,175427204,167920961,260607277,263169908,271847503,285040271,452400933,468618639,484378842,431840462,78766749,79846859,85467614,102633385,483743800,405047842,359888694,362926719,79280466,78832974,78122397,82878269,283699647,261136073,384527012,313258583,77782063,77639426,78053340,77569799,327367098,327509307,353916367,356007570,78874734,83120784,78158088,78655320,291038638,158160491,158297458,150478523,192861293,176970516,159746096,174996201,156687436,153072573,155543579,156219991,131256243,124485291,103635751,102770831,
190,174414456,199461423,165931653,161171040,33402971,31301928,29435679,29258808,174108382,182614652,301631629,158082344,30921017,30891828,31771882,33514055,430509363,442145189,457939010,419570041,10335809,10529093,11103658,12808048,460768663,431883470,353927561,352145463,10405514,10298488,10305857,10594606,264077201,237733361,342426312,291788278,10377471,10278025,10163344,10001038,307457890,305527123,329922694,336200415,10421508,10803522,10353119,10347544,146499629,148569530,149643495,172123866,25598642,32259910,21926025,22274694,146048277,146428591,146356938,136307031,17144297,15467692,13071301,12594151,
191,106300562,123323191,101252851,106314957,1669662,3605377,3561377,1620786,114316887,128078487,96202209,96622899,1851230,1702754,1499771,1689401,276423164,270863919,277326504,258735995,1402243,1551231,1526050,1341273,278408106,263620752,224513113,222404757,1530592,1343085,1423003,1308135,158332159,148693662,216981117,122462000,1543817,1450132,1318973,1151093,190792669,188201070,202149656,209656366,1491570,1398456,1468275,1416453,92412724,90717787,91714181,106627720,1685551,1611286,1859996,1446995,89418662,89193637,89705569,89900378,1547210,1565894,1452721,1304299,
192,5879055,7316886,6202127,6134950,1318560,3187940,3073330,1270197,6745774,6373877,6073267,5855554,1481727,1334126,1111459,1281247,14982023,14614388,14424782,14032084,1280372,1430540,1400758,1190776,14561382,14223199,12705906,12399527,1411716,1223342,1306413,1183757,8774534,8115706,11873065,10023275,1426620,1330315,1203715,1035759,10890239,10604380,11380862,11796321,1373525,1271589,1351873,1298422,5948153,5573286,5749425,6501576,1353337,1296013,1580026,1166719,5595995,5589730,5720690,5601639,1330009,1380473,1302135,1156178,
193,1641154,1693065,1564922,1663693,1314192,3069882,2710524,1269287,1681509,1465730,1615028,1466015,1477679,1331546,1109934,1278137,2061171,1887396,1812340,1984625,1281545,1429863,1397244,1190080,1983070,2031687,1947646,1905044,1408183,1224310,1301952,1183268,1772385,1627745,1930536,1683900,1422162,1329860,1199780,1033139,1850978,1783186,1853945,1964676,1372218,1267984,1348328,1298297,1853180,1438966,1530415,1680187,1353539,1294032,1574257,1165280,1466981,1509619,1619047,1494829,1330832,1376717,1300367,1156425,
194,1387044,1403609,1325142,1433166,1312205,2609924,1832259,1268610,1422864,1228034,1384534,1242959,1479696,1331351,1106906,1277303,1347138,1202426,1144340,1343244,1277378,1424534,1395064,1185814,1329356,1375512,1340850,1312406,1403838,1218425,1299472,1180252,1412780,1268027,1405437,1239089,1420519,1329923,1197544,1034165,1340245,1297908,1333655,1417497,1368138,1267655,1345761,1297090,1632349,1221946,1310147,1426244,1351106,1292335,1575137,1162992,1246191,1294234,1402800,1277555,1327553,1375766,1298155,1156555,
195,1385528,1401187,1321494,1432250,1310401,1780177,939198,1265730,1419946,1224319,1384502,1237935,1472323,1328295,1105161,1276445,1347782,1202201,1145979,1342197,1274564,1424296,1393151,1183732,1329209,1374258,1339609,1311472,1403995,1216300,1298645,1178304,1411265,1266486,1406562,1239661,1417474,1324236,1192613,1031923,1338182,1294648,1329326,1415899,1367121,1265561,1343672,1294144,1627792,1217753,1311356,1426093,1349758,1288115,1572261,1161530,1246902,1292513,1399314,1276250,1326402,1372098,1295844,1151856,
196,1387066,1399596,1320778,1429919,1306769,1000450,482832,1263796,1416954,1223498,1378720,1236112,1468414,1323657,1103292,1272272,1345328,1197977,1142242,1341460,1273263,1421948,1388597,1182307,1325604,1370211,1336829,1309787,1400720,1216216,1295602,1174158,1407229,1265342,1401760,1234856,1412140,1321740,1191137,1031053,1334897,1295802,1328002,1411821,1364331,1259395,1341580,1292972,1624404,1215484,1307909,1421996,1343487,1286794,1567805,1162132,1243682,1289699,1397573,1274270,1326675,1372960,1292159,1153800,
197,1383905,1396285,1317176,1423339,1305705,501325,327550,1263246,1416962,1222665,1379434,1234457,1464865,1320041,1097964,1267220,1343968,1197022,1138982,1340303,1271075,1418630,1386430,1179189,1320145,1368437,1333924,1307150,1396277,1213740,1292967,1171962,1406419,1261942,1400048,1235076,1409469,1317346,1187462,1027920,1332207,1291694,1329883,1408729,1357615,1255559,1335800,1290098,1623514,1214702,1306446,1420916,1342989,1284057,1566041,1161988,1241484,1289129,1392508,1270201,1319393,1368799,1287303,1152883,
198,1379904,1392620,1313434,1424949,1299811,329866,296494,1261376,1412461,1220158,1375838,1231106,1459185,1314272,1094147,1264983,1340311,1195959,1137310,1335790,1266888,1413924,1384186,1175808,1319646,1365113,1332224,1304165,1391323,1207906,1284785,1165936,1402074,1263349,1398091,1229957,1401377,1310138,1183035,1027852,1329593,1290579,1324265,1405219,1352411,1253926,1330814,1289796,1615233,1211962,1302952,1417591,1338816,1279346,1560194,1159288,1239878,1282218,1390434,1268620,1313504,1364972,1285580,1149582,
199,1375039,1390995,1311346,1421022,1296284,296496,288044,1257123,1410981,1215042,1373539,1229246,1453300,1310182,1091534,1259957,1337338,1193968,1134688,1332508,1262029,1408519,1376521,1171253,1317078,1361484,1329481,1301752,1386651,1201690,1280026,1162562,1401738,1259177,1393728,1229669,1396832,1307314,1178039,1022397,1325477,1288430,1319348,1402117,1348997,1248536,1326519,1288054,1611172,1207808,1299148,1412934,1332684,1274252,1557124,1156431,1237073,1279862,1389049,1263863,1313127,1361063,1282102,1149135,
200,1375948,1387751,1307606,1416555,1293188,288117,283048,1255743,1408819,1213659,1369699,1225473,1453932,1308452,1087078,1256497,1332560,1189786,1129050,1331592,1256571,1403146,1371315,1166150,1312374,1362207,1325030,1301467,1379882,1198007,1278870,1158259,1398792,1255458,1392334,1224850,1392178,1301452,1175354,1021711,1325856,1284032,1319346,1397943,1346849,1245237,1323362,1280375,1602251,1205858,1295393,1413767,1327479,1271633,1548013,1152519,1233838,1276786,1384896,1262488,1305118,1356566,1275087,1144958,
201,1371337,1383195,1304082,1412791,1288542,283191,278259,1252582,1407740,1211541,1366170,1222123,1445263,1306535,1085139,1252971,1332220,1186947,1130370,1329516,1252882,1398508,1365044,1163727,1310720,1357202,1317155,1297325,1377421,1194491,1271570,1151801,1394873,1250357,1388381,1224623,1393377,1297946,1170599,1018069,1321605,1281109,1318823,1396215,1338516,1237917,1317015,1279983,1592790,1201903,1290401,1407136,1325543,1268540,1546121,1150536,1228022,1272015,1378526,1257861,1304482,1350008,1271806,1144235,
202,1366611,1379473,1301748,1405584,1285979,278073,273014,1249718,1401077,1210291,1362522,1220024,1440829,1298422,1080581,1249180,1327658,1183085,1127692,1323058,1248401,1392547,1360345,1158144,1306421,1348966,1311282,1288647,1371984,1187968,1267423,1149412,1392446,1247714,1384302,1222103,1388793,1295422,1167388,1017224,1317404,1277539,1312438,1391830,1337506,1237349,1315088,1277189,1586295,1198218,1285553,1403560,1317599,1262567,1539514,1146593,1223122,1266401,1376460,1252535,1296714,1346021,1264721,1141121,
203,1362946,1373754,1295431,1401505,1278831,272917,267435,1248703,1399337,1204712,1361811,1213647,1433659,1295960,1077125,1244610,1324900,1180833,1120469,1318530,1243317,1389487,1358828,1153009,1300932,1349751,1309959,1286303,1365142,1184429,1262408,1145855,1387370,1244338,1381977,1218027,1384498,1288269,1160979,1014458,1313314,1272886,1309545,1386903,1332759,1226184,1309844,1275420,1578386,1189175,1282268,1398505,1314968,1258751,1533532,1143437,1217344,1262141,1367769,1248271,1291663,1340183,1261516,1135492,
204,1359020,1369573,1292978,1396945,1275671,267110,261086,1245984,1392860,1200201,1352957,1209251,1431586,1290049,1074745,1240623,1315545,1175114,1117602,1314328,1240240,1384264,1351139,1151092,1295782,1343107,1309242,1280433,1359888,1183295,1255875,1138910,1381049,1237211,1376946,1212852,1369297,1285170,1157075,1012352,1306296,1269113,1302980,1383762,1327603,1218729,1305449,1272765,1582259,1184763,1276284,1392410,1311131,1253645,1529404,1142619,1213083,1257570,1362397,1242809,1289676,1336534,1259718,1134078,
205,1354950,1364660,1287222,1391964,1265517,259267,252236,1242644,1385913,1193907,1346552,1210023,1415889,1284117,1065691,1232568,1312192,1171505,1113158,1309080,1234753,1379391,1343761,1143961,1292126,1339072,1306586,1278747,1342537,1170650,1242574,1118102,1375129,1235372,1371707,1207024,1371827,1270383,1145156,1010172,1300725,1263947,1299874,1378738,1317658,1178204,1300133,1269494,1578979,1181692,1273091,1388194,1305642,1248402,1522071,1139159,1208878,1255403,1357938,1240257,1286021,1331180,1253167,1132174,
206,1348611,1358987,1279542,1382519,1221506,251259,242984,1238845,1381003,1190543,1340747,1204400,1358271,1265103,1029489,1214773,1307103,1167044,1109420,1306869,1276281,1365651,1321990,1115824,1286967,1335096,1301320,1272137,1265436,1123190,1172811,1025190,1369406,1232469,1365621,1203741,1341207,1214404,1101249,1009392,1296310,1261709,1293989,1371580,1293910,1031201,1291222,1266800,1569964,1177912,1266490,1381051,1295795,1237259,1509384,1137382,1205177,1249362,1355407,1234485,1263542,1322586,1232711,1127384,
207,1343715,1353118,1277537,1377048,1077276,242499,229325,1233126,1374579,1188911,1335972,1200440,1170280,1192671,913395,1142930,1301942,1162077,1105955,1303770,1255193,1313292,1242424,1024508,1283045,1332642,1300117,1267765,1048212,974457,992003,813076,1362670,1226273,1360598,1199549,1270715,1044037,959221,1003753,1292202,1256546,1291801,1368400,1195470,737633,1266363,1260998,1561143,1175107,1264572,1380042,1252155,1186058,1466940,1127429,1201391,1245448,1349437,1231185,1187405,1293231,1163965,1126135,
208,1339134,1348266,1268988,1368547,733351,223860,195954,1221101,1372967,1184091,1331743,1192767,744248,929162,618123,888692,1293715,1159163,1102070,1295235,1142267,1121490,981502,759976,1275708,1325024,1292728,1264727,637710,642799,615924,465204,1359000,1221160,1356644,1196422,998041,668589,633070,999336,1285673,1251548,1283898,1361966,903612,365590,1141285,1253648,1541838,1168436,1256719,1370989,1088945,992159,1286508,1085070,1196376,1234829,1346292,1225690,944688,1167236,936054,1122514,
209,1333540,1339892,1261420,1354192,394735,188913,142715,1165570,1364541,1178000,1324142,1190291,371597,557621,319807,523946,1270523,1153637,1092398,1292119,888095,784322,615947,442332,1265620,1318574,1289474,1256085,320431,339071,313083,226006,1351544,1211574,1349605,1190779,608157,335718,325464,978915,1280356,1245473,1279725,1355899,537401,178315,861891,1225503,1504997,1157606,1253624,1364625,780622,665708,930224,946628,1187900,1215939,1343632,1219458,596761,893362,602159,1102280,
210,1329197,1313635,1244754,1274316,188103,134122,84005,978145,1357184,1167744,1318067,1176784,181597,254819,145130,231384,1163147,1145935,1049125,1283308,516810,407987,294886,204498,1229365,1308055,1285398,1233794,166894,164371,156434,122432,1330772,1175116,1343907,1183147,283660,163341,153146,878780,1260552,1212084,1268735,1345597,251062,118900,476607,1107545,1358480,1132458,1243844,1353900,410293,333668,495095,653522,1176965,1132812,1333324,1209727,289635,510830,297006,1011762,
211,1323299,1223980,1181865,1077719,129838,84259,49764,668796,1339102,1139683,1305073,1128320,137759,144512,99507,130044,916642,1126166,920366,1258983,258934,208382,161311,122305,1110735,1269530,1269517,1147241,131191,115814,117198,100056,1263766,1067808,1330218,1160546,165249,121370,110871,658253,1195566,1112014,1232562,1311171,148709,109577,232617,845315,1058934,1045111,1223047,1312893,204638,171170,245280,362415,1132089,937042,1313302,1171610,159973,253624,163369,800143,
212,1292636,937375,954100,680296,118309,53458,37926,380902,1260325,1009991,1233700,944974,130019,118997,91243,108865,503527,1017116,615613,1150358,152116,143896,126200,104102,779550,1101051,1204807,878323,124053,107067,109255,95610,1031656,772436,1257644,1053961,138351,114507,102958,400240,966147,824436,1067919,1151772,125667,107375,143156,530491,590967,785711,1108026,1148837,135647,125652,162724,192532,959741,567831,1228656,1030252,125187,153064,126221,523783,
213,1192136,578389,625949,363645,115521,39157,34549,199665,1057455,753547,1056859,649805,128593,113691,89750,104327,246046,781600,336431,906953,119867,128610,116978,100159,436074,796772,1026627,543482,122644,104746,107445,94851,699725,456677,1074210,822368,132524,112740,101673,203021,645829,495208,775275,912975,120084,106890,118880,276699,298275,478733,870300,838651,118149,115289,141775,122867,663317,294062,1020736,761493,117485,123119,117620,276664,
214,879019,251586,282064,178849,114709,34819,33657,130162,637014,380947,668538,307346,127367,112615,89372,103299,135113,400506,149922,492439,112161,124995,114294,98665,189726,392592,636104,240940,121746,103690,106289,93768,327254,203735,670423,441819,129679,111773,100463,117596,300714,218028,381819,429052,118888,105102,112602,154917,168146,210052,471969,418279,114421,112569,137682,100862,303679,146133,604877,382079,115744,115667,115119,142608,
215,525838,151280,155460,139337,113631,33730,32885,112716,333650,191116,359050,164013,125954,111246,87798,102356,118569,196639,106747,244267,109994,122886,113661,97865,129314,202177,329486,144805,120055,102918,105921,93161,178105,129531,356089,222447,128892,110354,99706,96521,166993,134567,195901,217496,117742,104047,112246,122982,147569,128011,240834,215638,113653,111959,136500,95461,154970,119073,310479,197432,114501,113908,114191,105429,
216,261228,126627,119239,130909,112718,32340,31530,107001,180401,120952,188012,120251,125351,110058,87632,100906,115375,122193,96674,142494,108472,121985,113067,96904,117473,137024,170086,118652,119660,102073,105222,92472,133129,110530,185420,132033,127893,109889,98341,90165,127511,112588,132414,140251,115981,104061,110202,113300,143501,107559,144149,146296,111549,111293,136363,94003,110391,114312,169597,132012,113191,112525,113280,94761,
217,154132,121675,111952,128840,111827,31535,30719,105632,134725,105698,133690,110634,124385,109600,86703,99742,114192,106158,95855,119141,107936,121018,111291,96569,115048,121465,125209,112724,117263,101085,103903,91264,125729,107373,133418,110750,126538,108368,97776,87957,118872,108900,119469,123301,116130,102909,109500,109302,141359,103994,120347,132361,111194,109958,134317,92494,101603,112631,130935,116729,111954,111596,112397,91303,
218,124314,119780,110098,127057,110752,30719,29882,104348,122786,102237,119259,108885,123329,108861,86506,99687,113551,103392,94375,115043,107378,120061,111222,94997,114146,118051,116264,111751,117472,99996,103143,90986,122885,105623,122127,106651,125341,107796,96648,87070,117082,106786,116851,119306,114946,101931,107594,108444,140172,102435,113739,128891,109720,109024,133367,91941,100003,110633,124062,113429,111645,111467,111729,89724,
219,118679,119112,109149,126080,110425,29693,28775,103776,120694,101422,117302,107974,121492,107800,85136,99364,112762,102264,93405,113907,106043,118708,109946,94311,112996,116750,113843,110690,116159,99449,102481,89617,122294,104677,118981,104856,124556,107039,96256,86227,115731,105845,116100,118637,113686,101723,107615,107155,138970,101877,111594,128820,109777,108377,132444,91629,98599,110742,122124,112716,110780,110284,111400,88770,
220,117549,117866,108476,124916,109327,28820,27811,102708,119574,100149,115179,105932,121434,106341,84790,98289,111951,100461,92505,111860,105732,117890,108746,93757,112162,114684,113208,109988,115983,98682,101525,89246,120537,103358,119240,102924,123147,105464,95489,85714,114068,105027,115306,116658,112254,100496,106850,106206,137147,100172,110620,126958,108344,107378,130806,90772,97560,109145,121215,111030,109777,109371,109773,88603,
221,116307,116508,106898,124128,108414,27578,26369,102444,117894,99161,114003,106197,120925,106497,83395,97218,110823,100186,91802,111979,104832,116917,108278,93302,111492,114806,112119,108703,114574,97824,100423,88210,120173,103073,118122,103847,124704,105442,95018,85170,113403,103256,114161,116761,111762,99621,106287,105556,136208,99660,110006,126234,108191,105968,130201,89781,96476,108086,119715,110517,109015,108909,109088,87634,
222,115533,116185,105819,122247,107678,26080,24273,101914,117169,99395,112789,105901,119313,105624,82874,96327,110366,99812,91267,110931,103595,115554,107270,92435,109770,114028,112251,108051,113893,97547,99632,87848,118939,101915,116718,102781,123378,104408,93835,84754,112062,103091,113473,114851,110943,99106,104245,104998,134422,98849,108933,123987,107032,105723,128078,89765,95483,107219,118629,109359,108332,107678,108227,87160,
223,114694,115018,105508,121811,106259,23557,20645,101098,116308,98071,111889,104766,118165,104581,82280,95968,109143,98337,90690,109270,102062,115605,106405,91047,109228,112501,110065,107292,112987,95646,98933,87075,117941,102126,115900,102139,120482,103238,93076,83584,111508,102284,111676,114112,110004,97708,103637,104649,133629,98560,107566,124026,105811,105374,128540,88774,94614,107445,118184,108334,106751,106956,107446,87147,
224,113221,113246,103910,120378,105220,17095,12718,99676,114248,96659,110143,103601,116750,103138,80926,94366,107388,97027,89259,108431,101020,113341,104769,90283,107434,112049,109639,106209,110696,94966,97065,85031,117125,100603,114439,100754,119022,102124,91463,83145,110160,101259,111061,112354,108669,95903,102720,103448,132463,96921,107117,122077,104929,103319,125978,88238,93733,105930,116317,107012,106361,105330,105631,86285,
225,113084,113043,103157,118857,103394,12604,8371,98655,114347,96237,109692,102374,115269,102501,80634,93196,106503,96914,88465,107942,100654,112430,103344,89386,106796,111090,108949,104607,109682,93874,96365,84035,115831,99249,112458,99779,117748,101060,90546,82405,109260,100113,110270,111023,107412,94879,102035,102032,131105,96217,105850,121339,103653,102819,124767,87575,93027,104758,116046,106353,104667,104498,105159,85171,
226,111178,111539,101927,118256,102848,8551,5841,96955,113401,94859,108287,101719,113664,100546,78894,92502,105059,95855,87400,107142,98899,111482,102879,88052,105632,109556,108078,104092,108252,92505,94817,83231,114593,98769,112495,98587,115948,99472,88794,81741,107904,99495,109126,110388,105126,93858,100042,101834,130130,95079,104365,120307,102365,101836,123288,86731,91691,103402,114436,105053,103168,103369,103739,84523,
227,110432,111069,101827,117038,101433,6053,4808,97961,112149,94771,108538,100776,112513,100194,78102,91291,105032,95141,86624,105896,99005,109997,101796,87816,104951,109736,106860,103381,106883,91277,93709,82345,113882,97398,111717,99144,115194,98674,88063,81548,107894,98910,108480,110466,104862,92414,99532,100843,129890,94921,104151,119169,101358,100466,122389,86406,91003,102780,113679,105007,102535,102720,102372,84056,
228,109724,109586,100271,115496,100706,5018,4577,96956,110757,93468,106525,99529,111135,98986,77259,90746,103938,94193,85975,105283,96849,109336,100252,86039,103986,108248,107092,101998,105178,89882,92186,81234,112324,96427,110631,97180,113371,97136,87253,81080,106529,98424,106955,108683,103391,90887,98114,100210,128046,93730,103318,118079,100081,99111,121158,85418,90187,102014,113124,103807,101505,101646,101343,83863,
229,108037,108597,98973,115466,98574,4563,4385,96457,110139,92594,106145,99258,109937,97059,75712,88777,102463,93028,85246,104051,95399,108062,99398,85273,103393,107487,105676,101008,104128,89016,91476,80252,111337,95523,109134,96436,113174,96198,85957,81101,105764,97000,106187,107859,102439,89282,97066,99366,125995,93024,101777,117745,99343,98431,119551,84498,90041,100524,110843,102359,100171,99919,100354,82537,
230,107367,107679,98841,113924,97278,4266,4128,95400,109581,91794,104848,97663,107790,95620,74110,87948,100611,91864,84351,103301,94804,105819,97517,84185,101873,105635,104499,99651,102458,87441,89113,78458,110237,94520,108727,95514,109048,93225,84330,79849,104865,95751,104846,106457,100543,88079,95605,98876,124409,91947,101146,115690,97803,96097,118333,83132,88081,98952,110537,101538,98809,98579,99512,82350,
231,107005,105621,97630,112487,95585,4149,4027,93946,108609,90923,103403,96197,105965,94732,73356,86144,100019,91099,83131,100950,93632,103927,95764,82128,100642,104931,103266,98563,100311,85535,87222,76925,110059,93762,107374,93854,107126,92806,82944,79080,102853,94736,103877,105347,99285,86087,94241,97484,122985,90728,100054,114318,95535,95594,115795,82559,86853,97430,109345,100923,96973,96893,97864,81128,
232,105342,104349,96041,111392,94098,4201,4052,93348,106848,89870,102850,95975,103675,92802,71453,84418,98584,89631,82236,100801,91464,102393,93993,80276,99456,103749,102040,98096,98136,83911,85425,75108,108130,92551,106079,93545,105983,89939,80650,78864,101952,93970,103038,104538,97184,82943,92317,96539,120461,90062,99554,112946,94658,93790,114061,82193,85695,96926,108121,99425,95645,95721,96339,80209,
233,104128,103525,94782,109030,92091,3934,3777,91809,105067,88564,101236,94272,100867,91338,68966,82812,97110,88901,80967,99172,90365,100605,92316,79090,97893,102984,100660,96239,95453,81789,82475,70459,106215,91542,104722,92533,103495,86159,77773,77596,101178,92619,101404,103728,95096,76559,91338,95856,117956,88864,98567,111720,93119,91919,111904,81446,85055,95910,106989,98061,94347,94744,94141,79719,
234,103162,101924,92869,107818,87088,3758,3586,91026,104683,86644,100214,92759,94043,88493,62451,80300,94985,87719,79279,97804,88763,98658,89637,75602,96220,101166,99642,94737,85793,74685,73369,60445,104271,89655,103651,90827,99853,77459,69841,76093,99316,91183,99944,101406,91143,59967,89387,94502,115684,86385,96750,110265,91169,90157,108276,79853,83043,93547,105330,96862,90356,91785,91280,78784,
235,101920,99669,91405,105415,78128,3594,3417,89812,103009,85494,99080,91606,80473,84141,49786,73258,93376,86879,77685,96545,86512,95040,83917,68342,94334,99495,98863,93335,69452,61725,57392,44613,103312,88400,102057,89705,94626,60923,55435,75841,97190,89545,98451,100057,83553,41201,86729,93615,114425,85133,95326,109122,88828,86273,104036,78930,82148,92243,104101,95596,86441,89747,87949,77738,
236,100420,98344,90421,103269,62867,3346,3120,88997,101569,83872,97326,90327,59930,75448,34644,61584,89739,85219,76170,95299,83083,87307,74142,56797,93160,97728,97094,90746,49432,44941,39830,29748,101274,87121,100901,88214,82570,41508,38752,74293,95350,88543,97001,97662,70274,25727,82804,92236,110495,83880,93784,106592,82953,78135,93449,77235,80345,89542,102138,93615,76861,84877,80484,76635,
237,99394,96301,88723,100353,42432,3096,2769,86991,100150,82822,95950,88776,36319,58398,20204,42308,82819,83293,74731,93052,70037,73057,55179,38851,91635,96836,95702,90093,29888,27705,23586,17840,99170,84852,99077,86653,61196,24485,23704,73588,93600,86684,95826,96479,49126,16368,74004,90667,103687,82064,91947,104408,70775,63296,74332,76055,79397,85669,100310,92126,59425,74106,65014,75528,
238,96561,92345,85889,93290,25013,2540,2104,85680,98346,80102,94501,86123,21572,36296,12432,23623,65732,81843,68026,91706,53855,49755,33704,22526,85807,94986,93664,88091,18916,16796,15307,12354,94854,81003,96919,84658,36569,16017,14889,72412,91489,83138,93092,94527,28769,13385,55407,89752,85770,77396,90388,102109,51018,41633,47658,72746,75827,74286,98325,90324,37877,54519,42943,74026,
239,95776,85455,80759,81241,16917,2018,1548,84097,96519,77680,92167,81803,16557,21876,10624,15023,44564,80282,57319,88961,35220,30939,21025,14814,76069,92799,91745,83523,15719,13462,13059,11115,89153,74723,95638,82593,22765,13548,12275,70527,86534,78645,89843,91521,18802,12462,35926,87359,62226,69315,88736,97426,32410,24932,29111,67073,69587,56971,95610,87994,23575,35008,26833,72192,
240,92786,68236,67314,57231,14471,1483,1069,78836,93725,67853,89530,70518,15583,15330,9899,12167,23831,74128,38407,82143,20125,19247,14784,12155,53986,87442,88513,72662,14660,12567,12202,10433,71436,58619,92122,76305,17230,13064,12021,66423,72824,65911,80809,84661,15035,12574,21021,83366,35566,50461,84560,85788,19136,16480,19369,53076,53552,33647,88490,80728,16079,20367,17148,67437,
241,89560,46522,49711,36552,13767,1187,804,67947,90638,52523,84804,53577,15233,13764,10078,11765,16061,63003,23897,70625,14496,15852,13365,11314,33682,77260,83339,56033,14446,12182,12274,10413,51236,39671,86410,64464,16245,13181,11676,56781,54109,47504,65955,71314,14384,12189,14998,74794,23049,32601,76948,66878,14772,14091,16872,37243,35421,20847,75329,68771,14173,15104,15132,58558,
242,78466,25821,28021,22188,13500,910,710,49989,80925,31998,71707,31653,15050,13394,9841,11510,14036,42392,14419,47613,12587,14923,12964,11138,19124,56122,69532,34111,14340,12010,11977,10356,29776,22475,71807,43932,16019,12871,11475,41196,32726,27505,41595,48126,14135,12276,13479,58035,18169,18424,59668,40182,13403,13334,16177,22408,19242,15299,51348,47016,13944,13464,14262,42555,
243,60995,17541,17707,17310,13437,721,646,32702,64901,19419,54402,19794,14954,13128,9702,11339,13809,25761,11979,29593,12095,14840,12786,11154,14605,36370,50234,21487,14084,11964,11877,10198,19793,15561,52645,27246,15880,12601,11390,26502,21153,17668,25185,29688,14039,11983,12873,40278,17229,13883,40327,24651,13252,13205,15976,15025,13284,13645,32472,29675,13936,13378,13943,27524,
244,37862,14859,13605,15873,13188,703,661,21698,42002,13567,32921,14524,14806,12771,9641,11336,13411,15785,11026,17539,11770,14407,12710,10797,13801,21602,29532,15064,13975,11754,11621,10134,15490,12853,30827,16666,15670,12561,11101,17273,15674,13633,16929,18547,13599,12035,12701,26235,16715,12382,23164,17896,12890,13069,16027,12129,11510,13456,19431,18257,13515,13098,13567,17795,
245,23947,14245,12987,15469,13020,618,594,15680,25684,12275,20928,13625,14744,12656,9518,11027,12990,12870,10850,14589,11609,14274,12483,10667,13374,16126,19072,13544,13545,11442,11508,9995,14834,12366,19923,13489,15514,12493,11091,12953,14407,12759,14689,15157,13649,11763,12436,17809,16632,12061,16203,16431,12830,12880,15614,11175,11036,12989,15749,14982,13397,12797,13632,13002,
246,16240,14164,12417,15233,12920,583,555,13248,17497,11690,15306,13076,14397,12609,9494,10930,12910,12143,10678,13584,11429,14193,12339,10676,13316,14208,14894,13052,13542,11302,11464,9999,14594,12292,15419,12582,15097,12150,11007,11161,13988,12109,14292,14068,13369,11748,12355,14547,16530,11825,14162,15576,12267,13045,15365,10506,10967,12936,14863,13960,13398,12798,13362,10940,
247,14462,14069,12351,15227,12941,559,534,12627,14945,11442,13777,12923,14257,12491,9250,10669,12941,12016,10557,13200,11431,13803,11963,10611,13200,14065,13753,12940,13314,11121,11454,9711,14200,11915,14456,12284,15040,12006,10849,10533,13423,12066,14048,13669,13021,11452,12338,13193,16044,11758,13390,15593,12541,12705,15389,10509,10722,12849,14746,13950,13035,12379,13228,10189,
248,13860,13741,12293,14920,12635,551,529,12455,14303,11638,13278,12641,13994,12347,9182,10721,12607,11772,10441,13161,11220,13731,12028,10638,12841,13822,13822,12832,13176,11248,11169,9533,14203,11994,14022,12273,14690,11886,10549,10314,13493,11809,13863,13449,12862,11100,12014,12885,15969,11580,13403,15400,12414,12610,14916,10523,10680,12712,14417,13683,12755,12240,13329,9955,
249,14006,13718,12144,14690,12358,525,510,12198,14172,11187,13161,12654,13766,12193,9011,10368,12539,11860,10381,13065,11103,13729,11703,10215,12823,13663,13346,12620,13030,11050,11136,9409,14363,11740,13817,12188,14484,11766,10490,10287,13394,11746,13833,13507,12894,11024,11842,12574,15941,11532,13148,15305,12178,12424,14870,10262,10311,12690,14251,13567,12890,12206,12771,9957,
250,13217,13513,12020,14820,12264,465,437,12088,14006,11227,13166,12621,13632,11758,8885,10374,12275,11698,10246,12757,10746,13426,11747,9962,12711,13208,13562,12579,12998,10810,10771,9393,14047,11707,13459,12112,14200,11715,10415,10272,13047,11746,13464,13390,12757,10889,11475,12441,15549,11084,13152,14797,12098,12024,14623,10296,10346,12380,14036,13212,12567,12053,12677,9675,
251,13359,13402,11912,14545,12111,446,408,12067,13702,11123,12969,12270,13268,11788,8802,10321,12136,11312,9979,12874,10877,13072,11524,10057,12518,13163,13247,12224,12644,10740,10499,9287,13805,11393,13512,11693,13966,11327,10172,10017,13182,11424,13534,13201,12514,10768,11744,12256,15041,11204,12741,15019,12042,11885,14646,10263,10201,12131,13640,13148,12549,11853,12522,9624,
252,13062,13212,11685,14204,11942,401,356,11802,13546,10942,12713,12092,13329,11590,8507,10109,11827,11324,9941,12482,10660,13143,11432,9885,12421,12923,12917,12207,12373,10673,10493,9133,13377,11196,13298,11715,13890,11279,10085,9749,12992,11584,13163,12885,12503,10561,11384,12029,14992,11077,12569,14550,11725,11918,14343,10224,9966,11918,13665,12955,12501,11685,12300,9656,
253,12922,12958,11576,14080,11984,321,274,11886,13536,10829,12308,11999,13017,11520,8425,9886,11828,11387,9854,12200,10577,12973,11338,9599,12073,13039,13096,11935,12391,10378,10161,8863,13466,11116,13217,11485,13774,10949,9688,9952,12867,11475,13017,12709,12238,10180,11194,12024,14823,10897,12318,14404,11708,11678,14082,9981,9861,11918,13904,12913,11974,11599,12109,9665,
254,12957,12790,11384,13904,11652,260,206,11488,13136,10515,12091,11759,12860,11268,8268,9593,11537,11204,9464,12311,10210,12682,11102,9835,11930,12959,12647,11977,12074,10176,10091,8683,13288,10907,13030,11396,13602,10708,9550,9816,12625,11135,12890,12626,12180,10211,11109,11848,14736,10738,12105,14147,11368,11652,13851,9902,9995,11691,13113,12533,11997,11650,12197,9400,
255,12873,12680,11326,13649,11483,206,140,11351,12989,10523,12282,11772,12574,11203,7970,9631,11352,10944,9578,12019,10267,12491,10993,9433,11904,12750,12239,11620,11821,10188,9963,8632,13289,10815,12811,11149,13247,10521,9568,9605,12350,10872,12525,12466,11765,10071,11100,11933,14622,10646,12201,14236,11147,11254,13735,9743,9731,11813,13126,12549,11821,11341,11818,9394,
256,12590,12792,10920,13430,11109,132,108,10985,12886,10512,12133,11423,12237,10801,7792,9328,11400,10809,9434,12262,9976,12261,10600,9201,11701,12577,12063,11298,11639,9590,9445,8325,12985,10683,12779,11233,12904,10402,9211,9514,12352,10781,12590,12250,11366,9530,10553,11720,14436,10445,12027,13829,11191,10928,13458,9541,9527,11368,13025,12429,11407,10835,11507,9191,
257,12513,12303,10777,13188,10773,102,91,11061,12904,10337,11899,11393,11782,10598,7610,9218,11130,10792,9062,11814,9610,11692,10359,8848,11849,12278,12188,11379,11228,9344,9250,8079,12362,10584,12426,10829,12612,9946,9167,9422,12043,10776,12215,12059,11155,9249,10407,11268,13978,10088,12004,13653,10724,10712,12962,9534,9394,11455,13028,12206,11208,10826,11192,9145,
258,12379,12040,10873,13113,10472,119,113,10806,12602,10147,11919,11236,11421,10293,7502,8939,10799,10486,9088,11658,9473,11654,10091,8530,11332,12098,12190,11129,10835,9243,9066,7747,12682,10391,12116,10624,12480,9791,8706,9231,11882,10545,12011,11690,10949,9055,10259,11240,13562,10116,11519,13311,10670,10820,12720,9193,9073,10904,12752,11998,10942,10546,10942,8896,
259,12018,12165,10597,13069,10427,103,103,10723,12480,9846,11477,11261,11374,10136,7037,8789,10803,10270,8973,11514,9370,11450,9943,8418,11117,11958,12058,11142,10447,8820,8679,7461,12400,10304,12215,10605,12167,9323,8406,9150,11778,10293,11950,11793,10687,8631,9996,11078,13531,9840,11718,13204,10172,10358,12449,9048,9065,10838,12614,11836,10680,10217,10832,8776,
260,11774,11974,10374,12647,10078,99,96,10576,12112,9670,11209,10887,10906,9932,6731,8281,10233,10206,8654,11378,9255,11142,9585,8198,11025,11930,11526,10906,10186,8436,8334,6888,12100,10225,11920,10572,11780,8655,7962,8945,11488,10379,11686,11529,10356,7779,9957,10894,12935,9748,11499,13045,10191,10191,12180,8998,8963,10475,12387,11615,10538,10053,10736,8619,
261,11690,11510,10290,12343,9656,86,79,10445,12017,9521,11435,10818,10257,9549,5899,8310,10189,10181,8559,10816,8929,10900,9263,8110,10675,11595,11477,10680,9316,7768,7236,5924,11898,9813,11944,10197,11433,7909,7235,8938,11298,10065,11532,11118,9943,6215,9719,10715,12953,9523,11267,12788,9899,9916,11680,8859,8749,10247,12234,11452,10240,9954,10513,8622,
262,11555,11385,10164,11969,8794,88,85,10284,11971,9210,11000,10499,8992,9122,4571,7604,9978,9971,8325,10978,8819,10391,8934,7292,10430,11276,11492,10149,7699,6435,5743,4504,11415,9515,11577,10047,10758,5910,5606,8603,10972,9794,11247,11377,9387,4252,9284,10702,12274,9329,10955,12574,9428,9466,11121,8710,8543,10143,11841,11203,9614,9563,10088,8284,
263,11393,11070,9757,11678,7481,72,62,10181,11715,9181,10822,10036,7180,8572,3083,6563,9276,9448,8116,10733,8465,9768,7946,6369,10311,11291,11271,10166,5582,4924,3849,3043,11262,9535,11363,10015,10089,4154,3793,8605,10904,9561,11141,10936,8240,2757,8979,10525,11922,9370,10710,12422,9142,8877,10349,8535,8286,9729,11773,10949,9080,9202,9404,8084,
264,11093,10784,9550,11465,5633,74,72,9604,11571,8915,10650,10203,4921,7544,1943,4710,8556,9413,7796,10343,8015,8975,6752,4619,9825,11036,10945,9982,3647,3205,2485,2038,11016,9417,11013,9617,8163,2696,2626,8461,10246,9522,10768,10559,6282,2081,8355,10272,11299,9014,10413,11983,8343,7851,8364,8311,8006,9235,11382,10780,7612,8308,8478,8305,
265,10918,10460,9271,10989,3919,74,66,9817,11268,8723,10478,9788,3214,5796,1522,3219,7330,9002,7379,10003,6940,7246,4874,3144,9531,10721,10665,9713,2745,2254,1976,1525,10473,8929,10834,9321,5853,2102,1874,8388,10325,9141,10498,10625,4197,1805,7345,9941,9970,8525,10342,11582,7054,6153,6293,8102,7725,8414,11186,10512,5952,7234,6725,7963,
266,10697,10009,8912,10147,2618,51,41,9713,10849,8493,10254,9356,2344,3828,1303,2137,5046,8947,6659,9764,5399,4959,3201,2115,8722,10419,10549,9491,2127,1845,1642,1399,9960,8320,10730,9240,3740,1899,1775,8283,9773,8891,10263,9972,2832,1700,5753,9903,7735,7822,10150,11213,5335,4092,4078,7844,7067,6920,10670,10390,3884,5348,4682,7732,
267,10527,9155,8572,8663,2107,47,42,9222,10865,8015,9875,8864,2225,2573,1245,1675,3292,8815,5280,9497,3713,3311,2228,1630,7662,10231,10233,9104,2013,1645,1643,1356,9214,7614,10396,8719,2824,1740,1646,7942,9144,8255,10000,9822,2111,1737,3926,9694,5365,6687,9681,10608,3549,2790,2938,7638,6150,4940,10309,10006,2695,3590,3152,7551,
268,10190,7436,7010,6891,1979,36,30,9289,10501,6951,9657,7854,2153,2043,1238,1572,2254,7933,3690,8831,2457,2527,1965,1549,5538,9795,9827,8355,1972,1661,1673,1358,7542,6260,10160,8380,2535,1700,1520,8012,7845,7490,9143,9133,1988,1642,2768,9469,3423,4926,9480,9356,2616,2112,2337,7092,4511,3207,9470,9237,2274,2625,2394,7291,
269,9845,5510,5641,4780,1847,30,24,8751,10187,5751,9387,6290,2175,1840,1279,1479,2009,7272,2587,7974,1977,2203,1676,1543,3737,9208,9559,7109,1939,1613,1610,1340,5651,4780,9608,7550,2373,1692,1495,7324,6158,6034,7883,8177,1960,1611,2043,9256,2817,3477,8840,7508,2084,2020,2186,6400,3146,2374,8330,8602,2059,1966,2096,7007,
270,9100,3445,3670,3239,1867,26,20,8207,9959,3754,8521,4206,2001,1734,1283,1458,1865,5569,1835,5978,1624,2071,1680,1466,2423,7954,8740,5121,1949,1611,1572,1272,3700,3004,8790,5537,2338,1615,1525,6778,4290,4088,5640,6296,1975,1616,1784,8800,2365,2243,8015,5013,1835,1841,2233,4923,1835,1920,6039,6788,1925,1816,1969,6479,
271,8028,2596,2383,2443,1775,15,12,7424,9104,2524,7738,2867,2015,1720,1278,1531,1785,3898,1483,4355,1595,2054,1614,1407,2014,6225,7499,3615,1918,1539,1503,1255,2710,2094,7431,3717,2268,1622,1511,5788,3064,2734,3858,4489,1929,1546,1795,7832,2330,1703,6618,3453,1732,1877,2043,3550,1593,1886,4168,4915,1955,1751,1862,5295,
272,6004,2102,1927,2192,1828,21,17,5702,7757,1882,5838,2116,1959,1751,1235,1351,1735,2342,1509,2643,1524,1883,1619,1401,1898,4008,5233,2445,1857,1529,1522,1292,2168,1731,5414,2380,2179,1576,1494,4338,2346,1996,2532,2832,1806,1519,1659,6391,2256,1689,4329,2549,1717,1728,2155,2389,1478,1819,2741,3017,1940,1701,1964,3904,
273,4111,1931,1704,2144,1814,21,18,4181,5990,1673,4005,1932,2054,1704,1176,1324,1673,1864,1493,2156,1509,1974,1594,1443,1823,2878,3640,1942,1845,1530,1452,1227,2076,1670,3792,1933,2236,1580,1399,2979,1978,1744,2143,2197,1831,1506,1647,4705,2227,1650,2980,2286,1733,1726,2115,1810,1377,1787,2249,2505,1794,1719,1889,2678,
274,2708,1917,1573,2207,1651,12,14,2866,3878,1565,2663,1801,1879,1686,1086,1397,1622,1704,1426,1919,1475,1920,1584,1365,1786,2095,2390,1797,1745,1490,1387,1256,1989,1599,2432,1771,2146,1507,1398,2071,1824,1668,1896,1898,1778,1569,1614,3285,2146,1601,2144,2290,1684,1683,2041,1519,1390,1788,2147,2055,1847,1646,1888,1866,
275,2169,2025,1657,2084,1704,13,12,2243,2847,1569,2086,1845,1891,1528,1084,1330,1673,1577,1366,1839,1438,1860,1557,1345,1748,1971,2010,1735,1730,1447,1447,1231,1923,1530,2167,1662,2105,1535,1404,1693,1782,1646,1915,1864,1794,1436,1571,2409,2180,1533,1870,2231,1576,1770,1970,1411,1338,1749,2059,1915,1730,1535,1836,1480,
276,1987,1896,1532,2001,1693,4,4,1849,2191,1503,1925,1780,1905,1601,1095,1290,1697,1627,1310,1765,1437,1776,1506,1353,1733,1966,1957,1708,1651,1446,1415,1172,2026,1556,1877,1718,2144,1522,1388,1525,1842,1589,1853,1819,1823,1522,1571,2021,2107,1530,1872,2193,1612,1689,1991,1403,1358,1764,1919,1918,1725,1587,1793,1371,
277,1853,1851,1589,1980,1703,19,16,1724,1947,1523,1858,1705,1815,1651,1099,1294,1577,1572,1393,1773,1306,1810,1450,1312,1722,1858,1874,1772,1635,1451,1381,1217,1974,1538,1867,1702,1980,1459,1390,1439,1832,1610,1837,1827,1720,1468,1512,1858,2117,1490,1818,2169,1605,1631,1910,1396,1266,1709,1893,1920,1701,1590,1797,1334,
278,1919,1752,1527,1983,1698,8,7,1686,1861,1479,1698,1766,1787,1565,1078,1276,1514,1519,1294,1729,1433,1743,1537,1263,1757,1823,1864,1695,1661,1353,1305,1119,1856,1528,1859,1627,2003,1536,1319,1455,1801,1560,1894,1798,1673,1384,1545,1690,2080,1502,1796,2104,1559,1644,1913,1313,1370,1608,1899,1834,1634,1479,1724,1277,
279,1805,1830,1512,1906,1597,11,12,1677,1941,1488,1648,1760,1744,1539,1036,1284,1537,1557,1221,1714,1384,1711,1479,1246,1580,1869,1801,1640,1642,1346,1296,1126,1809,1514,1886,1613,1923,1378,1280,1388,1727,1557,1840,1693,1589,1408,1501,1681,2137,1508,1720,2035,1512,1639,1877,1363,1287,1676,1953,1799,1682,1512,1708,1261,
280,1815,1741,1511,1973,1585,7,7,1610,1817,1410,1712,1632,1698,1516,1018,1277,1533,1493,1236,1716,1355,1684,1409,1291,1666,1823,1758,1662,1645,1346,1307,1104,1872,1452,1774,1574,1931,1366,1191,1417,1715,1560,1806,1700,1629,1346,1456,1693,1992,1471,1769,1943,1422,1596,1852,1334,1249,1594,1839,1853,1644,1447,1716,1245,
281,1714,1775,1436,1945,1552,9,5,1591,1850,1413,1658,1580,1668,1513,998,1268,1535,1484,1193,1688,1334,1764,1373,1200,1568,1782,1803,1574,1521,1288,1306,1039,1721,1421,1823,1500,1825,1335,1244,1321,1803,1511,1743,1757,1566,1246,1440,1636,1963,1443,1750,1961,1459,1524,1757,1316,1175,1603,1882,1809,1599,1503,1649,1273,
282,1748,1778,1523,1868,1458,6,5,1622,1741,1375,1606,1634,1628,1451,1023,1116,1463,1477,1290,1620,1305,1674,1362,1203,1547,1729,1694,1574,1472,1223,1219,1016,1750,1373,1746,1526,1739,1382,1155,1334,1653,1542,1656,1604,1503,1262,1408,1633,1871,1429,1670,1982,1424,1462,1863,1254,1207,1580,1788,1773,1544,1484,1582,1139,
283,1724,1627,1426,1848,1510,6,4,1495,1651,1358,1555,1566,1547,1421,976,1152,1421,1436,1203,1562,1346,1635,1316,1118,1538,1720,1701,1495,1448,1266,1239,1016,1711,1394,1691,1560,1829,1237,1141,1199,1669,1433,1674,1596,1511,1258,1374,1562,1893,1347,1637,1935,1411,1476,1742,1299,1141,1487,1733,1738,1547,1410,1555,1245,
284,1654,1651,1448,1757,1489,5,4,1542,1777,1286,1554,1618,1525,1407,974,1087,1412,1458,1171,1622,1263,1594,1304,1138,1589,1686,1675,1574,1435,1210,1121,958,1695,1408,1644,1438,1732,1246,1128,1344,1502,1371,1771,1561,1476,1223,1323,1481,1761,1344,1575,1877,1383,1480,1686,1167,1134,1511,1771,1697,1444,1330,1615,1210,
285,1678,1698,1429,1726,1423,3,2,1523,1744,1308,1541,1475,1437,1407,893,1112,1333,1396,1172,1562,1214,1496,1326,1079,1472,1666,1687,1556,1399,1189,1141,949,1599,1380,1736,1415,1684,1244,1153,1322,1629,1396,1568,1503,1524,1131,1295,1449,1708,1286,1553,1930,1353,1433,1724,1180,1093,1341,1721,1584,1392,1321,1508,1162,
286,1676,1587,1369,1734,1366,5,3,1419,1752,1216,1528,1552,1428,1298,800,1060,1314,1403,1132,1454,1227,1500,1210,1048,1378,1570,1591,1435,1346,1084,1090,906,1626,1278,1655,1391,1600,1109,1039,1253,1593,1320,1594,1565,1377,1053,1317,1447,1702,1206,1561,1788,1323,1402,1619,1197,1155,1354,1657,1568,1429,1376,1512,1175,
287,1563,1512,1291,1707,1284,0,0,1508,1693,1293,1522,1446,1457,1276,766,1039,1368,1291,1141,1457,1213,1495,1179,989,1465,1613,1595,1423,1379,1069,943,785,1650,1347,1557,1387,1543,1020,956,1277,1526,1320,1605,1488,1333,890,1247,1479,1651,1212,1531,1714,1328,1208,1577,1208,1100,1393,1629,1571,1358,1286,1360,1178,
288,1509,1474,1267,1663,1172,2,2,1491,1699,1243,1440,1442,1220,1184,597,936,1232,1290,1036,1388,1225,1375,1147,981,1418,1556,1564,1333,1023,847,727,604,1528,1212,1562,1420,1399,749,730,1193,1397,1360,1515,1452,1243,635,1238,1466,1607,1203,1540,1779,1239,1235,1397,1146,1006,1323,1602,1504,1287,1279,1301,1121,
289,1458,1468,1192,1620,1036,2,2,1420,1527,1166,1463,1359,1060,1105,444,831,1155,1317,1038,1472,1111,1349,1099,848,1272,1598,1492,1387,796,694,563,401,1450,1204,1574,1307,1413,609,570,1164,1388,1289,1496,1386,1155,408,1170,1455,1514,1206,1506,1746,1193,1219,1326,1175,1013,1223,1574,1576,1267,1125,1292,1024,
290,1455,1433,1274,1534,889,0,0,1381,1604,1164,1372,1365,801,1077,277,624,993,1291,923,1367,1081,1213,957,711,1326,1487,1458,1324,613,457,390,267,1468,1139,1478,1280,1347,391,365,1248,1491,1267,1471,1368,977,305,1108,1445,1435,1140,1471,1654,1080,1053,1209,1097,962,1193,1547,1523,1099,1115,1207,1002,
291,1456,1390,1106,1419,672,6,6,1380,1525,1086,1373,1301,538,954,228,499,781,1281,891,1317,1065,1114,788,516,1240,1469,1515,1283,422,351,281,225,1409,1135,1470,1189,1023,279,291,1159,1348,1104,1440,1372,686,245,1063,1372,1244,1097,1393,1579,1038,971,989,1100,933,1100,1420,1426,962,1067,1168,1009,
292,1384,1296,1136,1346,475,2,2,1311,1498,1185,1338,1251,399,767,209,359,593,1135,806,1282,849,948,596,365,1084,1376,1386,1258,329,293,285,240,1278,1177,1415,1240,779,267,261,1147,1268,1165,1376,1303,571,263,929,1345,1032,1057,1294,1525,890,777,704,1092,851,840,1472,1424,755,896,961,974,
293,1418,1238,1075,1161,388,0,0,1316,1490,988,1357,1246,351,578,192,269,394,1116,677,1251,722,696,414,232,1014,1419,1346,1178,295,248,236,186,1171,1062,1411,1137,535,272,224,1129,1202,1104,1319,1230,410,257,768,1323,695,857,1372,1418,748,515,516,1042,680,647,1397,1390,557,743,670,954,
294,1377,1057,960,1064,326,5,5,1347,1446,955,1224,1110,299,386,190,233,293,1094,502,1217,512,513,312,219,768,1298,1332,1121,296,244,209,212,1067,942,1311,1115,415,250,213,1084,1061,1021,1254,1199,329,215,540,1267,513,687,1260,1296,596,351,370,1022,557,435,1206,1326,411,518,471,944,
295,1350,801,802,816,323,0,0,1193,1392,771,1233,967,309,299,200,243,254,1006,386,1054,392,365,262,204,533,1261,1306,1019,311,221,217,191,870,723,1335,1005,368,224,207,1054,932,871,1113,1140,292,214,415,1322,398,511,1311,1131,387,330,340,1008,380,337,1197,1231,317,351,385,901,
296,1254,642,623,580,283,1,1,1161,1354,608,1150,721,329,281,187,220,247,899,294,934,304,328,262,214,400,1209,1235,879,284,224,189,191,609,523,1218,932,382,241,213,1021,714,764,987,974,281,228,346,1247,354,366,1165,894,330,281,322,906,287,271,935,1115,332,271,326,947,
297,1106,446,464,427,280,0,0,1171,1344,478,1142,548,325,285,152,184,268,746,238,783,253,299,267,205,298,1104,1238,683,249,227,220,198,479,394,1150,717,369,235,225,996,540,554,719,776,274,241,234,1210,338,277,1096,653,284,267,333,851,215,288,728,935,298,244,285,868,
298,1085,344,326,381,264,0,0,1090,1245,297,1027,377,310,271,154,195,250,489,210,526,257,292,221,224,266,879,995,494,252,239,177,156,344,305,982,523,318,227,231,893,410,341,524,591,278,225,235,1121,303,244,928,499,297,272,287,713,194,256,503,684,264,248,289,813,
299,814,299,269,328,257,2,2,1034,1221,236,881,332,271,255,151,168,243,347,224,378,203,279,249,247,279,660,777,386,243,202,202,179,315,244,831,374,331,226,195,860,341,313,350,420,257,213,223,1088,342,236,716,370,256,269,302,542,220,281,367,540,293,235,268,714,
