165,8647,9715,10832,17218,118224,11301,16830,86436,23816,7652,11414,9422,143328,127872,65011,107695,11785,9375,9927,9980,80481,86076,91008,76865,13279,24209,10269,25015,100854,74261,87900,77494,9433,14678,12239,9072,100930,78860,59979,57724,11748,18081,11140,11264,88311,88147,82732,76178,16644,9243,11962,10217,105391,86613,73820,77323,6892,10318,8386,11028,94035,86113,90310,70896,
166,9451,11106,15229,31765,114487,18866,29210,88087,46467,8492,17649,10842,136433,117888,90903,105223,12755,9658,13827,10271,85712,95618,96180,82667,17065,47346,12808,47438,106499,84083,94280,83230,10475,27557,19671,10174,108487,88121,72664,59401,15447,35383,12030,15244,95532,93045,88395,80034,24508,10746,21106,11261,106283,102653,101810,80762,8033,12268,9463,16705,98481,94044,94831,73893,
167,12188,14781,27069,55093,112843,31464,44953,96446,64050,10492,32576,14808,133765,117467,92114,102109,16333,11757,24889,12376,90762,101733,102363,87471,29596,71031,20816,68850,112910,88303,99482,87507,12767,46455,36449,13486,115034,93647,79372,62705,25650,55557,16923,26518,100969,99337,93869,84946,44246,14876,37853,13057,104675,103034,122484,92946,9639,18151,10554,30324,101091,96972,99485,77689,
168,20899,26768,48218,78386,122662,48885,61505,126545,75621,17578,52751,27684,141741,124771,87186,106241,29841,20174,44356,19553,96795,108256,111642,94602,53380,101100,39065,93204,121941,93169,106506,94859,21147,65968,57147,24749,123565,100702,84878,69012,46253,76419,31107,47452,107474,107351,100152,103053,73836,27694,57795,19372,110715,103962,123331,147544,16251,33810,14100,50414,107475,103227,108334,86087,
169,38134,47810,67326,93273,158140,64729,86322,255424,81133,32745,67569,46633,171638,153367,90398,119609,53692,37268,69485,37103,111978,118546,145322,109551,85929,113459,60917,105813,148462,102379,123087,111883,39101,81363,75656,42940,143173,109090,91268,96815,68868,94714,53038,69781,119840,133952,112015,181681,96734,46728,71815,35949,128157,114200,123502,319890,30659,54636,25442,65376,127651,113095,136741,119779,
170,61882,73264,81416,99988,329005,96887,158979,628136,87839,53294,77999,66495,329437,303598,106008,181916,93330,69408,92401,67442,182537,162363,295263,192108,120799,102396,91768,98571,283340,141750,203581,202474,64144,88044,92509,66374,239913,139364,106074,227254,94682,93821,83467,100657,185794,276447,171723,433174,108050,67041,76781,65048,217640,165334,137461,667717,50105,71891,49522,73545,224484,159486,268592,255417,
171,74763,86464,84709,105881,720262,188092,304293,1196154,94739,63282,82237,74604,774993,749209,180713,420003,118013,93686,87322,96339,399510,333942,617741,425686,116553,100357,101141,99903,616246,298610,456806,449120,80264,90185,92327,83805,528642,280041,183498,470898,99772,92111,105607,105958,405957,607370,382240,775483,114912,74875,81445,82814,484647,350985,202058,1042321,59630,79456,67436,77868,495329,329133,566095,518615,
172,79625,88539,90066,116048,1274834,334958,446708,1444927,105379,69899,89470,81002,1499272,1436956,418710,940957,107814,88171,83537,100415,718132,661941,932664,713193,107128,109623,91756,109778,1004712,599450,820311,767703,87170,97754,95391,83834,899360,583810,393932,662449,97275,99186,101804,97501,762188,942125,731929,961054,125967,78372,88270,92186,924379,687373,402408,1145942,65273,85831,77446,83815,884438,648872,917703,778928,
173,82842,94226,97781,137159,1578220,469644,591861,1222587,140713,74419,97758,85329,1887500,1711437,972074,1519696,105587,83302,88552,92587,1010417,1045549,1108110,910949,111681,142044,92866,147243,1200168,949863,1118582,995066,91544,112206,103766,83600,1097649,930439,725011,729891,103005,120191,99413,101625,1075646,1045767,1048895,965373,141217,84464,98111,96981,1441260,1185789,851780,1008515,70482,92868,82420,91378,1265516,1078967,1149562,933489,
174,91705,111274,128776,269853,1374752,648862,999804,1084565,321110,81750,136928,98192,1604753,1441965,1396730,1399681,121614,89511,121919,96956,1097666,1227834,1150674,991255,146179,338173,111593,348911,1185173,1054688,1149240,1014236,103178,203010,143828,93615,1167384,1087831,965656,790585,131798,245592,113117,129190,1127238,1063552,1102345,1004928,214149,98229,153349,107468,1430619,1417112,1554370,975110,77072,113935,90069,125634,1251634,1302740,1133137,948102,
175,117683,186582,256017,600273,24684404,22259235,23443756,29897144,654402,108055,286795,151308,29270747,29962330,43870072,26642341,192987,123947,265561,124406,23700553,24942965,36020349,32586657,300648,814782,201853,790599,23080927,19656974,22781774,25390310,143622,459290,300679,137881,36199945,33956570,38137755,40129587,256240,554762,176625,251583,25319433,35096626,46940068,41074002,464962,151373,342438,132910,18594688,21261535,24749301,27731645,93104,202704,103869,258798,25271679,24519027,29014412,29925502,
176,323923,569246,691821,1148568,194832180,166016130,168687487,260614152,1035840,313849,729700,451756,210533824,222073193,273423022,207379488,597497,365494,796217,336105,185555340,194582533,206991282,248444934,932657,1542789,614977,1425603,178237627,189154634,178354515,199563777,447254,983083,781457,416125,242274872,235561138,254481815,270356832,726891,1129401,533607,724666,202912257,263399101,268922826,286351002,1042653,421756,790920,323770,184729269,167709059,173786050,212180053,209101,537984,200003,646254,190484200,181374620,234466406,221710654,
177,661901,1040014,1081668,1452440,281700759,231924836,233940344,277786466,1251096,619188,1083698,831443,262963616,272799786,239882909,250212360,1278329,873264,1232401,785084,200067162,250945437,220300564,284468647,1489416,1595469,1131377,1468387,205990032,189500256,180378746,192434288,859330,1330494,1182957,785095,168756356,168608060,177266364,178965500,1165484,1361770,1002577,1244769,195018724,181945498,192178567,220566548,1349382,775400,1040533,691566,272090972,245337602,242444767,292214344,473131,861220,473445,916733,254188723,246429476,240915071,235059967,
178,1643997,2038511,1936786,2367169,330901805,282874706,304661836,322741776,2467398,1655182,1946291,1791893,317802877,328343454,275071550,283049424,2280663,2387304,2029420,1950609,200218489,220247557,209584389,294154829,2337781,2145365,1995679,2101540,205603278,186518352,174789288,187242971,2236120,2399142,2160138,1768106,162109961,158549999,163305679,166377179,2141666,2132991,2015523,2202107,193003710,165355751,181386665,210016464,2691904,1831363,1785377,1628809,326795035,274002230,275987883,324672149,1828980,2058399,1468533,2050986,289837017,268097995,264394763,247868453,
179,146738546,139373875,137125515,142523272,339196056,319826755,349518577,362404065,221417309,173158762,131965031,156051074,375138978,368042780,319814385,326827029,190384182,260061705,191949349,144911228,205340629,247627208,210175989,294939217,179594019,176866251,133271020,186101915,213777759,186911197,179393436,187347246,210021432,182939990,162058782,143591167,158971942,157648817,160717711,164198202,147230798,148978507,141913908,169538629,53426947,164658571,177315889,189065819,292638306,191404819,171190561,123325373,376158432,301530575,291993212,320383805,255389076,263574245,202250328,289029133,300767639,275279247,262225382,292393149,
180,175684835,176242583,174124560,175213714,401700332,341525858,403663844,413620283,231600774,184606107,165627962,185973087,418985121,428576546,378673382,370008059,247414911,261158682,216693578,166829931,345699924,224222717,236971653,286576966,195637585,199404573,163484438,200822949,159663862,189317038,184976921,226118347,225635722,209419754,208624906,172945533,162592697,157084778,161210580,164562261,174949549,185380530,183612143,211185086,150342075,162125512,173408721,177431795,264171153,202301805,192444254,156114767,374822002,326899551,306513712,357936410,256734097,261685644,229686085,303792956,314021663,290876786,277398449,428936860,
181,185287841,184080388,175730476,186702074,417303786,342744542,387049895,464033178,210635913,194667700,172557686,174436866,492696036,506019168,479742894,408390778,267497844,251475848,231325238,183239457,193085744,209865426,173509027,274431973,218876401,237626873,198513736,225315075,196019237,172058991,183109592,193863847,242769909,229830877,280689677,231390817,164381070,160080693,165666813,156062197,230392526,235296986,238643727,246516746,148236027,164951055,172500051,174883012,192349506,178607396,178738990,179705934,375770905,345846200,318355945,367872104,194399857,194655541,185721640,222756061,343701084,286631114,258413223,265264310,
182,182724845,188331673,181502868,180228713,418707068,347425818,387887542,496568853,205797045,203099115,179864436,172391964,555777350,586955972,607286130,511066711,266672012,268273524,255946809,199695140,187167973,189231976,206271243,259630963,253540654,278858974,248152457,264929585,183583818,192227759,173799420,182979150,259815295,214520172,319399175,283266982,160348419,142247988,162330973,169205371,278960098,277323119,255543427,279842591,177876175,162739531,164827914,168798970,170414853,169685803,169824097,193188516,358847225,356116120,326432484,362605087,174175935,170112486,170091435,160023498,314362477,287405972,236964373,310391347,
183,177987159,195664742,168926402,165194237,409086439,347652986,384262250,504334402,209132158,204144311,178356745,174690527,584828623,619209450,656876099,582209488,285803787,303924500,290979703,221027113,171209989,172709197,193708680,235755618,295648533,325928704,285991112,300051410,167898445,163087370,161766682,172546625,278324724,263848798,353947367,301517564,155617638,155009711,155510691,159284171,293315787,290098332,305036478,298344499,163150826,158271471,157722569,160450334,164853569,164844170,167657220,202682000,334918424,363714422,314839250,342365091,169058075,153667683,166659023,160189768,305660495,291240990,226948460,195557545,
184,192519495,199371815,170006804,170783179,378452720,341002907,376505048,489679355,186314878,205982618,183227913,168227740,564869436,597226013,621664525,580013973,313627842,334350667,323342254,265517933,162128258,163872460,187994259,223176295,343027526,365863002,313359473,331126277,158156595,157355436,156043644,164619769,297042668,258822240,384182268,267697620,153735528,153534406,154337957,156895438,313093730,298976019,342083934,317090315,155669235,158330195,154670787,157518250,161301683,161258754,163666442,202828616,318569894,348649885,328315191,320036540,162346840,162178222,159436512,162245108,293821994,247091338,209725600,197536717,
185,197361442,206365861,167534527,173686352,380447964,342364334,404725538,488526148,204389268,204397854,190211595,169091676,548738020,578128019,622747124,572396472,346055255,373722959,363950363,302044282,160083303,160443136,184306043,214568572,381639498,379674735,329768025,348093932,155266079,155213368,154047679,161320735,308464011,264875550,380103788,323688770,153051052,152722447,153412526,155301921,319640565,308232190,355410125,330622072,152961966,159249879,153447334,157134733,159372562,159865025,160928994,197768901,311013624,333133234,319208459,306132755,168824158,167405150,160111506,159012582,281876441,267644678,204835024,136006717,
186,174433714,213856785,166867012,170011034,381345342,364921089,449551479,496014267,203042985,194686550,178197150,167591739,546219061,574773590,614102191,594227780,384290741,410519085,413102614,333639988,154248019,157873584,178044515,206434780,422318273,416733984,337885995,349077511,152564800,154801464,153310525,161071311,287938158,259885100,392876144,306767159,153277658,148294817,152740052,153738053,322453425,316100733,365867842,340763182,152284176,163046830,153334454,156585363,158294623,160348179,160148959,174686935,309785007,326552880,318872660,309662009,158639598,154138496,158754188,156846009,267660534,251669093,201193120,194398858,
187,185977758,215807563,175102171,173070406,410621814,409444126,466801343,494255109,204779914,209990894,180016877,169193859,546021281,570549934,600969075,598849498,375672981,429906779,443477297,362853587,155906731,158946340,172064836,193131789,447987249,420314401,341653558,347184619,154012722,154558228,152741351,160834639,283563839,265924185,395882024,330303409,152487186,152195803,152517259,152639862,324724200,313060567,368164143,339025490,153695440,166448486,152984882,155881907,153895463,159417134,161076387,187132725,319099594,326151680,355036784,313706731,154570996,159729095,158422563,160878591,257195021,244895612,202187605,198311359,
188,188712252,217265478,177721340,174365658,444354686,442859924,471256625,476782736,205924185,189451089,183051836,173648419,521227001,541648653,561016107,569570141,453498674,449545533,468747568,395142283,151747886,154549940,168557114,206380870,471589221,426202984,346207923,350244456,151423534,151205394,149932746,158527326,288807599,260565679,397987035,329403700,149447205,149252551,149461080,149605688,327514854,325357430,364359763,351004851,150390928,162561030,150795340,151762581,157885804,159770280,161123948,165391505,332743709,329549061,326811591,319931708,142692297,156497442,159939648,146931825,249183398,236714893,199744800,197733607,
189,185618820,210737455,175219960,172425726,342008696,315449175,331505397,331349964,144387271,160902292,174808103,169128927,358827716,362583689,375419238,391094015,473967041,462040259,470112234,415781895,106869214,108325142,117608432,150218971,474941210,373956389,351262153,358651632,109409728,115283733,106133476,111809031,286430061,266025782,353166484,327920730,105598966,105515570,105533839,103630247,334888794,332908383,359944660,361343998,106593755,112762791,106096939,106777220,156824307,159243350,160678933,183718778,255204621,241645316,221125065,232219368,154402249,152994609,157449384,153295635,175702679,164921892,139991637,138524112,
190,179153762,215402627,171264526,169208439,11604793,70929732,68576707,68684868,191513510,171298904,167972793,163566197,72921405,73448207,75796487,79587045,449979692,454314053,470320418,424297799,22987890,23151316,24962524,29357149,469242622,437532062,361147200,360794776,20033989,22916723,22893898,23512512,277812292,260131310,372411159,318545069,22864549,22735964,22617001,22548874,324495826,320994874,343708340,352326929,22986518,23816989,22815393,22833464,152620928,154327395,155643586,181269335,58050863,80956478,52647894,49964401,152694353,151454188,152324443,151951866,37869163,26614365,29662395,29019617,
191,124750007,147824570,121444694,118430052,3662221,5202337,5062878,3363939,117285263,128877289,101129032,115257221,3713224,3582850,3501575,3780103,279072433,320563701,329570024,303914229,1797488,1900135,1917855,1931070,323530007,309738241,260695281,259700465,1898353,1725437,1838433,1733285,189864860,175129841,263389664,247259558,1883394,1803324,1693675,1520631,226392497,222600063,238958459,245616496,1834430,1733113,1810908,1733785,107327541,108122715,109384208,128918912,3216187,3032400,2991482,2772857,106019656,105886420,106461509,103010559,2405380,2298360,2008168,1869198,
192,10475482,12323443,10438485,10155050,1010850,2684430,2631776,936722,11891649,10576846,11269099,9943276,1176694,1050102,842610,993268,26265627,26305599,26198374,24889718,1002273,1104984,1073693,917251,26365564,25122542,22150793,21663908,1095893,929386,1048401,916317,15186468,14487803,20409608,17639664,1097138,1014816,906362,732499,19168378,18732469,19637166,20345627,1046359,975680,1020333,941225,9494957,9190113,9365968,11168630,1034495,976537,1177701,867759,9153046,9184280,9294949,9142224,1005594,1049071,974317,871335,
193,1135489,1195709,1130881,1213594,1008148,2635212,2461026,935083,1210301,1031284,1149641,1054415,1174716,1047959,839230,993709,1424511,1310269,1282705,1379643,1002886,1103515,1072559,915083,1434253,1447696,1330914,1354504,1094452,928622,1045209,914547,1246135,1191601,1340425,1172411,1093834,1013047,903033,733876,1308667,1270522,1317664,1365832,1045898,974449,1018216,939606,1360518,1032253,1088062,1249112,1033231,973459,1174266,868271,1033572,1085172,1137904,1061971,1004728,1045712,971881,868589,
194,975328,999977,971953,1062882,1008478,2403132,1896722,935318,1041456,870959,996992,910353,1171467,1045588,837342,990917,1034920,865983,849552,965496,974588,1101987,1068802,910729,1007304,1025640,950729,986028,1093071,925319,1042218,911737,1014857,956053,1010227,885609,1092481,1010228,900871,730299,986045,957512,987010,1019014,1048947,970854,1017231,939678,1216055,891323,945957,1080047,1030160,974890,1174662,865637,894350,942572,997130,918045,1003079,1043733,969557,865793,
195,965808,991778,965655,1054704,1007833,1835906,1101211,934204,1034504,871043,989860,900807,1169142,1045142,836921,989642,1015646,848274,833024,947937,958664,1099742,1070078,911493,986742,1009015,934214,969279,1091738,925651,1040968,909939,1000427,945370,996145,874232,1089493,1010798,898548,729945,972277,943551,969053,1003777,1041569,969014,1015501,936595,1206851,882963,938772,1070877,1028543,974170,1171321,865579,886773,938221,990011,912035,1001250,1044526,968109,865641,
196,963808,990722,963377,1055506,1006542,1144208,555175,932074,1032356,869457,989006,899344,1165456,1040982,834247,988350,1011086,848083,830300,946569,956025,1099063,1066503,909141,986047,1003005,935593,969403,1088640,923870,1040262,909732,1000463,944425,993911,871559,1086042,1006105,896524,731147,969033,941850,968780,999084,1034443,967214,1013506,937309,1209479,882448,938087,1069630,1024769,970550,1168310,865080,885497,934926,989476,910871,999358,1040891,966707,865806,
197,963622,989971,961716,1052213,1001905,567056,310619,932385,1029029,859203,988189,897938,1163918,1038404,831119,989123,1009727,844772,828544,943573,952101,1095887,1066357,906709,982419,1001502,940197,965530,1087653,921006,1037844,906574,998370,940964,991756,870663,1082928,1004556,892650,729451,967948,941135,965705,997802,1034868,965337,1007713,935608,1202737,879892,937063,1067194,1025358,967865,1167518,862646,881536,934313,986618,907953,998148,1037038,966303,865350,
198,961327,986234,958203,1048601,998461,311110,256005,928160,1029227,864865,985322,895248,1160499,1034779,828145,983617,1009214,842152,827807,942089,950834,1090915,1063748,905383,981900,1000206,932429,966252,1081522,919034,1033156,905196,998679,940724,990492,869284,1079173,1000710,891914,727253,964621,936804,965070,998561,1033257,960493,1006049,931924,1202175,879976,936143,1065297,1020722,967041,1163499,862111,880761,931948,984789,907845,995262,1034921,963475,864984,
199,958479,983148,958981,1046460,995973,256648,245148,925803,1027750,862493,984948,893357,1158383,1031688,826308,976004,1005826,843425,825194,939935,945970,1087999,1058779,901148,978829,998503,929225,962370,1079926,914968,1027926,901253,996277,939023,989224,867480,1076048,995852,890046,724864,965083,937050,966315,995771,1025304,958519,1002462,931246,1201676,878556,932383,1061878,1017989,962163,1160076,860285,879875,926246,982986,905518,991726,1033869,958218,863696,
200,958625,981382,955855,1042878,992562,246112,241660,924051,1025164,857022,982568,892023,1152519,1030960,824169,975133,1003249,838697,822052,936629,945877,1084191,1054702,898127,976147,994136,931649,960490,1073824,911341,1025969,898476,993815,938100,986956,866516,1072437,995793,884829,725253,961597,934421,961214,992410,1023874,956812,999453,926845,1192083,878087,931188,1059911,1014350,959362,1155870,858071,874287,925145,980572,903073,987500,1029473,954000,861859,
201,957171,979318,951480,1043587,991888,241190,237292,924492,1021717,851755,980756,892526,1149838,1025851,821606,970750,999787,836468,819722,937227,939682,1080726,1052184,897081,974184,992589,930766,957218,1071959,907688,1023781,895298,992199,934422,986001,864296,1066860,991592,881946,723677,958653,933031,960517,990922,1025547,955685,996116,927235,1190020,871144,928409,1056094,1011949,956340,1153183,855702,871706,922386,974722,897647,983289,1027997,952027,859080,
202,954336,974919,950477,1037960,988199,237096,233285,922489,1019059,851813,974762,883946,1145291,1022156,819999,970293,997793,835358,818955,931176,936692,1073454,1047584,892920,972426,989801,927742,955350,1066297,906629,1018706,892340,987287,933025,982913,862684,1061936,987313,880450,722197,957489,928146,954403,986988,1016851,950607,993103,925354,1183100,870345,925873,1052803,1006862,953307,1150467,855253,868402,920517,971388,893917,981874,1020017,946678,855659,
203,950537,974928,948459,1033978,983321,232134,228103,920476,1014863,844932,970840,880489,1142786,1021137,817005,966658,996172,832962,816906,928778,931948,1069299,1041846,891420,968423,986584,924166,953396,1064739,900416,1016251,888889,985898,928866,977615,859923,1059114,986006,876442,720909,952084,925340,954743,985454,1010906,947720,989803,923857,1180437,863811,920735,1049117,1005437,951426,1147658,853232,866306,916499,968427,893763,979993,1017494,945150,854876,
204,946737,968676,945486,1030113,978971,228210,223797,919153,1012422,851915,967568,880786,1138341,1017300,815055,963307,994134,829264,813282,925551,930461,1067648,1039813,886277,967567,984110,922770,947415,1058559,899704,1011867,885619,981217,926947,976458,855438,1057192,982936,870501,719942,950944,923309,947825,981666,1011609,943508,987194,920422,1181095,863096,916952,1045515,1004667,948754,1142959,851724,863420,912262,964085,889546,976725,1013502,942143,852258,
205,943854,965881,940912,1027728,977816,224346,219231,916253,1009563,840611,966888,876706,1132088,1016809,809597,958549,990603,827328,810242,926987,923928,1061095,1034692,884690,963568,980449,921792,944584,1052121,890289,1004774,881135,977102,922883,973358,854879,1049924,972110,863095,715624,946520,920355,948075,978462,1007656,933129,983100,919649,1173694,861232,915447,1044145,997939,943894,1137259,850561,861514,911626,961537,887571,971099,1014069,937386,852338,
206,940409,962542,935957,1023936,957063,216986,211154,913360,1005902,848538,962875,872005,1116448,1006923,791673,955517,985442,823849,806766,922716,919905,1038748,1022156,871633,958543,978183,916163,942827,1022509,851955,968605,853056,972697,917943,968338,851807,1034013,938814,817544,713247,942105,918896,945726,975435,982711,874360,975459,914835,1165936,858688,911856,1039836,991075,931564,1117058,845466,859957,907776,960271,884088,952876,1004076,916896,850896,
207,937194,959183,933858,1017747,877499,210862,203332,905060,1003216,837429,958268,871884,1044769,979986,726026,933728,981533,821738,804787,920113,881210,949657,964198,822954,955680,974554,914651,940264,917481,728832,848122,765280,971537,916155,966514,850774,973235,828895,688463,696037,940893,916876,942766,971461,894907,711153,935826,899451,1157966,855294,910184,1034887,958051,879456,1036083,835584,855188,902285,956536,881638,887463,976611,845110,848805,
208,934303,936191,927597,1006404,647949,201084,187247,854678,998518,830009,952911,864256,798667,854774,526030,824622,958453,814920,797459,912373,739032,695243,765388,651203,949583,971108,909137,935418,640141,464055,563161,537245,954744,911586,962272,844331,753817,546338,416924,616696,934346,910833,934480,964059,650434,412548,781828,820262,1142257,847230,903942,1018970,820491,696257,789448,765793,846761,884680,948850,875233,672747,846374,630820,843527,
209,921914,868442,913513,963083,375290,183697,156264,720920,989046,817871,941883,835596,470676,602908,292659,589825,875463,793442,772646,894003,503205,404377,484441,408265,929540,958681,899063,921987,353902,238282,297011,299931,904497,894902,954260,832088,453545,282794,203212,452695,910415,900602,910243,943507,371496,201415,523563,641218,1077398,822217,888573,969922,579689,436240,472653,604395,821913,827002,923098,849626,406825,612356,374649,825368,
210,863333,645008,831965,793259,172711,145384,104201,467821,938168,721287,888935,707541,210457,299197,127386,290912,625098,695563,658348,797302,247112,184086,225921,188597,833750,889160,824841,843290,163131,114303,138219,136823,720559,822383,912310,759363,205549,129759,99074,236551,801198,846979,791870,835983,169185,106320,250513,367720,857168,709767,803801,773863,294383,203705,214564,353451,707414,635712,812144,739964,187918,318967,174515,741366,
211,706789,377511,644561,531178,105605,100915,61465,243128,798151,541675,749076,490962,123655,145867,77694,137255,345464,494003,458363,595863,123816,110675,121649,102240,623779,713159,658140,666581,108581,84071,96083,87096,465600,653982,790518,597059,120548,92876,77539,111831,594504,706546,570176,616646,104587,86528,125444,178937,544539,508178,621752,496174,145313,110071,122226,173982,494260,389298,594440,534224,107941,156907,103887,561595,
212,414061,158697,348741,248311,91994,65384,39992,130512,500498,270887,466297,230662,107316,101361,69438,93344,143708,232704,216688,302347,86818,93961,94351,81437,318305,406857,369240,369683,98019,78320,87449,77046,208813,374405,518707,327385,102905,85773,74081,70035,306284,434442,277526,313057,92287,83637,91066,103163,247581,247278,335515,216517,99682,88114,100966,100404,228714,169153,295338,263323,89585,102019,87478,352217,
213,201944,90875,166252,131004,88254,42377,32040,86523,254899,126516,237810,113325,104017,91584,67821,83811,90076,108167,105643,141027,77572,90418,88126,76416,149994,198080,174932,180916,95582,77148,86356,75360,108696,185885,273410,155773,98519,84912,73185,57680,150176,222481,132309,148201,88052,82908,82349,77873,134692,119600,160762,113440,87572,83262,97018,75020,105664,94895,139053,127152,84981,87237,83905,178233,
214,92364,75435,87383,93255,87956,32675,30130,75919,114913,71611,106565,75164,102385,89957,67232,81382,79556,67462,68969,78856,74692,89528,86356,75022,88418,98217,85686,94178,94295,76271,84549,73842,79598,94144,115312,79929,96979,83174,73015,54447,87247,102816,81583,84401,87172,82148,80631,71347,104288,74739,84867,85762,85078,81231,95469,67404,67226,76741,81425,78052,84353,84364,82647,94399,
215,72454,73393,75588,88032,86528,29869,28970,72316,84699,63778,79355,70069,101978,87892,65800,81059,78516,62663,64633,70479,73927,88673,84912,74905,80793,80678,71114,79060,93445,76086,84114,73642,75922,77501,82300,67505,96075,82768,72137,54047,77752,77929,75421,74869,86100,80835,80009,69942,100227,69113,72624,82025,84344,80843,95049,66317,62258,74516,74030,71773,83002,83003,81783,74029,
216,69512,72928,73508,87223,86393,28734,28066,71567,78580,62526,73600,68877,100862,87881,65485,80021,77894,61634,63398,69253,73287,88417,84684,73542,79036,78252,68761,76286,93310,75256,83279,73281,75097,74638,75813,65804,95492,81976,71476,53676,75506,73954,74159,73659,86080,80176,79103,69233,99527,67822,70019,81748,83291,80571,93698,65432,60950,74012,73063,69747,82604,82408,81798,67738,
217,68193,72504,72287,87134,85825,27926,27306,70980,76923,62016,71663,68728,99798,86972,64953,79776,77342,61137,62538,68535,72193,86887,84044,73577,78667,76743,68139,76204,91687,74608,82650,72065,74517,73875,74287,64454,94464,81807,71231,53161,74861,72998,73292,72711,84916,79843,78678,68359,98465,67471,69399,80840,82759,80161,93331,64837,60562,73505,71659,69711,82229,81997,80931,65867,
218,67133,71571,71272,85406,84986,27172,26482,70465,75694,61156,71152,68339,99368,85989,64589,78465,76881,60759,62162,68429,72650,86711,83463,72689,77226,75890,67357,74799,91026,74253,81902,71627,73511,72461,73719,63567,93615,80962,70233,52750,74023,71377,72897,72151,83779,79547,77621,67597,96641,66597,69414,80530,82330,79377,92211,64428,59876,72820,70899,68521,81474,80887,80512,65205,
219,67268,71636,71065,84937,84454,26496,25782,69859,75621,60871,70470,66986,99290,86156,63913,77884,76005,60314,61618,67216,71792,85469,82840,72527,77147,75392,66843,74222,90861,73378,80868,71025,73248,72262,73687,63655,92923,80336,69634,52326,73603,71912,72032,71097,83347,78257,77003,67570,96580,65916,68771,79787,81492,78961,91815,64210,58947,71967,71033,68443,80479,80344,79555,64687,
220,66154,70115,70394,85086,83400,26095,25314,68817,75247,59530,69958,66561,97950,85106,63793,77389,75562,59588,61112,66625,70960,84438,82099,71768,75896,74877,66718,73928,89959,72635,80945,70891,71870,71410,72123,62902,92307,79810,69153,52143,73413,70866,72010,71114,83113,78371,76320,67282,96009,65710,67738,79372,80579,78194,91242,63604,59079,71385,70340,67195,79645,79278,78892,64208,
221,66164,70179,69738,83570,82836,24849,23984,68973,73886,59759,69013,66656,96589,84421,63025,76789,74994,59233,61052,65928,70010,84513,81174,70930,75461,74250,65672,73344,89604,72315,80030,69704,71940,71363,71849,62707,91067,78705,68729,51738,72835,70020,71261,70709,82818,77293,76029,66599,95714,64625,67294,78125,80182,77565,90541,63763,58242,70627,69391,67126,79424,79543,78410,63841,
222,65204,69383,69366,82840,82188,24053,22969,68539,73781,59189,68340,65832,96940,84061,62212,76467,74245,58414,60064,65374,69764,83854,80841,70142,74845,73099,65356,72241,88248,71570,79575,69545,71375,70558,71535,61890,89620,78562,67737,51384,72068,70033,70299,69667,80912,76759,75603,66279,94655,64197,66304,77775,79500,76657,89789,63057,57814,70397,69011,66650,78892,78435,77815,63045,
223,65246,68593,68570,82197,81408,22547,20991,68067,73160,59038,68188,65178,95401,82803,61467,75097,73600,58300,59543,64973,69124,83050,80039,70125,74533,73117,65123,71912,87905,71173,78139,69313,70652,69985,70466,62027,89522,77762,67022,51350,71308,68777,70044,69827,81098,76016,74164,65753,93831,63560,66139,77167,78831,76173,88658,63250,57281,69804,68962,65681,78537,77698,77428,63374,
224,63806,67327,67930,80872,80290,18206,15053,67094,72081,58381,67371,64819,93921,81621,61375,74660,72635,57409,58907,64059,68388,81761,78665,68732,73444,72406,64309,71118,86132,70019,77661,67835,70193,69082,70337,60865,87936,76858,66147,50492,70736,68497,68710,68016,79860,74360,73638,64627,91977,62703,65057,76380,78426,75145,87334,61707,56475,68375,67202,64969,77374,76349,75403,62450,
225,63491,67191,67359,80285,79847,14404,10816,67427,71808,57427,67159,64232,92923,81036,60097,74115,71960,56622,58528,63648,67633,81441,78284,67962,72747,71443,63465,70422,85311,69134,76261,67099,69607,68907,69651,60006,87837,75291,65415,50147,69935,68000,68443,67975,79066,73994,73100,64295,91105,62462,64919,75326,77289,74939,86312,60955,56420,68182,66752,64626,76432,75941,75010,62089,
226,62433,66821,66325,79599,78764,10432,7007,65941,71164,56994,65986,63363,92060,80589,59827,73218,71226,56066,58232,62668,66797,79980,77085,67462,72141,70893,63410,70054,84594,68291,76027,66318,68993,67911,68566,59746,86130,74200,64682,49635,69024,66976,67278,67083,77801,73019,71600,64110,89926,62191,64449,74406,76422,73422,85468,60786,55789,67758,66061,63962,75217,75479,74589,61575,
227,61959,65504,65793,78345,77713,7461,5127,65647,70574,55820,65273,63100,91455,79572,58853,72503,70231,56093,57135,62262,66372,78851,76510,66753,71232,70557,62321,68729,83606,67825,75276,65132,67781,67310,67794,59298,85027,73915,64128,49425,68619,66535,67379,66632,77352,72636,71481,63366,89118,61415,63284,73369,75357,72786,84463,60516,54653,66865,65286,63234,74592,74624,74061,60867,
228,61552,65075,64887,78033,77358,5631,4409,65510,70073,55299,64896,62492,89743,78926,58332,71357,69748,55242,56689,61918,65050,77885,75440,66317,70741,69589,62010,68361,82497,67012,73711,64813,66841,66452,67150,57949,84564,73133,62792,49203,67722,65775,66394,65340,76140,71124,70393,62700,88011,60418,62758,72470,74735,72669,83546,59830,53805,66033,64488,62792,73914,73876,72973,60133,
229,60504,64513,64728,77210,75988,4374,4004,64998,69311,54912,64433,61276,89068,77505,57403,70854,68612,54821,55947,60771,64309,77286,74752,64752,69968,69288,61675,67567,81691,65571,72450,64145,66277,66618,66782,57753,82833,71438,61985,48040,67217,65406,65414,65151,75107,70357,69549,62123,86749,59666,61939,71294,73267,71044,82433,59213,53732,64929,63827,61964,72708,72334,72099,59871,
230,59788,62836,63279,75813,74758,4002,3840,63721,68196,54486,62720,60119,87767,76569,55913,69520,67501,53674,54705,60265,63451,75263,73350,64163,68814,68449,61071,66671,80029,64703,71185,63018,65294,64541,65542,56924,81595,70631,60789,47894,65773,64487,64461,64123,74324,68777,68665,61122,85960,58559,60777,70204,72373,70127,80923,58606,52903,64463,62896,60796,71121,71485,70519,59660,
231,59080,62234,62553,74735,73802,3798,3685,63065,67219,53470,62294,59652,85888,75467,55553,69075,66030,52840,54478,58797,62829,74024,71793,63248,68198,67152,60174,65859,79068,63132,70029,61269,63913,63792,64929,55851,80566,69595,59941,47337,65176,63577,63848,63721,72783,67938,67177,60380,84380,58050,60176,69361,71957,68938,79755,57733,51394,62915,62150,59917,70293,70390,69720,58921,
232,57811,61142,61925,73872,71958,3802,3712,62496,66131,52658,61435,58594,85010,74125,54128,67684,65271,52099,53407,58532,61104,72927,71193,62854,66991,66251,59307,65366,77273,62345,68483,60852,62778,63296,64197,55267,78817,67854,57674,46629,63640,62757,62615,61947,71498,66258,66013,60309,82404,57042,59090,67943,70521,68772,77655,57572,50291,61936,60935,59152,69251,69962,68706,58133,
233,57239,59789,60570,72901,71040,3570,3463,61801,65295,51382,60501,57325,83316,73057,52650,66817,63508,51441,52842,57161,60540,70710,69490,61080,66339,65428,58467,63640,75504,59077,66250,58925,61315,62478,62995,54205,77363,65644,54243,45822,63310,62447,61372,61093,69845,63745,64733,59059,81388,56327,58863,67022,69312,66963,75423,56233,50042,60600,59317,58375,67761,68478,66853,57341,
234,56175,57247,59765,70849,69105,3561,3433,60770,64121,50055,59535,55512,80386,71555,48782,64992,59788,49923,51349,55591,58045,66799,67124,59173,64991,64333,57084,62982,71792,52356,60838,56064,58927,61374,61919,53334,75038,58896,45161,45463,61294,60871,60228,59518,65500,56987,63137,58514,79679,54353,57757,63549,67877,64246,69346,55636,47624,58804,57988,56979,65155,66822,64721,56912,
235,54200,51089,58500,68865,63600,3378,3234,59862,63427,47961,58257,53524,76094,69779,40731,63621,52702,48160,49507,53419,55231,57682,62574,55437,62787,63160,55726,61730,64155,41472,49437,49805,53217,60052,60832,51703,69196,47237,31828,43787,59795,60194,57899,57852,58256,45876,59299,56437,75675,52414,56497,56364,65065,59491,57801,54820,44366,54338,54181,55420,59942,63814,59182,56191,
236,49720,37760,55104,63942,54665,3167,3021,58273,61601,41984,56449,45967,66492,66000,29764,59365,37053,41920,44585,47600,47113,44447,54147,47914,59898,61031,52452,59825,51386,28098,35023,39919,40417,58309,58656,48037,58031,32468,19917,40824,55021,59266,51242,53424,44719,31418,52351,54648,65773,46313,53485,41931,59689,49902,41439,53914,33987,44337,43856,50084,50370,57663,49686,55369,
237,41522,24159,48522,54270,38831,2996,2790,57016,60043,31763,52785,34673,48431,58230,17583,48990,22107,32600,36113,37659,34931,28210,39526,34689,52479,57837,46642,56493,33838,16488,20979,26071,26803,54600,56245,40743,40812,18534,12090,33988,45860,56248,40900,44526,28897,18890,39710,49440,49909,36728,48061,26467,48940,35851,25559,51063,22386,30384,30075,40960,35351,46147,35002,55159,
238,26453,12663,34746,36978,22834,2704,2415,52437,53767,17933,42814,19637,28693,42098,10094,32596,11895,18373,22666,22086,20865,16537,23060,20339,36723,48703,32963,47543,19398,10846,12907,15103,14376,44254,47171,26431,23318,11947,9009,23042,30569,50100,24076,28986,16169,12211,23895,39217,28715,21787,35518,13958,32649,20667,14863,45464,11431,16621,15864,26226,20528,29045,20392,53084,
239,15438,8764,21464,22482,14600,2392,2014,43822,43273,10556,29930,11405,17531,26212,7954,18706,9134,10487,13311,12892,12525,11632,14203,12509,22078,35218,20593,34742,13357,9330,10484,10213,9521,31221,34327,15782,15063,10127,8542,13887,18757,39884,13944,17258,11841,10395,14027,26835,17573,12480,22884,9846,19836,12861,11566,35144,7281,10518,9975,15482,13219,17382,13080,50919,
240,8836,7823,11514,13398,11349,1808,1426,30121,26407,7152,16342,7963,13125,15219,7501,11491,8524,7291,8147,8332,9008,10497,10773,9275,12258,19197,11091,19711,11531,8817,9795,8954,8096,16997,19217,8911,12396,9824,8312,7993,11218,24591,9005,9798,10555,9840,9984,15398,12174,8353,11870,8907,12275,10274,10816,21912,6176,8404,7876,9302,10435,11424,10649,45521,
241,7280,7551,8700,10644,10610,1485,1110,18821,15799,6432,10326,7670,12523,11483,7390,9569,8370,6588,7098,7293,8333,10146,9804,8738,9489,12204,7993,12132,11252,8781,9731,8472,7846,11125,11535,6970,11738,9714,8220,6489,8821,15023,8047,8174,10168,9739,9191,10129,11482,7454,8568,8517,10151,9498,10807,13269,5888,8360,7647,8023,10079,9709,9778,36658,
242,6700,7537,8013,10005,10449,1105,790,11489,9902,6254,7683,7248,12402,10819,7346,9376,8173,6230,6636,7168,7986,9833,9374,8628,8920,9058,7357,8870,11048,8508,9428,8284,7670,8511,8531,6676,11650,9335,8015,5772,8155,9635,7917,7459,9945,9700,8849,7917,11259,7171,7506,8700,9805,9540,10426,9089,6005,8093,7416,7525,9652,9538,9664,23656,
243,6705,7372,7566,9888,10393,836,643,9061,8452,6271,7460,7273,12092,10410,7174,8959,8106,6286,6633,6980,8002,9882,9453,8333,8597,8354,7107,8428,10977,8386,9221,8314,7657,8107,7952,6695,11551,9265,7990,5623,8008,8198,7616,7375,9798,9557,8615,7541,10928,6986,7283,8184,9407,9251,10365,7767,5805,7951,7263,7456,9609,9130,9562,14528,
244,6772,7354,7480,9746,10116,712,607,8194,8061,6283,7184,7250,12144,10222,7215,9020,7913,6225,6429,6935,8143,9601,9406,8361,8382,8314,7022,8184,10854,8349,9152,8099,7688,8109,7771,6589,11443,9218,7872,5634,7939,8121,7741,7356,9661,9246,8670,7165,10797,7100,7285,8258,9468,9198,10239,7305,5718,7692,7076,7458,9518,9144,9394,10117,
245,6574,7232,7474,9602,10259,638,613,7805,8059,6014,7053,7240,11764,10325,6873,8954,8113,6202,6442,6804,7844,9461,9343,8239,8587,8066,6820,8035,10698,8141,9230,8009,7372,7866,7566,6473,11246,8967,7943,5522,7946,7890,7623,7271,9638,9156,8617,6954,10609,6891,7277,8221,9216,9007,10148,7108,5704,7809,7077,7185,9213,9012,9471,8042,
246,6400,7139,7341,9476,10066,534,519,7774,7932,5993,7154,7066,11649,10149,6851,9022,7910,6052,6446,6681,7697,9373,9060,7991,8296,8011,6803,7898,10651,8402,9017,8128,7454,7724,7711,6418,10938,8796,7608,5465,7678,7804,7409,7200,9536,9058,8467,6995,10522,6662,7073,8098,9123,9029,9804,7063,5589,7746,6951,7180,9272,8857,9359,7262,
247,6336,7115,7337,9410,9865,531,504,7738,7788,5874,6973,6985,11685,10135,7004,8562,7759,6041,6351,6629,7642,9335,8977,8015,8134,7906,6795,8045,10368,8166,8885,8006,7245,7833,7441,6378,11179,9098,7711,5390,7825,7701,7408,7057,9389,9086,8238,6860,10574,6741,6875,7925,9169,8853,9935,6770,5434,7762,6922,7109,9242,8725,9031,7012,
248,6356,6963,6983,9245,9783,565,547,7521,7669,5781,6940,6760,11486,9837,6823,8746,7646,5918,6283,6457,7476,9260,8718,7952,8043,7887,6653,7797,10324,8059,8999,7684,7134,7601,7467,6376,10753,8779,7432,5463,7506,7642,7286,6982,9259,8849,8209,6947,10267,6675,6911,7870,8892,8756,9827,6855,5449,7563,6812,6941,9064,8675,9053,7059,
249,6481,6885,7067,9179,9832,513,489,7518,7617,5651,6825,6643,11414,9726,6820,8505,7708,5840,6147,6462,7389,9217,8754,7810,8011,7688,6629,7686,10256,8009,8723,7775,7151,7412,7347,6275,10690,8943,7461,5195,7457,7552,7215,6922,9173,8857,8031,6845,10170,6780,6899,7627,9058,8661,9718,6816,5453,7395,6612,6935,9089,8545,8857,7054,
250,6040,6860,6995,8888,9381,475,454,7380,7456,5772,6785,6570,11282,9666,6647,8446,7513,5753,6099,6387,7060,8904,8640,7849,7888,7507,6387,7450,10057,7766,8826,7508,7094,7531,7226,6251,10642,8552,7159,5261,7243,7269,7125,6828,9089,8649,8119,6816,10034,6402,6852,7632,8756,8690,9565,6643,5445,7360,6666,6721,8721,8375,8816,6836,
251,6064,6715,6887,8750,9236,421,396,7372,7489,5602,6569,6508,11124,9538,6517,8255,7303,5609,5979,6440,7228,8668,8296,7474,7648,7528,6319,7546,9969,7663,8463,7499,6900,7389,7091,6045,10394,8548,7043,5256,7090,7333,6838,6676,8991,8402,8010,6704,9872,6369,6717,7206,8854,8271,9445,6580,5114,7243,6442,6713,8648,8108,8664,6769,
252,5914,6616,6705,8596,9344,432,399,7204,7381,5498,6425,6446,10892,9342,6438,8244,7172,5427,5868,6240,7174,8732,8418,7543,7715,7461,6284,7446,9877,7575,8392,7540,6777,7184,6902,5885,10300,8371,7077,5177,7238,7319,6921,6555,8975,8410,7709,6636,9679,6250,6470,7420,8503,8492,9183,6599,5104,7186,6374,6459,8660,8269,8564,6651,
253,5865,6355,6837,8641,9072,411,357,7297,7319,5458,6332,6460,10915,9280,6270,7954,7012,5448,5884,6094,7089,8651,8325,7455,7468,7380,6190,7099,9711,7349,8142,7105,6696,7145,7052,5786,10144,8068,6937,5078,7044,6992,6811,6363,8866,8195,7570,6493,9790,6281,6389,7223,8464,8242,9136,6499,4976,6921,6143,6661,8413,8289,8634,6728,
254,5873,6218,6555,8486,8946,306,263,7015,7154,5381,6315,6176,10721,9262,6179,7755,6904,5339,5898,5885,6877,8495,8193,7317,7453,7148,5992,7155,9577,7143,8172,7127,6493,6894,6733,5907,9811,8062,6751,5086,7039,7110,6587,6236,8617,8027,7574,6543,9187,5969,6356,7027,8335,8171,9006,6473,4819,6821,6124,6345,8431,7816,8353,6486,
255,5808,6161,6488,8246,8532,267,218,6984,6937,5240,6237,6128,10462,8985,6087,8030,6737,5233,5581,5775,6759,8290,7979,7286,7413,7229,5976,7060,9478,7117,7851,7095,6483,6866,6764,5622,9886,7989,6548,4957,6669,6972,6517,6277,8503,7855,7433,6383,9292,5934,6307,6998,8110,7898,8780,6337,4735,6635,6102,6434,8359,7744,8364,6388,
256,5567,6065,6466,8108,8428,197,132,6898,6983,5134,6192,6089,10014,8759,6015,7539,6824,5054,5515,5937,6656,8017,7747,6845,7029,7011,5841,6956,9003,6904,7505,6857,6229,6852,6611,5581,9308,7787,6387,4808,6579,6833,6483,6221,8033,7605,7360,6170,9117,5968,6148,6784,8150,7717,8400,6187,4673,6593,5987,6099,7918,7704,7911,6386,
257,5465,5920,6208,7996,8473,138,103,6762,6886,5090,6006,5871,9796,8709,5676,7494,6496,5065,5295,5570,6457,7945,7513,6819,7048,7016,5634,6925,8840,6744,7650,6540,6095,6652,6406,5470,9223,7340,6182,4696,6565,6736,6317,6150,7863,7570,7075,6168,8886,5801,6160,6650,7855,7601,8249,6196,4585,6407,5814,6129,7825,7518,7863,6274,
258,5453,5787,6024,7682,8151,99,82,6742,6900,4897,6099,5812,9654,8245,5669,7208,6255,5100,5305,5427,6194,7478,7382,6756,7075,6836,5717,6860,8585,6435,7427,6642,5690,6523,6401,5259,8954,7290,5896,4651,6406,6701,6114,5849,7675,7368,6872,6036,8722,5639,5858,6449,7510,7425,8086,6126,4441,6233,5508,5920,7665,7294,7585,6137,
259,5128,5515,5936,7875,7968,112,104,6487,6574,4752,5612,5641,9565,8229,5332,7138,6068,4752,5193,5391,6255,7424,7253,6506,6800,6725,5469,6718,8420,6446,7023,6226,5745,6387,6206,5328,8755,6878,5544,4527,6241,6420,6090,5826,7392,7125,6712,5925,8309,5520,5707,6287,7440,7185,7682,5937,4275,6192,5357,5749,7369,7265,7329,6065,
260,5056,5153,5706,7351,7810,84,82,6655,6430,4664,5657,5380,9269,7953,5055,7049,5677,4642,4960,5236,5993,7052,7097,6402,6594,6519,5473,6467,8069,5835,6609,6260,5240,6292,6092,5185,8513,6517,4991,4472,6163,6389,5784,5629,7261,6744,6494,5822,8074,5335,5764,5717,7218,7105,7342,5820,4053,5792,5081,5678,7298,6954,7214,5982,
261,4857,4693,5631,7328,7478,83,78,6279,6172,4227,5614,5086,9088,7882,4767,6836,4698,4366,4881,5001,5763,6744,6862,6106,6605,6425,5412,6387,7759,5134,6110,5912,4714,6151,6036,4860,8027,5791,4017,4309,5768,6121,5684,5415,6941,6195,6446,5636,7866,5052,5342,4734,7186,6738,6440,5923,3450,5334,4462,5436,7028,6732,6939,5992,
262,4409,3384,5332,6939,7128,75,74,6227,6092,3672,5384,4490,8479,7844,3737,6644,3289,3944,4455,4404,5372,5769,6569,5780,6067,6371,5078,6276,7036,3936,4769,5463,3461,5856,5627,4380,7751,4617,2644,4312,5468,6208,4991,4989,6139,5117,5903,5516,6918,4422,5290,3297,7001,6369,5115,5704,2422,4399,3464,5098,6531,6494,6508,5967,
263,3655,2243,4915,6272,6380,70,67,6071,5986,2825,5124,3489,7970,7455,2704,6239,2128,2992,3727,3482,4671,4429,5758,5076,5775,5885,4635,6038,5934,2761,3392,4389,2299,5703,5569,3905,6689,3121,1751,4108,4781,5870,4100,4409,4868,3743,5494,5332,5741,3677,5009,2123,6453,5404,3654,5492,1602,3318,2273,4466,5758,5873,5604,5760,
264,2639,1401,4166,5275,5120,73,68,5970,5896,1846,4790,2308,6488,6916,1791,5439,1359,2103,2914,2413,3752,3053,4587,4051,4809,5618,3882,5710,4435,1858,2340,3221,1555,5366,5113,3003,4971,1945,1325,3503,3747,5738,2879,3399,3396,2444,4375,5146,3970,2495,4435,1362,5723,4182,2311,5298,948,2165,1429,3435,4328,4931,4343,5650,
265,1651,1096,3088,4168,3548,61,58,5690,5519,1223,3976,1509,4643,6172,1270,4439,1125,1286,1993,1582,2510,2095,3282,2919,3620,5144,2855,5153,3038,1398,1603,2118,1171,4717,4428,1998,3440,1416,1126,2760,2581,5360,1884,2364,2202,1717,3020,4667,2738,1759,3381,1116,4509,2833,1613,5174,716,1348,1034,2316,2970,3695,2959,5712,
266,1106,950,1837,2588,2439,59,52,5521,4709,877,2764,986,2971,4713,1068,2867,1070,912,1266,1058,1637,1469,2067,1751,2127,3928,1719,4025,2024,1224,1383,1437,993,3282,3233,1225,2244,1303,1065,1970,1727,4583,1199,1455,1608,1489,1964,3738,1828,1215,2185,1014,3077,1811,1467,4788,683,1185,863,1410,1971,2393,2006,5465,
267,828,901,1261,1819,1753,56,54,5114,3625,754,1824,911,2126,3185,911,1909,1008,777,980,870,1214,1343,1526,1349,1430,2710,1182,2888,1730,1175,1260,1230,909,2323,2184,981,1921,1240,1108,1287,1326,3626,1021,1115,1473,1364,1431,2805,1635,958,1408,944,2072,1433,1442,4245,653,997,932,1077,1492,1606,1539,5367,
268,773,934,1057,1372,1526,58,48,4379,2311,752,1185,912,1818,2277,955,1529,1018,825,831,818,1106,1281,1283,1114,1201,1682,906,1657,1540,1143,1308,1184,958,1454,1342,851,1722,1258,1068,960,1037,2339,885,895,1395,1333,1247,1972,1438,885,1055,1061,1580,1287,1354,3410,694,1051,867,908,1380,1412,1399,5033,
269,805,868,940,1284,1363,41,36,3395,1550,699,949,873,1778,1645,923,1274,986,737,866,839,1029,1299,1216,1148,1186,1229,891,1235,1497,1125,1202,1181,906,1180,1103,865,1604,1191,1092,776,981,1572,960,921,1349,1342,1149,1329,1424,908,916,1009,1372,1237,1400,2360,671,973,873,974,1343,1267,1323,4747,
270,769,899,882,1260,1386,40,34,2308,1127,715,907,885,1704,1485,919,1221,936,779,788,799,968,1243,1204,1114,1052,1074,880,1045,1474,1057,1222,1072,897,1047,982,823,1623,1289,952,698,987,1142,920,842,1335,1286,1129,1047,1405,873,910,981,1240,1192,1367,1535,589,966,847,871,1313,1174,1359,3847,
271,750,867,853,1280,1398,27,20,1525,1046,675,835,838,1699,1447,975,1219,963,737,798,828,982,1281,1218,1089,1051,1137,876,1021,1522,1062,1228,1061,890,1104,915,777,1589,1255,997,680,998,1071,938,857,1412,1210,1087,963,1372,870,890,1053,1225,1203,1256,1162,643,1018,845,926,1301,1203,1249,2922,
272,713,838,902,1203,1361,20,13,1194,1024,696,783,838,1651,1361,866,1161,984,785,764,789,983,1225,1195,1066,1060,1033,774,1043,1416,1037,1229,1089,898,1017,845,777,1535,1251,983,675,948,1024,921,841,1318,1209,1098,866,1288,835,856,927,1238,1164,1211,987,597,975,840,854,1274,1161,1200,1838,
273,727,872,889,1234,1407,15,12,1111,974,677,834,857,1634,1336,909,1166,959,720,760,801,1019,1249,1169,1072,1010,1011,842,1008,1439,1023,1164,1085,839,1039,886,745,1516,1202,947,628,914,1002,847,871,1228,1218,1081,906,1347,835,858,927,1222,1274,1196,974,644,925,793,873,1267,1140,1209,1279,
274,669,825,908,1180,1348,13,12,963,971,632,764,825,1609,1392,901,1115,916,696,762,753,893,1198,1136,1051,997,999,813,937,1374,996,1106,1042,805,938,890,786,1521,1147,953,652,917,986,858,789,1260,1180,1050,880,1354,817,829,934,1217,1138,1205,918,617,905,791,899,1199,1085,1208,1051,
275,711,829,821,1162,1289,10,10,1026,988,628,758,814,1605,1384,789,1075,908,644,729,725,897,1165,1108,1056,1009,980,852,989,1374,1017,1089,1012,808,990,837,698,1499,1125,956,596,919,1009,843,814,1218,1170,1009,815,1371,825,799,902,1197,1161,1296,883,580,940,812,892,1201,1098,1253,942,
276,710,740,830,1141,1285,13,13,968,895,706,790,840,1573,1337,804,1152,907,694,733,747,808,1137,1118,1050,996,965,776,960,1347,1052,1117,989,843,902,898,740,1505,1125,912,643,949,957,889,796,1176,1193,995,816,1227,757,797,919,1124,1163,1162,868,543,885,751,830,1172,1115,1234,866,
277,687,805,847,1139,1257,19,17,955,916,637,811,782,1566,1278,839,1124,903,632,671,693,905,1108,1102,948,960,940,799,869,1347,1047,1097,986,801,929,820,685,1406,1111,898,656,918,961,788,759,1206,1090,1001,847,1218,759,820,883,1037,1135,1151,877,622,856,725,854,1188,1074,1174,922,
278,636,783,753,1098,1252,12,11,980,928,615,737,790,1517,1262,783,1084,819,610,750,707,879,1110,1079,920,946,963,735,932,1353,971,1076,1038,762,869,806,698,1415,1094,860,652,847,890,837,698,1167,1148,1050,810,1160,743,722,859,1122,1106,1139,820,569,842,686,823,1127,1034,1184,848,
279,678,742,791,1143,1151,5,5,922,906,623,774,736,1522,1252,795,1069,806,589,678,661,866,1028,1078,951,963,963,723,935,1322,967,1039,926,742,877,836,681,1374,1044,854,647,838,888,780,746,1128,1068,919,787,1178,808,726,850,1124,1066,1158,839,546,858,712,842,1114,1014,1078,859,
280,700,756,772,1103,1186,9,10,953,920,576,730,731,1455,1256,762,1004,740,656,679,734,812,1073,1049,963,917,933,719,881,1265,910,1082,898,686,840,813,693,1292,976,784,621,812,893,737,738,1160,1061,968,738,1116,707,755,809,1090,1046,1140,896,533,845,728,746,1058,928,1113,829,
281,615,668,725,1071,1191,6,5,867,862,544,722,682,1439,1244,746,949,748,577,670,630,786,1012,1033,919,905,895,721,908,1186,923,1049,941,692,843,778,659,1296,1002,784,573,824,872,750,743,1084,1040,913,746,1152,723,725,764,1076,1022,1086,788,517,774,683,790,1033,975,1073,897,
282,605,733,763,1071,1098,8,7,915,878,532,688,667,1407,1188,705,945,786,581,693,679,834,1047,979,913,858,871,702,862,1123,962,985,881,727,867,743,629,1309,964,827,548,793,926,730,690,1049,1027,955,733,1188,695,720,713,1049,1004,1030,832,497,798,666,745,1012,1013,1012,840,
283,570,668,737,1081,1119,8,7,881,781,535,702,645,1356,1139,746,963,745,549,651,590,811,989,953,918,862,869,671,861,1180,870,922,937,633,806,763,613,1307,904,802,543,726,842,750,633,998,979,893,763,1082,722,678,734,998,974,995,812,517,769,588,697,1056,922,1027,861,
284,550,632,726,1019,1138,9,6,884,761,477,690,628,1364,1174,730,964,656,559,592,551,757,985,950,853,852,832,661,823,1116,783,894,825,614,813,782,602,1207,899,700,557,786,829,665,686,1027,997,845,723,1067,671,702,691,967,932,997,782,418,716,648,712,931,917,1079,818,
285,499,596,706,985,1105,8,5,904,773,520,630,669,1332,1081,693,901,643,567,545,601,780,902,907,849,778,861,626,794,1097,806,896,853,546,792,721,538,1175,900,679,539,712,798,679,698,952,938,840,760,985,609,743,558,922,890,951,765,370,698,496,653,1026,931,963,805,
286,558,493,656,949,1022,2,2,802,746,457,588,543,1304,1089,634,876,501,497,550,575,732,897,902,854,783,753,600,760,1026,753,845,812,493,770,675,529,1165,864,625,557,645,802,629,620,942,878,824,654,942,565,662,473,890,952,895,746,299,630,450,677,1011,835,946,789,
287,443,405,646,857,1064,4,3,840,730,378,621,509,1235,1098,592,895,371,444,562,493,713,911,830,797,739,773,640,726,1056,718,849,764,377,761,633,502,1099,800,475,531,683,768,634,590,870,840,832,693,897,558,639,327,898,880,852,743,224,557,330,579,885,829,885,805,
288,339,194,582,811,996,2,2,762,715,285,594,401,1155,1038,468,788,213,357,450,355,674,716,803,741,709,714,505,739,996,491,611,704,266,705,631,440,1066,593,333,490,571,713,458,492,811,692,758,623,687,380,585,213,893,777,594,685,130,377,190,490,886,744,843,745,
289,269,148,498,733,886,3,3,817,683,191,562,291,1063,909,338,804,155,220,363,247,591,578,718,642,612,639,487,707,861,359,465,623,165,655,587,381,959,407,207,525,455,723,361,376,652,541,668,657,510,275,561,181,863,675,435,746,100,253,143,413,755,790,816,708,
290,176,131,362,557,807,1,1,810,630,116,474,194,972,908,205,745,130,137,256,178,487,421,656,573,426,669,337,682,682,243,289,465,148,583,548,249,784,257,190,460,312,687,229,242,505,371,610,593,339,202,404,145,795,590,317,678,99,191,135,290,604,616,615,733,
291,122,129,274,418,650,3,3,737,619,109,362,122,809,880,150,656,143,99,166,117,342,292,478,432,301,589,271,560,523,212,240,357,117,496,473,165,549,231,129,369,239,639,180,170,328,293,431,584,273,146,346,143,706,453,221,693,92,178,116,195,506,551,484,706,
292,114,115,162,296,516,0,0,720,558,91,258,129,636,811,136,533,130,117,150,101,253,257,367,344,246,456,149,454,369,165,210,252,135,367,324,116,440,209,151,340,206,578,133,142,264,220,346,558,214,113,206,143,554,327,211,656,71,138,118,140,353,393,409,705,
293,113,123,137,216,311,2,2,636,444,94,160,118,420,683,137,372,130,96,118,104,194,194,250,217,161,331,115,365,304,160,194,192,121,270,217,105,299,180,154,224,148,453,119,128,208,204,231,479,183,135,143,116,435,267,214,595,76,149,138,94,265,293,287,659,
294,103,118,117,184,250,1,1,676,285,81,129,122,340,484,110,265,136,90,109,103,167,171,190,197,143,256,132,233,256,163,165,176,102,179,160,112,268,175,156,143,144,300,120,112,210,193,174,342,195,105,118,133,291,172,195,586,95,124,115,117,218,227,192,683,
295,91,127,112,165,252,1,1,606,192,95,137,125,278,338,138,214,100,106,106,106,140,172,173,183,153,160,108,180,263,158,176,168,115,172,119,99,248,174,130,115,133,226,132,118,179,204,161,249,170,120,112,123,235,174,179,479,67,152,128,127,191,178,210,616,
296,88,102,107,182,223,1,1,543,153,79,108,106,289,254,130,186,129,89,105,100,132,182,184,157,143,146,119,144,245,160,166,174,135,141,133,106,228,172,156,102,139,171,120,124,174,209,149,186,202,102,123,114,182,185,176,369,73,133,103,151,175,168,184,610,
297,93,109,123,162,220,0,0,468,150,84,115,129,268,243,145,197,128,86,112,105,149,165,165,169,144,131,100,140,211,159,164,158,91,123,113,92,237,150,148,95,137,171,139,120,198,181,149,127,207,109,123,124,177,200,176,282,71,125,91,113,190,181,178,568,
298,101,104,105,128,188,1,0,299,140,92,103,87,239,208,132,178,158,74,101,96,133,205,160,154,142,165,101,145,213,142,156,141,107,116,125,108,207,160,129,109,128,139,93,111,183,193,152,115,187,126,96,114,152,183,177,218,84,130,100,129,213,152,179,486,
299,93,102,134,160,224,0,0,215,130,104,108,111,260,199,131,164,112,80,127,98,159,172,163,163,129,150,93,134,235,155,166,160,102,122,124,81,240,161,129,92,113,142,101,123,160,198,129,114,166,112,116,115,174,154,172,178,73,137,85,86,183,160,181,383,
