165,4534,7460,12719,21043,174303,5874,9869,253677,19395,5194,12689,8516,185436,178274,42990,104415,8629,5792,13157,5283,95131,73697,149120,107703,14578,24801,10137,24241,147828,64959,108564,112415,5692,17939,13882,7271,129905,59517,37169,128186,12468,21607,8973,11571,96202,145004,85629,178434,19159,8169,14750,4745,121323,82828,41533,239554,3842,10122,2804,13502,124810,77209,143803,168235,
166,9046,13332,17223,25050,273249,11118,18275,319940,23472,9526,16059,13523,306808,302573,92661,199057,15164,10909,19587,10120,167571,151858,220281,181225,22696,27411,15675,27410,237292,136230,194571,187954,10678,21847,18319,11948,224951,130637,81150,171729,18111,25875,14522,16905,179938,230203,166436,219086,24046,13628,17825,9940,207902,160249,80666,274762,7834,15675,6529,16810,209149,151268,224142,213835,
167,12633,17447,20237,31144,373452,19646,34575,310672,32594,12959,18974,16955,432618,408140,174939,314802,22336,16915,23109,15199,220572,229277,262342,230459,28270,33947,21219,37246,295396,210670,260176,241543,14874,26047,21514,16264,286689,209952,152819,193487,22972,30830,20186,21891,248035,283387,232516,239149,28535,16906,20591,15304,293289,236358,155950,281963,11391,18928,10780,19570,280062,222829,282217,240973,
168,15774,21028,24833,50209,400734,38981,67599,324019,63096,15896,24508,19997,451904,409184,288396,369639,27630,21750,26122,20995,255877,286352,294604,263484,30964,64550,24429,72415,331624,264511,301457,275704,18435,40562,27305,19829,325394,264208,217171,211251,27116,53899,25125,25128,287583,315508,272113,263033,37746,20226,28467,19369,349797,315658,249860,322528,13615,22905,14558,24887,321833,277963,315418,260141,
169,18393,27201,39424,103387,421040,77822,120438,420173,124499,18936,41842,25772,464908,425128,338380,362459,32317,23768,42377,24094,283301,323608,335813,298063,45720,128867,32109,139430,378289,293736,337012,309328,22356,81151,46106,24055,365731,299399,257041,238179,40018,107731,29932,36621,318960,363797,302770,317639,68768,26082,53901,23477,357498,349054,347461,502396,16312,31901,17595,41924,347279,306109,358345,292036,
170,28944,55148,94336,199576,636360,141081,225850,935812,202519,31625,98569,52730,661475,602238,340033,428968,61006,38417,101062,35309,351910,388084,485790,395701,106852,245955,70139,247579,548249,355191,440506,433291,37777,164214,108334,45211,473499,355255,300220,350727,91889,201612,57911,85723,394234,567544,369953,579245,156051,53264,124103,34917,441362,395169,393050,1254118,24358,72391,24205,100184,467683,358334,535874,416237,
171,61039,116446,169067,271816,1464954,260376,487845,2434594,245834,67808,167122,109567,1479994,1372507,447714,759645,130773,84921,192981,72506,623715,633335,1062669,802314,210503,351027,138504,338616,1212663,603326,863434,929932,80302,237948,182250,93959,921672,549519,417570,840016,168274,291256,119416,158433,706586,1341440,640151,1448040,246119,111606,193972,70582,841476,660644,462562,2769891,51520,140183,42468,169240,959160,562367,1191628,897050,
172,132305,211570,245055,314444,3292504,580941,1017508,4878246,284786,139438,229833,190544,3543477,3450688,937263,1876179,269826,190331,303622,161188,1430053,1423355,2295979,1823139,353667,361494,252414,347607,2620301,1398934,1981940,2075045,162535,289826,269256,179682,2115573,1252228,886841,1879217,274426,334116,224218,268957,1642513,2839183,1512566,2831623,309726,194443,243834,155719,1965617,1503127,791257,4525942,114770,213724,101731,224968,2151249,1239165,2540432,1946570,
173,202166,274077,278420,362070,6107315,1275432,2021372,6277079,337238,198331,263670,245017,6814357,6602866,2679367,4705145,372968,298996,313382,275960,2998457,3133356,3928759,3391740,379825,373461,328087,375657,4427527,3072266,3826980,3735253,233723,318545,304046,263730,3938892,2899076,2268727,3169703,325901,349831,326822,332154,3418528,4409984,3361925,4066754,353352,243061,271990,237914,4341507,3427913,1981012,5258943,168628,254076,174224,255484,4240487,2865790,4445474,3482903,
174,254843,328306,343886,622461,68136588,56923372,58427887,81710639,633694,246880,339724,294496,77419734,78249010,105963350,67273616,385819,319223,353458,331224,57235582,60199443,71888468,79111906,407847,633844,344539,692989,55716214,49300818,54916211,64589350,290756,504115,371796,307273,84125914,84938997,87607760,98591056,382292,570247,366948,359547,64063034,88435439,111956536,88708402,491779,284990,355992,300989,61074778,52648383,57736754,72018828,209701,314951,233681,318460,63414554,56182046,73385616,72324827,
175,318566,552765,638951,1577377,172879717,165542447,174162182,223695913,1627177,336592,679046,463967,211732381,216550434,285495428,200146395,528078,376526,659685,373351,172114144,180077374,208049998,228628413,718913,1661587,523974,1812641,175598266,152308245,163974551,194511969,455018,1279266,748661,435299,230533600,232790718,245470505,256861996,744502,1433339,530080,613436,200660712,273768822,243366249,249678921,1017921,402203,706078,369686,173200643,148235734,160207388,210065793,250287,501900,277764,545019,180089701,166129385,216628238,212289897,
176,761306,1711985,1949210,3774395,272560286,236670540,232773955,289495982,3474247,930407,1995202,1411534,273542238,283082213,261636794,272849126,1518800,961664,2179228,854142,217272419,230985588,237987725,275964729,2315111,4500302,1557274,4481698,198969461,208339535,190731213,186085661,1371594,3150420,2125705,1216911,173554283,176287451,152930723,193044631,2140483,3540067,1489440,1824648,227280871,200504747,205218382,200926132,2919063,1148304,2120046,819963,255755484,213901857,221325108,269457940,481343,1514501,490745,1659031,241769485,195341986,253452235,246025142,
177,1917507,3632346,3843102,5596213,326333955,285575477,301362294,285973761,5081004,2205500,3690345,2943761,435323216,343645205,293815877,306689465,4038329,2710477,4679555,2224761,219380186,250316346,231540303,294291883,5047572,6753902,3551933,6422301,221531129,210638511,185950689,196516022,2921800,5010847,4002465,2691264,159456356,157980394,158829805,160003781,4117195,5580363,3302202,3906151,219343764,168114873,166452808,173812350,5170972,2729093,3975060,2105274,319606526,273241795,271046138,318220677,1381290,3318754,1324921,3441090,283685642,261126673,259612252,268043380,
178,120391659,116579053,114145131,117763215,359857424,315704999,345358989,393995608,188241578,124070215,107188312,122569442,389257539,392836321,339163671,348545179,164513638,211338215,159959618,117722449,207553165,244651098,224884150,301338614,152555834,144112046,112577292,182199229,220892283,211884007,182827947,191137616,170267141,140418779,122464479,112489086,157578562,154363846,160380850,160417859,117515359,119475202,120569199,145049193,210595271,162685942,163060631,165981307,237948093,176476631,148502290,107289772,362944210,306565054,304526963,340659413,207586226,247347194,151843427,228710530,334345954,283154712,274680455,250562085,
179,170225314,167337434,165108735,155689199,377413815,324983641,378296262,428951587,239272961,178372333,147912757,174300933,439285547,447220256,392642106,380696671,240388270,258372398,217623072,163255531,202836318,230465893,190852614,229872735,202985406,201377797,157798410,212329571,220063679,199251938,181460990,188805823,210162376,194178556,179367237,155701179,157710383,156440938,160994681,159082806,161832091,168828349,165117888,194137618,198070306,162112642,163789071,165939497,275070864,195971130,192920273,146395149,393522295,326272057,317958525,362543817,254215906,263915324,183157349,259408899,324397748,292282683,275903524,263308937,
180,182996793,184260870,185494635,188454402,398596707,334355254,394750984,458470360,217396139,193471217,175318339,178779029,487589179,499110813,466884989,422779857,159201795,268626670,249765897,197978068,198311252,197212701,217642448,296008978,237584348,253949909,201851870,233095093,311124857,187511179,175782741,186435981,217975984,215758705,238907390,200398134,158267068,154414831,159825771,157377252,204615522,214148865,215049865,230917911,217946265,161246851,161513340,162728832,203932756,185507225,182494869,176401608,402178001,336236923,310496390,381342907,236901273,204439052,190389001,244420647,327370139,300157899,268741413,274922379,
181,197253538,182925159,178680716,198871034,427677987,344874014,423582751,473862378,218747563,197232110,186409176,180375483,530430185,543173297,536326788,499420927,301984162,291339519,279103981,220511746,187024252,201795450,220814246,291286523,283883844,288880048,247023591,263876557,191456838,180203430,167030594,181296905,240154936,234759351,286320007,237463549,150878180,154704138,155626463,157099286,242566925,246051731,255407418,262261607,167074594,157605411,157664970,158471024,177443631,169332506,172156563,171364148,402704823,350606193,319604499,375457046,182346559,174130395,172753848,171345405,325670394,299287621,264288188,266504454,
182,203354521,187775548,178612020,183955910,435040133,336637663,455546329,484378460,222193172,238771139,194328334,175729693,549306908,569745410,571688391,545353551,332669265,328553199,322347531,269817283,176919721,188591979,199049241,271802372,330028080,336007540,291517430,313415461,175273929,170410213,161861247,174093046,303030295,255853974,331423936,276897815,151448893,151750744,153801621,156059733,277509031,278026448,301679772,293809210,164176855,156645706,151313185,155939587,166810701,163609772,166956523,194827786,380760928,360394529,322522505,355215547,160540912,162035720,164911855,175061889,315927734,293653923,250771025,241396591,
183,307283247,189695690,177883986,189602251,430219454,373565177,469764106,488129053,324956649,155592782,203121972,175161752,556130081,580751575,586902151,568125098,355808803,366711783,364573623,309109642,176106279,185725986,191233426,256412020,369818072,373646995,315108136,329419697,165298460,167284244,157576216,170481122,306607829,133341666,370875993,298731660,153976791,152898710,155355367,154926511,301582715,300166277,335163200,318033664,158784931,159164554,154227542,156553907,162454063,161530027,164378833,195588237,362206108,360562397,321249472,342550446,156557950,161514104,163354666,169518899,307650622,283494564,244243048,237319963,
184,213376266,225736743,174607460,182632184,433861094,405255082,478506944,490809733,223823195,156167989,180377189,175894533,557475657,590381576,593263182,585888551,389987023,402270671,405809493,342629699,157068862,180073331,185681584,242800577,403661397,397574304,328492668,335739290,160690340,157121439,156130127,166413696,315878564,267967499,387072300,319446349,154278845,152269525,152892469,154021408,315058021,315018590,359363109,329781382,157802153,161753734,153438866,155817381,160083720,158523625,162629726,189627536,361265282,357390100,321875425,339948019,161473729,160891019,155299700,161376761,295429560,279722758,199692612,238017492,
185,224045669,197767900,174629666,189999922,462033641,440628714,470150780,484717172,213691224,319027906,166840370,175692309,555386350,585089738,586113132,596019223,421685667,425740644,439828202,375963708,164770887,180327706,180243872,237823269,435526508,414034612,334711966,346825495,149921690,165494334,163028061,166372892,341997515,267619024,400088338,330571619,151488616,151528618,151456196,152476375,320373356,321590367,375669095,339069010,291258376,161445321,153335372,154551285,159213121,167455839,161989256,182979965,371164106,360426640,329808347,351007487,159828495,157545313,158128488,184806858,294841477,274545439,246208609,241702547,
186,200634593,198149255,175092677,182458473,491675254,463090407,457649731,473937878,210885147,209595225,205629776,171223114,530716815,546490001,553870540,575386988,454334530,443776995,463611573,399922172,158915059,170833390,170856626,229829907,460166610,435197360,344597408,347762934,143321372,160022684,152894335,165232271,299923219,277043703,410186526,323021855,150211615,149739663,150002565,150300750,321963216,320673438,374221171,343672665,154922130,158951933,151539666,152222839,157007879,157659822,160467060,179595151,392378339,369119434,350052704,361003441,159471037,160487356,156083228,157600725,292003981,271394555,239698126,238556363,
187,199634953,198694508,175841248,167701868,377806559,378617479,376732305,377836981,210425345,160602125,172624191,167117703,413823175,418878957,427423445,453374730,460418105,455244873,478770656,433873368,127438222,133311916,133695291,165364756,480686298,459961938,358924251,360039199,128017078,128781575,124957326,134549520,279547696,235254555,400453788,323582581,122678014,121723536,122032914,121823429,317214078,320729591,359251917,347928808,126476629,129393636,123666530,123793496,154061553,156349427,155244586,173443520,333995551,313784044,281111176,312282337,157505281,257322945,154662300,151370329,235628293,216252928,188775708,187068495,
188,194593201,198670125,173862703,170702455,168647624,157206549,150782999,185819861,196804276,199839742,169460443,167066341,163182568,164573976,167723417,177659412,472409899,461745396,484526748,448582631,52703716,54415297,54169182,65188596,482448934,465297512,383914412,380136652,56182899,53131820,52415600,55639794,291369229,252225252,385050085,301155924,51720023,51049109,50946688,50714327,317617354,320645178,341546222,311956330,53005715,55123659,51733634,51706571,153933024,154650123,156709696,171435497,137952226,130980412,119644782,127874870,154033765,153908430,153455332,152789514,95351775,85826670,73789977,73382175,
189,321701354,194438460,165149125,160720249,20255983,23424923,21917355,18189286,199723222,174361643,152641038,157343798,19687551,19655519,19382061,20687302,461555632,446459205,460359116,431911225,8843124,9194080,9128146,9554341,461030035,444954095,389505456,383174683,9153123,8715943,8984232,8890661,270973075,237395706,379158711,289159308,8968774,8732579,8459650,8057828,343315393,312084006,343137048,342528674,8924109,9131444,8808103,8590615,146771820,147408911,150109575,159920273,17425789,16879353,16369531,16351155,146678929,143406483,146168514,147504729,13124194,11944239,10612100,10367108,
190,159971714,142483107,121112744,119589008,4389718,8358884,6818376,4091296,116703620,55988405,117384715,112718990,4735427,4420746,3933733,4341207,343200282,330486041,334051068,318282033,4017131,4432813,4324613,3961375,332131005,324606199,301376796,299090666,4379242,3972652,4337145,3938512,196420121,177167802,261227456,228916423,4432845,4197302,3907017,3498946,233516132,234673774,253742022,278643806,4207152,4154801,4202060,3960211,107440263,107791474,109184540,115937362,4321902,4199631,4643433,3976487,107544639,107015185,107233689,106916858,4211024,4278176,4186919,3931670,
191,60746126,64120680,54942764,53026319,4183836,6742357,4397965,3920399,60044169,54558248,51720169,51466382,4539627,4232639,3733984,4137578,157803869,149030203,146083091,142498767,3952207,4367415,4254753,3887768,146431033,145359005,138840501,138841437,4304590,3910433,4274920,3870127,88635544,108001472,123456505,97458629,4365586,4135612,3841052,3432346,108445965,107988910,118029910,124119870,4156144,4083368,4137123,3899418,51561373,49608894,50321499,52805165,4171403,4028593,4479037,3810272,50123724,49627018,49591745,48840907,4088428,4170918,4100110,3847614,
192,6232686,6454089,5976472,6145681,4155359,2124110,1044252,3904178,6543944,5789302,5946312,5790503,4517596,4200511,3708699,4118176,10691676,9755852,9580383,9655466,3936886,4344742,4234111,3868386,9891985,10004626,9767304,9762087,4279687,3890434,4250778,3852344,7472723,7113632,8999761,7826385,4332787,4106213,3820957,3412298,8809718,8680107,9077268,9733726,4127870,4058709,4116237,3873799,6348562,5672790,5802372,6280066,4149075,4011626,4451946,3796078,5651879,5768804,5867789,5747980,4074273,4151789,4077473,3839806,
193,3929570,4050074,4007479,4172280,4145925,1088609,758855,3892270,4216811,3731758,4000286,3872415,4505376,4194391,3697134,4093247,4361683,3864609,3817029,4008162,3920528,4331942,4217999,3855922,4162258,4275640,4029145,4185803,4260895,3876122,4232645,3836151,4019369,4010216,4161607,3834549,4323413,4092226,3802746,3409943,4123048,4162836,4154262,4102014,4116977,4040840,4097028,3870668,4487471,3797964,3923113,4351342,4135361,3994052,4441302,3789933,3771083,3910528,3994755,3880388,4054908,4142249,4068674,3835022,
194,3835544,3956165,3916244,4085578,4127414,756929,682606,3882183,4122114,3643031,3918819,3786589,4484618,4183505,3682827,4083318,4111521,3636854,3586701,3786663,3907938,4308993,4195267,3837096,3929769,4052608,3803425,3957752,4245305,3856117,4213961,3823476,3867920,3883105,3972472,3660857,4302421,4073993,3784770,3399723,3915783,3970612,3941267,3875164,4096244,4020069,4083150,3858117,4400914,3717973,3838514,4265060,4116496,3978553,4425805,3775388,3688143,3822986,3908026,3797093,4033526,4117452,4045775,3827200,
195,3827255,3938138,3909159,4069598,4106304,688137,658416,3871166,4111567,3639362,3907429,3778217,4463837,4166072,3669029,4071230,4100975,3627007,3579830,3778017,3927001,4285508,4173474,3818384,3924798,4036958,3792904,3953188,4227089,3834421,4187254,3803284,3863156,3878364,3963864,3655499,4278775,4057314,3767676,3391022,3905574,3952797,3934753,3867384,4086877,4000097,4063121,3846345,4386318,3707881,3826325,4253767,4104156,3961657,4403079,3763645,3675854,3812516,3894439,3784666,4015980,4103623,4027506,3816228,
196,3811218,3922131,3894303,4052550,4086911,657638,633725,3857773,4094945,3623661,3893044,3756017,4433792,4144078,3646833,4052951,4083057,3616117,3566285,3765283,3935140,4259470,4155607,3797897,3908338,4021759,3783091,3934264,4197262,3808900,4158036,3775102,3848741,3860972,3950241,3640638,4243803,4022190,3729579,3380724,3893207,3943702,3917425,3853260,4046577,3956727,4045461,3827937,4373565,3688356,3812357,4238006,4080570,3941985,4377436,3751479,3657877,3797899,3878753,3774629,3995816,4081489,4002478,3803283,
197,3796664,3908779,3877427,4032795,4039087,634216,608388,3838512,4079789,3609384,3877588,3751485,4383766,4110056,3600472,4018082,4071414,3609755,3556255,3754607,3897971,4203323,4105669,3753294,3894954,4010902,3773929,3926965,4135052,3741530,4088273,3713631,3832519,3848589,3937336,3636192,4183751,3940848,3640570,3342266,3876461,3924079,3902694,3839730,3998897,3856645,4000755,3801220,4357697,3676031,3796621,4220908,4049222,3906620,4332642,3725813,3648359,3783723,3867330,3755804,3951824,4053781,3946718,3792271,
198,3776493,3879319,3857520,4005409,3870204,606996,575377,3779733,4055799,3591165,3855019,3720780,4229832,4032915,3461791,3940351,4040458,3584706,3535631,3733018,3790369,4004836,3951025,3620198,3875755,3994380,3754001,3904712,3913798,3475621,3836844,3506034,3808009,3820632,3916061,3614735,4002243,3692526,3357145,3252670,3859134,3905869,3882393,3820129,3814452,3514060,3882552,3710477,4307940,3646825,3776489,4190050,3954845,3780224,4172769,3663960,3627156,3751984,3849516,3737247,3801149,3960769,3768556,3778371,
199,3753576,3825565,3826382,3964259,3415946,574770,532808,3633859,4026219,3567576,3833649,3692826,3807425,3783246,3080238,3726478,3986850,3555198,3506418,3706925,3470885,3494633,3526460,3261731,3845117,3964721,3732978,3878859,3347247,2849466,3210304,2978819,3766501,3795638,3892039,3588584,3551647,3119124,2740928,2987456,3822812,3881187,3856645,3788958,3323553,2775194,3557621,3473021,4242630,3618604,3746313,4148271,3676022,3410716,3740526,3457583,3594205,3699590,3812888,3698072,3374185,3690981,3280769,3747881,
200,3700863,3677869,3767212,3856782,2476446,528506,461899,3206763,3976079,3505816,3783168,3620465,2839015,3125973,2238358,3123214,3841896,3490816,3431672,3653303,2724881,2483507,2618933,2463491,3780735,3906764,3683177,3826794,2289798,1820387,2116931,2032605,3661697,3745645,3849316,3548729,2586989,2084989,1732711,2369871,3761057,3834101,3790928,3729281,2352114,1672968,2786249,2866326,4097288,3540419,3678691,4030508,2963461,2575503,2783768,2894640,3508755,3558832,3730771,3603547,2464150,3011113,2355762,3666391,
201,3570988,3284101,3605407,3555721,1332660,456746,348026,2321288,3843082,3354189,3655508,3403351,1550352,1979303,1172624,2007373,3460828,3313953,3232184,3499858,1635024,1320591,1459190,1397318,3611238,3747114,3539131,3675201,1158037,858737,1030614,1029795,3366299,3603147,3750159,3420540,1372363,1007783,794983,1419122,3569097,3721047,3595405,3536269,1222737,759058,1644141,1859712,3735503,3337834,3502852,3715035,1841089,1453220,1547547,1920021,3300741,3228050,3527028,3379917,1354157,1910522,1268814,3422735,
202,3103789,2290942,3041767,2701674,545885,329206,199015,1171217,3378497,2832170,3203777,2725505,623954,851065,450361,854485,2457729,2698494,2585948,2952041,692509,538958,599997,570717,3002847,3167131,3041857,3124760,485676,365661,432948,425487,2562582,3095965,3352925,2928673,552451,412739,335748,578658,2921255,3271753,2933400,2880760,494545,350854,675837,837090,2791070,2731005,2923663,2796135,796061,598352,634618,892740,2672116,2391526,2927164,2729605,561749,849589,529410,2721109,
203,2242166,1230693,2091829,1630579,318019,195951,103399,502596,2499430,1946627,2371012,1737622,352697,389386,254920,374473,1326616,1733854,1646365,2023056,332115,314178,319384,297897,2005810,2186515,2142935,2176603,311965,257770,290138,268089,1545844,2217196,2554769,2069363,328006,278787,244489,265933,1940434,2425426,1912070,1876766,297068,273359,329611,371084,1640360,1803329,1983243,1640987,371331,311142,337569,396899,1731580,1387409,1974531,1770034,314040,387116,309317,1692613,
204,1057015,460232,931664,662026,276587,111931,69136,285990,1226450,860702,1171669,720717,306546,288435,224664,269013,486603,689311,668252,879372,250246,273456,264229,245308,845291,971428,975178,985960,282865,241826,266154,240796,611297,1052650,1317994,949390,290623,255916,231694,198894,844564,1202626,798526,782094,263558,261017,257157,245192,646611,765812,865101,629324,272511,256636,280452,255426,693034,533808,845231,734491,265063,270996,266536,857865,
205,442667,259083,401532,332668,269550,71604,59704,234154,525136,362213,505551,328235,297247,272735,219088,252716,271671,296139,301205,366294,233850,263293,253920,236250,366321,415400,408474,424918,275781,236875,260631,234101,294224,459058,570557,402311,282846,251593,227431,185492,376593,522388,351738,340028,256638,257965,242426,217875,341750,342332,374535,313150,253005,246625,268667,224596,296918,281670,362072,331893,255345,246975,258133,392798,
206,225876,219738,237056,253757,266447,59840,56373,225984,266947,209500,249254,222496,293404,268215,216302,249165,234125,199829,208892,216335,228969,260261,249337,232045,238075,245999,225145,248861,272561,233642,256821,232043,217548,252589,265668,219389,278241,248424,224757,181783,236574,265442,230570,219759,252737,254089,239807,211238,273143,222038,228631,242528,249123,243153,264792,216940,196908,225811,225588,225090,252461,242373,254044,249563,
207,197319,214122,216241,244040,263568,56086,53666,222673,232092,191608,211732,209927,290754,262920,213406,244742,229855,190856,198618,200374,224767,256856,246799,228204,224243,227417,204424,229052,269297,230319,253161,228736,208237,225091,220392,198010,274979,244860,221543,180083,220361,229429,216314,206458,249274,251783,235667,209267,262815,206456,210003,234403,245966,240333,261209,214554,184846,218450,208932,212099,248411,239085,250998,224867,
208,190456,210800,211199,238935,259825,53409,50912,219401,223992,187027,203705,206401,286948,261407,211236,242002,226196,186794,195465,195828,222394,253067,243001,226123,220438,223804,199791,223367,266097,228480,250481,224956,204993,219353,213122,193733,272037,241629,218089,178481,216055,222389,213505,202271,247230,248309,232764,206502,258352,201395,205432,230862,243006,237668,256768,211811,180659,216299,202958,208039,245555,234843,247182,218786,
209,188191,206944,208541,237611,257084,50621,47877,217543,222049,184457,200482,202372,284027,256694,208678,239834,223039,185759,192505,193697,219852,250594,239604,223377,218768,219577,197842,221126,263505,224604,246730,223576,202143,216396,209784,191341,267795,239137,216485,176228,212498,220188,211055,200862,243179,245621,229831,203317,255321,199604,201640,227506,240147,234310,253427,209477,178219,211961,200289,204904,242907,232781,244329,216002,
210,184703,204314,205755,233919,254229,47369,44037,214935,217980,181682,198562,200257,280786,254158,205534,236055,219200,182595,190865,190629,216524,247183,237274,220316,215401,218162,195705,217349,259861,221668,243280,220526,199661,212769,207130,187968,264917,236511,212401,173912,210098,217000,207955,197408,239867,243334,226147,202226,250964,197239,199398,225089,237166,231672,251748,208041,175590,210012,196837,201695,240143,229927,240281,214443,
211,182988,202124,202213,231193,251527,44030,39582,212889,215784,179302,196010,198932,277461,251998,202751,234050,217247,180623,188644,188837,214183,243080,233677,218245,212781,215768,193682,215620,256392,218715,240622,217772,197283,210342,205248,186613,260139,232770,211402,173112,207387,215373,204889,195189,237371,239574,224402,199682,248185,194436,197987,220770,234666,228692,248010,205321,173763,206637,194580,199932,236191,226830,238237,212262,
212,180360,199669,200340,228288,247861,38582,32231,210648,212589,176686,193402,194722,273230,248719,200419,230638,214259,178140,185483,185972,211269,239753,230669,214687,210230,212910,190503,212737,253119,215933,237607,213777,192837,208045,201584,183778,256558,229144,207058,170811,204219,211899,201800,192466,234686,235734,220470,197741,244159,190958,194367,217730,231087,226047,244121,203720,170484,204432,191961,197153,233624,223492,235352,209296,
213,177723,195774,196886,224994,243879,31335,23021,207812,209761,174806,190976,193221,269391,245154,196932,227523,210248,174558,182457,183021,207486,235740,226535,211513,206291,209783,188342,210388,248912,212188,233056,210797,190316,205784,198680,180996,253310,226093,203423,167753,201860,209083,199275,189912,231675,233035,217649,195032,241353,189070,191851,214968,228592,222385,239642,201065,167768,200587,189086,193098,230363,220439,232388,208777,
214,175510,191906,193868,221791,239386,21480,13048,205872,206604,172104,187592,189017,264273,241607,193948,222875,205313,172761,179598,180257,203535,231684,223581,208310,204324,205383,184569,206634,243548,207769,228093,207341,187929,202128,194846,177733,248919,221291,199344,164885,198398,206218,196644,186948,226757,227949,213079,191257,237351,185546,188568,209964,224604,218684,235256,197975,164615,197761,185923,190885,225755,216667,228554,204957,
215,172174,188858,190707,218430,235699,13598,7985,202655,202927,168741,185005,185617,259782,237221,189928,218892,203737,169998,177646,178283,199718,226637,219218,204533,201008,203868,181656,203967,239564,204255,224162,203203,183298,200676,193018,175281,243111,216826,194435,162594,195471,204478,192597,183350,223197,223053,209724,188790,233168,182291,186077,205822,220103,214331,229892,194941,161710,194899,182576,187838,222423,213019,223791,202490,
216,168907,184850,187191,214296,231241,8404,5926,200258,199912,165458,181038,182497,255116,232936,185367,215823,198683,166220,174159,173858,196227,221259,215046,200287,196839,200351,178342,200241,234006,199035,218342,198445,179623,196400,188964,173033,237928,211362,190238,160179,191278,200259,189125,179483,217937,218084,205111,185128,228137,179201,182295,200767,215647,209929,224398,193326,157677,190945,177999,184299,218241,208481,219684,200376,
217,162194,180180,182571,209128,225636,6274,5486,195561,195836,161640,178183,178577,248653,228490,180495,211009,193712,162839,169684,170463,190897,216000,208379,196026,193109,195372,175130,196549,228612,193890,213299,194473,176124,192369,185845,169200,232167,206117,183964,156488,187655,197737,184872,176052,212156,211347,200218,181734,222401,174857,178560,196354,211383,205197,218397,190151,153934,185980,174497,180353,212100,203773,213979,197691,
218,159418,174134,178375,203951,218839,5495,5191,192521,191303,157104,173173,174011,241863,222254,174817,204679,187217,157479,165285,165281,185866,207495,202594,190132,189367,190782,170833,191095,221618,185291,204547,188267,169306,188040,180884,163544,224238,197651,175606,153001,182640,193353,179695,170302,205431,203464,194296,177609,215656,169965,174700,189317,204825,200005,209139,184982,149295,180551,167925,174431,206439,198251,206926,194802,
219,155378,166584,174327,198795,212562,5102,4825,187403,187891,152568,169020,167188,235027,216945,165232,199863,179333,152583,160991,160262,178524,196879,194977,182819,182689,187662,166184,186514,211951,171096,191327,179237,162680,183657,176149,160459,215691,183775,155784,148712,177583,188845,174668,165404,194610,191792,187721,172885,209340,166044,170196,181055,198911,191776,197052,181713,142391,174562,161884,170230,198151,191142,200817,191048,
220,146832,148815,167341,190380,200439,4783,4501,183509,181474,143980,162549,157468,223368,210073,147535,192881,161429,144947,154268,152507,165139,177473,180999,172296,176102,181023,159887,181222,196455,145453,166903,164097,146724,177874,171722,152011,199728,158451,125331,139859,169372,183352,165124,157200,175765,167874,176883,166869,197180,156919,162936,161346,190546,179786,172709,176960,128931,162362,148130,162331,185218,181922,185932,187493,
221,130928,118318,155602,176629,175193,4502,4179,177448,175075,128035,154013,141004,199441,198369,112354,177324,129434,127646,140390,135602,139462,137586,151860,148098,165179,172464,149146,173897,161503,101493,123420,132951,119340,170479,163445,140996,165695,112477,79358,122814,154778,176507,148767,143246,139956,124175,152075,153516,177741,141768,153384,127687,171622,150993,128014,169896,104137,139414,123711,146390,155850,158332,157276,183318,
222,94494,68588,127747,143579,126041,4164,3810,166452,162380,91775,133869,100278,149660,169821,64514,143528,75418,90659,108020,99393,94372,82395,103287,103464,136205,152408,121760,158252,105810,54819,69264,84607,74079,152892,144015,109375,107921,60624,39037,88629,121365,164305,109622,108434,85358,70707,106642,125784,130219,104643,125951,72472,132706,102578,73151,154220,61132,93677,77326,110577,107165,116495,107356,178069,
223,56745,35191,87557,100515,74356,3746,3216,143224,137757,53734,101262,57849,89157,123396,32645,93542,38445,52178,69956,60073,52177,43601,57393,58717,95006,119075,83443,128726,57724,29234,36520,45810,39526,121701,111758,71592,57303,31520,22988,52011,80953,140593,67124,68463,44540,37683,60917,86716,79430,64583,88305,36545,85281,57092,38236,125709,30573,52794,40573,69070,60716,69384,61042,170971,
224,21865,17666,36208,44273,29702,2672,1966,80442,78669,20551,46976,23090,34507,48520,18057,32838,18873,19937,28373,23261,21482,22877,24036,23366,38891,57886,34097,68339,26466,19398,21661,21390,18181,62387,54298,28381,26957,20534,18034,18767,34075,83440,26129,27207,22678,22758,23818,33981,32867,25605,36921,18705,31957,23944,21831,62502,13892,22019,17486,27193,26016,26320,25911,144564,
225,14412,15434,20430,25848,23646,2035,1326,44148,42050,14455,24561,16638,26933,28853,16755,22183,16749,14114,17662,15228,17907,20855,20289,19455,21733,30071,19615,36131,23560,18586,20529,19098,15166,32982,28363,17027,24079,19812,17720,14022,20576,46544,17502,17044,20576,21435,19373,20533,22871,17051,20311,16780,22351,20051,20383,33772,12165,17136,14383,17618,21384,19927,21629,109650,
226,12235,14787,15465,19906,22508,1334,822,24288,21438,12547,15603,14979,25098,23227,16453,19653,16207,13107,14657,13596,16835,20001,19423,18272,17100,18419,14471,20281,22450,18065,20100,18310,14290,19180,16912,13785,23078,19444,16959,12879,16262,23208,15374,14137,20489,20870,18034,16192,20182,14538,15233,16052,19658,19210,19949,20425,11580,16202,13921,15274,20516,18278,20540,65122,
227,12005,14471,14766,18496,21930,918,640,18492,16826,12628,14031,14289,24746,22205,16152,19415,15974,12852,14012,13278,16825,19711,18923,17831,16269,16571,13916,17226,22163,17719,19840,18277,13776,16586,15215,13352,22588,19100,16835,12696,15496,17774,14869,13632,19566,20912,17886,14867,19584,14219,14418,15758,19148,18944,19811,17366,11350,15725,13280,14945,19852,17905,20299,35165,
228,11917,14232,14608,18289,21606,627,543,17187,15751,12188,13531,14133,24382,21827,15966,19064,15626,12258,13807,12942,16236,19582,18286,17570,16020,15927,13496,16297,21909,17452,19174,17495,13958,15990,14653,13135,22280,18537,16765,12684,15142,16464,14559,13605,19365,20291,17493,14564,18963,14052,13884,15460,18943,18635,19342,16319,11103,15296,13178,14411,19891,17600,20069,22158,
229,11707,14247,14179,17620,21462,565,506,16760,15302,11965,13233,13826,23949,21467,15708,18456,15087,12234,13315,12734,15943,19084,18076,17351,15746,15941,13459,16039,21484,17180,18953,17643,13383,15703,14247,12940,21756,18518,16522,12319,14590,16310,14336,13292,19286,20167,17323,14729,18560,13835,13847,14952,18773,18322,19105,15840,11108,15243,12777,14225,19565,17330,19442,17662,
230,11472,13748,13889,17502,20904,534,507,16400,15045,11707,13021,13725,22976,21316,15278,18227,15112,12074,13123,12464,15822,18637,17952,16883,15358,15205,12956,15918,20874,16826,18722,17114,13164,15304,14086,12411,21458,17990,15882,12201,14580,15770,14188,13027,18868,19668,16728,14059,18473,13465,13631,14587,18126,17703,18337,16021,10677,14828,12546,13842,19132,16877,19133,16863,
231,11161,13327,13736,17021,20468,482,446,16209,15034,11480,12726,13327,23240,20682,15172,17795,14594,11670,13200,12262,15659,18472,17260,16599,15032,15267,13014,15449,20420,16428,18605,17057,13017,15139,13962,12480,20776,17731,15639,11714,14208,15805,14042,12681,18318,19211,16571,14255,17987,13127,13141,14449,17928,17865,18266,15494,10456,14714,12211,13639,18851,16961,18768,16283,
232,10922,13107,13392,16801,20008,448,406,15900,14590,11278,12398,13006,22579,20137,14779,17629,14525,11546,12742,11950,15042,17828,17112,16577,14937,14860,12528,15073,20156,16038,18006,16573,12537,14790,13412,11903,20769,17216,15309,11859,13999,15451,13805,12449,18063,18759,16163,13843,17670,13001,13091,14241,17538,17233,17617,15114,10132,14275,12033,13564,18296,16206,18691,15967,
233,10780,12758,12996,16126,19522,420,376,15590,14289,11041,12302,12660,22000,20014,14407,17432,14054,11207,12504,11676,14731,17485,16839,15772,14549,14675,12416,14989,20108,16151,17434,16080,12193,14776,13199,11848,20257,16945,14917,11336,13587,15059,13071,12250,17503,18610,15796,13644,17316,12747,13049,13785,17228,16623,17172,14914,9887,13953,11646,13266,17992,16185,18399,15618,
234,10545,12597,12705,15929,19350,348,286,15380,14001,10757,11962,12643,21505,19342,13983,16998,13687,10907,12159,11460,14402,17140,16348,15631,14325,14351,11926,14536,19681,15580,17014,15988,11959,14090,13002,11603,19936,16597,14505,11286,13532,14425,12956,11848,17304,18020,15560,13190,16517,12307,12697,13373,16904,16307,16912,14870,9470,13579,11577,12797,17787,15676,18208,15492,
235,10301,12003,12369,15662,18892,280,224,15140,13853,10529,11655,12172,21385,18896,13684,16644,13093,10502,11947,11149,13936,16885,16003,15323,13903,13925,11961,14471,19012,15066,16615,15585,11565,13959,12476,11300,19399,16234,14136,11196,13058,14563,12464,11459,16483,17732,15066,12922,16422,12125,12094,12937,16749,16499,16306,14732,9392,13354,11103,12574,17159,15414,17490,15446,
236,9615,11529,12088,15484,18296,244,168,14919,13370,10095,11615,11924,20757,18748,13135,16150,12567,10380,11501,10750,13764,16271,15534,14867,13598,13595,11212,13861,18684,14609,16176,15185,11079,13551,12247,10801,18603,15554,13671,10836,12501,14128,12225,11266,16114,17342,14723,12733,15981,11564,11679,12052,16216,15790,16085,14178,9028,13000,10553,12041,16800,15073,17170,14977,
237,9507,11090,11728,14664,17773,183,125,14562,13051,9778,10986,11453,20079,17830,12847,15526,11949,9960,11260,10282,13131,15171,15123,14648,12895,13154,11020,13475,17782,14248,15701,14469,10581,13214,11930,10640,18153,15119,12910,10458,12374,13827,11830,10996,15777,16488,14375,12427,15293,11272,11526,11902,15622,15176,15464,13910,8502,12239,10080,11678,16245,14756,16628,14582,
238,8963,10313,11291,14027,17311,120,81,14178,12486,9418,10589,10766,19236,17828,12350,15306,11405,9403,10545,9764,12655,15167,14498,13971,12496,12778,10510,13083,17305,13563,14776,14123,9749,12863,11620,10113,17510,14507,12267,10334,11712,13326,11077,10442,14994,15946,14009,12149,14593,10724,11163,10674,15208,14761,14440,13622,7683,11643,9349,11186,15877,14049,15902,14472,
239,8186,8884,10792,13735,16789,73,52,14020,12319,8567,10256,10233,18989,17324,11707,14650,10198,8671,10210,9394,12226,14219,14105,13421,12305,12318,10089,12794,16341,12532,14106,13329,8668,12470,11075,9679,16755,13289,11023,9916,11015,13098,10705,9841,14542,14957,13214,11862,13918,10218,10666,8953,14775,14253,13460,13284,6676,10863,8032,10827,15217,13659,15473,14300,
240,6964,6588,10111,12795,16037,78,71,13596,11780,7138,9670,8550,17882,16203,10394,14166,7537,7501,9316,7872,11520,12745,13253,12777,11306,11864,9242,12237,15434,10641,12508,12598,6301,11706,10540,8840,15640,11580,8243,9469,9881,12460,9234,8915,13308,13698,12598,11390,12374,8948,9974,6112,14143,13245,11464,12989,4249,9117,5658,9525,14269,12607,14548,13946,
241,4836,4192,8708,11648,15194,65,59,13000,11218,5150,8652,6431,16908,15655,8081,13471,4714,5574,7828,6052,10020,10429,11564,11506,10080,11103,8245,11544,13851,7698,9761,10988,3988,11183,9697,7125,13789,8556,5374,8499,8495,12049,7343,7032,11404,11171,11272,10822,10239,6920,8920,3604,13095,11964,8514,12774,2453,6759,3569,7760,12792,11693,13191,13461,
242,2601,2157,6399,9289,12842,45,39,12614,10299,2823,6927,3792,14831,15031,5166,11905,2385,3130,5179,3492,7533,7245,9325,9546,7634,9524,5875,10586,11243,4826,6484,8517,2132,9480,7985,4691,10651,5170,3124,6859,5970,11132,4353,4413,8037,7769,8840,9673,6592,4301,6603,1979,11489,9264,5115,11931,1398,3845,1779,5002,10379,9547,10348,13345,
243,1545,1494,3962,6381,9544,53,48,12118,8950,1614,5157,2262,11428,13488,2916,9966,1576,1726,3274,1983,4791,4351,6155,6573,4999,7454,3646,8518,7447,3024,3724,5498,1433,7525,5700,2729,6687,2992,2064,4999,3786,9665,2539,2667,4837,4805,6101,8170,4083,2604,4377,1453,9126,6224,3055,11345,927,2304,1283,2921,6988,6877,7564,12680,
244,960,1234,2122,3762,6406,49,42,11349,6315,1074,2656,1436,7906,10929,2000,7200,1429,1155,1815,1293,2957,2778,3912,4040,2608,4644,1906,5793,4718,2071,2461,3374,1171,4931,3218,1532,4227,2183,1684,3079,2205,7139,1545,1467,3033,2992,3855,6095,2326,1558,2386,1317,6270,3789,2154,10319,900,1535,1042,1736,4361,4257,4673,12513,
245,909,1186,1374,2356,3786,33,33,9909,4011,1039,1689,1217,4839,7562,1679,4048,1310,1058,1282,1100,1847,2044,2380,2555,1696,2703,1384,3444,2864,1789,1983,2211,1102,2913,1910,1228,2806,1872,1572,1844,1510,4800,1276,1149,2164,2274,2362,3815,1813,1258,1490,1336,3850,2356,1761,8550,829,1347,1100,1261,2761,2500,2833,11844,
246,892,1168,1195,1729,2583,30,28,7154,2127,1001,1169,1167,2969,4286,1498,2381,1261,956,1216,1087,1589,1770,1867,1873,1439,1610,1151,2029,2304,1726,1837,1781,1070,1722,1283,1121,2232,1660,1566,1245,1295,2593,1266,1060,1828,2042,1732,2340,1714,1186,1222,1207,2302,1842,1805,5715,782,1286,1018,1230,2067,1864,2098,10938,
247,843,1082,1179,1629,2270,26,17,4665,1523,921,1092,1129,2499,2602,1468,1890,1237,929,1114,1016,1466,1728,1721,1636,1362,1377,1074,1553,2164,1629,1819,1710,983,1397,1201,1018,2181,1735,1480,1100,1255,1709,1192,1041,1840,1941,1616,1593,1631,1164,1146,1212,1897,1738,1696,3658,823,1290,988,1202,2030,1620,1924,9254,
248,845,1046,1179,1497,2053,20,17,2868,1359,926,1041,1161,2333,2127,1419,1785,1172,944,1135,1003,1395,1733,1611,1637,1344,1332,1050,1461,2075,1629,1677,1582,1074,1314,1120,1038,2272,1702,1515,1043,1209,1463,1149,1005,1811,1957,1548,1378,1633,1075,1157,1122,1700,1726,1567,2125,769,1246,920,1185,1870,1602,1869,6841,
249,832,1163,1067,1580,2133,13,10,1848,1289,862,1071,1113,2278,2103,1340,1757,1214,915,1181,946,1326,1688,1546,1538,1231,1323,1010,1379,2057,1592,1729,1582,1045,1312,1150,1013,2060,1624,1436,1021,1212,1370,1137,1044,1723,1934,1552,1203,1595,1070,1074,1118,1722,1696,1762,1638,770,1257,942,1174,1777,1577,1869,4493,
250,777,1122,1095,1455,1979,11,9,1563,1264,958,1057,1094,2249,1992,1339,1684,1171,908,1051,911,1288,1773,1542,1548,1226,1242,989,1288,1949,1493,1730,1623,1023,1317,1069,961,2018,1581,1440,1014,1219,1316,1062,966,1767,1894,1464,1213,1527,1030,1025,1090,1647,1659,1619,1437,733,1177,893,1104,1801,1476,1764,2546,
251,769,1000,1054,1447,1966,3,2,1497,1203,836,942,982,2233,1995,1306,1675,1133,911,975,918,1331,1621,1482,1526,1186,1232,986,1231,1942,1507,1719,1558,950,1203,1011,992,1856,1554,1361,1006,1137,1339,1092,960,1634,1757,1462,1142,1576,1044,1018,1025,1633,1584,1562,1407,734,1165,850,1086,1711,1440,1925,1711,
252,774,1000,1012,1415,1945,5,4,1393,1179,890,916,1012,2161,1959,1331,1573,1115,833,963,883,1202,1642,1466,1408,1245,1200,955,1273,1952,1449,1650,1564,968,1149,1058,959,1932,1479,1360,934,1101,1286,1063,946,1664,1770,1495,1124,1460,974,1030,1022,1599,1560,1525,1298,699,1083,862,1035,1773,1409,1681,1525,
253,731,979,1015,1369,1907,7,7,1420,1146,811,948,962,2122,1907,1259,1512,1070,791,918,852,1244,1487,1458,1447,1197,1145,894,1209,1974,1392,1516,1489,975,1184,1052,857,1898,1490,1362,910,1094,1211,1027,984,1567,1725,1371,1073,1336,968,976,1014,1512,1474,1486,1376,662,1074,830,1015,1675,1410,1653,1437,
254,753,873,1003,1342,1833,7,5,1290,1113,734,934,948,2070,1877,1218,1548,1073,795,951,812,1215,1524,1473,1381,1191,1167,827,1167,1794,1355,1450,1411,847,1210,1039,788,1862,1467,1272,934,966,1253,956,852,1600,1675,1322,1106,1430,905,935,945,1482,1474,1499,1318,578,1087,810,1017,1622,1358,1673,1411,
255,664,857,944,1364,1737,2,2,1336,1108,754,898,874,2074,1811,1146,1507,952,772,911,782,1254,1391,1422,1387,1054,1099,897,1134,1792,1299,1459,1405,756,1176,922,907,1834,1373,1201,872,1006,1199,958,802,1495,1676,1255,1088,1326,865,947,847,1431,1443,1313,1229,603,1034,773,1014,1520,1275,1603,1353,
256,700,888,945,1331,1691,6,4,1381,1111,719,842,920,1888,1768,1174,1463,855,786,870,728,1139,1351,1297,1291,1022,1094,840,1086,1730,1243,1413,1366,754,1101,921,857,1667,1317,1119,800,1009,1112,913,815,1402,1568,1114,1004,1308,893,910,898,1471,1349,1319,1235,585,953,706,922,1538,1252,1548,1345,
257,652,798,865,1266,1684,2,2,1300,1002,660,702,867,1964,1693,1018,1400,870,706,868,726,1062,1289,1284,1172,993,1100,807,1205,1579,1240,1338,1236,679,971,897,766,1652,1238,1044,860,903,1137,893,801,1390,1477,1156,1082,1279,839,905,791,1437,1308,1233,1263,476,950,660,868,1525,1231,1429,1322,
258,578,642,822,1206,1583,4,3,1220,943,574,798,808,1840,1723,985,1379,794,616,790,617,1047,1219,1191,1154,978,1005,760,1055,1534,1138,1247,1221,546,1009,909,714,1623,1259,891,818,896,1129,816,702,1342,1500,1092,932,1117,799,813,560,1319,1282,1150,1168,399,884,532,873,1392,1162,1367,1250,
259,479,469,823,1107,1457,1,1,1230,965,496,729,689,1809,1589,963,1255,603,558,753,548,986,1203,1129,1153,934,959,726,1039,1486,1019,1124,1177,463,1001,842,654,1526,1026,840,785,920,1080,711,694,1205,1383,1128,868,1050,677,816,438,1251,1165,985,1117,218,734,350,823,1364,1175,1343,1214,
260,331,347,711,993,1423,1,1,1214,916,378,657,521,1616,1508,789,1197,362,439,610,487,885,1045,1067,1122,808,985,646,975,1425,807,1034,1109,255,924,780,534,1454,940,617,713,701,1023,548,554,1130,1266,988,895,948,594,703,238,1241,1077,905,1097,141,577,198,629,1288,1067,1251,1188,
261,230,241,569,905,1389,2,2,1131,930,232,570,376,1592,1444,630,1194,211,315,530,327,718,831,987,1028,759,826,517,952,1253,647,851,913,201,858,681,443,1262,700,418,647,538,974,452,374,959,1084,912,853,637,441,603,151,1088,1004,598,1085,86,428,128,457,1109,968,1237,1199,
262,104,147,392,758,1242,1,1,1117,784,137,505,179,1446,1358,406,1106,162,185,357,170,579,608,791,876,511,714,341,802,1063,410,568,842,124,771,535,282,947,416,260,584,383,945,226,245,767,774,750,747,449,248,441,95,1047,804,393,1044,62,229,87,299,951,835,991,1095,
263,86,113,278,569,1059,1,0,1058,704,99,331,151,1267,1321,252,954,136,111,217,130,431,406,618,630,364,599,236,729,812,277,352,553,98,615,358,153,729,257,185,418,252,838,146,143,502,482,556,696,303,159,275,118,889,615,212,973,71,162,86,185,682,562,795,1117,
264,60,83,152,342,774,0,0,1010,610,80,205,109,1010,1156,161,749,133,92,119,89,239,289,395,393,222,399,127,507,582,190,224,388,100,444,252,113,443,176,152,291,147,674,126,113,304,343,382,593,205,122,186,96,674,370,171,906,65,118,85,119,442,354,509,1029,
265,70,106,96,219,508,0,0,908,359,88,121,89,629,1021,125,449,111,84,101,83,172,175,249,278,135,256,84,371,329,164,176,259,89,256,132,99,347,185,144,186,114,495,97,106,209,267,216,435,191,98,128,117,426,242,185,862,74,124,92,101,293,263,313,1081,
266,67,93,96,175,330,0,0,859,231,65,82,104,376,664,135,264,101,65,96,68,145,177,193,207,126,160,99,214,279,164,162,175,94,178,117,102,261,187,145,100,111,295,123,81,190,207,157,281,154,110,108,84,270,179,170,715,55,97,96,96,222,175,249,989,
267,71,96,104,165,222,1,1,671,134,73,90,94,280,431,128,209,109,95,94,73,123,151,178,170,145,137,101,153,218,152,183,176,100,140,119,80,228,168,153,89,115,184,106,81,175,196,163,186,169,81,120,95,222,195,168,587,58,126,74,113,204,151,184,882,
268,74,90,91,159,208,0,0,542,119,73,84,91,261,299,134,187,88,75,96,85,117,152,138,130,109,143,80,140,208,146,166,153,95,115,83,94,239,184,129,90,103,143,84,95,182,194,139,135,158,97,91,89,198,161,157,407,62,132,83,123,175,136,181,872,
269,65,91,94,156,237,0,0,348,109,57,79,83,244,216,147,162,89,80,105,88,135,149,141,144,108,132,87,136,212,139,147,126,72,141,104,87,194,186,155,90,91,124,108,84,165,210,132,134,170,85,112,69,150,186,127,253,64,123,74,98,198,140,186,696,
270,63,74,90,149,206,0,0,228,111,81,91,86,233,233,146,159,101,68,86,84,121,163,140,156,119,123,74,121,186,124,142,145,81,86,79,85,236,163,134,102,98,124,86,76,158,186,145,110,137,107,82,72,170,165,133,155,53,90,69,98,179,124,194,490,
271,59,70,93,110,177,0,0,147,100,74,58,81,225,198,132,150,89,73,106,72,132,137,137,152,113,127,87,111,173,114,157,158,75,114,99,79,222,149,121,95,90,108,98,82,174,184,128,109,160,81,82,75,157,130,155,167,46,118,66,98,173,121,189,322,
272,46,82,78,131,214,0,0,148,106,80,73,100,227,201,96,153,93,66,78,70,115,145,132,154,109,97,88,114,194,121,161,146,80,109,90,69,205,111,125,94,97,111,93,72,171,170,116,94,146,90,85,71,143,155,135,142,45,87,71,81,144,144,160,229,
273,59,64,71,145,199,0,0,128,106,62,67,101,224,190,123,132,87,60,89,64,116,148,113,146,119,121,81,99,192,122,140,166,64,106,92,76,177,134,121,85,91,116,72,70,164,190,122,101,115,85,66,80,156,164,138,129,36,110,63,71,174,99,185,167,
274,50,86,76,117,196,0,0,140,98,46,84,81,225,185,139,139,66,57,76,64,107,141,115,132,95,94,71,82,188,105,153,140,68,121,88,73,185,146,98,84,80,115,75,58,176,159,116,88,114,68,93,74,155,135,111,128,39,91,56,78,154,125,145,145,
275,39,70,69,112,199,0,0,153,81,54,76,77,221,181,106,146,70,52,74,53,98,123,118,151,98,103,65,116,177,102,151,132,66,104,86,60,181,112,109,82,74,100,81,62,137,170,134,94,105,75,74,57,137,149,107,100,37,98,46,75,180,127,130,120,
276,42,50,83,141,179,0,0,119,87,64,69,71,221,172,97,134,61,57,73,59,104,123,118,119,76,76,64,118,138,123,142,153,48,109,78,75,178,133,104,72,74,96,64,59,126,173,124,83,92,49,78,45,141,123,97,133,15,78,38,89,150,114,152,136,
277,35,42,51,118,175,0,0,112,84,37,65,63,199,188,85,124,58,46,78,43,104,118,116,133,99,87,65,106,157,109,147,122,53,97,69,54,159,106,97,64,80,104,74,42,129,135,95,108,114,64,57,29,127,136,98,121,17,63,28,61,127,92,126,122,
278,29,32,48,119,156,0,0,115,80,31,61,40,199,181,90,113,37,36,59,42,97,126,130,113,95,67,62,80,159,106,99,132,27,87,65,56,174,104,98,60,62,103,53,50,148,145,94,76,74,45,48,16,129,142,112,114,11,60,15,57,156,104,144,129,
279,16,15,57,93,172,0,0,145,84,22,48,41,190,158,66,129,23,27,58,28,76,98,93,117,78,74,54,93,131,99,110,130,16,67,52,45,149,95,69,59,49,83,44,40,131,148,97,84,78,45,59,11,127,119,79,103,7,51,11,50,141,87,146,113,
280,17,18,43,79,156,0,0,118,74,12,57,30,178,164,79,107,26,14,39,21,79,88,94,122,70,83,38,80,149,73,90,96,15,77,51,33,143,101,42,65,52,85,24,26,120,124,95,72,69,28,51,11,107,121,79,108,9,26,3,37,122,94,116,113,
281,7,12,37,63,141,0,0,122,68,8,26,18,171,162,60,106,14,10,30,16,77,80,87,124,53,76,32,75,132,73,80,119,14,59,43,14,134,59,34,43,30,89,15,23,93,119,90,65,39,17,42,7,107,115,49,105,3,15,10,22,121,101,108,134,
282,3,20,28,50,119,0,0,109,71,6,27,11,161,145,35,103,12,5,12,5,60,55,86,86,31,44,15,71,115,44,48,102,7,62,39,16,103,51,18,56,33,78,13,14,91,102,72,75,26,13,22,10,99,73,34,105,3,7,11,11,113,63,104,96,
283,4,11,10,38,105,0,0,84,53,6,17,9,138,122,21,101,9,10,10,7,27,37,79,61,24,30,13,61,78,28,36,66,8,50,17,16,93,28,12,34,12,67,7,11,54,53,74,71,16,7,20,6,81,49,29,105,6,12,7,10,69,63,96,102,
284,5,6,12,33,89,0,0,115,54,7,8,10,101,113,16,67,16,10,22,5,22,33,44,52,15,29,12,31,67,18,27,46,8,22,13,8,50,25,16,31,17,64,6,4,39,42,43,62,10,10,16,13,70,37,25,83,4,16,9,13,43,44,61,101,
285,8,5,10,21,64,0,0,101,32,7,8,3,88,117,19,56,14,5,18,5,19,11,40,35,9,25,3,22,47,12,24,27,10,23,7,8,47,31,10,17,3,33,8,10,33,34,23,41,22,8,6,8,77,38,13,76,2,8,4,9,42,32,47,98,
286,6,10,12,13,52,0,0,79,13,7,4,7,45,100,14,44,13,8,9,13,11,17,27,23,12,7,5,13,25,17,17,23,7,16,7,2,22,18,16,14,17,20,11,11,20,22,19,29,19,10,10,12,32,17,14,78,3,18,8,7,16,20,33,81,
287,5,3,12,17,29,0,0,70,7,9,11,10,45,74,15,26,10,5,10,7,13,24,18,20,9,9,9,23,29,12,9,15,6,9,9,5,27,11,19,8,7,14,9,11,19,15,11,23,10,13,12,6,23,18,10,74,5,10,5,5,23,18,16,75,
288,5,7,8,12,25,0,0,53,6,6,11,14,30,36,12,18,7,6,6,8,9,13,12,20,15,10,11,10,22,14,12,20,4,12,9,7,25,22,14,7,7,11,12,6,18,26,20,22,12,6,9,12,16,10,15,50,4,11,4,11,20,20,18,99,
289,2,6,9,16,24,0,0,54,16,8,5,4,29,17,18,16,12,9,12,4,10,12,24,15,14,10,3,18,21,14,14,21,10,9,6,2,17,22,12,8,9,6,11,4,11,16,17,13,11,6,11,4,22,14,14,33,4,10,4,8,12,14,18,74,
290,6,13,4,9,15,0,0,20,8,5,6,11,38,27,11,21,10,4,6,7,15,19,13,15,8,9,8,12,23,13,15,17,3,9,11,9,13,16,16,8,7,8,6,3,19,17,8,9,15,11,9,8,12,17,7,22,6,8,4,9,15,13,16,60,
291,3,9,4,16,18,0,0,20,7,5,5,6,27,23,16,15,10,4,11,4,14,16,12,16,5,15,10,11,22,10,24,10,8,13,5,7,24,24,7,7,7,12,5,5,11,17,15,18,12,8,5,2,16,19,11,14,4,11,9,8,19,12,7,54,
292,4,3,4,11,14,0,0,16,8,0,7,3,29,21,11,7,7,8,11,4,7,9,12,12,14,14,5,15,16,10,14,16,4,4,8,9,20,19,6,4,8,11,8,11,13,19,19,8,8,6,11,5,16,11,14,16,3,5,1,7,17,11,14,40,
293,2,5,3,16,16,0,0,8,9,4,6,7,28,29,8,18,3,4,9,3,13,13,10,14,4,17,6,14,14,16,11,18,6,12,9,6,25,17,11,9,11,12,3,7,15,23,11,9,10,6,7,5,15,17,13,19,3,6,4,9,17,12,8,17,
294,2,10,3,7,24,0,0,12,14,5,6,3,21,22,13,19,10,8,7,2,13,8,24,20,6,13,10,10,16,13,10,10,4,8,5,5,17,21,9,6,13,4,13,1,16,15,12,9,12,7,7,2,13,11,8,9,2,8,1,5,13,11,21,11,
295,3,4,13,14,25,0,0,8,1,4,4,5,27,17,13,11,7,4,4,2,16,12,12,9,6,5,6,12,17,15,16,12,6,9,7,3,22,18,13,4,5,12,7,4,13,17,13,9,10,6,2,6,15,15,12,12,1,11,0,2,18,8,21,13,
296,4,3,16,12,18,0,0,5,10,2,8,3,19,20,7,10,3,0,9,2,3,7,11,11,5,11,5,12,18,11,17,14,3,12,0,1,29,8,16,6,1,8,10,3,13,16,11,7,8,7,6,5,18,5,16,14,0,4,2,11,12,11,15,7,
297,1,3,6,5,22,0,0,9,8,3,4,2,19,13,13,17,1,3,6,3,11,16,14,12,9,5,3,6,24,7,12,12,2,10,6,1,15,4,6,9,6,17,2,2,15,19,9,9,7,7,9,0,12,17,10,10,0,5,1,7,14,9,12,12,
298,2,1,4,9,15,0,0,18,5,1,1,2,22,16,7,13,4,2,3,2,11,10,15,10,10,13,4,9,13,8,11,13,0,5,3,1,13,9,7,5,4,10,2,3,9,9,8,9,8,3,4,0,15,12,8,12,0,3,0,7,12,14,10,13,
299,2,3,4,8,15,0,0,10,5,1,4,1,16,12,4,9,0,0,5,1,11,8,13,10,4,8,6,7,14,8,6,10,0,4,6,0,15,11,7,7,3,7,1,1,14,16,3,5,4,1,8,1,8,14,5,5,0,2,0,1,20,4,16,6,
