165,9239,11123,12317,17313,151933,9556,14099,137565,17620,8785,11942,10912,177038,171758,64406,125431,14534,11419,12619,11220,100174,99625,122809,102671,16875,18314,13253,18731,133084,86459,113576,102706,10360,14622,13194,10729,132457,90220,59170,85060,13739,16012,13526,13719,112011,120505,105868,108464,17481,10754,12513,10934,126347,102369,65915,117759,7780,11658,8782,12076,119766,102258,121726,104100,
166,10459,12421,14186,24230,181389,15258,24772,131737,32286,9867,14299,12133,212841,191326,105922,165271,15827,12535,13771,13390,114657,128550,133863,115893,17227,33170,13769,35272,149107,114128,132774,118277,11755,19868,15650,12033,148726,118316,92506,89689,15104,25260,14725,14512,131955,134836,123895,113637,20785,11976,15924,12949,157805,132457,109312,119838,8994,13283,10127,14057,142714,127755,137867,110023,
167,11674,14028,19533,43549,172862,26163,42136,137513,60372,10710,21443,13753,201341,177444,143791,158963,16537,12478,18743,13281,121990,141468,142746,124414,21753,62071,16233,64318,157949,127229,142560,126302,13026,35868,24453,12994,158759,131096,109884,93910,19407,47446,15585,18719,140679,143138,131825,120043,31308,13639,26319,14137,158441,154846,149464,131220,9702,15747,11417,20986,148050,138799,144778,115585,
168,14784,20321,36660,79972,176493,47266,66147,162167,91327,14051,43112,20261,202720,180523,141687,155678,22629,15804,36007,16008,130443,151896,155233,135075,40535,101300,28209,100334,171150,134428,153155,136145,16915,66430,47327,18204,171310,141337,120352,101301,35442,80609,22830,34922,150669,153982,141503,135028,60318,20547,52506,16810,158439,154490,179638,176978,12148,25459,12981,40843,153875,144618,155038,124017,
169,25871,38417,67536,114862,211068,72023,95716,278907,110064,24474,72397,39129,230094,207545,135713,169593,43304,28659,66261,27039,144869,164806,184604,151454,75901,149295,54154,141117,197732,145624,169942,154465,29306,96867,79508,34308,190932,153368,130868,122731,65315,114384,43487,65042,164246,182554,154284,198103,102341,39325,82615,26368,175503,161895,180910,360828,20699,49124,17846,71740,174139,155330,182838,151165,
170,56591,77745,104157,140116,396674,106134,171521,728153,123311,53199,101828,75406,398831,362498,152319,226765,89805,63427,116492,59163,207241,210327,333545,233525,141407,169648,97397,159316,340762,186662,253376,251065,62836,125407,115396,68523,284279,185397,148720,250486,108603,145443,84724,108277,227334,341889,208633,475691,141693,75354,108002,58539,260412,211572,190280,863812,47376,87687,38955,99305,276299,200478,329364,287503,
171,86841,110884,121182,147669,929112,203036,353443,1623527,132394,80285,115048,100514,966457,921128,235138,498153,147312,110230,141332,101706,447145,408392,762730,533491,180207,154530,140203,145730,786522,371925,568729,583985,94883,131598,137179,102012,638635,340871,231958,610265,142792,142851,127461,148493,484747,813039,446278,1026159,155416,101352,116815,95677,581993,428790,255552,1546532,72910,107983,70948,109531,626960,384033,744095,652846,
172,111835,129581,128810,161557,1822652,400303,586844,2391150,147308,99389,125316,117572,2069037,2020517,533744,1196128,174367,143731,130915,150663,914035,872404,1334666,1022723,168161,155586,149951,156497,1439620,810964,1143197,1115498,121960,139548,138092,129794,1250687,766099,513285,1025804,147707,144682,161893,151834,1015699,1433111,964128,1501109,171095,114436,125388,127048,1215397,912733,493118,1970770,90190,120786,101880,118775,1230714,824025,1347421,1133030,
173,118370,135560,139262,188571,2638706,639271,862529,2636117,181601,107188,136572,125518,3071006,2870350,1381571,2375328,160979,134036,131611,147753,1485693,1567326,1779037,1479369,161482,187569,140013,192915,1944793,1464581,1777472,1625034,131317,157969,145785,129228,1783436,1410663,1082583,1267514,149285,165807,152516,146128,1659433,1770265,1617032,1637456,190955,121407,137660,138185,2191501,1755916,1137893,1835787,98599,131807,114734,130221,1989745,1555467,1899727,1553038,
174,127400,157103,173408,341588,3203386,1569716,2256757,2808377,383611,119131,176107,141579,3600944,3392755,3584157,3210766,172083,132270,167356,141037,2381223,2652312,2688471,2532496,196316,393910,155539,422049,2156318,2279505,2525286,2403018,145738,256268,186429,134754,2892030,2704806,2620535,2494547,179461,305930,159191,173047,2550357,2708403,3005336,2699691,271596,139627,194746,151338,3108051,2959712,2903426,2474515,109450,158362,125593,166909,2834800,2758125,2750341,2450779,
175,171283,285280,365754,859573,134816724,122133428,127098574,182589931,933722,170305,406644,239122,161475258,164791966,236065522,144372880,269647,178645,366976,180716,129361702,136288903,162143508,177476237,414570,1072153,291578,1081531,123745946,101328225,124427522,143603741,240125,689283,444245,221232,185388814,189012328,204108082,221801138,403797,797343,275866,356763,144068098,203562656,176791935,213819209,611673,212238,446318,189472,127014442,114445247,128609807,154846099,130482,272806,144578,330247,131139046,127337744,144891330,163209398,
176,436601,844263,1007631,1785543,232484515,188939245,184476195,239432096,1627694,463301,1049390,693012,226222113,238700931,254473646,224272521,815613,503274,1145299,462351,195368256,209284136,227127998,263233415,1284680,2319446,854505,2203544,197001191,186048840,185633515,201423497,678312,1502832,1116992,610354,209882111,206894186,219522043,232117116,1067249,1707587,765802,999083,208146566,232267840,243690599,247196602,1508957,602190,1140533,446004,219715415,187069763,194393523,242724784,271462,774257,268029,913233,217734810,209057270,231942303,224310484,
177,952688,1622792,1720499,2357089,295243063,252520808,261546918,305210254,2072525,961243,1684399,1313792,286602548,296194222,249082398,262630084,1918377,1289017,2007305,1117043,216722963,242343715,224203027,291903201,2327428,2718076,1710546,2521539,220723415,191747419,183478910,187245618,1327020,2137987,1838444,1205404,169932437,164259381,171436546,174678509,1841633,2280940,1524949,1862332,197159115,176129609,180130203,204458619,2176299,1206310,1698080,1011777,290206882,248157230,231422485,299802826,663024,1371657,651808,1471699,271638386,250387560,257719256,249906883,
178,5990578,6558539,6375181,7169986,344941468,299212214,328806703,360714438,9674882,6756685,6212743,6534525,345988256,353760930,293627051,302901198,8084715,10269611,8120314,6560836,207079975,225743185,141530136,64517410,8241981,7936391,6677577,8017295,209607216,222005469,177918267,189749054,8774793,8672487,7242493,6190525,159324981,157301969,161355107,162083129,6941433,7130015,6659081,7435063,190974033,163573019,181306775,189794331,11277419,7895260,7110057,5664798,340548834,295654178,285005385,324409989,9199036,9725584,6343769,9744126,300325951,275357322,266508396,266315349,
179,157789460,152448841,148914100,155054637,381271840,192644005,370475958,396137147,236151309,166239087,141615128,165625625,389050720,410594228,348004487,347724058,214906850,273852063,205520882,154493118,213089654,223645834,200815196,296485057,193088306,197337967,146006721,187690461,214725103,197396895,182111548,185513405,220864816,191688343,170784100,151037761,156855219,155983988,158674141,160918929,155575065,159863902,144522371,185095616,195969139,160424684,172212592,176973405,304986300,210864579,185210362,133597580,373309269,313984858,307158768,343102834,255219925,258409119,222696453,288675044,310774730,286412218,371831068,274347970,
180,179107537,180806779,178056646,184791784,404019327,337566132,389686742,446561989,224697354,193271823,170742296,179665421,466806782,471735701,418892650,384535340,255924479,258479262,225423383,172478792,196226375,221051338,343851868,289822138,210265800,213954347,175828941,224733831,215746404,180335376,182140556,208730502,219841142,211733578,218954055,181499204,158168456,157565208,160932494,164423690,186485362,195419159,195139983,217360219,180791189,162063210,166086709,171907484,238186742,166751488,191028835,164754244,388875230,335076433,308053830,360334908,241068991,224728646,212863294,242828708,323505173,294935263,271037887,267170700,
181,187687204,185319148,173600417,190010495,420597986,339007763,391419487,477319537,212267135,188663947,161089413,185406717,527045229,541308209,529737017,441031107,281634574,266449209,246598789,199870490,195514206,213299086,200791557,277620554,239197763,250616797,214932462,247510163,197363960,187229941,178102305,186498787,245263246,183433614,282882835,236165110,159026451,158783736,156930126,165991109,237057599,241370783,246210225,249323444,184555607,161755422,164514454,167241863,187401572,179693717,311391449,184431213,386995819,352510800,318906160,372906897,196463651,188093789,182062302,186269090,306768256,296516684,259788563,273764460,
182,184507232,191155207,168853336,180121527,428433183,342114567,404358959,498099110,214798539,206315880,193185909,174874606,579996785,597290339,620381717,545281554,287882547,291317372,280722415,225791715,179657173,181224427,205306760,257885068,285085094,308364506,268778181,283652942,178444415,180030275,165226557,176678732,265688099,388140766,332901180,279603825,157913825,154772881,155762768,158561986,277613588,276015283,292910694,284110518,161930685,157229562,156760146,159374869,169398592,165878898,168717439,206500931,365422371,364457884,319990425,362235775,165357936,170225589,168953447,166977096,318615906,298241605,277366754,215507832,
183,197816715,194052032,164637831,176851782,412657722,338457524,402291457,494217349,215321290,220513984,192642311,172181592,578001057,601440529,635367941,584462528,310732879,325126497,318966120,262496851,166964207,170781672,193753377,240021839,329962372,349688090,301484319,317528226,162415337,160765634,157583846,169938923,289390234,267427492,304449006,134008157,142833662,153381143,154180466,144794243,302005614,291903213,324051416,307467082,154644700,156528801,180215335,156676724,145704679,162399224,165376036,201478930,335245813,361116967,321989667,327957832,165437668,162338434,163130419,165968053,304391342,279968480,226207400,212502301,
184,190136180,199582936,176967185,176548331,396636656,340421883,419569342,487529884,213070365,200094883,146935194,171967733,557415597,584861881,653472690,581855914,345546660,367970252,362654061,299217123,161682982,165405016,185233703,224891263,371824537,382421221,322939753,341825594,160251843,158408893,155280950,165820632,304473114,273594375,383997891,311776565,153151189,152963288,153606110,155445213,315592822,305359448,351325619,325531988,155098413,159573734,154092930,157068021,160257035,159875764,161174482,200083875,321885433,345196150,312238818,329300800,161934446,159243322,160602328,160894109,292388110,281275077,217574047,207232875,
185,202062102,196355653,168779786,174082685,397489515,359342192,450283468,493228814,203589484,204762205,185565385,168891520,548853878,578899323,613864120,588612471,377128758,403287882,404290954,330040871,159973620,164601490,179078975,214030811,408415417,404801855,333356362,348591404,156229377,157220724,154287674,164126215,310410658,256910218,504318225,328628458,153080884,152448913,153156585,154689407,323219265,316462861,368081410,335001636,163252531,163410440,153766694,157281516,158823892,158925625,160343931,193019554,318226325,334641342,302582428,313907584,158868215,157913145,158904369,160077501,239034477,99733996,216248454,206571244,
186,216191018,209589641,172633868,173398285,417061625,404144494,464878632,493852185,200481214,166588483,171205562,169638908,546378847,579366628,603249931,603363039,455556870,430126508,443475860,362883335,158045978,163534425,171013907,208874089,441144641,417344529,337293500,369429534,155332701,156420450,153315105,163460400,300266841,227366758,386786988,330878782,152500286,151962286,152160302,152940744,323613540,322715591,372855569,342492852,153858161,167603072,153186051,155677024,158743919,159234215,160946620,189938357,325697701,334860473,301057819,318544399,148756286,157763804,158287663,157866338,271254861,254910546,214189391,210063717,
187,193107163,210292344,172735090,173213961,458892529,447226157,464709266,480026468,206387221,170927722,204677751,169660708,534424069,557250767,571353562,586618388,512937088,446852310,466046310,391264012,154880190,160365238,169838886,207143086,465086056,426544810,340323208,344677489,162301088,154732741,151924761,163342584,280826458,254432948,402851596,337571674,151043565,150725224,150955157,151111255,322899592,324564830,369711677,348405043,152764605,165061367,152039054,151805891,157820341,159505485,160730242,182705602,342863115,338411279,316067054,333463326,160684336,157413434,157302598,168156979,262905059,250679032,211729747,210487512,
188,192698538,207039566,176451904,171333490,457142903,402042154,391617214,401092959,203100820,192954559,194747750,168200631,440846357,446577979,459102937,481884920,471326335,460183132,479797503,423817044,130219117,133679434,141033866,170797783,480851244,443082163,352460527,357721057,130731422,130670171,128870916,138560351,290771787,236193876,404554607,329892782,128142265,127492377,127700985,127862534,323410014,325037183,358822926,317824023,129263286,138027818,129224422,129605110,155236943,157995674,159504117,179485996,310674338,296795886,281668863,291131097,158539415,157069901,156239274,156590904,218744252,206215086,177134707,175281613,
189,189211557,208228733,179434287,167626974,162528080,144421992,143996358,150935008,198563445,180149086,177044370,174713229,161729460,163141137,168251536,177082105,508804290,467232429,488739882,444572573,49857704,50697318,53438912,61118271,496628789,456248327,366155763,362105309,50466257,50031534,49650826,52537406,283555951,288212490,383012493,321116684,49236108,49110159,48949728,48937691,323467683,325106432,354017011,353799190,50059608,52625754,49502934,49677795,154389320,156655977,158096516,180298943,125707513,117548771,102212112,112737400,155373228,154896038,155017635,161486201,83516303,78054736,65597705,65006941,
190,162158541,184216337,154238185,148644723,10503813,12108485,11802400,9374672,173156497,188662140,161280460,144616820,10172268,9955113,10065219,10757687,415348870,404766661,415924141,390088630,4166168,4383278,4484143,4732004,421597716,397692801,334851400,329981166,4378639,4125295,4287351,4219367,242066110,223814248,341107552,271996861,4324502,4206039,4049148,3815322,282146772,280728030,323480542,309068432,4276697,4360563,4236993,4125027,134393098,135860364,137289370,156673281,8587011,8069695,8585698,7699793,133913975,133223055,133717136,134518110,6118775,5727647,4947737,4789916,
191,86362466,99832248,15280862,79572164,1873432,4320778,4228446,1732259,87802576,76610877,66613925,77828474,2085527,1906900,1617997,1852678,190460603,220564813,224217580,212600793,1662582,1867976,1825847,1608441,224349902,214646453,186143854,182670023,1847657,1616040,1796448,1599861,129744972,122147216,183450294,143940169,1859046,1738593,1578851,1344196,155244512,153464974,165126671,168339923,1771146,1693236,1747891,1624450,73099106,73359086,74053836,85638820,1866121,1780824,2396367,1618793,72662886,72171223,72487090,72893172,1767728,1806786,1703156,1556819,
192,6196623,7064801,6204689,6061299,1685963,3826549,3161670,1567954,8555971,5902406,5893829,5728222,1911066,1735745,1439402,1663961,14657757,13977864,13677185,13358565,1604759,1806562,1762696,1537793,13817823,13709088,12510861,12252710,1789504,1557572,1740892,1538657,8528509,8161776,11443559,9656362,1801378,1681463,1522537,1285822,10497460,10351595,11002093,11404217,1712706,1631347,1687269,1566238,5888860,5483105,5583422,6422563,1708683,1626906,1904425,1479558,5466910,5518562,5614786,5503100,1664244,1724533,1633257,1487675,
193,1728081,1783201,1732040,1840382,1681798,3110827,1993128,1569712,1856905,1581826,1750225,1637825,1908720,1733348,1434109,1660399,2047965,1799695,1766059,1903512,1599824,1800348,1761020,1540093,1974263,2015881,1890954,1941154,1784342,1552486,1738193,1537574,1837171,1759194,1924380,1705970,1794276,1679942,1518167,1285619,1883875,1839643,1894413,1929177,1701999,1633678,1686351,1566854,2040817,1603203,1682374,1898616,1705085,1627076,1903419,1476377,1605523,1669326,1746681,1645155,1661927,1721022,1630296,1487691,
194,1620252,1662799,1632662,1745464,1678974,1855886,885013,1567649,1737978,1479506,1652518,1542838,1904062,1729135,1432294,1656211,1775670,1519044,1494718,1636868,1596067,1801767,1755938,1535159,1705332,1745616,1637537,1694002,1782956,1550251,1730956,1532794,1689500,1598774,1709262,1524253,1789258,1673013,1516399,1283343,1680544,1644779,1681542,1701052,1696610,1626730,1680740,1564569,1950978,1512961,1595680,1791581,1701644,1627004,1898203,1478643,1513724,1582216,1651484,1555152,1659077,1717541,1628897,1486809,
195,1590654,1631884,1605066,1714834,1674237,907563,462647,1562422,1705876,1448568,1626530,1519177,1895941,1719960,1428972,1653565,1683261,1436624,1411577,1557109,1592147,1796197,1752891,1532533,1624777,1664853,1553024,1612184,1777406,1546879,1725862,1528016,1642683,1572378,1641207,1463691,1786436,1669169,1507550,1278303,1605321,1578370,1610416,1622294,1695963,1623081,1679486,1560873,1927613,1485231,1565318,1765039,1697043,1618768,1894812,1473898,1486145,1552163,1627023,1528162,1655012,1712939,1622790,1483893,
196,1589524,1628413,1601505,1712332,1671466,499156,364885,1558844,1703498,1449972,1622463,1512699,1891760,1717527,1424571,1645967,1677928,1436450,1406418,1553030,1589009,1794795,1747928,1527534,1620407,1661706,1553489,1612553,1774950,1542157,1719887,1522831,1638960,1569764,1641253,1462595,1780647,1663053,1502912,1278622,1603726,1575178,1609929,1620429,1695531,1617855,1670670,1555629,1916911,1485479,1564404,1759705,1693718,1617404,1890821,1471672,1482424,1548998,1627058,1525227,1652741,1707723,1620030,1482752,
197,1584625,1624414,1598323,1709482,1667564,369799,342492,1556650,1698885,1453223,1619124,1511122,1884893,1711983,1421715,1642660,1673733,1430855,1405204,1550440,1584329,1784661,1742390,1523415,1618269,1659597,1552448,1609236,1766569,1536243,1716796,1518514,1637233,1569212,1637715,1461866,1774616,1660459,1498863,1274669,1600444,1571956,1607513,1619650,1688231,1611096,1668201,1553261,1913814,1482056,1557955,1759444,1687648,1610922,1885426,1466842,1480054,1543115,1621857,1521900,1649772,1704122,1615979,1480677,
198,1584669,1618547,1594139,1702293,1660708,343534,335014,1552563,1695464,1448438,1615706,1510170,1878446,1708433,1418595,1637639,1668509,1425303,1402355,1550029,1577054,1781181,1736839,1518779,1613327,1653431,1543386,1601651,1761365,1530573,1710718,1514059,1632711,1565503,1635572,1457845,1769508,1651149,1492740,1272120,1594386,1567502,1598083,1615697,1684354,1607479,1662266,1551083,1901501,1475572,1556894,1753489,1683117,1607374,1880415,1462924,1475839,1538636,1612588,1514369,1643227,1699592,1608777,1476787,
199,1579179,1608402,1590191,1698000,1655823,334529,328071,1551114,1692851,1448521,1608885,1503675,1876333,1701611,1412342,1631239,1667621,1423559,1397968,1544417,1569861,1771488,1726628,1509372,1610617,1650087,1542403,1596326,1753280,1524446,1703414,1505006,1627216,1560256,1630649,1456906,1761424,1651869,1488412,1270568,1591837,1563865,1595853,1612848,1675815,1603156,1654962,1548209,1893156,1472961,1549845,1745874,1676746,1601934,1872313,1462877,1471361,1535326,1608591,1509591,1636640,1689682,1600894,1475074,
200,1574465,1609525,1582968,1692396,1650792,327765,321213,1548825,1684619,1437591,1602999,1496194,1866617,1697108,1408457,1626921,1660951,1420138,1392313,1538795,1566799,1767267,1724087,1505850,1605752,1646247,1535815,1595307,1747889,1521401,1693889,1502754,1621755,1556314,1624460,1450990,1753588,1642735,1483821,1269671,1586383,1561713,1593177,1607082,1668560,1595121,1647921,1543539,1889565,1467299,1542025,1737136,1671509,1594239,1864453,1458958,1462530,1530774,1602953,1506365,1627854,1683413,1594574,1471379,
201,1567157,1603355,1576401,1687270,1641788,321399,314376,1546049,1680140,1443173,1597920,1493393,1858921,1689964,1400843,1622753,1656330,1415079,1387533,1534276,1560855,1755488,1718290,1500582,1598638,1640154,1533827,1592562,1740042,1513874,1687706,1496333,1615963,1548161,1620015,1448029,1745483,1632578,1474572,1266042,1581619,1557605,1591104,1601078,1663052,1586018,1645446,1540305,1884724,1463933,1537743,1735565,1664026,1587575,1859696,1454535,1456845,1524226,1597319,1502260,1624213,1680432,1588322,1464690,
202,1565427,1597553,1572669,1677053,1629437,312839,304862,1538737,1673442,1431803,1594367,1490661,1846174,1680586,1387857,1613614,1648619,1409217,1384215,1529815,1550513,1743283,1703830,1491672,1592266,1632169,1528452,1582324,1720656,1492426,1671037,1477931,1610322,1540788,1616097,1440253,1730101,1609640,1448796,1261737,1576104,1550938,1583785,1593388,1650927,1552670,1633454,1533889,1878846,1458914,1533602,1727301,1654638,1577006,1845037,1450044,1457225,1522222,1590105,1496656,1613873,1666206,1575378,1463268,
203,1558343,1592475,1566548,1670015,1583829,305100,295242,1532191,1666024,1421312,1586822,1485488,1807798,1662792,1354784,1597313,1642195,1406115,1376433,1528503,1535112,1688561,1669699,1460142,1588543,1631119,1525625,1580847,1659857,1415082,1594899,1420904,1603891,1534776,1608820,1433659,1693750,1542344,1360601,1246691,1571114,1545014,1575443,1590042,1599367,1440838,1611105,1521697,1869990,1450109,1528860,1723802,1637756,1548863,1799279,1440690,1450275,1516103,1586633,1489438,1576804,1650096,1529288,1460722,
204,1551466,1580586,1559528,1661055,1449145,295608,283247,1506657,1659835,1420662,1582193,1478661,1683633,1610642,1240108,1552263,1627135,1400350,1372738,1521788,1502177,1538974,1563713,1366337,1580616,1623673,1517951,1572027,1484943,1212494,1393263,1267371,1592359,1530666,1600266,1427934,1574254,1352287,1149603,1203868,1563053,1538190,1570665,1580726,1455124,1181656,1535171,1483616,1853775,1442972,1523917,1713566,1571740,1451826,1666796,1406581,1443635,1500597,1579232,1481699,1450227,1593887,1400526,1456065,
205,1543287,1545039,1548714,1641536,1112450,282319,260926,1417900,1651644,1404228,1570702,1461478,1328434,1416727,946756,1383213,1589756,1388166,1357469,1506727,1271815,1170264,1259040,1107663,1568286,1615348,1508253,1561010,1082507,820258,976848,928684,1568254,1520148,1594311,1421527,1242832,950338,755137,1055337,1550046,1530524,1561669,1568509,1096559,743805,1297346,1338197,1816398,1430603,1510131,1691022,1360524,1173950,1326478,1281166,1427084,1471309,1561199,1466348,1137816,1389402,1075709,1444062,
206,1509056,1392186,1505451,1533874,613149,252878,210531,1139953,1620694,1355736,1540076,1387881,745325,957906,503270,952531,1420613,1332239,1291789,1457898,817526,639798,749422,657698,1520116,1578614,1471873,1523478,561288,392071,483512,483424,1453580,1480619,1568372,1384778,699302,463220,343552,719304,1488605,1501403,1495130,1514525,594105,333376,821208,977587,1678630,1365721,1464376,1571447,909161,700829,753482,952843,1360484,1341669,1499791,1400380,648749,952223,602546,1397237,
207,1401362,1062103,1365355,1271608,286045,202427,140843,722678,1523391,1215582,1442082,1197643,341334,484691,219574,482664,1069320,1169466,1109405,1306626,408071,296838,356497,310557,1357670,1441408,1354368,1391350,260415,185606,223904,223837,1187183,1356473,1489893,1264135,321179,211016,162555,369239,1314431,1404360,1306004,1339337,272070,169220,399965,551089,1358268,1191641,1320112,1279190,468533,332256,350527,547353,1179333,1062006,1326844,1221769,306678,504667,285435,1238507,
208,1049372,537429,956332,753061,155093,128241,73254,319448,1187790,823796,1111619,740807,177750,205203,118060,194924,519985,743945,688932,887781,179156,157326,169143,147658,912172,1043563,982581,994284,156870,124136,140791,127648,681166,990148,1193846,905866,168680,134079,116034,150583,874594,1077569,841439,882682,149859,128853,174201,229688,761049,766423,917526,719361,201206,159015,174208,233932,741650,575301,876510,789912,156545,214884,151823,854347,
209,612901,240689,524054,368060,134287,75145,45396,161572,728919,433578,681354,367926,152465,142692,104077,132209,229156,363161,341354,465031,127183,135165,132935,117607,473491,589525,554060,555367,140646,115352,128791,114000,322298,571133,765133,505822,145773,125321,109780,96503,464059,657571,426998,455814,130803,124552,127314,131729,358640,389501,497217,333701,137360,126481,143548,132897,359508,265272,385358,401143,129450,139527,128553,465214,
210,236896,125369,204105,167852,130325,46480,37736,116996,294572,165802,278328,154433,150246,132125,101584,121899,128332,139649,140125,176658,115853,131316,125646,112895,185401,229827,210293,219003,136714,114029,125815,111170,144459,228884,317420,195024,141726,123097,108253,85447,187972,268716,170272,178571,126914,122656,119928,107101,174184,157588,194413,152138,125610,121496,137055,105570,138687,130843,174493,162642,124898,123544,124101,208637,
211,127300,108854,125160,131915,129220,38171,35944,109070,154181,104981,144487,111399,147566,130343,100891,120162,116351,99009,101766,112285,114153,128928,124331,111135,125270,134566,120949,132146,136314,112192,124525,109611,113942,133721,158323,114254,139243,122021,107613,83751,123443,143078,118576,117673,126114,122001,116984,103048,145069,110749,119845,123365,123628,119519,135462,100942,97961,111712,116563,113779,122614,121119,122044,126091,
212,100819,106274,108117,125036,128615,36022,34996,107285,117743,93045,108990,104411,146978,130021,99407,118655,114276,92109,95440,100957,112344,127350,123324,110744,114560,115194,103080,114416,134924,111429,123863,109334,108409,111288,114048,97255,137706,121024,106787,83092,111033,111669,108457,106100,125652,120530,115995,101363,139402,100994,104976,118700,122520,118445,135132,100192,90899,107829,105684,103894,122062,120636,121250,107290,
213,98763,105907,106387,123633,126822,35046,34064,105923,112536,91839,104408,102287,145612,128509,99078,117176,113419,91379,94201,99213,111324,127273,121697,109217,112860,112110,100358,111864,133927,110690,122902,108360,107357,109002,109032,95092,137092,120461,105870,82011,109274,107433,106832,103849,123661,119554,114805,100753,137592,99128,102200,117419,121022,117978,133777,98825,88717,107319,104063,102258,120481,119508,120928,101840,
214,97061,104401,104564,122419,125845,33738,32833,105092,111360,90280,102428,100555,144233,128091,98243,116786,111867,90363,92979,98521,110690,125695,121061,108695,111559,111462,99781,110192,132275,109995,121422,107879,106345,107232,107220,93475,136212,118935,104921,81710,108150,106683,106036,103051,123642,118199,113998,99834,136179,98662,100863,116313,119853,116139,132287,97896,88342,105760,102034,101150,120044,117451,119418,99915,
215,95611,103648,103755,121155,124715,32679,31688,104675,110086,88999,101116,100537,143542,126259,97466,116411,111748,89636,92422,97702,109279,124480,119583,107711,111554,109601,99190,109239,131397,108737,120744,107056,105316,106246,105717,93897,134832,118095,104416,81182,106979,105056,105457,102186,122252,117420,113111,99047,134267,97225,100452,115075,119501,115746,131336,97173,87619,105028,101906,100805,119218,117013,117999,99381,
216,95082,102573,102739,120109,123808,31703,30547,103398,108667,89530,99970,98849,141653,125407,97025,114622,109857,88879,91990,97325,108490,123167,119918,107000,109509,109534,97637,108279,130391,107852,119696,105449,103512,105728,105057,92343,133195,116567,102789,80891,106875,104679,104579,100856,121285,116611,112320,98734,133521,96751,99382,113824,118481,115059,130050,97054,86726,104177,101098,99888,118473,115700,117245,98695,
217,94757,101835,102182,119337,123478,30455,29172,102693,108183,88473,99957,97999,139999,124227,94744,113789,109611,88035,91318,95798,107070,123126,118238,105331,109085,108444,97612,107196,129513,106701,118823,104762,103579,104555,104271,91605,132440,115478,101654,79595,104977,103587,103209,100896,120126,115515,111994,97891,132993,95836,99050,113225,116332,113821,129236,95488,86137,103247,100667,98428,117127,114930,116560,97495,
218,93963,100119,100841,118279,121499,28698,26996,101538,107242,87339,98727,97326,138842,123184,94567,112080,107768,87408,90041,94602,107049,121002,116934,104520,108083,107747,96241,106111,128363,105675,117467,103262,102338,103486,103383,91232,129737,114343,101289,78748,104002,102964,102505,99064,119237,114056,110288,96988,130357,94917,97447,111999,115954,112350,127577,95234,84993,101658,98989,97639,115661,113616,115511,97205,
219,92455,99614,99837,117680,120178,26660,23791,101012,106558,87324,97655,97055,137399,122074,93321,111482,107268,86538,88691,94152,105953,119544,115746,103868,106729,106900,95020,105807,126327,103832,116007,103162,101876,102886,102178,90317,129779,113922,99874,78328,103437,101907,101619,99050,117367,113155,108771,96650,130045,94640,96663,110503,115314,111762,126106,94386,84099,101355,98149,96462,114711,112590,113731,95632,
220,91883,98544,99171,116100,119641,23135,18979,100536,104904,86174,96767,95928,136818,121083,92925,111011,106181,85587,87689,93268,105483,118538,114691,103163,106039,105359,94495,104624,125555,103566,114567,102212,100604,101541,101495,89784,128505,112470,98677,78688,102314,101161,100981,98324,116799,111759,107589,95469,128004,92689,95833,110055,113396,111495,124974,93580,83791,99891,96940,95710,113644,111907,112380,94951,
221,90813,97779,98193,115126,118310,18288,13238,99368,103613,84636,96224,95243,135448,120309,91775,109796,105285,84942,87145,92081,103532,116741,113491,101465,105091,104368,93756,103350,124411,102843,113450,100366,99357,100121,100042,88251,126783,111235,97699,77239,101193,99871,99349,96814,115915,110826,106716,94709,127151,92023,94508,108460,113376,109529,123493,93512,82482,99025,96297,94748,112968,110836,112154,94819,
222,90363,96490,97382,113285,116862,12745,8132,99045,103228,84283,95022,93705,133740,118182,90223,109109,103906,83502,86326,90631,102566,116094,112309,100359,103812,103444,92413,102113,122424,102016,112438,99277,98951,99484,98683,87351,124651,109792,96611,76586,99920,99223,98188,95946,113900,109536,105825,93644,125533,90219,93032,107212,111087,108158,122271,92545,81681,97849,95450,93804,111452,109299,111227,94058,
223,89239,95645,96116,112353,114793,8548,5612,97582,101899,82741,94218,92436,132701,117192,89275,107812,102913,83353,85218,90418,101362,113968,110881,99366,103218,102682,92100,101094,121053,99724,110561,97651,97404,98680,98882,86376,123361,107857,95420,75785,99346,98361,97953,94731,112311,108338,103793,93301,123809,90425,93254,106058,110235,106935,120730,91326,80531,97138,93060,92796,110242,108041,109046,93476,
224,87266,93102,94178,110747,113147,5130,4529,96775,100614,81136,92763,90934,129094,114975,87424,104842,99984,81240,83892,88185,98624,111028,108544,97475,101047,100983,89804,99527,117712,97213,107984,96185,95124,97051,96525,85295,120336,105564,92742,74598,96984,96794,95834,92659,110228,104455,101553,91214,121591,88440,90744,103100,107684,104844,117621,89759,78699,94971,92497,91238,107619,105585,106676,92039,
225,86225,91558,93487,109699,111147,4384,4180,94641,99121,79962,91599,89410,127313,113027,85453,102985,98366,80494,82074,87445,96704,109037,105780,95995,99811,99099,88189,98233,116042,95204,105896,94455,93579,96186,95333,83824,119032,103108,90953,73221,96026,95900,94658,91974,107813,103094,100021,89755,119598,86731,89714,101218,106085,103248,115647,88655,77947,93679,90652,89781,105718,103638,105345,91027,
226,84081,89552,91590,106825,109109,4270,4132,95032,97863,78791,89991,87710,124491,110966,83833,101910,96466,78451,81554,85458,95266,106566,103893,93976,97878,97759,86630,95978,113794,92894,102540,92155,91547,94026,94019,82697,115170,101473,87796,72380,94456,94067,93137,89564,106012,101051,98272,88686,117157,85467,88932,99983,103698,101330,112337,87385,75889,91987,89076,88644,103788,102173,103326,89625,
227,83227,88271,90012,104764,106347,4142,3993,92903,95688,76499,88595,86637,122537,108637,81690,99834,94746,77076,79759,83719,93555,104335,101539,91930,96429,96236,85769,95459,111841,89791,100394,89955,89893,92901,92580,81071,113630,98121,84215,71514,92375,92544,90899,88116,103626,97590,96593,87393,114852,84088,86726,97691,102205,99436,109974,86385,74720,90249,87428,87012,101364,100925,101009,88431,
228,81235,84644,87113,102445,104390,3896,3752,91471,94355,75280,86772,83683,119023,107722,77560,98099,90667,75442,77661,81886,90733,100051,99699,89775,94241,94682,83907,93691,107157,83325,94565,86738,86603,90649,90451,79158,109869,92198,74814,70532,90785,90418,88472,86385,99911,91941,93941,85878,111707,82112,85570,93273,100295,96435,103782,85473,72017,87525,84598,84561,98272,98019,97895,88014,
229,78724,77589,85769,100049,98296,3714,3567,90109,92685,72892,84524,80372,113822,104107,68038,94842,82334,72205,74652,78997,86354,89585,93642,84444,92464,92875,82597,91248,98785,69039,81312,79019,79172,89235,89098,77431,103271,77769,57173,67910,88162,89859,85977,83412,90290,78078,89375,84038,107482,79078,83292,86213,97035,90365,89838,83880,67667,82232,79263,82036,92020,93963,92248,86914,
230,71988,60320,81128,93374,85248,3669,3496,87836,89701,64872,81649,71738,99608,99126,49760,88729,61685,64728,69153,70832,73718,68369,80022,72670,87393,89622,77901,89548,79120,46227,57075,63044,63293,86108,86132,71424,86440,52384,33992,61764,80985,87101,77540,77278,69564,53326,78406,79895,95122,71829,79296,66035,88287,76399,64359,81239,53028,69018,65271,75390,77098,83875,76814,85245,
231,60070,39159,72345,81106,62345,3341,3101,84607,86849,51022,76600,55374,76117,87345,29654,74672,39031,51302,57448,57633,54228,43473,58604,54044,77910,85148,69209,84216,53667,26704,34371,42016,43785,81388,81513,61429,59642,29776,19115,50605,69315,84095,63068,65630,45145,31859,58874,70964,74909,57309,71297,43075,72113,54722,39172,77756,36265,50261,47070,63592,54986,65936,54985,84055,
232,41198,21184,54736,59840,38118,3016,2706,78463,79981,31942,63984,34448,46911,66455,16210,51320,21011,32157,39164,37585,32288,24900,35360,32353,58098,72917,52188,73144,31068,16046,19664,24319,24709,68782,69795,43752,34959,17461,12732,34147,49816,76108,40856,45627,25323,18931,36022,56016,48344,37594,55625,23379,49778,32564,21922,68461,19225,29492,26707,43177,32984,43475,32716,81410,
233,23707,12874,34495,37886,22375,2712,2291,65046,65204,17802,45504,19241,26365,41344,11205,29291,13372,17379,22987,21199,18444,15773,20327,18489,36277,53296,33249,54905,18781,12688,14188,15030,14357,51001,52143,26301,20857,13495,11187,19755,30885,62312,23572,26966,16192,14132,20679,36502,27961,21773,35928,14346,29502,18759,15582,52578,11026,16916,14910,24981,19502,25018,19266,77973,
234,12168,10209,17189,19796,15451,2154,1631,43932,40036,10258,24286,11320,18000,22690,10134,16485,11019,9839,12387,11400,12700,13677,13909,12672,18242,29457,16376,31315,15395,11564,12776,11771,10536,27743,28514,13314,16046,12646,10990,11226,16384,38497,12839,14074,13510,13169,13757,20338,16654,11961,17972,11303,16921,13617,13705,32132,8169,11441,10398,13392,14092,15105,13956,69720,
235,9412,9656,11761,14331,13894,1645,1149,26038,23182,8552,14315,10006,16241,15715,9919,12842,10723,8402,9493,9290,11304,12964,12506,11429,12399,17150,11025,18011,14457,11516,12500,11238,9926,16101,16224,9816,15188,12313,10606,8388,11832,22712,10676,10557,12998,12912,11896,12853,14318,9779,11614,10639,13458,12476,13518,18901,7601,10564,9398,10444,13158,12538,12986,55060,
236,8533,9615,9928,12717,13844,1237,828,16174,13251,8058,9934,9385,16012,14294,9865,11987,10612,8189,8865,9048,10884,12658,12081,11122,11229,11685,9429,12312,14079,11316,12514,11282,9621,11591,10948,8860,14939,12074,10488,7753,10367,13316,10123,9364,12624,12690,11373,10470,13511,9181,9599,10594,12648,12227,13253,12794,7390,10103,9071,9697,12790,11825,12599,38160,
237,8262,9367,9586,12386,13586,922,656,11623,10968,7954,9383,9415,15506,13914,9754,11964,10298,8060,8784,8643,10657,12712,12087,10929,10690,10679,9012,10832,13920,11152,12214,11009,9445,10445,9899,8669,14697,11942,10473,7544,9990,10746,9892,9344,12481,12510,11161,9571,13559,9105,9167,10610,12295,12239,13139,10325,7410,10099,9147,9419,12253,11576,12397,22365,
238,8270,9184,9484,11991,13353,663,576,10748,10249,8004,8997,9257,15487,13553,9383,11766,10381,8017,8461,8655,10639,12237,11787,10949,10399,10577,8972,10606,13774,11034,12054,10856,9605,10336,9851,8520,14343,11614,10329,7451,10082,10160,9629,8958,12515,12347,10990,9521,13214,9032,9149,10275,12170,11879,12805,9696,7564,9958,8793,9403,12432,11432,12313,13572,
239,8156,9233,9394,11957,13100,570,538,10409,10175,7790,8742,9089,15042,13165,9521,11662,10062,7833,8401,8481,10516,12287,11682,10553,10597,10268,8898,10284,13605,10766,11836,10969,9375,10010,9491,8427,14243,11624,10059,7513,9925,10073,9674,8973,12280,12277,10925,9180,13228,8813,8864,10299,11624,11578,12835,9357,7349,9877,8839,9403,12072,11501,12192,10609,
240,7823,9186,9238,11761,12823,574,539,9923,9905,7501,8730,8928,14862,13123,9094,11350,10038,7745,8268,8406,10446,11734,11614,10628,10368,10270,8849,10370,13168,10731,11635,10366,8873,10125,9440,8274,13712,11505,10136,7531,9753,9992,9334,8877,12061,11948,10626,9186,12813,8706,8876,10035,11659,11474,12680,9324,6988,9741,8596,9099,12095,11149,11915,9841,
241,7966,8844,9091,11489,12788,517,497,10021,9831,7646,8577,8917,14564,13067,9164,11319,9832,7588,8083,8321,10035,11738,11354,10390,10399,9795,8564,10014,13254,10352,11447,10499,9003,9916,9234,8025,13818,11550,9795,7310,9651,9966,9265,8808,12028,11946,10558,8990,12658,8570,8724,9783,11583,11427,12270,9366,6982,9517,8641,8855,11700,11021,11916,9513,
242,7809,8947,8853,11275,12659,489,456,9793,9487,7417,8442,8675,14343,12745,8920,10907,9613,7508,7996,8123,9963,11589,11312,10379,10070,10001,8446,9978,13141,10237,11371,10173,8668,9591,9166,8099,13421,11358,9560,7144,9490,9584,9178,8551,11665,11676,10415,8813,12317,8624,8824,9915,11381,11116,12096,9054,6831,9388,8348,8902,11738,10772,11790,9359,
243,7693,8687,8923,11418,12420,500,466,9760,9521,7379,8402,8620,14193,12624,8794,11217,9765,7433,7972,8102,9739,11538,11117,10248,9922,9796,8451,9697,12880,10086,11534,9945,8710,9535,8842,7920,13420,10869,9675,6948,9206,9489,9074,8500,11456,11550,10362,8761,12537,8404,8457,9504,11037,10903,12032,9071,6750,9128,8280,8695,11476,10898,11694,9248,
244,7524,8481,8736,11131,12190,442,418,9765,9232,7171,8387,8221,14314,12431,8817,10840,9458,7331,7859,8092,9111,11139,10747,10038,9664,9641,8252,9692,12878,9939,10937,9999,8435,9421,8950,7881,13093,10692,9393,6965,9064,9203,9070,8346,11450,11511,10235,8617,11844,8404,8350,9296,11307,10929,11747,9045,6503,9083,8159,8676,11342,10550,11275,9192,
245,7413,8226,8436,10968,12223,381,321,9588,9408,7215,8164,8254,14040,12355,8481,10727,9242,7247,7770,7800,9267,11344,10834,9799,9501,9590,7893,9699,12612,9926,10843,9697,8463,9312,8774,7614,13064,10618,9115,6956,9066,9279,8707,8421,11257,11232,10123,8502,11834,8172,8254,9136,10704,10844,11513,8915,6516,8825,7873,8528,11193,10534,10985,9232,
246,7210,8210,8327,10827,12019,346,300,9458,9179,7072,8103,8231,13913,11875,8491,10578,8922,6978,7608,7621,9129,10809,10460,9459,9474,9320,7852,9259,12522,9679,10779,9719,8339,9190,8705,7482,12701,10396,8948,6830,8951,9217,8527,8030,11061,10759,9710,8614,11580,8042,8308,9043,10849,10642,11558,8638,6340,8707,7748,8318,11245,10230,11031,9020,
247,7044,8077,8403,10545,11371,302,252,9230,8958,6928,7715,8124,13561,12010,8434,10398,8668,7090,7433,7520,8954,10571,10389,9310,9308,9124,7875,9366,12086,9457,10620,9640,8144,8917,8347,7291,12574,10426,8890,6788,8579,8957,8421,7971,10623,10653,9707,8230,11424,7813,8023,8782,10582,10265,11091,8580,6232,8608,7623,8164,10871,9933,10756,8792,
248,6883,7781,8291,10301,11486,254,195,9296,8893,6557,7850,7738,13272,11838,8256,10186,8542,6760,7333,7284,8570,10614,10109,9243,9039,9129,7848,9072,11885,9288,10160,9103,7857,8879,8443,7146,12432,10001,8556,6565,8618,8911,8242,7643,10695,10550,9391,8306,11130,7634,7975,8540,10493,10190,10884,8530,6169,8386,7518,7963,10599,9975,10602,8725,
249,6894,7643,7992,10289,11297,183,146,9038,8707,6581,7669,7526,12967,11475,8035,10060,8399,6519,7114,7221,8484,10516,10188,9097,8936,8995,7480,9077,11489,8896,10161,8948,7831,8587,8175,7074,12090,9704,8296,6715,8499,8851,8201,7650,10463,10503,9314,8048,10841,7632,7759,8299,10189,9989,10611,8515,5791,8342,7350,7836,10667,9781,10426,8585,
250,6600,7266,7881,9958,11243,158,114,9262,8382,6404,7437,7358,12722,11311,7700,9887,7975,6491,6817,7079,8358,9798,9806,9154,8962,8762,7353,8791,11377,8671,9805,8978,7317,8511,7979,6905,11673,9571,8118,6369,8130,8706,8001,7372,10209,9889,9103,7843,10668,7267,7556,8136,10056,9696,10354,8309,5716,7978,7139,7717,10166,9476,10203,8558,
251,6501,7186,7497,9742,10814,105,78,8936,8440,6214,7391,7160,12485,11210,7652,9441,7586,6311,6830,6776,8030,9878,9371,8992,8363,8549,7144,8493,11151,8480,9396,8639,7188,8189,7514,6732,11187,9310,7914,6392,7859,8409,7627,7273,9794,9782,8858,7758,10277,7104,7356,7511,9777,9723,10001,8113,5441,7763,6676,7586,9865,9253,9994,8295,
252,6253,6381,7334,9322,10549,82,76,8670,8182,5866,6985,6915,12176,10832,7481,9402,6856,5927,6698,6313,7948,9339,9399,8568,8086,8380,6861,8253,10782,8154,9122,8354,6322,8105,7472,6429,10834,8827,7147,6086,7745,8177,7388,6878,9664,9432,8658,7505,9763,6687,7194,6820,9705,9431,9673,8108,4794,7462,6032,7368,9686,9164,9978,8287,
253,5731,5304,7078,9091,10321,81,79,8644,7917,5416,6973,6489,11868,10637,6767,8966,5582,5476,6199,5830,7696,8784,9109,8296,8112,8225,6677,8047,10369,7336,8600,8110,5290,7790,7409,6178,10719,8011,6122,5974,7156,8228,6773,6752,9146,8744,8487,7492,9434,6373,6987,5181,9425,9020,8575,7801,3814,6389,5065,6901,9303,9030,9377,8083,
254,4808,3543,6560,8384,9715,71,69,8378,7829,4302,6475,5163,11551,10403,5814,8794,3554,4584,5353,5014,7264,8028,8480,7741,7744,7841,5936,7880,9872,6013,7239,7503,3667,7627,7084,5543,10138,6606,4240,5783,6351,7888,5804,5894,8237,7865,7918,7335,7766,5366,6518,3258,8826,8484,7246,7742,2378,4983,3378,6171,8894,8537,8928,8032,
255,3514,2200,5733,7439,8827,65,58,8240,7473,2885,6206,3690,10789,9849,4340,8350,2134,3269,4517,3618,6358,6464,7581,7102,6580,7472,5181,7475,8352,4332,5279,6432,2243,7097,6719,4308,9040,4682,2742,5517,5354,7510,4244,4766,6843,6015,7191,7049,6016,4043,5866,2005,8490,7475,5301,7523,1469,3475,2123,4841,7852,7791,8065,7849,
256,2522,1547,4700,6119,6331,63,58,7839,7178,1944,5340,2607,7751,8764,2021,6792,1477,2223,3350,2557,3969,3283,5048,4693,5427,6983,4428,7162,5140,2054,2594,3716,1608,6641,5941,3327,5527,2173,1479,4159,4233,7197,3143,3617,3598,3005,4826,6190,4377,2957,5040,1448,6711,4659,2480,7167,1012,2421,1455,3675,4853,5614,5200,7865,
257,1529,1162,3207,4482,4227,61,59,7565,6613,1203,4231,1604,5359,7543,1405,5129,1211,1471,2147,1641,2512,2184,3273,3083,3721,5749,2934,6087,3196,1549,1823,2329,1198,5370,4884,2080,3516,1628,1313,3046,2847,6571,2038,2341,2262,2002,3183,5265,2838,1718,3565,1217,4980,2977,1839,6838,827,1540,1076,2368,3240,3744,3274,7394,
258,1066,1079,1866,2722,2540,46,41,6859,5141,929,2626,1190,3357,5249,1224,3137,1154,941,1401,1125,1599,1569,2052,1933,2054,3925,1667,4230,2125,1416,1534,1635,1055,3640,3082,1289,2244,1506,1295,1817,1678,5271,1241,1371,1734,1714,1955,3776,1835,1190,2115,1145,3210,1863,1624,5987,789,1220,975,1410,2172,2376,2065,7288,
259,873,990,1275,1970,1908,38,35,5863,3457,900,1677,1021,2332,3469,1091,1946,1150,849,1033,912,1228,1489,1555,1434,1489,2473,1179,2824,1836,1230,1485,1397,999,2342,1917,1062,1929,1370,1232,1218,1335,3689,1183,1092,1545,1647,1510,2542,1622,1006,1358,1099,2076,1557,1529,4846,742,1186,898,1108,1695,1642,1735,7039,
260,839,989,1114,1425,1738,27,23,4720,2109,777,1112,1051,1953,2356,1075,1537,1112,802,950,906,1198,1394,1497,1330,1289,1559,977,1757,1743,1296,1405,1268,1085,1525,1231,918,1805,1412,1143,942,1162,2112,1012,1030,1504,1613,1352,1686,1543,946,1061,1094,1587,1481,1525,3448,734,1129,953,1033,1500,1418,1509,6413,
261,855,994,1005,1462,1682,35,34,3226,1417,843,977,960,1994,1766,1056,1440,1081,855,990,852,1110,1449,1370,1299,1121,1253,962,1289,1736,1329,1490,1291,976,1307,1069,906,1759,1356,1148,852,1054,1522,1079,939,1437,1496,1219,1238,1511,923,968,1132,1520,1455,1483,2278,739,1065,913,1026,1531,1321,1546,5657,
262,812,895,998,1364,1618,25,18,1982,1215,786,882,935,1889,1693,1046,1384,1056,755,930,924,1084,1340,1399,1334,1191,1162,886,1228,1721,1212,1432,1300,1019,1170,988,854,1777,1293,1206,855,1047,1212,1098,928,1487,1523,1202,1034,1408,954,1013,1070,1388,1313,1435,1414,682,1109,949,1064,1499,1293,1471,4137,
263,768,946,993,1324,1614,20,18,1537,1147,723,851,901,1930,1656,1076,1367,1074,801,926,864,1114,1318,1324,1226,1168,1173,945,1141,1741,1234,1386,1232,962,1156,1074,838,1746,1305,1122,861,1054,1126,968,953,1404,1465,1194,1025,1457,994,992,992,1418,1349,1371,1183,705,1099,938,1066,1480,1338,1438,2785,
264,764,908,929,1340,1578,12,9,1230,1100,787,877,990,1934,1523,1035,1264,1058,712,853,884,1137,1341,1242,1159,1149,1137,940,1151,1584,1285,1338,1271,944,1141,948,845,1742,1275,1084,802,1052,1108,989,859,1482,1388,1237,972,1440,956,943,1055,1302,1242,1331,1116,683,1016,861,915,1380,1180,1459,1795,
265,749,920,969,1317,1538,11,11,1145,1029,763,900,976,1968,1523,1051,1288,976,782,885,855,1070,1335,1274,1176,1138,1113,835,1071,1577,1096,1304,1254,918,1100,978,817,1694,1288,1146,760,1000,1096,952,877,1444,1370,1219,953,1426,928,880,978,1230,1307,1361,1070,649,1071,819,917,1418,1238,1443,1288,
266,706,910,967,1258,1524,11,11,1149,1050,717,883,974,1779,1612,989,1275,967,741,831,855,1044,1305,1257,1156,1088,1071,851,1085,1534,1245,1277,1189,915,1064,942,803,1652,1263,1087,779,980,1049,943,837,1341,1344,1199,934,1333,872,941,1035,1265,1284,1264,1054,621,1007,803,894,1345,1218,1397,1171,
267,739,874,857,1263,1518,13,15,1141,1039,706,824,916,1786,1561,946,1297,966,732,783,771,993,1303,1258,1148,1051,1011,863,1059,1566,1171,1266,1164,875,1016,929,811,1645,1242,1015,765,970,1060,895,807,1387,1379,1130,1010,1343,915,878,902,1294,1240,1206,1039,666,989,799,919,1382,1190,1399,1050,
268,734,880,902,1292,1481,8,8,1067,1016,699,803,849,1673,1481,988,1251,956,683,784,765,981,1295,1242,1133,1068,1072,786,1048,1521,1121,1207,1164,842,1080,919,783,1582,1203,1026,691,946,1035,908,821,1316,1274,1116,937,1337,816,850,990,1263,1275,1297,1027,618,986,746,904,1383,1201,1371,1013,
269,725,833,854,1212,1431,6,6,1096,1050,729,829,872,1760,1443,971,1231,952,680,753,804,1003,1216,1216,1087,1028,992,818,1038,1438,1112,1210,1126,866,995,897,740,1564,1268,1047,707,933,1063,903,824,1318,1333,1065,923,1297,820,875,905,1211,1269,1225,1004,604,966,765,870,1376,1203,1302,1069,
270,662,829,847,1188,1349,9,8,1089,919,681,801,824,1629,1477,929,1198,906,671,807,762,1005,1203,1170,1124,1006,994,794,1000,1474,1152,1201,1060,840,994,852,783,1521,1170,1002,731,915,1010,873,740,1234,1297,1121,877,1214,779,836,883,1223,1163,1227,1000,558,923,740,891,1292,1147,1336,1063,
271,668,801,825,1174,1408,10,8,992,904,663,740,838,1714,1410,938,1153,843,728,749,741,932,1191,1124,1041,959,1011,770,1002,1371,1032,1164,1047,832,934,881,722,1491,1054,953,738,886,945,846,801,1161,1294,1051,847,1196,809,825,911,1144,1160,1179,897,531,937,666,813,1253,1141,1287,966,
272,651,766,800,1132,1349,7,5,1024,928,645,707,806,1494,1393,852,1134,793,688,733,740,983,1135,1165,1087,1016,972,745,965,1378,1024,1097,1060,774,868,799,718,1430,1094,883,713,844,964,789,797,1174,1228,1041,855,1238,729,762,821,1129,1198,1102,968,545,923,723,826,1246,1129,1240,936,
273,628,804,813,1054,1274,9,8,1042,930,665,725,738,1560,1372,865,1120,770,658,741,658,883,1117,1084,963,979,947,718,921,1361,995,1098,987,726,888,802,674,1342,1025,931,666,877,985,819,741,1188,1220,1036,813,1128,731,803,792,1120,1140,1125,960,507,835,645,808,1148,1044,1223,962,
274,592,689,738,1034,1244,6,6,981,855,575,703,799,1530,1356,777,1093,719,575,691,655,849,1129,1006,1002,947,903,697,972,1313,872,1116,967,675,966,816,722,1383,1055,862,671,832,938,788,753,1108,1152,949,810,1080,708,765,724,1166,1107,1072,893,472,816,544,731,1181,1016,1201,935,
275,568,644,747,1019,1303,7,7,976,871,559,684,734,1522,1262,784,1066,679,611,668,612,840,1042,1006,954,885,903,683,920,1222,881,1065,975,575,842,804,600,1342,1090,796,642,830,879,734,672,1099,1167,931,775,1002,652,773,562,1032,1003,1071,872,399,737,523,754,1107,1037,1111,939,
276,577,517,755,1002,1230,3,2,969,811,478,692,682,1461,1345,710,1072,513,541,630,602,856,999,1000,933,810,859,666,806,1183,880,935,940,506,905,754,603,1291,971,658,597,772,880,721,653,1093,1019,903,801,957,655,683,473,1078,1077,1007,932,287,650,402,701,1134,954,1125,903,
277,456,389,709,946,1174,4,3,986,807,363,598,521,1328,1224,716,1028,399,430,584,474,889,910,915,903,849,876,636,877,1221,703,897,888,318,812,699,567,1233,810,531,612,701,846,550,621,1050,1004,899,722,910,537,683,253,1062,957,803,895,194,533,271,661,1038,911,1035,901,
278,318,202,603,870,1140,4,3,965,760,261,628,401,1357,1183,553,919,233,322,441,354,718,798,912,836,768,744,503,802,1110,578,796,819,220,767,693,464,1205,651,396,588,548,868,457,484,946,869,861,748,706,477,662,198,998,942,634,863,117,381,165,574,955,877,972,834,
279,222,146,503,779,1020,3,3,934,683,168,521,246,1263,1199,388,896,166,212,377,217,633,682,809,779,610,714,424,769,992,455,555,713,181,742,624,358,1072,449,259,556,454,765,317,334,744,686,768,723,503,274,533,141,928,834,475,849,110,259,148,436,939,829,981,844,
280,143,110,385,582,877,4,4,829,683,117,459,177,1133,1098,235,847,141,152,257,167,567,471,695,679,481,646,307,740,814,311,395,595,125,646,577,212,798,293,193,504,319,768,202,235,586,494,601,670,381,202,420,137,897,662,312,776,94,195,104,287,718,734,778,860,
281,102,102,260,416,722,2,2,840,648,92,337,119,955,1045,172,706,127,95,161,123,395,308,512,460,332,577,224,621,549,197,257,397,124,485,413,149,594,227,170,384,220,699,160,193,381,328,498,595,279,123,304,128,720,465,216,787,105,146,117,182,565,587,598,827,
282,88,130,143,265,569,4,3,828,543,81,208,121,704,927,181,613,127,101,123,94,254,215,351,296,203,351,158,457,396,177,187,287,100,394,277,133,394,188,151,309,158,542,151,104,259,247,308,516,193,136,179,137,569,300,206,722,68,137,90,129,374,377,410,820,
283,106,120,139,224,371,4,2,802,377,88,148,95,438,784,171,363,107,94,122,103,175,223,196,204,169,267,119,352,270,151,170,191,106,250,151,106,284,174,167,188,147,432,136,97,195,206,230,430,168,109,143,110,350,216,216,726,59,118,114,129,280,267,246,813,
284,92,128,121,181,285,3,3,740,253,84,103,121,300,552,138,283,119,73,114,102,162,176,195,191,139,214,107,218,254,160,181,187,108,177,112,111,290,176,147,140,113,240,129,114,212,215,173,326,182,119,108,116,288,195,200,636,74,145,103,127,217,206,217,793,
285,84,119,119,163,243,0,0,671,185,83,87,111,300,360,130,204,97,98,97,88,139,193,163,167,142,153,98,137,243,160,167,169,109,168,113,92,252,185,143,95,115,220,105,100,172,215,142,208,177,112,104,117,200,174,173,504,75,143,88,128,225,198,218,740,
286,80,101,119,157,222,0,0,506,148,85,77,120,242,277,139,177,139,90,106,113,136,192,169,152,141,144,97,154,233,161,178,139,110,117,110,93,259,177,139,85,127,164,121,98,174,202,140,177,176,116,103,111,176,157,181,404,62,142,114,99,190,172,210,724,
287,78,90,97,162,264,0,0,389,160,77,111,109,275,246,137,159,104,77,102,110,143,185,166,161,124,139,107,110,237,164,154,173,103,148,116,93,220,139,150,101,99,141,133,89,163,188,158,130,179,97,106,119,195,177,175,299,68,121,82,103,205,168,188,643,
288,82,118,91,172,191,1,0,233,109,86,84,101,235,209,137,186,126,78,98,102,124,187,151,162,117,122,121,122,207,162,171,154,80,118,103,92,224,151,121,102,109,139,116,84,181,195,154,106,148,117,116,105,181,156,155,174,71,109,106,113,197,161,158,433,
289,62,104,90,159,175,0,0,151,130,73,102,98,261,199,121,155,117,94,93,85,122,150,158,151,136,122,87,137,205,150,149,151,105,121,112,87,214,174,123,83,101,123,112,120,163,187,150,117,154,98,92,105,179,153,175,150,65,118,92,131,171,166,205,300,
290,65,104,105,177,196,0,0,143,106,64,92,98,231,199,122,149,88,73,86,79,122,174,147,137,114,109,87,127,197,152,176,159,95,127,132,87,220,165,139,75,109,134,99,101,156,158,129,94,166,93,121,90,189,145,162,121,64,98,95,110,163,147,169,212,
291,76,109,104,161,218,0,0,151,104,76,93,101,248,207,118,140,93,78,95,91,106,147,151,136,109,116,102,110,225,147,161,120,74,112,103,84,213,130,121,78,119,122,103,76,162,173,127,112,143,95,94,83,136,164,162,137,65,109,89,109,163,145,169,172,
292,73,98,99,114,188,0,0,135,101,68,106,100,222,192,105,155,99,95,86,76,121,140,147,157,140,120,87,116,199,146,126,135,82,114,106,95,212,134,110,81,107,140,98,93,169,173,125,111,162,99,79,79,172,170,148,117,58,122,87,101,178,146,194,156,
293,64,78,88,131,178,1,1,131,109,80,81,84,228,184,133,162,114,74,87,81,131,146,141,130,110,105,85,130,197,136,129,130,74,116,93,87,182,130,132,93,94,127,115,88,152,184,127,104,147,81,95,91,136,148,135,117,48,100,60,91,174,129,144,117,
294,59,75,103,115,195,0,0,132,108,79,74,86,206,203,113,119,85,77,99,79,119,158,133,158,114,117,93,110,189,117,154,147,74,112,90,84,192,145,114,83,84,115,97,76,161,148,139,83,152,83,88,79,134,159,133,114,47,98,66,95,173,135,173,135,
295,64,69,92,150,158,1,1,127,95,82,79,91,213,185,112,161,97,69,87,68,103,157,141,123,111,113,97,100,156,123,132,125,94,104,93,73,197,151,125,85,103,113,81,72,146,150,111,97,118,104,95,88,152,156,132,125,60,83,69,88,150,127,163,119,
296,45,65,83,119,181,1,1,153,96,63,85,84,197,182,113,137,79,54,79,76,95,138,129,132,100,102,73,110,158,144,107,105,81,112,86,62,176,113,102,82,96,129,89,87,160,149,145,106,139,102,95,75,149,133,131,112,47,89,52,94,144,134,164,122,
297,64,63,83,126,152,0,0,122,122,54,89,96,188,184,108,133,60,72,78,67,102,136,132,119,106,106,87,117,174,105,109,119,58,105,97,65,212,137,93,74,88,99,89,86,134,159,126,110,117,76,76,48,153,125,139,118,27,77,40,77,152,128,134,115,
298,63,43,87,133,176,0,0,137,91,49,85,66,189,162,107,136,41,58,70,58,92,148,123,110,88,87,87,109,156,100,129,114,42,106,97,81,168,121,76,70,96,95,66,74,127,153,126,116,133,72,68,37,127,114,101,113,34,70,30,94,164,126,132,131,
299,57,42,58,87,157,0,0,121,113,26,86,71,207,192,84,130,26,58,73,47,91,119,136,127,94,84,62,105,174,115,109,133,40,99,83,77,155,109,80,61,73,100,73,63,118,138,109,107,128,60,89,27,133,138,106,104,20,60,20,77,145,107,149,116,
