165,9036,11355,12980,18159,158904,8460,12781,164892,17107,8781,12517,11333,182897,177772,61740,126375,14012,10626,13832,10140,106531,100482,133782,110243,18268,18153,13814,18624,142153,87247,119270,110005,10362,15371,14070,10710,141426,89715,55035,95591,14634,16331,13199,14450,116704,131458,109024,122885,18108,11039,12775,10615,131218,103328,59943,138957,7976,12192,8057,12473,125923,104082,131882,118565,
166,10709,13180,14589,23235,204649,14578,23455,153682,28144,10376,14102,12564,241600,221200,106842,184315,17455,13600,14628,14153,126928,137976,149128,129207,18084,29074,14599,30969,166592,123650,148363,133203,12549,19208,15929,13187,165197,127729,95966,102306,15889,22902,15811,15288,144314,153238,137470,129449,20934,12372,15529,13247,173457,139921,108341,138948,9107,13811,10444,14269,158024,137223,155551,125652,
167,12267,14607,18280,39252,204285,24881,41080,157103,54765,11508,19447,14251,235566,209218,158575,190104,17650,13941,17674,14561,137612,159167,159820,141306,21393,55836,16577,59173,178883,143063,161568,143911,13795,31799,21855,13628,179449,146955,122013,107437,19200,42866,16734,17974,158661,163001,149268,136860,28643,14162,23671,14868,184093,172090,155204,149157,10072,16082,11898,19037,170607,156402,164542,132006,
168,14417,19330,32934,76649,202150,46071,67024,181768,92915,13741,37746,18945,230564,206446,170377,180820,21898,15763,32315,16020,146565,171016,175012,152639,36122,98174,25226,100558,191821,152152,172534,154818,16588,63183,42355,17164,192997,159653,135469,115309,31654,79345,21446,31282,169249,177028,160204,151093,54169,19130,47243,16810,180719,178511,199588,191753,12062,23500,13375,36266,176748,164313,176555,141338,
169,22672,34821,63977,118033,236349,73435,99560,292662,119662,21831,69570,34894,260571,234085,160870,192548,39144,25599,63023,24019,162228,187089,204613,170741,70883,152672,49692,145399,220851,165211,191663,175465,26027,99642,76342,30741,214683,172889,148349,136304,60713,116850,39544,60214,185112,206200,174359,209816,99478,35543,82249,23555,196322,182899,208373,379116,18026,45223,17132,67890,197180,175192,206380,168053,
170,51287,75838,108728,155331,429549,110673,178387,766050,137952,49857,108315,73811,431435,392771,174424,252808,85816,59532,118763,54512,223734,233250,351640,254263,139098,196522,95083,185384,366671,207630,278320,275696,58766,138246,120007,66485,307737,206673,168928,261193,110138,163525,82223,108107,245808,370440,229749,488793,150121,74729,118017,53110,281105,231629,215336,936034,42943,89134,34221,106941,300555,219669,358472,301426,
171,87114,117811,135876,167246,1008944,208291,371406,1763310,149400,81897,128887,108006,1039704,983896,259671,529230,148823,109060,161378,97371,467868,433137,813090,571537,200115,183704,146866,174854,845895,402281,610487,633440,98176,151208,152235,104126,677225,366483,254147,651310,154277,167895,130300,157880,512782,888225,470965,1105162,171979,109019,131171,95545,617041,454423,280123,1739615,74002,118289,68015,123139,673727,406231,812947,691607,
172,122157,146605,145048,182702,2050485,425981,647488,2785506,166385,109530,140429,131203,2304475,2250244,588646,1303080,201126,163907,156003,162319,996347,958030,1495065,1150972,199124,179326,175661,178968,1617555,900271,1276921,1262030,135242,157682,159466,145508,1388608,837764,565675,1172094,171961,165837,181335,177999,1113024,1642475,1052738,1720664,189274,129399,141494,138273,1335212,998740,533376,2344198,99608,135642,108505,134222,1374335,891495,1528930,1271904,
173,134789,154878,157323,211626,3130223,729733,1009554,2774099,201815,122328,153969,142132,3613780,3405176,1576189,2741526,189313,159280,151858,173580,1714722,1799831,2092248,1753234,187123,209350,163421,215970,2293553,1697765,2075533,1924514,148285,178120,165348,150169,2097809,1633831,1256398,1538838,170857,188660,180416,169798,1912498,2128753,1880564,1974217,211407,139051,155824,155787,2522412,1992383,1263936,2263794,110797,148250,127276,147285,2315925,1757555,2254536,1835247,
174,144812,179235,195048,375772,5341501,3230602,4139092,5495451,410920,135891,196181,162141,6167657,5965352,7119537,5459113,196792,153917,189414,162914,4227515,4615941,4971884,4995092,220628,423188,177569,455655,4360711,3868963,4348839,4373794,164952,283560,208130,155097,5605328,5325345,5454639,5705043,203385,333931,184235,194171,4555230,5319355,6408194,5551570,298802,158964,215034,171454,5105745,4778726,4773737,4747303,123859,179796,141810,186220,4941767,4666825,5035083,4756263,
175,191715,323921,408835,973616,162013248,138930316,144045749,198094768,1047878,196897,453575,272488,180763017,184416641,267440812,162135873,303261,204490,411523,205548,145694772,151818793,180427512,198585981,459808,1178451,323991,1210790,143106989,123772360,138975423,162113637,274041,785302,494770,251903,209407081,210672281,220120753,244620987,459704,898987,313249,396819,168961417,229959156,266157718,233964473,673128,237599,488053,213610,142748005,127664423,142887918,172165965,146180,304548,163319,362196,153914480,140316239,179375828,181581238,
176,491940,977056,1155646,2077018,245705537,194527619,194027832,242564217,1893787,540544,1199672,800352,234348000,246764701,248614853,241482359,921934,570464,1307698,523193,199918148,216502003,227512036,268679807,1450262,2672822,965500,2551042,213284729,192899009,183456640,194769347,790118,1748818,1275585,703597,200960495,197497061,205219411,222264692,1232047,1976126,877565,1129418,221834336,222714424,232919938,235407497,1726530,686016,1299362,505351,229922212,191375428,200585964,250080223,303311,886788,300731,1031033,230200260,208341096,233172843,232668424,
177,1092815,1898683,1882800,2785746,302691987,260016757,267645524,309668061,2460794,1133160,1966368,1542205,296658752,304554822,255848714,269553652,2216313,1487456,2373602,1274507,215237009,324609985,221184783,290869816,2718333,3249454,1969683,3026941,225851780,197321960,183820409,180578132,1547917,2517605,2141292,1409090,155321400,163241804,169284630,308165615,2148894,2711504,1771733,2149776,203973172,174807281,175097545,195145126,2559951,1411691,2011252,1164110,296326144,251406072,257978890,302429811,758096,1619847,738632,1732020,255048319,243389503,261238953,251200735,
178,11582292,11890848,11606684,12727022,351548670,314654674,328966946,365171493,18461210,12590693,11198638,12210867,360869825,364319941,303234314,311904840,15267894,20127443,15502242,12244747,209728118,238225588,169391615,289954678,15287135,14748918,12022517,16531099,187760333,193112125,177023124,190874484,16891880,14966027,13340263,11550124,156507696,156352138,159053435,189689517,12522791,12912801,12115055,14010837,203660658,162498758,170191236,181074142,22026151,15569906,13706716,10554858,352905403,299536372,291388743,338444047,18708612,19476073,12786372,20637404,302326397,279161679,275269124,303202766,
179,168804846,155359765,152224611,161266650,385121356,329004602,376431719,406099600,236427376,177619191,143550552,162806678,417770958,420110440,357736239,338153137,216945671,273659177,207509834,156018762,214410052,223175559,209649306,304330021,220204558,318298646,148031875,190793874,218131995,197835084,171368403,195331107,220069089,190379605,172386370,151967423,156981658,155086272,160370518,159407976,156410191,161838575,160104945,187337550,182423418,161137019,170876155,172989627,301711372,213705578,187902770,135217962,376814947,324238971,300923432,346241814,266137046,278041051,221845471,304844285,315685518,289539366,106119368,300184905,
180,184517109,182843436,178844903,184037339,404030967,335250755,390421907,451266869,223110300,191437463,180905908,181349330,474138936,482065097,430438975,397435650,266332955,259100823,230189695,179992453,214669569,225154858,216316749,290213746,220619329,214414660,179316891,190729091,210138362,197210103,182145424,193823389,220139124,210898897,223117984,185444163,161356170,157560439,161016087,164841138,184220280,199062316,199290098,219969085,191189899,162214304,166397645,170395450,231191863,198902759,189793772,165225953,394658177,337252793,308955282,364177621,231169534,230723439,208599267,251376772,325742328,283612540,277650842,185025450,
181,179089413,184874990,178100525,183300820,420455436,338391944,396649562,473334992,213488519,191800565,214553181,175440190,532092372,545310893,537716181,453625552,275931089,271402766,252620634,200760814,201753768,200473592,218613454,277432669,246556069,261014718,219982610,250424760,169135141,181771863,175872553,186750435,242277772,231418502,282807371,235778277,159866846,157067754,160453577,163960156,237408471,242533787,246979479,253602879,182098905,160961163,160038796,164742304,186650763,166289843,176447708,184260639,388916120,352515515,318942955,376091550,203904662,177848584,180319502,207670335,321800803,292395126,280326085,261897757,
182,186584372,190200261,174790401,185926406,427331795,340613297,412324578,496306202,203670489,218165631,316632147,174304642,578056492,592900255,613828291,553599346,291919317,298226038,289114095,235053708,177328565,181203970,214016380,261517084,300471379,314921366,274237543,288843314,170039114,169557334,163374724,175270131,266880487,210808893,337255005,278031151,154549994,153766750,155147341,156591495,277281490,275428553,290995386,286093906,163834864,156180129,156518978,157496277,167953296,166569542,168426397,217666525,366472327,363670128,322556600,361268476,171762046,167545127,169005824,168205685,318291784,297477959,242116531,229840998,
183,193251054,194614975,172948862,187520191,411836003,339210992,417630774,492381137,217368856,181063604,212256989,173082109,568487654,594944343,623679561,583547092,320351088,335223746,326037473,273630759,168539502,170817158,188518130,224560309,339750039,357204448,305434449,320187307,162512687,161273951,157286308,170100996,293747495,266725859,367873278,295330354,153670806,153024030,153886123,155669980,300864407,293686121,328764232,309907151,156399507,156890526,153599551,156391152,163070954,162240583,164595452,185684643,338722756,358887180,327502423,328096784,166006324,160420417,163972068,162660702,304076134,289307346,230865531,220043988,
184,194312300,199324682,170499985,180587792,398973263,346615134,437501159,487222660,214044300,212701379,189806345,168289430,552724518,583606392,613560439,580337758,352720206,378461930,375269578,309036096,162381001,168067177,185718986,234043832,378529108,386927863,324875045,341603080,158544251,158763809,155336650,166782868,291218683,266703093,393639096,320503123,153326233,152834423,153204425,154854396,315706782,309496048,356966085,328295973,155431062,160765957,154288040,157384618,158762960,160290053,161946804,185872470,322832015,346070598,319285745,327219299,162021059,160950575,160092392,159465106,291437894,279007372,222237174,209327955,
185,198882362,205077756,169900332,179611502,403707155,380047345,462042275,492504806,205370331,203989374,184622464,169334787,548126289,582570549,610240760,594942739,389984993,410289868,415173372,340406912,160867300,166294006,178193081,205851665,415473333,406743856,333049265,346695522,157224351,158142059,154502490,165770603,304845528,266048830,391214387,329321497,152999517,152428106,151484696,154545150,320782590,318585705,355942049,336842739,154916527,164730916,153755786,157018458,158649229,159553790,160463233,190852447,323996348,337225596,325200445,316671013,160232527,164741225,158889603,157331121,281586464,265185492,218599448,212164549,
186,199987811,211678514,174405234,184072616,430253055,420865698,466332059,490648053,205985630,191822698,185721811,169109021,546998205,580166883,595445704,600604979,435104633,434490358,451261804,372672076,158450082,165659141,174029012,181570759,447394241,420991201,336825678,341545544,157721406,157240390,153206968,164113037,304454198,257858515,410871720,199429517,152155439,151842886,153701142,152472491,323805403,323398772,372649627,343610143,153961153,166856782,152810740,155359182,158690148,157501033,161352078,184319136,334686005,337790359,317828044,329082811,159968325,151035766,157906865,158152734,273718773,260774594,218972697,216138302,
187,197917086,208130645,176512025,173674591,471164766,453277336,457859006,476901799,188608453,178671791,166584673,171024064,527695205,543605720,556246968,575934324,455083538,448997056,466293666,403525440,154290706,159726774,166888679,205378954,462600053,430054202,344003774,348730267,152811864,154174730,150594133,162454203,297249997,240170779,434373222,331069902,149547699,149143205,149113556,149012271,322613686,325018229,366527475,347454200,151792463,162294860,150658808,151955585,157207370,158664656,160166790,181720803,352660885,341469234,341175743,336502951,157355626,143932800,156685841,159178515,264525457,250123820,213886128,213419160,
188,187395355,213674163,181362020,192018371,383774680,355469668,343162823,342959621,202187917,183418267,200133290,167267735,388083883,392763350,403042182,423639001,459889466,462165426,483528635,429843886,113278435,119122365,124597950,150840949,482160924,449566076,356381427,353806884,114679235,116686753,114776825,123220783,292901560,248325226,394294805,324943059,113727738,113446815,113615313,113388703,305064126,323898241,359711529,349637302,115292213,122246428,113564376,115268066,155669989,156956589,158806795,178331405,282328604,269864706,356049469,265323344,155129485,155068007,155450273,154643904,199397276,186730382,158508001,158498629,
189,188148340,208070421,174480196,58423004,119816712,103620159,99816423,100377114,188258727,174394208,166647138,163314022,113834874,108013205,111005153,118643081,479147087,465211458,487764519,445851332,33939224,34466975,35987689,42069824,486537697,460908274,371343499,368130863,34430199,33942591,33745296,35540801,282872891,250541446,336886820,311270977,33755007,33263386,33188019,32991379,320199468,321185934,341285943,351026197,33991584,35794718,33582662,33638166,154473821,155689100,157364202,177063739,85278424,80073998,69429360,76471848,154504277,156085981,154202476,153185238,56711590,52453839,44362630,44024505,
190,150215048,167322775,140054111,135648991,6420179,8748048,8459737,5736960,155760827,148945801,132929373,131974810,6318206,6134229,5973163,6595938,376710316,373498049,383456010,359248980,3178929,3419181,3421091,3397989,386165243,368315625,312888865,308323455,3364994,3136548,3329372,3171979,224449142,235216920,454033618,250007917,3377993,3249303,3072249,2805808,259775486,258698819,279020214,287648537,3291181,3317266,3270085,3132307,122123623,123979294,125744243,141870546,5530081,5274060,5270609,4915762,122871354,122308379,122593902,122176004,4242521,4027380,3593369,3365870,
191,71488343,89849970,75089585,69570824,2107787,4866369,4663964,1950734,81783048,101696425,73067631,71173653,2340139,2142534,1815091,2072239,206343877,200775187,202480824,192478363,1939116,2174272,2124305,1873841,202867338,195756211,172531762,169137300,2147650,1887798,2095714,1867653,116989443,111230554,164499986,132745835,2163890,2031492,1851202,1583929,141263673,140428517,150180306,156443073,2048578,1983357,2039511,1898110,66321088,66490952,67219458,75127796,2100363,2001992,2311345,1844279,50580276,65679539,65819173,65687060,2028396,2083658,1987279,1824353,
192,5740749,6314123,5628030,5522233,2006820,4027668,2882387,1872545,5938733,5411274,5401644,5284574,2256952,2062338,1728831,1981163,12623295,12139264,11850512,11697319,1909089,2139568,2092914,1840501,11992374,20393694,11268490,11046452,2114472,1857089,2067670,1836076,7669485,6609852,10231946,8622729,2133240,2001873,1818305,1556791,9431815,9166312,9809317,10009033,2015686,1950632,2010522,1868915,5543857,5074053,5182291,5793657,2028734,1925371,2242691,1775602,5066185,5123565,5213879,5102252,1975952,2041287,1949146,1788282,
193,2086948,2148860,2090855,2206192,2003135,2834112,1508299,1871910,2224260,1929734,2101333,2000699,2250764,2051886,1727544,1982478,2576956,2252917,2212138,2356119,1906886,2134358,2092073,1839101,2439310,2491855,2349901,2411989,2111733,1853189,2064195,1833452,2238835,2137268,2384322,2108865,2127437,1989374,1811996,1555337,2322507,2271970,2340041,2379374,2014812,1947435,2003280,1865010,2433978,1948031,2036422,2296162,2025153,1922939,2239104,1773207,1944198,2018513,2098644,1993856,1976249,2035099,1947480,1788690,
194,1888012,1935389,1909089,2031192,2000056,1433986,665400,1868027,2021995,1748154,1923981,1814081,2239982,2047773,1721601,1975073,2003345,1722669,1690960,1853177,1904471,2134535,2082471,1832251,1927572,1981340,1852198,1921259,2107366,1854124,2056731,1827391,1943300,1877683,1949807,1751779,2117229,1990088,1804760,1554233,1908589,1880080,1918512,1920281,2011273,1938976,2000031,1861785,2262317,1775903,1865851,2100442,2019785,1920067,2235426,1774314,1773757,1851221,1929632,1822759,1972607,2033765,1944348,1784072,
195,1886694,1932321,1902883,2025531,1992701,688536,438406,1863868,2023183,1746027,1923138,1809649,2234273,2041369,1715452,1967611,1998366,1719818,1688131,1849072,1898595,2127837,2076811,1828046,1926685,1978597,1847573,1919016,2101762,1844981,2052133,1823811,1940940,1872969,1948210,1753472,2111607,1980929,1797340,1550500,1904037,1879451,1914826,1916067,2003771,1933915,1994481,1858705,2260830,1774967,1863554,2094113,2015151,1914576,2230792,1770423,1771483,1846042,1923914,1820457,1969576,2028639,1938073,1783880,
196,1885183,1932568,1903219,2023210,1989277,457967,395129,1859411,2015223,1740439,1920754,1808506,2230357,2036963,1710016,1960766,1992666,1719771,1685839,1846330,1889300,2118844,2068554,1824252,1922296,1977842,1846750,1912179,2092485,1839878,2043386,1819786,1936046,1867708,1943095,1748561,2106682,1974707,1793940,1547307,1904036,1877520,1914779,1913364,1998636,1926146,1986431,1853112,2255364,1772213,1860330,2086726,2009956,1907497,2222371,1769610,1769643,1843466,1920429,1815350,1961013,2022880,1931477,1784168,
197,1882149,1924814,1897493,2018559,1980060,396329,380865,1857641,2015302,1743097,1917589,1811525,2225031,2030358,1704521,1956726,1991234,1712045,1679986,1841360,1883149,2111303,2058398,1815669,1917628,1971300,1843644,1912072,2086045,1831180,2034201,1809270,1936479,1866397,1941297,1744584,2097993,1966519,1788793,1541771,1895935,1875090,1908820,1909884,1991013,1920864,1980967,1854027,2242928,1766041,1853835,2082062,2002292,1901240,2217035,1764052,1761212,1837640,1913890,1808850,1953010,2015827,1920910,1779172,
198,1878258,1918976,1891995,2011842,1975429,381471,373241,1852427,2008327,1738224,1910311,1803110,2214668,2024119,1701406,1951293,1982149,1706411,1674182,1838165,1877018,2104558,2054243,1809589,1909199,1965922,1838657,1904751,2078357,1824933,2029182,1803348,1927666,1861481,1939747,1740795,2091070,1969957,1783944,1541224,1895169,1872651,1905760,1905883,1982956,1915268,1972114,1843953,2234389,1757284,1849202,2073492,1994120,1894814,2208616,1758657,1757035,1828016,1909411,1801961,1946606,2009145,1918031,1773909,
199,1868712,1914488,1887518,2003765,1968649,377287,369306,1849227,2008482,1719718,1906796,1791625,2205977,2019823,1696358,1947303,1978113,1704990,1669431,1833848,1869424,2095248,2046570,1805113,1905881,1958754,1832463,1897694,2066972,1817757,2021803,1797169,1923378,1851863,1933641,1735151,2081790,1956181,1775235,1538335,1889648,1864100,1896886,1900893,1977289,1904286,1968203,1844997,2217166,1754280,1843778,2061965,1985447,1886996,2198350,1752553,1750923,1821960,1900028,1799400,1938564,2003073,1905455,1768935,
200,1864286,1906935,1878226,1995179,1955982,365150,356437,1844599,1994401,1709664,1899733,1789342,2201188,2010050,1687861,1941325,1970172,1699719,1664524,1826681,1866003,2087478,2036914,1793982,1899030,1954945,1828634,1892974,2060265,1808599,2013057,1788649,1918069,1849312,1927112,1732906,2071251,1947966,1762464,1533387,1884419,1859139,1890675,1893990,1965670,1890781,1959350,1837897,2212059,1749522,1834736,2059665,1979409,1881319,2190478,1746938,1747576,1820133,1895572,1788665,1929975,1994796,1901918,1765857,
201,1858560,1900283,1875290,1988760,1939314,356089,346246,1839819,1989148,1706528,1893745,1787125,2185875,1998908,1672544,1927213,1964544,1694231,1659363,1822553,1853549,2064474,2022009,1781988,1896667,1948545,1820185,1884496,2040741,1785051,1984890,1770721,1911104,1845062,1918487,1722618,2051339,1924433,1734671,1526988,1873501,1852972,1886715,1887917,1954874,1858754,1945281,1830999,2202976,1741741,1830861,2055820,1971712,1868606,2177911,1742401,1742024,1813178,1890976,1786606,1917185,1983468,1884913,1764122,
202,1850349,1891518,1867281,1978614,1881219,344453,332537,1827540,1980126,1702930,1883759,1778091,2130424,1975131,1625340,1906462,1954642,1688557,1652759,1814636,1820374,1997678,1976028,1743171,1888135,1943493,1813314,1880887,1956974,1681369,1887823,1694933,1902858,1833531,1911958,1718135,1999398,1828885,1620865,1506459,1868584,1843580,1882418,1881238,1883148,1709389,1913185,1810030,2190556,1738649,1821636,2048148,1942986,1826658,2117381,1730323,1732530,1806922,1885472,1780055,1864286,1957548,1826141,1758286,
203,1844438,1875392,1859537,1967546,1684663,332091,316021,1787656,1971896,1693598,1877903,1766352,1950150,1890523,1458159,1833527,1937605,1679259,1645648,1805721,1708423,1773198,1810527,1604831,1878491,1935911,1799327,1872778,1705462,1397856,1607706,1469625,1888246,1830797,1905220,1708904,1818691,1560781,1325524,1437564,1858467,1837806,1871185,1873839,1675129,1355459,1800419,1744409,2174367,1727373,1814251,2032705,1843309,1680927,1921734,1673769,1725836,1788137,1872845,1766672,1686336,1861881,1625241,1751233,
204,1829654,1822596,1840544,1930367,1298941,315471,289355,1665408,1961789,1682350,1865611,1746293,1540598,1655363,1117993,1622059,1883500,1659899,1624445,1787817,1438621,1353572,1452235,1296296,1860043,1921145,1781354,1858911,1251103,956499,1136056,1079098,1850704,1808463,1895227,1698601,1432506,1108519,884677,1247479,1836228,1827146,1850794,1854834,1267643,867557,1508227,1558407,2121403,1703340,1797416,1993632,1583609,1360252,1517351,1511655,1699091,1740288,1848375,1744752,1320468,1620365,1252048,1736462,
205,1793965,1666882,1794107,1823026,752157,284854,236278,1351169,1925938,1628170,1830867,1666475,909171,1149927,629372,1146473,1719567,1603589,1555935,1737721,956150,779038,896904,803037,1807744,1877581,1745367,1813100,682604,485038,596760,594335,1736038,1770887,1864870,1660275,842913,572452,429123,861546,1776267,1795144,1785953,1790869,719133,417025,986476,1151288,1981690,1639029,1746601,1874649,1089304,841132,910753,1136167,1629003,1611994,1781810,1676428,786959,1135915,731678,1676262,
206,1623786,1194198,1579169,1439048,322290,222323,150246,798072,1769204,1410910,1675522,1375992,380850,540906,252685,537222,1214113,1351876,1284165,1507645,441337,332297,391845,350108,1563020,1670292,1557038,1608767,293324,211280,254304,253200,1350582,1579244,1736641,1475273,354839,239347,186212,402767,1509771,1640762,1504558,1529131,303760,194118,443627,601399,1517882,1374870,1524962,1455912,518775,368430,391597,607184,1360541,1209702,1519451,1405437,344956,558806,322101,1453154,
207,1258284,671680,1160061,921420,183583,146414,82393,379957,1417012,1013847,1333176,917762,208700,248250,139803,237508,665355,921098,857651,1083209,208939,186250,199677,177879,1108678,1252305,1176978,1203392,180633,144897,165031,151432,844036,1200384,1425012,1105689,199084,157173,135286,180267,1064283,1297959,1034973,1068545,175576,150848,208061,274205,930208,947451,1111993,893436,241908,187629,204801,281054,915786,720961,1070560,964593,185359,258650,180599,1036525,
208,641162,254481,549584,385148,152773,79160,48363,175493,767158,461045,719180,392907,173680,162470,120083,149822,248423,382277,362678,495554,138368,154187,150523,133846,494815,611097,580762,583195,159202,132076,147253,130991,339875,605562,811259,538694,164332,142759,126839,110044,489209,697444,450045,472613,148926,142723,145011,145010,374805,413189,519824,350965,154416,142005,160649,148118,377455,283530,473106,418540,147712,156418,145968,510798,
209,283930,146438,245293,197610,149654,50495,40865,133182,349381,203749,330455,185029,169615,152232,117821,140398,149858,168617,169282,214243,128151,149624,144399,129085,220473,272191,253750,264391,155661,130084,145018,128214,171706,276977,378192,238329,161063,140726,125079,99290,225296,322303,204903,212140,145659,141388,136286,123692,202926,191580,232556,178767,143216,137026,156002,122872,167107,155323,210531,193553,142849,140986,142436,240165,
210,137764,123815,138402,147676,147568,40840,38569,125121,164025,117097,154270,125475,167846,149700,117021,137766,132087,111742,115182,125360,125906,147314,141700,127851,139408,147293,133001,145589,154151,128989,142500,127228,127917,146356,167458,126624,158562,139829,123687,96736,136695,155201,133155,130067,143858,140043,133870,117888,161962,123776,133134,138318,140195,135194,153688,116528,110162,127804,130006,127472,140516,137843,140393,142619,
211,115079,121674,123605,142126,146652,38943,37770,122479,134034,107132,124274,119084,166722,148611,115578,135781,129707,106010,109987,114661,123895,146145,139793,126195,130420,130871,117135,129773,153073,127815,141502,125936,122904,126984,129999,112247,157784,138487,122760,96688,125965,127821,123948,120335,141631,138117,132874,116259,156512,115445,119694,135375,138568,134601,152214,115117,103997,123338,119708,119132,139106,136539,138470,121516,
212,111093,119834,120541,139932,144876,37642,36592,121532,127706,104440,118265,115927,165100,146933,114356,135158,129492,105433,107695,112800,123045,143832,139002,125442,128178,127948,114454,127041,152685,126520,141084,124210,121495,123594,122455,109705,155216,136596,121552,94874,123723,123421,122374,117860,141084,137230,131921,115125,154406,114101,116765,132971,138903,132618,151653,114054,102310,121617,117922,116654,138338,134569,137892,117138,
213,109900,119381,118698,139127,143894,36248,35110,120335,126534,103998,116396,114625,163290,145284,113843,133400,127577,103568,106892,111754,122111,143227,138264,123848,127203,126072,113573,125132,151449,125882,139626,122894,120313,122576,121286,108058,154445,135299,120641,94842,122737,122088,121712,116718,139147,136963,130476,113691,153584,112167,115672,132307,137158,132101,149334,113515,100480,121193,116861,116169,137264,134038,136924,115716,
214,109245,116951,117976,136899,142901,35168,33891,119998,124141,103053,115480,114353,162548,144665,112599,133064,127068,102776,105512,110661,121043,141549,136508,123035,125932,125021,112047,124307,149103,124200,137901,121952,119363,120920,120094,107325,152473,134499,119478,93952,121801,119958,120093,116076,138828,134903,128828,113447,151072,112139,114280,129877,135572,130855,148419,112495,100394,119072,116025,114898,135507,132493,135710,114463,
215,108159,116760,116857,136001,142133,33806,32404,119154,123090,101664,113533,112593,161064,142950,110581,131277,125559,101402,105288,109215,118875,141177,135916,122690,124860,124671,111455,123447,147595,123359,136233,120853,118208,119938,119458,105686,150914,133938,117941,93809,120420,119591,118753,114774,136581,133721,128455,112178,149206,109985,113243,129031,134125,129702,147409,111322,99017,118790,114186,113756,134606,130967,134935,113618,
216,107849,115449,116155,135554,139665,32228,30574,118135,122824,100725,112986,111536,158616,141063,110317,130298,123488,100627,103834,108484,118553,139275,133982,120281,123086,122907,109997,122140,146505,121955,135022,120781,117042,118979,118284,105193,150091,131616,117243,92858,119504,118175,118063,114257,135089,132587,126583,110957,148852,108898,112028,127788,132958,128945,145581,110532,97992,117377,112415,112545,133332,129820,132745,113163,
217,105760,114564,114806,133888,139005,29868,27614,117056,121792,99943,111887,110995,157255,140096,109307,129384,123615,100412,103271,107146,116463,138359,132916,120328,122007,122059,108396,120221,144882,120884,133067,118957,115410,117761,116607,104200,148275,130731,115704,92175,118559,117487,116688,112735,134112,131007,125760,111015,146923,108269,111133,126769,131553,127304,144197,109721,96596,116645,112642,111545,131892,129139,131890,111918,
218,104848,113460,113316,132657,136948,27063,23143,115699,120457,98483,110842,109942,155951,138464,107507,127151,121797,98423,101423,106252,116061,135617,131538,118223,120681,120630,107604,119382,143000,119741,132438,116719,114541,116603,115950,103173,146808,129391,114086,91101,116665,115283,115512,111058,132285,129639,124286,109696,144487,106719,109876,125531,130294,126015,142084,109081,95472,115750,110687,110398,130548,128393,130006,111357,
219,104695,112366,112824,130988,136111,22231,16924,114766,119159,98292,109722,108881,154733,137650,106246,126234,120094,97522,100980,105763,114961,134447,130011,116826,120244,119043,106481,118492,142259,118295,130376,115057,113275,115513,115067,101862,144597,127592,112848,90540,116648,115164,113836,110270,131060,127674,122566,108817,143840,105444,108749,124218,128598,124902,140822,107495,94522,114071,109644,109173,129384,126764,129623,110169,
220,102289,110970,111064,128911,135062,16883,11260,113693,117498,96394,108369,107660,152542,135944,105880,125074,118150,96352,99383,103854,113231,132765,128278,116397,118695,118211,105057,116979,139922,116587,129638,115069,111582,114746,114009,100435,142718,125634,111725,89634,114972,113465,112936,109108,130528,126748,121693,108152,141524,104277,108062,122207,128058,123958,139048,106609,93816,113101,108523,107277,127914,125461,127457,109125,
221,101373,109168,109427,127527,132891,11341,7019,113046,116685,95401,107814,106391,150677,134723,104584,123370,116627,95955,98570,103266,112128,130845,127149,115012,117248,116585,103655,115994,138363,114737,126867,113074,110776,113439,112440,99213,141225,123891,109803,87545,113117,112636,111407,108248,127678,125442,119310,106075,140610,103638,106355,120399,126270,121644,137012,105967,92406,110766,107182,107311,126295,123484,125785,108330,
222,99908,107670,108143,126278,130448,7194,5061,111850,115332,94163,106291,105030,148440,132684,102433,121592,115496,94045,97969,101175,110642,129220,124924,113348,115374,116074,102779,114408,136604,112706,124560,111607,108363,111587,111452,98253,138967,122099,108182,88118,111463,111037,110043,106740,126828,122350,117972,104869,139316,101613,104959,118553,125156,119986,134755,104802,91313,109362,106105,105649,124188,121839,124645,107595,
223,98260,105674,106899,124420,129452,5359,4630,110686,113681,92821,104545,103141,146939,131348,100029,120657,113508,92529,96179,99438,108509,126696,122659,111723,113831,113885,101409,113548,134475,111093,122332,109702,107308,110164,109175,97135,136241,120103,105617,86759,109925,110317,108619,104559,123836,120756,116523,103964,136250,101021,103702,117063,122655,117858,131882,104253,88990,108335,103273,103844,122398,119847,121757,106103,
224,96372,102427,104230,121814,124563,4476,4314,108308,111574,89609,102741,100998,143226,128097,96674,117159,110571,91185,93714,97734,105680,123128,119350,107921,111722,112315,98950,111041,130702,107796,119115,106463,105053,107901,107289,94822,132821,116135,101813,84250,107517,107983,106235,102702,120526,116520,112979,101621,132851,97984,102141,114558,119668,115359,129057,101936,86927,105405,101717,101368,118814,116776,118674,104529,
225,94555,100618,102745,119593,122849,4353,4194,107300,109878,89218,100827,99257,139071,126069,95117,115034,107817,89028,92232,95816,104050,119759,116913,105941,109190,110121,98227,109088,127341,103911,116035,103979,101868,106458,105561,93833,129091,113008,97560,82865,105633,106306,103778,101139,117739,113151,110294,100379,130669,95984,99663,111224,117772,112589,123757,100528,85128,103609,99749,100124,115747,115289,116045,103042,
226,92678,97271,100222,117327,119563,4083,3925,105309,107227,86283,98411,96306,135612,122877,89499,112411,103327,86653,89485,93488,100555,114125,113186,102565,107466,108400,96059,106947,123285,96175,108555,99730,98011,104400,103831,91304,125449,105081,86335,81157,103702,104148,101353,97263,112251,105577,107109,98431,126824,93434,96933,106447,114318,108717,117400,98330,82978,99870,96185,97195,112761,111736,112814,101482,
227,89834,90127,98310,113476,112363,3921,3790,102823,105262,83414,96065,93021,129771,119388,79894,109316,95856,84162,87077,90380,94285,102598,107414,97320,105045,106318,93420,105909,112697,80314,93845,91116,91641,102105,101657,88883,116566,89283,66477,78423,100537,103144,98520,94872,101801,90426,102569,95778,121974,90746,95111,98883,110543,102674,102311,96864,77570,95510,91193,94314,105515,106835,105457,100887,
228,83115,72388,93562,106888,100896,3683,3496,100733,102740,75179,92765,83392,117761,114627,61889,102916,75942,76225,80891,82437,83405,83115,93477,86400,100099,102555,89341,101877,94796,57839,71196,76007,75506,99406,97381,83201,101516,65354,43621,72381,94067,100403,90612,89133,82588,67574,91971,91980,110721,83116,91347,79206,102067,89190,78698,94451,64134,82659,77973,87398,91603,97405,91410,98950,
229,70172,49138,84718,94852,76547,3500,3311,97773,99682,61259,87347,66497,92104,102857,38078,89237,49643,62039,68674,67935,62571,54893,69987,65518,90187,96877,79290,97113,66454,34118,43220,52453,53341,93651,92689,72542,73113,38057,24022,60028,80867,96250,74528,75742,55538,41235,71090,81984,89825,68950,83110,53753,85595,66271,48895,89809,44596,61726,57271,74637,67166,77817,67284,97008,
230,45094,23810,61322,67699,45612,3216,2870,89198,89789,36176,70596,39477,55254,77349,19586,59925,23869,36277,44338,42276,36586,29041,40761,38165,65609,81049,59044,82807,36724,18341,22956,28594,27861,78579,78008,49722,40153,20127,14851,38482,56229,86133,46615,50613,29820,21862,42151,63387,54127,42715,61769,26228,57185,37837,25755,78727,21668,33776,30019,48425,38417,49571,38951,95216,
231,25202,14121,37636,41662,25631,2734,2240,73309,71010,19424,49224,21350,30245,47562,12967,33699,14566,19287,25866,23161,20201,17876,22548,21062,39724,58473,36711,61149,21678,13894,15740,16992,15849,56293,56409,29326,23093,14806,12165,21894,34083,69179,25568,29020,18212,15998,23324,40557,30782,23549,38897,15516,33167,21114,16987,59225,11902,18885,16384,27382,22212,27732,22213,90552,
232,13741,11220,20287,23673,17603,2229,1734,50586,46951,11557,28319,13203,20354,26777,11209,19106,12104,11463,14517,12934,13811,15005,15566,14398,21314,34574,19686,37433,16887,12891,14166,13243,11498,33354,33436,15841,17913,13796,12086,12389,18946,45832,14918,16039,14671,14316,15066,23154,18643,13826,21131,12531,19670,15132,14847,38035,8882,12817,11422,15613,15742,16852,15838,80817,
233,10112,10486,13200,16005,15254,1652,1150,29990,26885,9366,16151,10926,17719,17954,10983,14474,11483,9398,10882,10389,12070,14264,13720,12696,13878,19517,12340,21355,15870,12577,13684,12507,10804,18992,18839,10928,16557,13704,11741,9470,13363,26538,11524,11578,13996,14111,12928,14560,15346,11006,13220,11825,14784,13660,14367,21805,8119,11566,10124,11489,14251,13839,14388,64486,
234,9036,10345,10722,13677,14864,1242,799,16906,14348,8829,10863,10122,17182,15277,10692,13077,11451,8988,9861,9616,11427,13943,13144,12251,11654,12932,10156,13439,15528,12359,13404,11987,10502,12579,11921,9515,15928,13448,11409,8651,11345,14560,10833,10319,14049,13839,12374,11218,14611,10127,10465,11547,13642,13006,14413,13559,8079,11062,9932,10707,13843,13012,13811,40357,
235,8895,10136,10413,13198,14773,883,644,12647,11908,8761,9997,10209,16951,14956,10603,12818,11226,8837,9415,9411,11159,13628,13111,12014,11760,11587,9919,12126,15471,12235,13362,11989,10308,11737,10936,9478,15847,13022,11278,8486,10819,11873,10639,10255,13681,13658,12124,10288,14254,9919,10210,11570,13235,13091,14257,11507,8014,11058,9880,10367,13625,12689,13617,23342,
236,8897,10034,10258,12568,14610,720,603,11390,11206,8481,9632,9967,16670,14693,10467,12992,11287,8624,9271,9442,11150,13518,12954,11900,11605,11248,9447,11386,14924,12113,13155,11820,9983,11032,10412,9199,15578,13008,11385,8253,10741,11218,10409,10018,13541,13523,11879,10222,14156,9699,10055,11261,13007,12907,13840,10693,7916,10764,9577,10306,13580,12391,13511,15012,
237,8646,9791,10305,12663,14300,570,535,11209,10900,8596,9761,9982,16412,14538,10394,12517,11049,8496,9270,9185,10943,13168,12705,11590,11172,11121,9501,11389,15029,11811,12988,11631,9961,10928,10299,9144,15333,12620,11127,8243,10787,11020,10432,9927,13451,13680,12076,10024,13915,9569,9895,10796,13034,12717,13624,10440,7766,10462,9285,10065,13309,12298,13446,11733,
238,8629,9801,10004,12462,13887,556,533,11108,10772,8278,9454,9798,16280,14170,10452,12554,10635,8418,9026,9073,10724,12917,12535,11476,11028,11057,9039,11105,14689,11528,12789,11532,10026,10842,10293,8813,15099,12564,10813,8054,10529,10889,10073,9558,13132,13288,11636,10011,13642,9440,9552,10730,12764,12490,13364,10420,7698,10531,9355,9864,13142,12149,13076,11011,
239,8463,9685,9726,12355,14006,547,529,10981,10805,8098,9306,9734,16070,14370,10151,12256,10806,8221,9102,8829,10469,12794,12519,11258,11115,10935,9188,10925,14616,11494,12586,11405,9780,10709,10039,8886,14890,12371,10844,8090,10403,10891,9944,9478,12676,13024,11599,9796,13413,9388,9446,10700,12579,12206,13219,10222,7470,10401,9256,9751,13029,11968,13007,10440,
240,8264,9406,9628,12387,13667,474,451,10893,10500,7951,9167,9530,15895,13810,10187,12223,10427,8124,8656,8471,10277,12677,11992,11024,10770,10745,9027,10592,14149,11397,12380,11427,9524,10442,9858,8629,14848,12173,10527,7943,10189,10483,9898,9223,12794,13065,11530,9646,13030,9266,9460,10574,12361,12094,13065,10290,7474,10165,8945,9678,12841,11735,12651,10437,
241,8142,9372,9601,12089,13705,493,456,10788,10398,7724,9079,9384,15871,13789,10008,11999,10483,7964,8627,8545,10209,12509,11866,11047,10599,10631,8877,10642,14137,11096,12195,11099,9337,10278,9679,8570,14606,11715,10391,7809,10085,10423,9818,9344,12532,12676,11248,9360,13354,9095,9428,10321,12251,11876,12902,9935,7225,10004,8870,9461,12766,11582,12511,10343,
242,7983,9184,9312,11969,13354,446,412,10434,10112,7831,8995,9151,15331,13599,9695,11872,9997,7850,8462,8473,10130,12315,11817,10809,10725,10304,8708,10654,14025,11007,11919,11082,9268,10098,9528,8555,14177,11672,10162,7764,9673,10219,9475,8976,12317,12200,11075,9285,12773,8926,9142,10031,12195,11865,12856,9925,7221,9953,8774,9234,12237,11532,12350,10296,
243,7902,8974,9300,11585,13137,375,340,10464,10116,7646,8659,9086,15183,13444,9517,11681,9978,7800,8389,8295,10054,11968,11346,10777,10349,10093,8821,10227,13413,10742,11820,10662,8829,9911,9413,8166,13992,11615,9928,7582,9581,10277,9365,8831,12367,12201,10816,9249,12682,8916,9053,9890,11865,11479,12441,9641,6856,9709,8527,9031,12234,11386,12261,10138,
244,7751,8703,9064,11444,12828,339,284,10218,9898,7480,8674,8681,14904,13274,9463,11292,9499,7779,8128,8201,9720,11895,11323,10469,10144,10153,8515,10039,13322,10345,11607,10442,8764,9883,9511,8000,13880,11305,9782,7606,9559,9881,9304,8675,11948,11856,10626,9335,12188,8769,8749,9620,11574,11318,11983,9438,6870,9482,8422,9019,11950,10956,11891,9962,
245,7598,8593,8984,11174,12575,286,230,9984,9622,7307,8308,8637,14978,12810,9132,11270,9450,7549,8122,8012,9584,11621,11319,10497,10071,9999,8385,9986,13068,10401,11288,10458,8548,9672,9052,7912,13553,10910,9568,7336,9565,9861,9010,8558,11643,11713,10706,9128,11997,8457,8728,9440,11384,11120,12007,9356,6646,9436,8176,8991,11771,11028,11689,9822,
246,7343,8456,8777,10972,12493,197,148,10015,9486,7196,8279,8618,14175,12765,8822,10992,9046,7259,7814,7661,9619,11322,11009,10162,9736,9936,8266,9687,12689,10040,11027,10009,8317,9529,8866,7822,13120,10891,9443,7189,9159,9573,8701,8321,11275,11538,10377,9007,11662,8348,8365,9160,11064,10986,11744,9345,6393,9076,7874,8627,11527,10747,11444,9748,
247,7224,8135,8470,11038,12072,196,134,9743,9342,6856,8074,8332,14095,12500,8680,10837,8800,6911,7776,7666,9179,11036,10900,10056,9534,9806,8096,9511,12670,9644,10877,9782,8067,9327,8853,7507,12674,10595,8971,7166,8939,9476,8617,8080,11347,11013,10068,8738,11545,7872,8277,8648,11121,10588,11129,9227,6317,8883,7587,8408,11263,10455,11379,9461,
248,7090,7818,8204,10480,11880,131,86,9575,9308,6827,8003,8032,13734,12318,8447,10388,8513,6808,7645,7367,8942,10667,10572,9767,9361,9275,7851,9217,12193,9406,10579,9815,7733,9205,8567,7404,12651,10238,8550,7196,8787,9379,8241,7798,10845,10862,9835,8438,11096,7801,8267,8475,10981,10370,11182,9210,6012,8593,7362,8273,11132,10219,11059,9312,
249,6897,7366,7904,10130,11604,87,67,9676,8932,6495,7858,7778,13200,11889,7996,10376,7984,6590,7206,7238,8846,10498,10195,9391,9225,9111,7561,9274,12003,9135,10034,9569,7208,8948,8263,7047,12242,9926,8062,6905,8393,8989,8048,7727,10676,10454,9652,8433,10691,7560,7832,7910,10692,10087,10665,8972,5639,8294,6956,7932,10777,10017,10686,9275,
250,6246,6173,7851,9826,11163,84,73,9354,8618,6013,7514,6961,12959,11552,7373,10059,6513,6218,6963,6653,8570,9884,9860,9062,8479,8837,7350,8793,11110,8434,9255,8890,6050,8696,8086,6742,11817,8989,7073,6796,7974,8857,7630,7307,10039,9804,9246,8235,10127,7063,7470,6243,10327,9817,9672,8877,4355,7558,5767,7541,10419,9644,10362,8974,
251,5481,4626,7428,9524,10872,84,79,9247,8383,5062,7200,6195,12565,11436,6846,9722,4802,5383,6492,5837,7612,9003,9502,8626,8260,8649,6881,8721,10769,6982,8398,8348,4618,8419,7818,6119,11074,7884,5170,6501,7474,8570,6805,6678,9329,8916,8930,7836,9260,6189,7231,4337,9905,9382,8286,8365,3122,6125,4217,6964,9920,9300,9932,8985,
252,3959,2590,6458,8324,10259,70,63,9106,8016,3529,6590,4279,11733,10916,5305,9482,2782,3858,5131,4182,7262,7525,8508,8126,7318,8234,6072,8128,9757,5388,6541,7421,2776,7919,7388,5049,10327,5961,3638,6098,6120,8282,5316,5374,8094,7202,8183,7733,7137,4807,6562,2462,9502,8430,6360,8305,1767,4148,2590,5662,9110,8843,9018,8704,
253,2736,1773,5254,6925,8988,74,69,8570,7989,2147,5772,2842,10611,10396,3528,8477,1727,2461,3723,2787,6012,5502,7267,6808,6031,7297,4830,7558,7807,3451,4436,5927,1774,7075,6584,3731,8378,3706,2263,5517,4544,7841,3480,3890,6236,5153,7022,7323,4880,3119,5394,1578,8735,6988,4141,8299,1170,2648,1559,4046,7480,7553,7612,8698,
254,1381,1166,3142,4676,6720,62,60,8504,6891,1224,4065,1665,8215,9495,2147,7386,1261,1381,2215,1555,4012,3358,5131,4805,3727,5898,2974,6467,5347,2184,2748,3981,1261,5740,4743,2125,5614,2232,1431,4372,2713,6956,1857,2280,3682,3201,4866,6614,2957,1883,3503,1270,7090,4658,2551,7965,853,1684,1059,2272,5169,5822,5467,8373,
255,1013,1125,1948,2935,4538,56,50,8052,5429,963,2793,1166,5458,7832,1474,5137,1218,1006,1458,1092,2499,2134,3287,3094,2215,4171,1751,4814,3329,1621,1857,2465,1087,4022,3149,1299,3501,1667,1320,2975,1871,5564,1297,1478,2284,2049,3090,5262,1944,1247,2174,1155,5122,2949,1804,7304,798,1310,962,1413,3371,3680,3469,8274,
256,897,1068,1376,2053,2129,39,31,6735,4070,886,1738,1125,2487,4080,1159,2283,1108,901,1159,953,1349,1531,1643,1599,1605,2865,1281,3277,1885,1384,1545,1485,980,2711,2200,1114,1999,1495,1277,1352,1410,4321,1134,1144,1674,1679,1503,2856,1687,1093,1544,1152,2442,1602,1583,5394,711,1249,997,1167,1806,1772,1863,7807,
257,854,1073,1122,1600,1885,30,23,5013,2465,836,1246,1002,2188,2658,1138,1645,1168,876,1067,922,1265,1566,1544,1473,1309,1742,1059,2147,1824,1347,1553,1355,1061,1748,1414,959,1872,1436,1311,1005,1185,2768,1102,975,1594,1609,1402,1781,1490,1060,1162,1154,1692,1495,1538,3910,755,1188,971,1087,1598,1452,1631,7294,
258,842,1059,1028,1498,1763,28,23,3498,1578,875,979,1049,2037,1917,1157,1511,1147,874,990,916,1227,1485,1457,1379,1244,1390,1004,1484,1767,1407,1499,1359,1026,1279,1152,899,1837,1481,1209,884,1164,1705,986,993,1531,1578,1296,1350,1507,1015,1030,1108,1474,1508,1517,2530,731,1176,890,1065,1568,1385,1523,6220,
259,822,972,1091,1393,1752,18,10,2322,1248,858,945,1046,1967,1725,1155,1430,1145,844,974,921,1171,1457,1431,1331,1225,1222,951,1319,1742,1266,1479,1336,1031,1205,1038,951,1842,1375,1235,857,1122,1309,1065,950,1562,1577,1259,1130,1504,963,1008,1072,1426,1389,1488,1668,711,1147,929,1145,1573,1385,1581,4573,
260,803,975,1011,1441,1697,17,10,1572,1182,859,968,1043,1967,1769,1106,1465,1063,781,988,899,1137,1403,1404,1267,1191,1145,897,1236,1779,1360,1409,1358,988,1207,990,934,1815,1378,1180,846,1067,1181,1010,941,1513,1484,1260,1062,1466,975,1019,1051,1382,1322,1399,1253,706,1094,907,1107,1595,1322,1515,3161,
261,799,941,984,1387,1683,9,6,1318,1135,827,882,966,1973,1668,1070,1417,1057,807,922,898,1139,1467,1330,1287,1190,1225,912,1130,1732,1247,1404,1272,915,1121,1001,888,1855,1466,1117,849,1044,1190,1061,929,1510,1546,1298,1019,1453,928,931,1013,1458,1477,1447,1167,682,1124,885,1052,1501,1303,1513,2145,
262,707,972,993,1355,1638,7,6,1225,1079,762,951,941,1856,1667,1140,1286,1000,818,891,836,1116,1414,1338,1273,1127,1148,869,1073,1587,1230,1381,1303,921,1118,1023,803,1812,1367,1100,880,1032,1139,986,883,1452,1488,1192,953,1401,894,957,1083,1345,1345,1367,1114,684,1115,910,1026,1445,1286,1483,1384,
263,753,945,991,1344,1598,6,6,1216,1056,749,847,895,1866,1686,1087,1338,1024,757,869,827,1049,1315,1310,1162,1130,1082,876,1159,1683,1268,1317,1290,880,1064,932,874,1745,1336,1073,865,1033,1111,994,868,1448,1390,1215,909,1373,945,930,969,1344,1361,1383,1067,669,1033,866,930,1447,1227,1428,1185,
264,806,937,971,1351,1535,13,13,1132,1057,733,860,946,1913,1611,1040,1340,1006,768,851,777,1048,1379,1282,1164,1094,1077,881,1082,1565,1218,1290,1147,843,1081,927,826,1611,1348,1049,789,1043,1122,988,845,1370,1426,1185,983,1392,919,877,1000,1375,1240,1382,1014,634,983,868,980,1420,1264,1372,1119,
265,707,883,977,1335,1476,6,6,1207,1036,765,844,910,1795,1538,992,1314,906,722,837,877,1070,1325,1197,1181,1083,1064,890,1108,1575,1205,1291,1156,877,1040,899,842,1684,1290,1064,786,961,1053,933,883,1277,1415,1141,923,1321,869,984,995,1356,1237,1322,1106,615,958,795,920,1317,1215,1431,1055,
266,739,854,896,1199,1587,6,5,1160,1025,719,800,899,1732,1557,967,1278,905,737,821,767,957,1256,1256,1145,1058,1089,861,1083,1553,1162,1281,1178,857,1017,932,757,1590,1207,1070,761,948,1109,869,884,1348,1378,1082,945,1307,883,861,910,1222,1230,1325,1041,665,999,758,928,1403,1167,1318,1105,
267,688,778,897,1223,1444,8,6,1043,1009,684,868,847,1684,1466,984,1243,971,695,848,758,986,1206,1193,1151,1021,1010,825,1025,1531,1091,1246,1125,836,1015,952,802,1621,1124,1007,770,931,1058,930,793,1235,1327,1190,886,1284,834,900,910,1293,1230,1223,1024,588,913,815,912,1291,1202,1310,1107,
268,669,772,878,1189,1429,2,2,1072,989,666,804,833,1652,1511,954,1232,889,718,768,699,1011,1153,1194,1100,958,975,801,1050,1478,1086,1163,1141,805,1070,932,783,1514,1195,1044,724,910,1015,868,798,1302,1307,1153,895,1240,850,795,846,1223,1204,1156,996,562,915,737,865,1317,1129,1285,1093,
269,620,757,854,1103,1366,3,3,1060,967,670,745,801,1631,1453,882,1199,877,681,750,705,953,1201,1145,1117,985,1005,767,1046,1384,1025,1190,1082,775,892,874,711,1459,1155,933,709,938,1017,880,741,1236,1255,1061,963,1156,810,806,800,1166,1177,1180,976,541,852,678,836,1282,1096,1275,1058,
270,629,735,824,1140,1413,4,4,1055,887,615,768,757,1662,1423,922,1150,809,677,772,739,930,1160,1086,1107,957,952,758,941,1526,1034,1127,1144,698,959,855,745,1479,1156,860,709,878,984,896,744,1181,1263,1066,844,1143,770,801,834,1137,1171,1075,1034,516,893,659,822,1226,1081,1250,1038,
271,552,689,769,1068,1330,2,2,1039,946,630,731,762,1503,1368,865,1139,742,625,786,623,909,1111,1069,1033,939,894,723,950,1352,1023,1097,1021,675,966,801,703,1402,1048,878,730,845,991,817,700,1181,1272,1020,848,1078,748,780,730,1098,1101,1159,1004,445,764,650,789,1151,1113,1195,1069,
272,542,562,741,1042,1308,0,0,998,863,568,694,703,1515,1373,806,1093,623,579,659,622,900,1079,1090,990,901,944,766,919,1273,950,1036,1054,583,885,786,657,1366,1025,847,669,782,982,736,676,1130,1167,997,860,1067,714,708,528,1119,1027,1011,946,390,714,507,740,1151,1019,1176,985,
273,525,507,701,956,1213,3,2,1056,843,463,722,632,1489,1262,769,1048,482,507,626,578,829,1042,1056,959,848,909,647,882,1274,880,988,924,457,866,758,588,1379,921,634,611,754,861,656,627,1037,1102,937,775,944,612,730,374,1073,1026,887,941,258,642,371,692,1130,1031,1179,1024,
274,359,267,652,918,1220,4,3,976,894,314,674,461,1412,1342,622,1076,288,436,584,434,772,924,1011,912,778,881,616,856,1220,704,894,900,298,837,746,530,1297,776,498,603,693,843,545,560,1009,1005,868,803,849,506,699,255,1090,978,775,887,155,493,242,612,1094,883,1053,963,
275,267,212,546,852,1142,5,4,946,718,226,562,347,1297,1229,502,961,191,306,460,321,727,763,884,838,663,798,562,885,1069,537,669,825,194,787,664,389,1090,509,314,566,483,901,419,419,904,896,818,781,661,446,571,183,1078,862,581,874,98,352,152,493,980,931,997,895,
276,163,145,468,676,1020,2,2,867,780,135,507,214,1279,1213,343,947,146,144,286,170,637,599,780,765,563,694,350,733,963,340,479,751,140,734,608,267,986,414,202,536,357,854,260,260,710,669,747,729,440,250,457,107,969,757,367,866,96,215,110,359,962,813,893,960,
277,104,106,299,526,864,3,3,869,714,110,403,139,1071,1091,244,841,145,136,218,140,405,389,603,606,401,598,239,698,774,268,320,500,128,665,427,164,754,265,131,464,257,714,169,203,439,430,539,671,304,150,337,140,882,603,271,865,77,146,117,194,673,665,679,955,
278,87,114,186,324,602,1,1,923,582,96,213,114,846,964,153,665,122,116,136,105,307,242,434,473,234,466,133,555,487,181,232,314,98,419,286,142,525,215,161,355,164,634,140,137,303,299,398,569,200,121,232,101,652,380,205,829,77,117,94,157,440,456,462,907,
279,69,115,130,262,503,2,2,790,445,101,169,109,551,886,142,496,122,100,124,97,208,240,299,263,190,298,123,428,363,153,201,227,128,287,230,104,367,176,133,241,141,465,124,116,227,231,282,456,186,113,145,107,514,272,176,740,80,150,117,129,315,297,329,860,
280,102,109,105,179,287,1,2,807,298,102,103,104,365,677,141,343,130,85,103,101,178,188,226,213,139,209,94,224,253,169,174,193,100,185,145,95,253,185,139,192,138,328,110,107,179,206,215,354,174,112,124,100,321,215,178,628,68,142,94,115,227,215,226,850,
281,94,117,125,175,248,0,0,745,214,101,88,106,282,441,147,247,113,93,112,88,142,192,194,194,138,147,94,180,227,167,184,189,121,154,121,93,238,174,140,128,127,242,121,108,219,183,152,280,187,109,113,94,215,193,189,561,72,143,115,118,222,195,215,791,
282,84,106,108,156,243,2,2,628,148,90,96,99,252,315,133,166,122,90,101,101,119,167,168,149,136,134,110,147,221,166,161,163,109,146,123,97,243,160,152,92,114,150,115,110,198,195,164,160,176,107,98,119,183,173,166,457,83,134,103,136,188,186,201,737,
283,82,90,103,183,218,0,0,463,123,86,79,113,256,228,156,174,123,89,126,100,116,190,156,145,139,153,108,132,204,157,195,160,95,141,94,79,248,165,157,93,113,146,104,99,185,205,153,124,169,100,101,104,162,180,153,328,66,139,86,119,210,145,205,713,
284,77,115,101,134,212,0,0,335,142,75,99,108,252,229,132,154,113,83,103,92,136,150,191,162,118,141,103,136,226,152,167,154,96,145,116,85,233,148,111,82,99,121,112,107,194,218,153,136,171,101,116,129,147,142,175,209,61,110,87,127,176,152,204,532,
285,78,101,94,139,179,0,0,203,107,75,104,110,248,187,118,175,105,79,99,89,115,190,152,146,138,132,111,116,197,148,176,167,90,134,106,70,194,158,142,81,116,126,93,89,173,202,145,121,156,106,128,117,169,170,175,179,71,109,75,126,182,135,180,399,
286,73,105,102,154,194,0,0,163,120,74,88,88,228,206,116,149,108,73,108,90,133,175,147,149,133,126,109,131,196,159,164,162,90,123,116,90,197,153,126,85,105,120,91,100,175,183,141,110,142,97,108,115,135,168,150,137,71,111,92,97,170,161,154,285,
287,71,116,88,146,204,1,1,148,105,61,86,105,251,206,124,155,128,78,107,96,141,153,149,142,115,138,82,127,225,129,174,175,95,132,72,75,213,157,122,91,109,135,86,80,164,180,118,109,159,112,100,96,157,149,141,150,58,115,75,96,161,156,167,228,
288,76,65,96,128,202,0,0,160,120,71,91,104,234,188,118,146,96,71,107,75,131,167,166,115,111,120,99,131,223,145,146,142,85,93,88,81,210,157,128,95,101,128,87,75,169,186,149,112,143,90,91,87,177,160,141,110,55,105,56,110,184,109,164,140,
289,79,101,87,137,177,0,0,142,104,60,82,79,208,196,111,137,104,64,102,66,135,143,145,150,107,125,95,144,179,137,142,149,96,119,97,70,228,150,112,95,105,103,116,102,154,196,130,96,127,87,95,88,164,153,144,136,43,105,76,79,171,146,144,131,
290,73,83,101,130,180,0,0,136,86,61,86,81,231,177,120,153,109,81,86,74,119,170,144,119,134,128,74,115,200,145,133,132,84,112,72,76,205,146,116,96,101,116,78,80,138,166,105,123,129,87,87,78,138,145,124,138,54,100,68,85,151,139,158,124,
291,54,59,77,130,161,0,0,138,114,58,80,81,227,182,120,146,93,62,63,79,124,120,146,126,90,117,81,117,170,124,131,125,73,106,85,79,175,139,103,84,87,108,82,81,153,189,141,90,143,80,86,91,151,139,115,105,38,92,65,97,176,128,134,146,
292,55,88,83,118,188,0,0,124,98,64,78,76,218,163,114,150,81,74,64,66,115,129,127,126,110,93,93,100,175,108,139,127,56,107,72,54,172,117,90,82,97,118,83,64,121,168,115,85,119,78,87,72,145,134,139,121,53,88,48,80,165,152,146,121,
293,61,69,97,137,166,0,0,134,98,57,69,68,217,177,83,138,69,52,87,68,105,114,114,108,85,103,74,101,201,111,125,117,61,90,99,85,162,133,100,67,85,103,84,65,157,125,117,79,126,63,92,49,136,129,116,105,22,92,52,84,182,123,142,111,
294,56,53,85,127,180,0,0,122,94,51,74,62,190,175,83,138,43,52,51,75,124,130,141,125,92,93,76,98,160,112,135,117,34,79,74,61,163,99,82,73,87,114,90,61,127,144,114,79,100,69,67,22,131,126,109,113,22,80,32,70,137,115,159,101,
295,32,34,76,99,177,0,0,106,103,39,60,56,191,176,61,123,25,55,59,43,85,137,104,135,93,83,62,100,151,81,106,119,43,99,82,53,155,102,72,54,69,109,67,54,108,131,103,91,94,58,70,27,120,136,95,119,15,55,26,60,133,115,137,113,
296,36,22,72,88,154,0,0,98,70,23,74,48,200,149,76,114,25,29,54,33,104,97,109,103,91,100,54,92,162,93,105,104,24,91,74,44,148,93,58,54,71,111,37,41,115,133,102,87,92,47,69,16,128,91,98,131,7,49,22,80,122,120,126,111,
297,16,24,56,98,149,0,0,105,85,12,59,31,187,140,62,108,12,22,38,25,90,101,119,112,74,83,51,74,138,78,88,129,13,87,71,41,146,90,42,69,48,91,40,45,132,117,78,85,64,40,57,14,131,104,52,91,4,40,17,44,115,103,121,108,
298,10,14,41,86,145,0,0,103,78,7,52,15,182,155,42,115,12,14,25,17,85,67,109,109,44,55,42,95,104,43,52,88,12,82,57,20,115,49,34,61,34,85,12,26,85,95,104,78,43,28,49,10,112,81,42,89,14,33,16,27,115,104,133,109,
299,18,12,35,46,131,0,0,105,87,12,36,22,154,165,49,109,17,13,11,7,44,64,83,86,39,63,18,71,117,35,47,77,13,64,48,13,116,38,29,70,22,70,18,17,75,71,93,81,30,20,32,14,111,80,38,89,7,10,11,30,90,72,93,118,
