165,36842,32285,41059,68812,160731,17808,27280,140257,109997,23287,68136,30375,187030,162567,116779,146206,24908,27696,32152,28228,128795,141890,134886,113003,36270,109260,51751,92814,142660,119197,123491,108012,28564,53122,69703,29226,151495,122473,106143,107553,43177,66374,35462,55129,136114,124638,131370,138691,47727,24405,74606,30192,149806,145867,158376,122867,21186,26309,26287,63842,141947,139041,139130,108050,
166,68291,59625,74941,109170,155528,30174,45614,154691,127618,41483,102137,55939,175318,155749,131499,137270,40762,50040,60967,49759,136848,150872,143971,120664,68303,153614,89147,127902,151368,125772,131337,116315,49410,86641,105371,53387,162283,131890,115894,115158,78405,100941,64871,93824,144063,132651,139174,154254,88670,43987,106095,50902,148524,148361,183888,140253,37745,48113,41136,97720,147182,140917,147605,113817,
167,99647,93907,102998,135427,164494,49023,65821,205954,135509,68859,120878,85497,181594,162830,122972,140965,71418,82498,91942,82955,146570,160551,155562,129088,106788,175525,121752,156123,162464,133150,139826,123268,82036,110641,129994,83542,173303,140837,123911,135927,109733,128137,98402,126470,153788,142695,148732,205194,126801,72739,122109,84261,156249,151434,183095,203479,63695,78902,69753,115698,154842,148662,158393,123715,
168,124137,125062,123659,149938,188603,70577,88551,390389,145014,93679,132662,109201,200668,182441,125905,152363,112398,123880,129438,121396,166843,174851,184196,142255,157597,165450,161315,155287,180657,144815,154500,135812,114449,126771,150227,112278,193464,151147,132848,218453,140942,146728,134712,163616,167972,160475,163937,374820,152226,100243,129118,119571,173958,163040,187231,408185,89422,107198,104852,125001,175438,161396,187216,158026,
169,137218,142878,130723,157468,295108,93687,134150,826139,153973,108593,140189,121777,276517,260693,137013,182515,159101,155262,141291,162698,237780,219342,294867,191648,182842,159815,169532,150542,255487,172182,202082,179343,134952,131773,153296,136867,261968,171116,146688,454638,157729,142465,166447,173883,214119,234884,218275,745066,163887,115747,136316,140898,239604,202198,205098,796475,103237,121692,127343,132613,252760,201298,299468,281096,
170,144345,151202,138327,169126,669334,156686,261722,1572860,167054,119287,151180,131226,618183,606867,189240,341693,172359,147177,131265,168437,507114,419546,652184,408499,167504,167127,157790,158285,557530,317619,420119,379777,147398,139015,158432,141496,553659,282461,213467,821509,154614,143757,164207,164027,435441,538920,455081,1194797,177764,123650,146760,152833,513550,395713,280826,1308431,113347,132459,139173,142286,545203,378770,655091,606495,
171,151841,159206,148081,182634,1326010,309613,458904,1936323,189074,126151,161650,139205,1373874,1381155,402443,813136,160190,142613,133337,157636,943690,852181,1118356,797088,163867,184314,162064,173366,1071519,675245,854997,776202,155286,149150,167031,141118,1057018,620022,456213,1013314,160512,153467,161350,169063,884160,1031917,916968,1358503,192169,130773,157365,161195,1040460,816208,541455,1539655,120110,141469,148816,152411,1044061,781898,1140157,985234,
172,164715,174430,164022,217747,1969108,490002,618540,1670220,284580,136259,185238,150852,2227764,2125007,898852,1592156,165656,150599,146253,164475,1304996,1301938,1406604,1115636,175735,262641,176411,238105,1481970,1109207,1277806,1158904,168644,171667,191054,149904,1414078,1066294,841214,1050879,176540,184947,170323,187119,1314407,1359046,1329384,1342639,215378,143142,187061,174234,1679943,1361055,1041761,1396671,129644,153462,160278,172771,1543687,1272607,1496689,1220565,
173,184813,204595,204421,351983,1974408,643206,838298,1436323,554024,150058,263047,171842,2297561,2075498,1655575,2009914,185210,168309,183868,180003,1457181,1565261,1486736,1254980,212579,518462,222732,454580,1565324,1382474,1456238,1324436,186432,255086,263654,169220,1493501,1360624,1179108,1063529,218826,300184,197051,242878,1493598,1383971,1455824,1341683,281474,161327,291522,191026,1968365,1846100,1812939,1288598,140528,178966,173788,239137,1703894,1668402,1524630,1261867,
174,286541,379310,419942,826379,1970263,1128357,1786613,1743115,1091496,214023,586710,291028,2163326,1973526,2140560,1898659,296260,272516,395626,261830,1637771,1779235,1771143,1586245,427970,1284346,465147,1090569,1737383,1517275,1611536,1529134,280385,598347,582364,271574,1856110,1742172,1650943,1479947,438296,723400,341954,514483,1696777,1709227,1845469,1756069,617792,258647,678142,269566,1892275,1882551,2492181,1563088,192685,320769,223822,537553,1778740,1839535,1727254,1513496,
175,609835,831060,880607,1397998,84913940,79146775,80563309,115005104,1430909,463234,1080499,630252,103179801,106097825,153971018,93407459,678185,630604,936467,561608,83610244,87679706,104259922,116139368,1026133,2083583,1015034,1839742,86683304,68788129,80449544,91240707,618725,1120313,1133898,603376,125629356,121008548,133279848,143334734,937136,1344751,759438,1091090,91598050,128475235,164063590,145049096,1215053,553363,1179617,550137,80590832,74513214,82560319,100604253,371728,679513,407898,997240,87982405,82195972,103649742,105953548,
176,1212748,1509932,1444627,1754475,220964813,179117165,158525923,240539587,1604356,966632,1528654,1166087,219430859,232397369,241617072,208571044,1681516,1506361,1704322,1380481,192987757,206524561,224280105,262850618,1985844,2134623,1870484,1988959,209392406,179955943,181828404,198512438,1247524,1608440,1737561,1242939,252770972,208735011,226445140,237201912,1642053,1846783,1552803,1940463,165572392,234305704,253640447,256700964,1750868,1106651,1465862,1167902,212056980,182741410,189643791,248886224,837632,1200923,939354,1337215,212123651,199546156,230696044,224749657,
177,1573752,1834885,1667478,1971014,302222848,244997107,250060745,294448448,1802663,1306409,1729788,1500717,277278903,286340047,243153849,255133566,2151822,1913981,1756683,1993393,206253765,214542322,218137929,290097181,2184941,1940766,2058662,1831438,222422031,191857779,181955925,191610190,1676327,1863341,1936593,1642082,177984284,165094224,174605543,184045010,1920484,1912372,1958397,2149076,197332660,177745843,190784731,212552168,1915394,1379247,1474886,1543921,287088342,247214654,251576379,299759370,1176583,1400112,1367332,1394569,271648056,249892038,256309713,237908616,
178,4159144,4414190,4171658,4864583,338905907,292196030,316662262,338863426,6159988,4427400,4208859,4306261,337286950,341562346,283411563,291184375,4692351,6199354,4694043,4493678,205125571,220637772,211433026,302774987,5069942,4865386,4284354,4806578,223946680,187186305,176229781,189689423,5794590,5239865,4787693,4248366,146414679,158180804,161981338,165267293,4616111,4510741,4453861,4879750,176672096,165419638,180330272,199570507,6963660,4804929,4417525,3771981,337553284,296209151,281238564,326208924,5727008,5964790,4058971,6072530,292505723,271392636,270037737,260316515,
179,153135989,149597894,144843051,152818198,378319928,324343902,362509362,382896443,233757445,178687256,140762297,165259743,394315733,399999777,333923775,338780540,213354941,271917722,201910173,154516801,210873987,222489139,218544442,300371664,190562579,211754181,143691886,191543455,218263040,134071359,181292434,193232137,221309123,191056196,169378509,151153346,159468138,156922536,160184011,162507036,155505224,156935817,151530496,189382697,196159309,162564917,174695366,184636484,300766832,202584795,180248793,131210111,362109500,309195827,291834060,333005953,264911411,277349817,216146962,301795043,305010796,281686828,275260354,251534656,
180,184098395,179658874,177436824,183222040,405685477,339111277,387414555,428132761,225825940,198970224,163783493,180818736,450017162,458524923,405653511,383960499,251856358,255638455,222789162,178435444,210241709,219549237,249323769,288056755,204740850,206469263,170348350,209535790,199258489,193599280,182657515,201202935,221619327,211453902,216185662,178975096,159413675,157802225,161499099,167154109,181097993,191100468,191787201,214810742,196378950,162590500,170197218,173960323,247561401,197702313,198069143,162360887,382311303,332343799,309907436,354079342,239646967,242395073,214751313,235452813,315719087,293870460,275236550,278999022,
181,190810289,185238411,178351634,184780495,426576419,338867069,388170844,474232584,194451426,191175667,177776982,171985052,513456880,530038391,509473143,425460215,266561885,259559663,234637530,327113694,192664523,206250836,211284798,277028867,230160152,239927642,206735526,212682517,177064623,192021702,181147404,190339600,231814044,232162647,281122730,234250631,161126010,160066063,166265681,169806959,233909309,238751327,239069099,249349429,187246942,164485490,169977338,173406788,189826821,177482302,178001521,181668718,379533424,350393108,321906298,367343594,195026820,191904346,191719485,190200018,321227714,310044931,257036879,243060330,
182,184920031,188109998,130613274,172751215,420660221,343573183,394564225,499092810,207467852,207388702,180431102,172084530,573767438,597063994,620294448,538310541,278816680,281544290,266654366,213218197,182628805,178524064,202835836,259483575,269412393,294359080,258612352,273438675,179776123,175772936,169335487,182201538,260987724,260306792,332733219,280526309,155332320,156554107,158871890,159717322,277063185,325117341,279011863,280868091,167423080,159529595,169055646,164124316,170617856,150829596,170179941,195052269,360666497,362463155,324619191,364656773,176885088,173033927,170314970,167321135,316119596,291019097,240281632,200681151,
183,188641020,191456418,170769165,179501464,409570861,339807822,392902184,497785692,210840710,204295264,182971871,170829592,580990129,609124807,646310311,582626116,298892735,310817909,302892209,247946310,168092971,167858325,196982461,235942892,309674096,336489231,293627704,292778393,162839968,161447821,158905713,169687107,287041707,263535788,360313720,301680590,154157761,153909306,154893904,155559083,298237885,288810065,320583462,301951055,158221452,158732888,155614122,157640209,164335903,163923520,166234259,200444291,334698605,362746286,325881143,333646697,167931881,163892942,164915381,179117824,303204779,275072960,224994316,207255908,
184,196022374,198180837,102393263,175172727,393462602,336931161,397067778,492713242,207624319,145709954,189794263,171129437,558897218,589261520,627659209,577847844,331364110,351772200,343473086,283242937,161411384,163769413,187649802,181824050,358421612,372876157,317996521,334083324,159176941,157261574,155304541,166747138,297844301,268334003,368114011,316680972,153446368,152981564,153867680,155259642,312700650,301832428,212030294,321019018,155318489,158323022,154023331,157347573,160465906,160023259,162642959,200450454,319421838,347094551,321439318,356110287,162891560,159981235,161451359,187261699,292675635,279536983,213885122,204220114,
185,208467875,206336336,167756871,162527281,388722172,347334136,432013810,489963283,206185241,230394408,185419730,169484816,546355121,578430270,616935375,579490327,362159453,389269000,384919842,315783852,158938012,161646385,179383514,210169234,394732627,399902160,331751523,339320799,155604887,156407880,153985840,160863964,304985825,260106742,398315819,327321769,153020710,152501875,152818021,154355169,320314760,307664880,365302616,322005322,154117730,161793334,153241916,156269970,159198340,159090615,160588447,196431373,314433741,334780009,327772976,313446544,159645157,158064190,159484520,159717149,280566363,228321626,208024628,200170218,
186,211278200,198167219,170335622,173209811,398018111,382448116,461444966,497673512,202733261,122724319,180940010,168294815,545843178,577934876,610144308,597586159,333579133,420773576,429829335,350143425,157866825,161800744,174691281,240528194,431769041,415041558,338045070,345867798,154840686,155854696,153214797,162325553,301559790,257772061,409797682,338785933,152453564,152206449,152761698,153181333,321907823,319125511,370728766,342445888,153345722,165540625,153232361,156965653,158291113,159167061,159958817,212376180,316942740,329427445,250319169,312563217,157786317,158185735,158500633,158962680,267996488,246671113,207167669,202797213,
187,189283487,211269082,174779525,172461517,439699136,429207731,461392902,491771754,205683816,194111064,176991751,166696686,542674521,566418425,586436573,600497601,446017708,438089918,454087264,377823583,155459668,160064059,171431744,185842679,457960861,422758163,341807817,345735385,153793446,154691856,152429855,162909343,299691256,253966220,394460154,332871944,157742242,151598520,151932827,151943833,329959283,323469477,367470551,345713308,152898252,167377498,152613816,155319722,158068083,159411594,160697309,184827416,322384175,333164977,336903342,321583090,158920114,158466790,157985025,167229808,258889607,246637204,207476163,205472842,
188,190634924,229548493,176793944,171005355,436385553,433851971,444548061,451171907,206080618,215912125,173434047,169136740,495680973,508581487,523406093,528648428,472170090,455608315,472255463,409364978,144855211,148469563,158427296,219321523,475124354,441740082,348367626,354725309,144970471,144870414,143169002,153196379,292074899,263527673,422880756,335875714,142849310,142134198,142467393,142441230,325539593,325734039,364297571,352362291,144001987,155489191,143097675,144714428,153604404,158474890,160516342,181665301,331539404,326968665,294242821,315244545,166637854,114211842,154797119,157337826,242214805,225115027,194130803,192928788,
189,188307735,210725684,176224980,177466055,274437387,250499308,246267805,249695018,197094343,187160452,127350249,167805014,268775211,271765004,280676543,293674404,464885605,466918739,481975530,432143075,81338552,82498930,88359124,106589371,483206518,382220934,359576049,363063600,81936941,81553358,80740498,85688354,270910660,242435076,387565661,319815689,80801714,80154174,80226799,80179441,327092259,327413056,362609682,356764635,80249909,85626675,80722037,81106531,156421277,158141347,159454707,182319558,203025659,188717256,181451248,180927930,152725448,161901468,155910377,156285767,135839471,126685987,107392649,107020033,
190,175756628,201127135,166495060,161434513,42649910,32912068,31688507,30513830,188105362,168106460,176728951,158286036,32557570,32454377,33621056,35401666,417755281,444651197,462593636,425532742,10991070,11083169,11945322,13402701,463003581,435198205,361504172,356957507,11090747,10843075,10842785,11090041,266615513,245758243,401637646,297075628,10924038,10811930,10776175,10536670,310083975,307813260,334024487,338343508,10853548,11375470,10894984,10880118,148139435,149606596,151764333,174046977,27104174,25116153,24260573,23475524,147727439,146936275,147325746,147427041,17796634,16326794,13716860,13301630,
191,107441328,127557999,91047738,97230901,1896740,3874805,3785958,1909233,115188408,106039738,100502156,97674349,2096545,1941377,1746741,1952221,285316755,273640030,286200216,259555327,1550498,1651692,1626018,1450833,283469505,266071359,226643485,223239347,1628283,1436430,1517575,1399553,160300434,14379892,217415255,177192105,1642534,1545996,1413850,1236917,192455635,190198550,202154838,210297029,1599900,1492321,1565983,1511353,91194827,91714058,92575658,103178395,1898112,1816478,2052121,1645029,90452617,90074833,90483981,90849544,1695637,1702781,1564000,1408669,
192,7357269,8401320,6973589,6922950,1345689,3274086,3199238,1291629,7843220,7153767,6817571,6755346,1513457,1364948,1134671,1307999,17808739,17085290,16938218,16328372,1365651,1463867,1429716,1217824,17023428,16625252,14863299,14537422,1439937,1248668,1334292,1209771,10294559,9971858,14276134,11780152,1457942,1362012,1226812,1054019,12731123,12420319,13317259,13878981,1408843,1301016,1379905,1324028,6753821,6383873,6516996,7519391,1383303,1319954,1614039,1187698,6384749,6412066,6537924,6419367,1360734,1411141,1328512,1177434,
193,1718027,1776574,1613869,1738399,1343930,3196302,2954640,1291976,1759608,1535127,1686681,1529434,1513181,1358992,1133191,1305947,1988583,2026321,1953022,2127736,1364391,1462639,1431148,1215689,2129225,2172829,2080597,2034515,1438633,1247978,1332027,1206324,1870768,1713003,2509596,1788998,1457681,1359851,1227416,1053244,1962667,1896785,1974919,2092954,1406659,1297558,1377778,1323502,1917949,1501629,1597872,1756480,1381411,1321944,1609325,1189360,1529685,1576486,1688970,1560998,1359319,1410371,1325548,1178175,
194,1420800,1433418,1353564,1469267,1345007,2880422,2230642,1292311,1453026,1252145,1418260,1262236,1510346,1360430,1130395,1302800,1380243,1228263,1171578,1375602,1360137,1459054,1430674,1212912,1361508,1402620,1373468,1342931,1435268,1243604,1327734,1204104,1442492,1295409,1438435,1264603,1452609,1356759,1224053,1051082,1367517,1327387,1362434,1452087,1390715,1293526,1378647,1322877,1662735,1248063,1339773,1461692,1379614,1320793,1608337,1187662,1275967,1322715,1433020,1305602,1355170,1405671,1324898,1178028,
195,1418335,1434130,1349493,1465084,1339369,2167265,1274868,1289801,1451539,1249894,1415811,1266611,1505074,1354472,1127235,1300469,1378423,1227086,1171601,1371301,1361928,1457881,1425159,1210354,1357785,1403672,1372292,1340771,1434038,1241761,1325714,1201019,1441393,1296321,1439189,1265845,1447774,1355911,1219170,1051865,1365094,1323450,1359220,1449909,1397149,1293186,1372675,1319317,1658878,1247630,1338572,1458602,1378478,1319562,1604364,1184138,1272171,1320436,1429204,1303417,1351952,1406283,1322277,1174796,
196,1414053,1429670,1347223,1459363,1338410,1334752,650938,1290000,1445326,1247806,1412469,1262816,1502368,1351324,1127337,1299610,1375387,1224391,1169965,1371847,1354880,1456084,1417009,1209609,1356909,1399915,1365624,1337897,1430094,1239157,1320543,1200614,1437477,1294706,1433414,1260090,1446350,1350097,1216272,1048817,1365179,1321854,1359990,1448318,1395301,1289886,1369726,1321205,1654209,1241695,1335683,1453905,1375016,1317021,1601390,1184376,1270724,1318747,1427792,1302789,1351938,1399886,1320464,1173104,
197,1413668,1426932,1345164,1460748,1334233,667733,381990,1288286,1445259,1245866,1410095,1261607,1496619,1348610,1122702,1295240,1372841,1223281,1166259,1369977,1352659,1450710,1416503,1206425,1353119,1398498,1365511,1335385,1429396,1237026,1320385,1197473,1434831,1291927,1432659,1257685,1443289,1349163,1213733,1048834,1361287,1319397,1354699,1443951,1394344,1286804,1367835,1317581,1647672,1240742,1332548,1451321,1373105,1313729,1599592,1182318,1267525,1314669,1426601,1302228,1349678,1401044,1318718,1174049,
198,1412686,1421777,1342899,1456855,1327740,382058,319162,1287776,1445394,1241607,1406784,1262657,1494485,1344686,1119125,1290547,1368934,1219561,1165978,1367826,1350038,1447690,1412498,1204395,1351869,1392928,1360777,1331554,1423412,1232962,1313791,1192761,1431994,1290248,1428583,1256511,1436641,1341021,1209243,1048052,1359255,1314526,1352885,1440144,1380213,1283880,1363657,1315501,1645874,1239419,1331052,1452433,1369968,1310059,1596069,1183711,1266049,1311629,1423309,1295898,1346427,1396091,1313805,1173669,
199,1406633,1422445,1338102,1450454,1324421,321431,307789,1285185,1443292,1242608,1405341,1253325,1488139,1339519,1115839,1286357,1366019,1217020,1162946,1361782,1343383,1444289,1406337,1200885,1346827,1392139,1358974,1328665,1418141,1229224,1311360,1186723,1434568,1288442,1428209,1257142,1429682,1334091,1202197,1043290,1356005,1313102,1350408,1437991,1374474,1277370,1356111,1312915,1645949,1235500,1326839,1443875,1364152,1304339,1590064,1178766,1265351,1309894,1419975,1294211,1342407,1394566,1311781,1172390,
200,1405969,1418983,1338343,1450927,1320341,308790,302742,1282345,1439680,1239681,1399219,1253259,1482354,1337529,1111538,1282461,1362128,1215361,1157928,1361493,1337616,1436993,1400899,1192678,1343513,1389869,1357146,1325335,1411148,1226476,1304621,1183890,1426793,1283978,1423371,1252829,1422177,1335072,1199962,1040814,1353832,1311908,1345442,1434206,1373197,1275000,1350331,1310562,1635723,1234672,1322458,1443741,1356547,1301652,1583942,1176041,1258967,1307335,1416166,1293194,1337533,1388760,1305010,1169635,
201,1402016,1415920,1332155,1446865,1315739,301153,295990,1276816,1438664,1238305,1396415,1250540,1480243,1332822,1109679,1279021,1358614,1211932,1154097,1358953,1333606,1432583,1393643,1190596,1339492,1386374,1352968,1323824,1406828,1219412,1301024,1179772,1423000,1286290,1421168,1249648,1417442,1326756,1196895,1039455,1350235,1308337,1343831,1434580,1367400,1269686,1349099,1304148,1629472,1228958,1319180,1441473,1353785,1294962,1577626,1172183,1257678,1299826,1416933,1287110,1331364,1381744,1299826,1165605,
202,1400304,1410109,1327986,1440251,1311002,295268,290177,1275097,1434792,1232510,1394546,1248026,1477528,1326353,1105363,1275222,1352300,1208009,1150313,1353812,1328192,1424732,1391329,1184061,1337001,1383292,1348065,1318723,1402610,1218065,1293165,1173985,1423937,1278569,1416868,1244127,1412839,1325337,1194418,1035321,1346118,1304883,1341103,1429406,1361579,1264281,1342320,1301573,1623588,1224018,1314071,1437162,1348448,1293113,1571933,1172048,1251149,1295647,1405545,1278975,1327360,1375106,1296868,1162145,
203,1399984,1406755,1322014,1434891,1308567,290970,285516,1272504,1430119,1230643,1388283,1243397,1469816,1323319,1100758,1272496,1351747,1203995,1148460,1351091,1321132,1422314,1387908,1180152,1333405,1376884,1346336,1316112,1397443,1212397,1291091,1170873,1418266,1275194,1413053,1243948,1406772,1318916,1187899,1033588,1345410,1300752,1336246,1425912,1356409,1260211,1338509,1297175,1617445,1220219,1310006,1431304,1345748,1285582,1566919,1169210,1246856,1291793,1401199,1276097,1321937,1372054,1287290,1161139,
204,1393841,1401576,1318143,1428952,1300200,285633,279809,1270469,1424458,1225479,1385953,1239026,1464706,1319539,1097984,1271317,1345437,1200121,1143687,1345094,1320325,1416459,1381436,1179011,1327220,1374302,1340080,1309721,1390185,1205828,1287669,1165854,1412936,1269011,1407277,1241613,1402598,1314400,1184048,1033017,1338208,1296281,1333788,1422631,1355376,1253407,1333292,1296025,1609910,1213919,1305978,1426935,1340080,1283647,1560946,1168663,1240121,1287470,1395308,1270268,1318732,1368548,1283653,1156227,
205,1387081,1395825,1312204,1426455,1298035,279335,272680,1268182,1418192,1222523,1380550,1236212,1457237,1315851,1092497,1262048,1343927,1198777,1139049,1341434,1315008,1411370,1377264,1172156,1323256,1366934,1335998,1305421,1385871,1201828,1280755,1157877,1408557,1264797,1402429,1236018,1396787,1306938,1176973,1031636,1335514,1291366,1326487,1414719,1353767,1235426,1327501,1297312,1606355,1210531,1300680,1419618,1335099,1278337,1556730,1162581,1236218,1283390,1390424,1266906,1313289,1364141,1280097,1155090,
206,1383613,1390031,1309433,1416168,1281141,270696,262944,1264279,1412037,1217798,1371891,1227330,1433610,1306639,1078274,1255875,1338815,1191651,1136025,1335991,1310053,1403165,1366494,1163008,1317609,1365913,1333912,1299316,1352135,1185604,1256747,1119594,1400524,1258498,1399216,1232055,1385653,1283474,1159309,1028359,1328357,1287370,1324159,1409203,1338664,1170577,1322158,1291262,1598911,1206882,1296107,1412348,1328702,1269866,1548005,1161944,1230488,1280532,1387798,1263016,1306384,1355186,1270128,1152446,
207,1375746,1384118,1303483,1411742,1214801,261642,251754,1261776,1410058,1212268,1370205,1223760,1348465,1277714,1028518,1226382,1331234,1190964,1129879,1332295,1298777,1384829,1336360,1124321,1313541,1360362,1326630,1297369,1246069,1114631,1164981,999920,1395758,1254860,1393977,1225853,1358213,1205290,1094379,1026260,1323787,1285808,1317402,1402899,1306478,978558,1312147,1289170,1594940,1202947,1293935,1409210,1313309,1252685,1532925,1158075,1227583,1274395,1382588,1260684,1276484,1344864,1245648,1150507,
208,1373019,1379888,1297464,1405037,987087,248868,231587,1253573,1402822,1207583,1363659,1220144,1054124,1146209,835293,1097268,1324701,1183425,1125988,1324510,1255092,1294317,1196908,970683,1307137,1354481,1322146,1289843,926464,883016,887297,703165,1389946,1248515,1387043,1221410,1216084,941075,869755,1022696,1314988,1279970,1312441,1397295,1139886,601479,1262428,1283745,1581268,1196789,1286992,1400552,1240617,1159916,1450165,1141951,1223365,1266131,1379048,1253052,1143921,1291979,1123138,1146504,
209,1365437,1370500,1293301,1396056,646989,228704,194977,1234983,1396663,1202044,1358903,1213880,645050,854805,542832,813396,1316759,1180469,1121150,1324164,1114096,1067860,912252,696047,1299087,1350675,1318993,1285884,550989,562016,538990,399167,1384614,1243072,1381978,1216513,914700,577587,550422,1015556,1310620,1273157,1308774,1394203,825989,305169,1106836,1275643,1569070,1188578,1282442,1397897,1046355,935932,1227462,1083232,1217811,1255902,1373752,1250325,873989,1135761,868798,1139927,
210,1361231,1360236,1286083,1364090,313449,181935,130698,1145111,1388324,1199455,1351269,1207261,294187,452545,249674,418872,1270846,1175309,1103526,1317099,775065,665903,509414,359255,1285781,1343278,1314885,1276683,258974,268991,250558,185589,1373846,1229514,1376326,1213633,488214,267021,255120,977950,1300306,1262596,1301713,1385857,430906,155418,754444,1226118,1499895,1177800,1273687,1387921,674914,563094,796131,888809,1209773,1219723,1364178,1241671,492329,790144,499844,1105468,
211,1354551,1323778,1261430,1265183,171903,127918,78380,933328,1316746,1188114,1342471,1187783,170619,220767,130997,199635,1134072,1164666,1044407,1304849,433015,347934,255971,180744,1239450,1329926,1305442,1243250,159797,150619,146874,119698,1344897,1183775,1366939,1203483,246885,152396,141992,852527,1276584,1219063,1287295,1371776,220431,121729,407136,1075053,1326715,1141035,1265932,1374365,352661,286197,418508,591396,1190679,1115689,1355805,1228847,249326,443073,255422,991862,
212,1342835,1168695,1152239,974849,133354,84104,51345,631824,1352990,1132207,1317180,1100694,144015,144357,102380,130747,789057,1122679,848487,1264512,232141,198575,159897,123750,1041493,1259444,1282907,1102633,136655,119835,121645,104717,1226211,1008485,1342689,1160238,165631,126945,114140,626077,1162221,1057618,1217540,1307405,147930,115407,217212,808044,918934,995546,1221871,1301283,194550,166501,231442,335099,1113821,831350,1322628,1164787,157535,238564,159966,773600,
213,1304962,868721,906878,611347,124284,53423,40545,339704,1256377,980258,1234188,896610,138447,124979,96627,113699,435257,994400,559019,1131211,144048,146502,129956,108855,716197,1070477,1199484,822664,131776,113401,116368,101378,978079,720567,1256602,1034050,144379,121094,109079,353046,919685,770637,1031310,1123301,130487,114462,142217,473337,518170,729342,1090791,1107716,137392,129096,162987,177684,915439,503674,1221022,1000005,129496,149904,129689,471602,
214,1133967,443081,500335,283411,122015,40535,37232,179762,947790,629896,959222,522625,136908,120665,95105,111136,193266,656805,256770,781916,118943,134928,123800,105484,335359,666063,925965,425599,130494,110649,114604,100696,559071,359722,974450,704473,139406,119466,107466,174170,519160,389674,640916,714745,126553,112558,123459,237065,240638,369784,748953,692853,124273,121151,148842,120874,531231,226533,903910,634963,123807,127406,123928,232800,
215,822538,225431,252171,173407,121048,37697,36560,132710,579369,335206,611938,269715,135177,119365,94102,109704,135802,350634,141679,434025,118546,132441,121342,104151,177640,350495,573632,220128,128605,109699,112915,99740,288285,187837,611385,392470,136786,117916,105733,116684,269095,201215,396536,380227,125781,111851,120612,152985,171418,190913,421917,300533,121274,119732,145892,105624,264719,142770,540390,339014,121667,123058,121884,137756,
216,458576,148101,148739,143962,119858,36420,35565,117687,295158,170873,315288,153104,134085,118223,93661,108305,124199,174437,108457,214207,116589,130873,120372,104117,132846,187678,286852,142600,127582,109027,112001,98376,167579,129276,311689,196820,135469,116265,105532,100279,160103,133684,178350,198292,124152,111191,118345,127569,154650,126881,215297,196982,119960,118360,144184,100560,143522,124376,268426,180939,121852,121541,121115,108418,
217,236962,132661,124428,138153,119531,35441,34666,113497,175762,122010,179353,123621,133003,117744,92821,106999,122318,122488,102979,142592,115529,129284,120052,102762,123747,139443,164478,124525,126919,108088,111071,98302,139347,116404,177898,131636,134940,116715,104404,94530,132067,117539,135168,143664,124078,110086,117118,118870,152014,114154,144297,149885,119477,117882,143453,98973,113608,120601,164021,134279,120966,120153,120143,99407,
218,146924,128232,118180,135938,119099,34324,33481,111314,137235,109477,133596,117075,132441,116170,91746,106782,121482,110958,100449,123891,114626,128145,118749,101585,122480,127225,128343,119948,124891,106419,110149,96989,132079,112777,136122,115393,133439,114873,103455,92314,125453,113483,125936,129296,122417,109868,116332,115154,151145,110368,123370,139393,118029,116840,141508,98224,106746,119529,135363,123068,119061,119252,118656,96197,
219,130906,127187,116472,134398,117902,33684,32802,110598,130907,107956,126095,114972,131338,115192,91371,105837,120153,109010,100410,120925,113518,127875,117433,101457,121889,124807,122401,118487,124097,106734,109785,95776,130724,112041,129728,112414,132785,114120,102392,92490,124445,112505,124357,126706,122260,107892,114686,114219,149911,108927,120008,136678,117144,116274,141082,97332,105339,117391,131641,120110,118672,118184,118060,95289,
220,126385,126410,115521,133835,116740,32691,31715,109828,128155,107066,124366,114188,130315,114456,90892,104760,119617,108377,99188,120546,113375,126575,116656,99931,120233,123847,120758,116460,123614,105437,108346,96070,128782,111406,127013,111858,131489,113435,102968,91187,122853,111779,122007,126072,120116,107282,114675,113509,147420,108737,118782,136432,115404,115096,140099,97096,104205,116679,129693,118485,117425,117089,116985,94083,
221,125483,125351,114882,132867,116334,31216,30136,108903,126381,106084,121753,113399,129138,113413,89096,103910,118597,106647,98591,119181,111892,125060,115423,99685,119302,122424,119929,116447,122522,105386,107760,95141,128143,110192,126139,111417,130294,112699,101137,91061,122077,111415,121892,124199,119869,106539,113091,113475,146571,107695,117470,134753,115184,113525,138553,95911,103928,116089,128394,118022,116260,116517,115695,93441,
222,123800,123757,113357,131132,114587,30007,28709,107879,125211,105346,121009,112224,127527,112396,88536,103414,116944,105872,97401,119029,110792,124183,114330,99268,118223,121583,119198,115120,120990,103642,107096,93907,126871,109531,124628,110339,128753,110866,100372,90076,120065,109771,120248,123150,119099,105340,111916,111776,145929,106213,116145,133221,114379,113262,138108,95151,102128,115326,126694,116468,115344,116099,115762,93191,
223,123255,123001,112491,130366,113459,28883,27078,107842,124292,104562,119739,111500,126864,111998,88594,102620,116611,105178,96771,117208,109890,123697,113592,98312,117310,120880,117814,114763,120758,102364,105484,92897,125595,108843,123370,108440,127688,111393,99808,89072,120083,109055,119352,122358,118570,104106,110989,110818,144063,105774,115480,131902,113564,111900,136835,94908,101929,114153,126013,116013,114539,114258,114834,92598,
224,120169,121622,111509,128805,111733,23975,20006,106224,122143,103288,118693,109887,124686,109945,86343,100990,114359,103675,95403,115626,108992,121687,112553,96540,115239,119767,116512,112329,118810,101354,104601,91966,125020,107607,122623,107366,126807,108639,98001,88398,118848,107672,118044,121108,117099,103212,109590,109121,143341,104135,114427,130900,111366,110844,135018,93452,99862,113208,124877,115379,113169,112331,113048,91761,
225,120631,120640,110498,127785,111223,18939,14310,105533,122372,103088,118017,109277,124427,109254,86496,99514,114197,102889,94551,114967,107555,120302,111678,95511,115539,118729,116380,111938,117330,100427,103210,90463,123688,107057,121676,106762,124917,107749,96854,88548,117913,107649,117321,120460,115222,101322,108771,108885,140951,103364,113032,130246,110868,109343,133363,93522,99594,111585,123719,113422,112035,111730,112275,91080,
226,119473,119593,109732,126783,110140,13878,9354,104847,120857,101532,116329,108700,122763,108104,85060,99003,112376,101939,93984,114141,107101,118822,110211,94460,113348,116895,115731,110996,116166,99171,102111,89758,121969,105282,119954,105526,123433,106746,95537,87737,116751,106353,116275,119243,113842,101220,107820,108339,139347,102202,112153,128736,110360,108766,132660,92610,98861,110676,122443,113013,110997,111071,110781,89925,
227,118582,118837,108746,125413,108481,10008,6776,104418,119602,100910,115705,107406,121124,107251,83679,98379,112150,101385,93172,113243,105798,117598,109392,94040,113125,116251,114330,109668,115347,98443,101011,88957,122241,103997,120294,105358,122604,105877,94734,86965,115341,105153,115028,117440,113463,99579,106819,107902,138572,100683,111081,127233,109427,107649,131680,92076,98056,110078,121670,111494,109914,109612,109878,89784,
228,117148,117171,106787,124825,108196,7261,5569,103859,118830,99707,114572,106325,119825,105526,83309,96842,110677,100277,92132,112338,104782,116647,107842,92594,111071,115433,113583,108964,113742,97232,99340,87138,120617,103098,119132,104469,121266,104297,93320,86256,114345,104730,114703,115952,113048,97747,106344,106797,137123,100404,110201,125949,107915,106797,130153,91310,96992,109484,120362,110715,108554,109241,108713,89243,
229,116234,117075,105894,123477,106058,5853,5256,103011,118029,99076,113533,105056,118241,104675,81784,95642,109543,99412,91186,111477,103273,115869,107241,91952,110258,114492,112636,108209,111917,95820,98016,86201,119663,102420,117513,103372,120666,102955,92825,85789,113846,103667,113637,115842,111139,97382,103709,106311,135473,99408,108802,125514,107365,105532,127860,90581,95756,107326,119589,110019,107500,108487,107835,88317,
230,115563,115150,105436,122037,104379,5259,5049,101733,116671,97530,112637,104936,116667,103927,80776,94552,108500,98880,90281,110030,102150,114675,105876,90061,109535,113296,111955,106474,110745,94591,96545,84924,117902,102187,115939,102509,118677,101387,91041,84444,112383,102506,112685,114452,108696,95658,102679,105580,133836,98588,108273,123442,105428,103852,126571,89644,94739,106255,118893,108765,106008,106092,106117,87770,
231,114952,114075,104831,120698,103207,4986,4821,100981,115495,96454,111706,104063,115035,101442,78780,93287,106925,97762,89457,109457,100677,112195,104159,89129,108691,112566,110598,105769,108893,93031,94838,83505,117924,101033,115246,101656,116124,100189,89687,83808,111854,102240,112025,113756,106925,93664,101776,104779,132670,97365,107221,122584,103790,102258,124629,88956,93856,105535,117458,107468,104609,104763,104316,87195,
232,113889,112475,103167,119234,101455,4880,4716,100471,114372,95998,110351,103099,112252,100147,77966,91507,105692,97294,87970,108641,99385,111498,101855,86846,107654,111226,109591,105729,106614,91188,92965,82182,115665,100112,114018,99693,114904,97866,88072,83027,110027,100256,110136,112530,106733,91849,100576,103323,130447,96574,106172,122086,102318,101538,122402,87921,92807,104602,116522,106974,102669,103762,103558,86003,
233,112687,110899,102027,118162,100036,4760,4607,99222,113986,94831,109065,101710,110814,98588,76610,90511,104655,95790,87548,107838,97974,109634,100616,86514,105180,110685,108380,103040,105246,89315,91125,80071,114977,98340,113391,99860,112284,95885,85922,82935,108697,99456,109793,110838,104052,88895,98256,102043,129441,95868,105092,120181,101345,99648,121437,86763,91311,102834,114808,105187,101206,102029,101960,85152,
234,111209,109571,100089,116079,97589,4497,4322,97533,112484,93347,107842,100561,108059,96902,73420,87596,102971,94797,85941,105425,96298,106385,97916,84676,104302,109264,106758,102894,102242,87296,87993,76457,112935,97240,111557,98120,110499,92706,83350,81738,107332,98161,107174,109502,102112,82871,96904,101789,127779,93498,103748,118574,98809,97996,118852,85467,89982,100768,113052,104319,99508,100201,100264,84299,
235,109591,108058,99066,113924,94125,4386,4192,96638,110484,92619,107062,98469,102651,94962,69184,86169,100739,92988,83837,104003,95045,104729,95838,81668,103038,107873,105912,100354,94688,81686,81951,68962,110683,95119,109964,97015,107816,86910,77752,80902,105479,96782,106420,108024,98899,70514,95171,100211,123902,92240,102404,117265,96986,96346,115765,84556,88993,99821,112213,103160,97598,97748,97891,83175,
236,107323,106493,97718,112062,87376,4139,3952,95708,109659,91292,105063,96486,93784,91619,60051,82064,98930,91377,82815,102904,92825,102801,92690,77507,101220,105529,104585,98529,83219,72481,69988,56873,108941,93859,108684,95334,104054,74096,67301,80159,104542,95786,104710,106440,93116,53839,93009,99056,121716,90674,101351,115942,94867,93872,112348,84246,87455,97822,110582,101521,94490,96332,95110,82424,
237,106436,104247,95947,110006,74910,4021,3778,94442,106956,89468,103830,95870,74047,85058,43744,72167,95792,90594,81621,101078,86700,96523,84153,66555,98465,104839,102939,97753,62260,56007,50681,38621,107862,92612,107345,93700,94398,52970,48921,78803,102364,94592,103320,104851,82228,34027,89626,97147,118307,88753,100011,113204,90676,87798,104482,82693,85834,96104,108768,99983,86856,92876,89797,81417,
238,105327,102048,93981,107324,52229,3590,3239,92715,106396,87906,102274,93017,46208,68701,25440,52181,89583,88251,79113,99184,78592,83216,66160,47703,96920,102579,100756,95563,37891,34713,29439,22523,105415,90653,105729,92058,73430,31071,29084,77836,100060,91988,101225,103071,60990,19945,82154,96454,111867,86981,97811,110873,80689,73753,85687,81005,83791,92049,107188,98357,69562,83632,74811,79942,
239,103745,99713,91800,102409,32121,3206,2773,91637,104521,86158,100630,92222,27463,47583,15548,32339,77170,87421,75028,97673,65095,62668,44944,29707,93405,100884,99124,94499,23483,21661,18830,14997,102351,87821,103676,89850,48578,19227,18219,76896,97381,89198,99615,101096,38399,15385,67802,94393,99116,83796,95573,108741,63354,53806,61168,79036,82163,84069,104878,95920,48687,67521,54683,79163,
240,101275,92911,87434,90068,20095,2476,1972,88868,102136,83316,98838,88255,19433,27249,11959,18233,52234,84854,64777,94743,45670,37996,25954,17696,84448,98297,97407,90054,17473,15209,14753,12409,96123,81676,102361,87674,27745,15478,13996,74945,92773,85282,96219,97926,22861,14049,44316,93062,72278,75950,94268,104395,40547,31296,35674,73392,75888,64893,101570,94042,28717,43906,32857,76332,
241,99664,79745,78539,70763,16516,1977,1478,85889,100522,76870,96216,79947,17417,17942,11300,14264,32391,81392,48901,90099,28199,24197,17727,13664,67699,95471,95792,82626,16358,13903,13890,11897,83568,69831,99558,84218,20772,14682,13296,71887,83509,76202,89991,93495,17317,13816,27325,90513,46887,61925,91535,96409,24883,20141,23363,63202,64521,44606,97252,89660,19473,27075,21133,73758,
242,95971,54943,58523,44777,15185,1553,1080,77193,97650,61224,91681,61801,16844,15172,10953,12967,18678,70859,29606,78990,18126,18378,15007,12755,41859,85825,90036,65506,16015,13683,13458,11654,60854,48507,94686,72926,18310,14380,12933,64212,63571,56905,74335,80176,16030,13619,17914,82778,27199,39451,84271,76396,17526,15876,19294,46437,42955,24745,84548,77926,16207,18465,16896,65867,
243,88698,34423,38497,28290,15076,1128,818,61779,91203,42935,82995,42608,16516,14685,10745,12581,15768,53871,18499,60597,15139,16880,14446,12443,25314,69337,80886,44627,15774,13541,13383,11569,39496,31121,84136,56135,18182,13959,12868,50861,43947,38116,53956,61425,15876,13617,15499,69810,21028,24502,72220,52666,15152,15182,18079,30254,25961,17825,64970,59755,15250,15290,15850,52800,
244,72626,21241,22393,20020,15183,964,837,45209,75831,24382,64926,24303,16275,14433,10676,12608,15023,32873,13640,37187,14232,16217,14152,12486,17383,45797,60254,26812,15402,13170,13182,11522,24005,18738,63631,34778,17578,13894,12567,36519,26368,22157,31726,37987,15230,13364,14410,52817,19042,16316,49590,30586,14793,14886,18038,19843,16091,15387,40427,36512,15026,14390,15380,38087,
245,51372,17010,16521,17757,14619,824,776,28842,55688,16869,44647,17492,16407,14261,10582,12197,14608,20449,12405,23254,13948,16201,13939,12136,15387,28932,40381,18939,15218,12894,12962,11258,18183,15011,42158,21757,17279,13877,12531,23154,18518,16297,20947,24182,15310,13048,14093,35030,18649,13797,31885,21296,14357,14785,17508,14506,13389,14806,25567,23749,15018,14381,15292,23902,
246,29515,16057,14477,17183,14464,734,707,18987,32903,13575,26256,15051,16381,14021,10492,12233,14604,14895,11910,16512,13703,15747,13904,11977,15104,19015,23757,15432,15165,12727,12615,11007,16654,14005,24860,15369,17016,13797,12172,15580,16169,14182,16614,17466,15095,13115,13730,22648,18018,13479,19706,18235,14024,14287,17350,12510,12318,14589,18252,17364,14673,14369,15123,15892,
247,20340,15858,14201,17081,14179,742,706,15585,21936,12899,18516,14462,16051,14007,10297,12325,14343,13651,11895,15108,13562,15754,13751,11734,14557,16412,17631,14853,15005,12752,12609,11067,16085,13657,18346,14339,16775,13507,12144,12773,15450,13873,15576,15643,14924,12677,13882,16961,18179,13156,15960,17573,14072,14184,17039,12085,12101,14433,16755,15724,14583,13928,14727,12459,
248,16463,15441,13769,16638,14194,706,679,14038,17480,12716,15887,14251,15671,13643,10295,11876,14282,13280,11901,15024,13414,15404,13495,11685,14590,15477,15601,14555,14886,12426,12647,10832,15999,13342,16241,13587,16959,13143,11933,11808,15035,13287,15258,15553,14672,12863,13427,14983,17854,13108,14987,17342,13707,14055,16820,11806,11798,14188,16270,15078,14570,13847,14645,11691,
249,15579,15239,13645,16630,13768,672,640,13493,15949,12416,14804,14141,15436,13755,10198,11599,13885,12973,11836,14367,12922,15129,13215,11474,14463,15262,15159,14122,14696,12430,12161,10601,15825,13064,15617,13538,16316,13037,11906,11588,14952,13246,15159,15173,14159,12365,13463,14334,17403,12961,14681,17121,13642,13985,16739,11392,11757,14179,16080,15168,14334,13584,14306,10983,
250,15185,14951,13487,16374,13672,639,606,13290,15581,12319,14595,13675,15414,13526,10033,11751,13732,12989,11399,14335,12359,15005,13338,11502,14309,15042,14806,14208,14358,12192,12043,10407,15488,13136,15311,13242,16285,12836,11754,11196,14556,13358,14935,14917,14331,12431,13100,13988,17282,12450,14507,16851,13678,13801,16480,11498,11415,13792,15919,14864,14010,13443,14395,10823,
251,15034,15031,13036,16227,13608,582,546,13237,15354,12337,14402,13769,15410,13303,9717,11397,13517,12824,11332,14076,12749,14826,13052,11241,14143,14699,14657,13769,14360,11959,11967,10416,15335,12835,15075,13177,16269,12712,11648,11282,14714,12932,15042,14585,14158,12152,13010,13776,17315,12655,14518,16370,13299,13367,16129,11221,11436,13774,15700,14488,13788,13516,14131,10918,
252,14588,14562,13187,15861,13170,569,516,13036,15381,12129,14130,13694,14959,13109,9658,11286,13592,12421,11277,13961,12489,14810,12907,11007,14007,14744,14320,13622,14235,11829,11730,10186,15207,12864,15053,13028,15866,12498,11421,10958,14517,12781,14505,14421,13872,12113,12864,13429,17146,12504,14137,16461,13226,13648,15884,11039,11222,13476,15392,14437,13518,13149,13926,10576,
253,14566,14592,12800,15709,13289,488,439,12988,14850,11959,14130,13602,14912,13056,9381,11345,13444,12647,10946,13871,12403,14411,12510,10829,13731,14558,14242,13563,13921,11767,11667,10158,14980,12731,14562,12940,15726,12433,11198,10928,14333,12766,14566,14167,13809,11870,12823,13387,16828,12087,14000,16115,12885,13171,15931,11206,11215,13306,15051,14265,13561,13065,13581,10494,
254,14479,14454,12763,15517,13093,441,388,13052,15066,11806,13813,13237,14476,12632,9260,11038,13080,12449,10736,13658,12281,14329,12562,10819,13409,14201,13934,13223,13608,11628,11275,9866,14772,12460,14522,12803,15254,12316,10940,10808,13977,12396,14410,14265,13479,11648,12464,13242,16720,12071,13529,15854,12636,13240,15574,10900,11036,13202,14984,14159,13481,12958,13553,10492,
255,14319,14188,12618,15417,12889,350,296,12674,14742,11776,13502,12914,14312,12525,9414,10898,12986,12407,10705,13467,12122,13994,12325,10680,13323,14103,14061,12883,13548,11423,11396,9810,14530,12453,14309,12688,15232,12072,11002,10769,13583,12247,14042,14072,13345,11324,12348,13147,16250,11844,13633,15959,12577,12916,15246,10726,10864,13182,14846,13997,13337,12775,13398,10181,
256,14087,14079,12725,15230,12525,274,209,12492,14651,11560,13679,13085,14153,12327,8874,10668,12766,12088,10523,13519,11927,13732,11921,10451,13295,14202,13807,13120,13096,10939,11037,9456,14471,12149,14358,12380,14819,11596,10602,10472,13449,12140,13912,13604,13113,10919,12130,12727,16316,11561,13718,15484,12311,12568,14905,10599,10868,13052,14547,13766,13102,12434,13020,10188,
257,14087,13831,12394,14897,12304,226,161,12093,14324,11405,13667,12756,13804,12103,8721,10263,12579,12099,10536,13316,11795,13625,12009,10218,13101,13915,13643,12858,12787,10722,10704,9373,14341,11967,13978,12247,14369,11424,10494,10378,13731,11912,13886,13721,12802,10872,11795,12610,16048,11591,13145,15426,12260,12398,14833,10493,10697,12736,14443,13680,12775,12415,13044,10005,
258,14092,13760,12231,14734,12152,173,137,12187,14023,11383,12998,12535,13209,11925,8470,10277,12448,11651,10190,12979,11466,13221,11501,9865,12839,13698,13652,12580,12502,10602,10217,8897,13891,11920,13761,12153,14184,11073,10087,10421,13280,12196,13544,13171,12472,10326,11729,12592,15658,11328,13164,15344,11857,11936,14404,10243,10362,12602,14235,13699,12549,11995,12475,9898,
259,13395,13208,11787,14504,11684,142,128,12104,13914,11086,13077,12433,13099,11603,8215,10100,12089,11428,10215,13015,11265,12924,11225,9631,12683,13712,13211,12250,12213,10250,10214,8895,13717,11653,13640,12109,13917,10859,10031,10011,13325,11707,13506,13309,12346,10134,11404,12545,15365,11156,12935,15110,11886,11747,14384,10078,10344,12350,14124,13397,12250,11802,12502,9827,
260,13338,13192,11624,14221,11504,119,116,12002,13707,10918,12715,12211,12805,11486,8150,9876,11708,11616,9864,12428,10894,12654,11112,9671,12321,13320,12905,12185,11853,10023,9949,8612,13737,11591,13350,11890,13722,10769,9698,10079,13086,11477,13346,13106,12179,9837,11401,12227,15054,11137,12777,14544,11644,11507,13800,10130,10129,12064,14016,12913,11959,11562,12164,9609,
261,13388,12975,11566,14088,11433,154,142,11934,13422,10861,12465,12174,12488,11255,7861,9603,11562,11132,9775,12280,10811,12509,10985,9375,12190,13011,12928,11862,11633,9890,9709,8223,13386,11123,13268,11688,13047,10281,9278,9850,12706,11359,12846,12682,11759,9313,11160,12055,14783,10850,12723,14908,11468,11396,13666,10008,9914,11809,13891,12805,11597,11421,11835,9659,
262,12915,12840,11425,13804,11062,114,102,11617,13566,10643,12401,11704,11945,10838,7377,9312,11278,11270,9669,12140,10571,12104,10582,8959,11945,12917,12821,11872,10984,9247,9002,7778,13138,11179,13123,11457,12963,9685,8590,9759,12581,11333,12994,12811,11295,8363,10820,12221,14349,10542,12349,14291,11195,11242,13434,9851,9659,11692,13352,12557,11341,10955,11650,9410,
263,12864,12569,11203,13410,10526,75,74,11558,13022,10527,12109,11782,11257,10473,6525,8814,10919,10977,9370,11973,10283,11853,10144,8657,11787,12711,12273,11586,10246,8497,7976,6511,12939,10784,13037,11350,12547,8483,7664,9700,12258,11115,12488,12406,10963,6769,10466,12075,14130,10383,12098,14006,11019,10932,12999,9594,9531,11212,13259,12567,11244,10654,11240,9208,
264,12702,12391,11112,13225,9633,83,76,11343,12853,10270,12061,11724,10043,9899,5105,8343,10667,10663,9035,11774,10006,11318,9776,8032,11495,12610,12330,11566,8546,7155,6263,4973,12448,10538,12810,11016,11763,6720,6220,9619,11982,10977,12262,12306,10291,4851,10281,11601,13573,10399,11936,13878,10528,10556,12300,9587,9173,11091,12926,12162,10751,10576,10958,9296,
265,12386,11954,10676,12778,8370,107,101,11118,12921,10165,11813,11197,7912,9493,3557,7074,10326,10361,8882,11800,9663,10915,8876,6953,11074,12144,12132,11427,6414,5406,4380,3464,12373,10393,12523,10813,10878,4674,4293,9268,11703,10666,12098,11937,9048,3326,9981,11480,13209,9850,11897,13446,10046,10039,11131,9278,8924,10989,12762,12086,9953,10015,10232,8950,
266,12331,11482,10406,12709,6285,85,76,10914,12504,9666,11670,10882,5172,8286,2238,5275,9238,10190,8455,11227,9166,9688,7503,5058,10908,11918,12012,11025,4015,3611,2962,2314,11793,9956,12219,10425,8963,3035,2899,9088,11459,10330,11960,11541,6810,2266,9199,11300,12213,9599,11412,13076,9047,8532,9202,9147,8574,10088,12459,11714,8406,9335,9229,8790,
267,11957,11394,9889,12092,4327,76,70,10699,12268,9736,11207,10633,3565,6350,1743,3434,7763,9926,8080,11269,7876,7924,5394,3381,10439,11700,11397,10779,2917,2513,2086,1794,11562,9817,12016,10409,6507,2318,2158,9045,11025,10097,11465,11386,4662,2101,8025,11179,10840,9018,11249,12740,7875,6543,6751,8703,8447,9296,12280,11474,6326,7788,7491,8792,
268,11707,10742,9576,11123,3126,64,57,10548,12086,9110,10979,10167,2783,4576,1564,2490,5350,9722,7243,10700,6529,5865,3872,2561,9825,11639,11297,10369,2552,2063,1969,1639,11219,9231,11907,10115,4548,2127,1971,8670,10744,9738,11201,11278,3383,2054,6449,10841,8317,8607,11062,12262,6219,4889,4828,8934,7862,7467,11755,11227,4644,6335,5457,8575,
269,11557,9893,9156,9676,2450,56,48,10369,11904,8848,11075,9823,2480,3055,1466,2005,3553,9519,5928,10336,4664,4064,2727,1960,8594,11071,11127,10073,2373,1958,1844,1604,10066,8515,11317,9739,3293,1984,1861,8757,10232,9316,10708,10571,2560,1930,4761,10730,6036,7398,10696,11490,4434,3344,3393,8302,6935,5520,11382,10911,3363,4611,3799,8547,
270,11167,7851,7907,7421,2218,40,34,10152,11637,7561,10564,8502,2400,2382,1479,1827,2558,8912,4104,9866,2994,2910,2127,1776,6030,10717,10753,8998,2261,1934,1883,1573,8130,7081,11177,9153,2891,2011,1781,8382,8525,8120,9896,9986,2342,1954,3215,10302,3874,5480,10333,10197,3000,2504,2718,7774,4967,3620,10572,10469,2595,2962,2764,8168,
271,10761,5925,6181,5208,2122,34,27,9681,11309,6054,9987,6888,2332,2152,1435,1740,2133,7997,2837,8838,2305,2492,2027,1719,4329,10125,10217,7724,2252,1787,1793,1490,6265,5409,10598,8167,2621,2040,1767,7980,7016,6696,8618,8990,2248,1851,2297,10146,2993,3844,9764,7994,2309,2301,2535,6918,3360,2595,8841,9541,2307,2323,2352,7803,
272,10011,3699,4065,3523,2086,24,19,9249,10766,4042,9491,4717,2245,2033,1388,1723,2020,5894,1994,6750,2003,2237,1893,1737,2702,8749,9466,5671,2140,1823,1815,1485,4079,3352,9775,6001,2579,1955,1770,7422,4892,4548,6081,6845,2149,1866,2043,9400,2744,2372,8845,5361,2155,2032,2495,5523,2230,2206,6686,7466,2257,2047,2246,6988,
273,8887,2748,2737,2849,2058,26,22,8087,9901,2866,8203,3144,2333,1929,1377,1615,2027,4287,1803,4557,1934,2252,1829,1616,2265,6928,8175,3928,2234,1848,1785,1457,2998,2467,8394,4293,2462,1913,1681,6483,3487,3197,4089,4814,2109,1850,1966,8665,2654,2052,6977,3689,2058,1969,2407,4049,1854,2035,4696,5360,2159,1909,2125,5925,
274,6830,2383,2136,2566,2064,32,28,6426,8465,2058,6277,2316,2239,1975,1375,1655,1951,2774,1671,2982,1919,2209,1900,1607,2123,4655,5866,2699,2042,1784,1732,1477,2456,1973,6078,2830,2613,1869,1570,4708,2594,2208,2815,3343,2085,1804,1839,6841,2616,1883,4850,2877,1932,2058,2461,2665,1596,2103,3126,3506,2120,1979,2193,4253,
275,4624,2207,1999,2402,1953,17,16,4810,6626,1875,4509,2130,2280,1898,1375,1578,2004,2069,1610,2320,1798,2177,1839,1650,2077,3166,4153,2150,2094,1709,1735,1502,2319,1861,4151,2238,2489,1745,1682,3335,2348,2036,2385,2466,2046,1819,1919,5240,2526,1865,3425,2641,1948,2037,2355,2054,1572,2097,2588,2618,2141,1917,2185,3003,
276,3144,2222,1936,2449,2048,23,23,3478,4387,1733,3086,2134,2176,1994,1294,1647,1960,1975,1617,2115,1788,2161,1839,1519,2040,2590,2792,2128,2034,1710,1674,1420,2316,1880,2847,1996,2558,1818,1709,2564,2239,1892,2287,2255,2093,1746,1811,3937,2535,1798,2409,2518,1959,2027,2407,1767,1542,2054,2384,2329,2006,1940,2063,2188,
277,2438,2153,1916,2404,2041,21,20,2595,3186,1772,2376,2000,2160,1843,1319,1515,1856,1847,1589,2089,1825,2125,1775,1580,1925,2253,2373,2073,2058,1722,1636,1370,2290,1837,2342,1921,2413,1877,1685,1954,2211,1843,2252,2084,1879,1712,1866,2830,2441,1822,2191,2523,1847,1951,2338,1717,1502,1991,2348,2271,1964,1871,2005,1740,
278,2243,2196,1820,2337,1905,14,13,2220,2493,1801,2070,2007,2130,1824,1350,1501,1820,1824,1542,2134,1633,2159,1801,1475,2035,2183,2220,2037,1918,1610,1682,1361,2083,1857,2216,1900,2355,1756,1507,1716,2139,1798,2102,2055,1954,1686,1808,2349,2468,1810,2115,2418,1854,1873,2176,1628,1558,1891,2297,2277,2011,1805,2024,1507,
279,2137,2071,1825,2281,1908,20,19,2012,2262,1678,2000,2035,2084,1844,1277,1461,1857,1783,1618,2086,1778,2111,1696,1451,1873,2069,2160,1844,1971,1647,1600,1355,2155,1795,2110,1943,2364,1759,1557,1674,1986,1804,2164,2013,1931,1668,1715,2076,2413,1737,2025,2411,1835,1925,2199,1507,1512,1944,2152,2154,1989,1823,2102,1542,
280,2162,2020,1818,2236,1752,11,11,1930,2206,1649,1995,1954,2056,1794,1277,1423,1790,1796,1472,2006,1705,2008,1685,1526,1898,2195,2089,1853,1858,1613,1555,1312,2108,1715,2207,1803,2319,1671,1484,1669,2056,1771,2140,2068,1993,1544,1806,2025,2345,1624,2059,2381,1830,1840,2138,1547,1460,1863,2193,2137,1864,1742,2003,1491,
281,2142,2040,1794,2255,1877,18,16,1859,2188,1678,1856,1913,2117,1776,1223,1432,1837,1787,1498,2013,1676,2028,1720,1493,1857,2026,1978,1866,1840,1579,1484,1323,2043,1726,2140,1815,2231,1638,1436,1623,2033,1747,2093,1989,1913,1590,1704,1926,2323,1694,1975,2326,1759,1829,2181,1448,1395,1825,2208,2137,1913,1751,1945,1427,
282,1994,2010,1736,2200,1830,12,11,1821,2164,1646,1920,1868,1958,1646,1084,1360,1650,1765,1522,1906,1668,1962,1638,1392,1819,2027,1979,1850,1767,1608,1474,1292,2061,1716,2078,1754,2165,1526,1473,1546,1932,1730,2038,1929,1840,1494,1667,1875,2250,1582,2009,2311,1749,1724,2129,1460,1458,1856,2197,2043,1801,1701,1936,1399,
283,2015,2013,1708,2260,1748,7,6,1761,2028,1550,1879,1814,1973,1768,1198,1379,1695,1660,1420,1938,1601,1946,1661,1429,1770,2027,1921,1797,1795,1542,1352,1188,2047,1728,2068,1746,2121,1525,1471,1508,1953,1745,2110,1911,1716,1452,1731,1892,2195,1609,1908,2318,1672,1770,2060,1417,1446,1826,2038,2016,1877,1708,1855,1403,
284,1963,1925,1734,2067,1603,6,6,1765,2088,1574,1844,1821,1864,1642,1114,1368,1675,1726,1452,1857,1563,1839,1547,1353,1846,2042,1958,1756,1696,1476,1407,1209,1954,1560,1941,1760,2124,1527,1359,1529,1844,1596,1997,1931,1723,1433,1634,1824,2201,1560,1901,2191,1633,1685,2072,1477,1370,1753,2037,1993,1776,1638,1809,1332,
285,2078,1956,1630,2049,1705,11,9,1783,2075,1464,1838,1822,1876,1656,1129,1369,1625,1592,1359,1847,1565,1822,1584,1320,1709,2096,1949,1708,1709,1424,1370,1161,2026,1614,1967,1717,2106,1546,1358,1527,1805,1559,1908,1829,1729,1394,1552,1820,2160,1481,1900,2169,1674,1725,1989,1422,1344,1730,1968,2061,1710,1714,1732,1393,
286,1908,1899,1604,2131,1660,8,6,1680,1976,1527,1892,1838,1832,1590,1042,1351,1628,1626,1278,1798,1526,1809,1496,1279,1752,1975,1885,1700,1694,1353,1273,1094,1908,1584,1897,1716,1968,1421,1303,1441,1879,1575,1891,1787,1716,1334,1527,1770,2083,1420,1848,2142,1529,1658,1904,1441,1232,1656,1972,1945,1675,1578,1805,1339,
287,1860,1831,1581,2041,1599,1,1,1787,2011,1485,1806,1729,1734,1571,986,1273,1523,1526,1304,1673,1412,1767,1415,1249,1711,1982,1904,1756,1611,1369,1321,1098,1867,1592,1908,1649,1984,1302,1234,1448,1825,1639,1835,1758,1724,1331,1491,1757,1973,1477,1856,2015,1623,1644,1881,1311,1262,1674,1999,1919,1721,1507,1642,1348,
288,1912,1887,1666,2018,1479,1,1,1640,2083,1448,1751,1655,1644,1503,980,1193,1481,1543,1282,1685,1477,1760,1393,1229,1645,1832,1857,1562,1508,1308,1188,1026,1875,1463,1888,1619,1815,1230,1215,1479,1740,1575,1858,1735,1632,1150,1473,1737,1977,1484,1758,2028,1435,1554,1748,1294,1335,1528,1923,1888,1690,1442,1660,1305,
289,1823,1717,1524,1874,1469,5,5,1680,1921,1433,1662,1637,1583,1463,875,1182,1431,1568,1280,1649,1435,1676,1371,1157,1581,1848,1733,1586,1381,1195,1173,881,1754,1476,1816,1557,1787,1204,1069,1405,1734,1477,1698,1685,1527,993,1434,1677,1898,1416,1715,1925,1449,1524,1758,1332,1220,1525,1866,1778,1560,1524,1710,1288,
290,1703,1717,1477,1780,1377,1,1,1597,1798,1378,1627,1684,1477,1449,714,1098,1425,1471,1265,1687,1361,1633,1312,1180,1557,1775,1681,1653,1259,1060,952,748,1724,1463,1765,1560,1659,1028,928,1377,1748,1428,1697,1621,1489,807,1454,1645,1727,1382,1737,1953,1481,1467,1707,1317,1195,1401,1765,1797,1508,1434,1596,1292,
291,1796,1735,1484,1837,1314,3,3,1668,1786,1314,1635,1575,1340,1278,546,984,1302,1431,1142,1659,1308,1563,1238,1079,1500,1777,1753,1555,1081,895,812,625,1667,1412,1776,1519,1655,844,705,1371,1646,1430,1649,1666,1405,566,1339,1701,1802,1322,1703,1893,1355,1432,1592,1297,1179,1479,1809,1714,1472,1393,1444,1217,
292,1689,1675,1455,1733,1183,1,1,1560,1823,1346,1715,1469,1128,1246,405,892,1191,1509,1096,1540,1266,1525,1143,896,1510,1642,1707,1525,845,725,566,452,1633,1296,1688,1526,1576,617,544,1347,1563,1419,1624,1656,1280,446,1284,1633,1686,1238,1648,1879,1290,1313,1525,1297,1110,1345,1804,1740,1347,1334,1429,1228,
293,1619,1588,1411,1722,1004,3,3,1544,1703,1273,1541,1499,811,1178,304,734,1017,1393,1075,1511,1225,1407,1046,759,1367,1635,1643,1451,623,529,382,346,1602,1365,1701,1476,1403,399,377,1403,1601,1340,1662,1585,1023,352,1257,1535,1474,1221,1651,1777,1277,1255,1282,1197,1061,1241,1649,1707,1284,1233,1352,1186,
294,1567,1505,1310,1561,754,3,4,1477,1755,1240,1547,1537,606,1036,235,493,747,1289,1028,1424,1168,1201,843,523,1352,1658,1656,1437,510,379,314,275,1468,1253,1667,1392,1032,331,329,1295,1513,1345,1529,1540,762,294,1177,1653,1264,1169,1545,1808,1115,996,946,1237,1005,1103,1667,1679,1065,1124,1160,1162,
295,1620,1451,1222,1498,574,2,2,1436,1637,1249,1536,1384,410,789,228,353,508,1295,872,1447,978,965,576,379,1297,1697,1611,1410,405,351,288,234,1392,1253,1599,1383,774,328,288,1254,1418,1257,1546,1493,494,292,982,1584,1003,1149,1454,1685,1012,747,720,1175,972,868,1638,1632,765,984,909,1175,
296,1567,1334,1146,1344,390,3,3,1500,1646,1132,1447,1319,411,540,235,280,398,1292,724,1440,738,767,450,292,1075,1523,1567,1352,384,314,284,220,1281,1124,1588,1248,552,285,300,1221,1285,1250,1456,1424,392,277,777,1504,740,880,1480,1544,762,577,533,1132,746,655,1486,1601,575,770,704,1090,
297,1479,1123,1054,1077,346,0,0,1446,1631,985,1413,1150,369,431,200,220,334,1211,509,1381,541,517,316,246,823,1506,1543,1300,348,269,262,238,1085,1000,1509,1271,478,294,271,1177,1252,1150,1365,1325,367,308,594,1442,576,718,1438,1414,547,419,415,1142,597,481,1331,1408,450,533,525,1139,
298,1483,891,809,781,328,1,1,1369,1545,829,1339,1029,366,336,217,257,286,1125,369,1217,363,376,276,252,566,1416,1415,1082,319,293,252,225,873,768,1427,1144,401,282,261,1171,946,989,1257,1213,358,268,426,1454,476,480,1404,1164,380,335,377,1088,409,381,1268,1280,339,356,393,1093,
299,1441,595,590,639,335,0,0,1332,1485,592,1359,799,357,271,211,251,321,901,316,1010,320,384,278,238,452,1316,1377,918,319,268,267,213,626,533,1299,971,433,280,239,1123,774,787,1010,1062,335,301,344,1412,417,364,1259,862,324,307,389,1004,313,334,1009,1260,362,303,342,1039,
