165,390372,384778,376152,446877,686032,397323,504401,1475594,452844,323618,414090,340965,707030,691991,379471,528444,375243,345031,336821,384611,705289,611838,829637,545139,410050,441232,397047,421576,652871,467062,567661,484391,381185,375409,425231,345309,772425,482793,405209,985766,398100,377378,385069,442138,605090,570479,665511,1435030,487289,335555,395633,405522,707035,562875,555726,1366182,320821,357968,383279,383283,647108,614669,709693,796123,
166,413063,408597,397837,475317,1139592,541454,745911,1974489,512360,342366,440423,358024,1151932,1155210,483080,813654,393756,363089,356991,403252,1110055,912816,1321420,869560,433466,489750,419091,462689,1042904,672859,890033,768292,405529,400011,452273,364240,1186765,670586,513521,1279468,421613,406335,406528,467911,939155,928610,1018911,1739648,517664,356794,425597,429900,1132501,860626,694304,1706212,340826,379578,408037,405445,1041039,937702,1141316,1200564,
167,436759,431035,423370,510422,1705890,791194,1046532,2284594,611365,359681,481071,376727,1836209,1805867,757027,1333906,413247,383767,375938,423591,1552379,1400527,1768421,1302392,457068,576121,443894,534928,1573700,1069792,1375795,1204126,425650,430052,488087,382762,1677697,1065458,790091,1374581,445212,450875,427569,501030,1444886,1421959,1492725,1816838,548917,374316,471583,451003,1677040,1339705,1033732,1876647,357594,398049,426691,434331,1548502,1424912,1597558,1490687,
168,472301,459689,471662,593458,2287495,1111201,1301990,2032219,813200,382345,567538,401859,2611422,2531787,1273814,1989663,439459,409057,413987,450179,1836591,1881629,2004968,1620001,498261,777277,492017,693936,2002111,1531578,1804851,1598010,451653,501223,569056,409204,2014747,1560764,1237117,1396939,490712,549173,460139,568414,1870122,1807817,1872095,1806693,602531,398822,569230,475695,2191985,1833742,1636318,1753487,379435,422322,447958,501811,1986956,1896599,1918330,1627873,
169,546003,517722,578073,791710,2504941,1341161,1452799,1823130,1183167,423459,741573,453066,2985203,2674506,1903684,2464279,479151,463691,499802,497827,1927567,2129259,2063938,1735875,596359,1179057,603671,1025903,2139520,1821771,1994334,1784586,495819,666885,743613,463845,2112306,1854692,1593367,1401095,589571,766472,524709,712135,2049051,1905304,1992267,1808853,731056,449150,762447,521394,2477014,2232062,2274654,1660953,422599,471817,486241,645640,2198377,2179895,2003682,1636714,
170,756572,724353,885545,1302305,2169277,1487670,1598582,1792294,1720677,554322,1178072,625036,2546471,2227318,2217164,2178172,618182,642564,795139,652642,1909185,2161001,2062620,1756447,912454,1871093,964800,1652228,2099877,1856977,1975052,1778503,635910,1102528,1206885,635985,2115586,1927951,1730160,1408739,894899,1283535,741362,1130857,2022870,1876767,1972423,1821974,1127893,610167,1217905,658394,2237602,2254141,2810532,1653892,549961,651924,599081,1031767,2062198,2164196,1929000,1616226,
171,1136011,1146488,1349041,1833321,1999168,1638267,1949050,1820778,1979554,828626,1655900,965101,2297006,2037268,1898383,1933704,970162,1010248,1293037,996558,1908627,2142987,2078802,1771942,1467135,2518820,1511255,2204046,2094533,1814577,1962324,1760982,955879,1585493,1730668,986459,2134658,1936891,1752625,1422724,1381835,1792054,1165201,1725552,2019021,1884366,1973237,1838205,1710199,924164,1665355,949092,2070467,2027886,2706863,1675257,804742,1006052,839995,1470189,1993986,2081436,1922361,1623617,
172,1705778,1789663,1861225,2200631,2019456,2006944,2933277,1876050,2064645,1335334,2024632,1474040,2293021,2054107,1721148,1913192,1745975,1690928,2035799,1700802,1928617,2160567,2104861,1801581,2329594,2698327,2260518,2542744,2132003,1829685,1987138,1785407,1552152,2014771,2241919,1567748,2169468,1958498,1776913,1441592,2005405,2304193,1848549,2466583,2038524,1924996,1993887,1862830,2289031,1441353,1951572,1525342,2075438,1979921,2467018,1704542,1278205,1539490,1347414,1800691,2012960,2082620,1954792,1640835,
173,2071273,2181184,2034206,2189077,2139534,3366449,5387009,1998840,2069242,1692869,2103036,1765566,2428854,2191989,1740908,2000527,2537011,2296835,2338418,2414246,1965711,2211365,2154441,1847494,2797791,2318763,2679973,2229752,2204205,1881179,2034915,1841240,2010077,2067320,2400183,2039514,2236382,2025907,1846463,1491502,2382107,2278212,2429266,2904657,2096330,2024833,2054015,1934653,2429462,1755820,1934993,1971173,2143380,2027256,2434223,1776292,1616592,1810809,1791646,1846168,2072510,2130012,2023946,1672904,
174,2128081,2175951,1958679,2144769,3322914,7182370,9443860,3318649,2090270,1844271,2062112,1824060,3780641,3582070,3424161,2900154,2635054,2280994,1996599,2676309,2797913,3114893,3237961,3041605,2471185,2080641,2373546,1997549,3101656,2618560,2871043,2789424,2180583,1952891,2181332,2184586,3621898,3337232,3322884,2999728,2208287,1997510,2498954,2597679,3035835,3353629,3601092,3414332,2423703,1813060,1903069,2144044,3052374,2846709,3319107,2867514,1764753,1889111,2018840,1839375,3032330,2976870,3045983,2714543,
175,2084751,2136460,1968706,2201641,129604945,116340646,122194939,161505472,2150538,1853267,2106619,1820797,153907764,158537779,222405230,127770139,2277203,1984256,1841453,2342038,122921731,128523933,155355004,170069148,2213766,2102130,2159011,2017632,124972951,104514830,117723021,134765517,2180244,2009558,2183956,2023160,185672186,178672634,193958773,208539672,2125986,2004591,2246848,2393605,237351154,189708403,219742668,210044984,2462447,1798565,1924443,2114991,120206893,109176193,122583968,146602678,1793720,1917712,2041729,1870244,163499151,119966156,148996825,154780707,
176,2112087,2244110,2064242,2428272,230123929,185127910,181644831,225412074,2312035,1900500,2222037,1886945,224005601,236592014,246065434,225248198,2152102,1890216,1853564,2166910,205639055,209229123,225430347,264401742,2195006,2239130,2146622,2124808,202570545,182732476,184999087,199075276,2278443,2181455,2263437,1988873,203403692,198733253,213621853,224430630,2175601,2093833,2173669,2389620,203453566,223874522,371630289,239424308,2629924,1846613,2004692,2116114,204616074,172323313,181204544,246972010,1826250,2014965,2071287,1947811,220066000,215574088,239850113,251529013,
177,2234978,2535499,2302307,2861548,295825193,246742825,235367852,289076023,2629165,2035176,2460039,2095869,279447593,286670411,245067100,257547023,2256955,1970728,2008911,2212681,211958027,224359609,208560758,288578632,2354488,2445841,2280559,2306823,211721879,181325453,187737180,186318105,2513373,2493462,2456777,2076671,170792547,165741726,174214208,178089355,2364894,2295054,2269914,2515374,198051834,279741597,193711608,212418251,2991851,1999538,2194747,2212563,286458567,253096277,218309351,295154764,1911123,2223515,2184065,2132458,271565246,249350116,258096746,256516732,
178,4701836,5187284,4902614,5832937,339415106,292972185,309885361,340830284,6790865,4844241,4976543,4834474,335307698,340277629,251727664,293032409,5389422,6166066,5101692,4807753,207897247,225635032,224473378,295614994,5820066,5337421,4710482,5650272,227051871,191768901,178937230,189914885,6288822,5830442,5315977,4487555,159007651,159040305,119585363,171304302,5056252,5042597,4760233,5374467,196538225,167509963,178677866,195836141,7729248,5197374,5127434,4443706,333268912,417964170,277193229,324898754,5899764,6501502,4710672,6508187,291330875,269442786,264663936,260305297,
179,140789430,136593895,134368028,145713283,375436934,324152183,360131731,383487496,209418979,187131014,126860929,147616560,391258320,396709399,346060367,340932272,182580650,241022412,183093850,142062181,211022723,234903172,217569626,297093144,171256405,167219852,133217262,198159744,222612838,195908130,181496142,194703726,197503161,172661252,163209816,135555305,161719549,157579247,160880193,163024894,140275301,144109802,138784072,168009535,182197956,164994254,173431468,185860591,258375481,172792757,161649527,119410566,360990503,314752238,302495045,337418036,235482397,239385737,188902084,257930476,301774843,278577643,264599707,277399070,
180,177254016,178849810,176352480,184013034,398651390,337369974,377881401,427214941,218172452,189711874,165380269,178105135,445125212,452173129,402564045,379975168,246714879,250555696,222454027,172053678,207368075,267040918,218471404,244007331,205327246,207149214,174350049,198747051,220707041,195450750,184095098,198636453,216216886,213139837,216864846,178988387,156016946,158704302,161986019,167452330,181406741,190905867,191350728,214158954,206673381,164672142,173848662,180819943,231382473,193267229,186710370,161647503,380871326,329352986,308333406,352865064,235419550,231022008,207658423,271064795,312814848,292157231,267857748,261666646,
181,182651342,181451452,177017843,189743364,412472363,340108449,385038446,469927114,209337305,235420130,169390129,174359322,503971586,521090159,502974569,426719172,264450429,258688061,238468575,178297197,203335090,187296014,191103893,277244084,231985321,245696568,208515339,232701386,195230242,194218373,181290167,195202725,227964110,230519074,280560741,232916864,162729234,160277598,164515241,167699178,235430562,237503422,240190761,249076159,220408979,165326803,170044546,174752633,187803788,176483153,177601120,315653942,377799010,344111939,320540841,369001904,195434567,188493051,181376527,197750513,320110947,296183492,125574983,255395966,
182,186560266,187450272,173250727,175794082,351315764,344812564,392835662,492797437,209409200,203198289,177928974,161393321,559515894,583006388,600734859,530279263,280350935,281217035,268691562,214962341,183116976,187691505,201479533,257649635,272646625,294775691,260776869,275575309,193055724,178331514,170014515,182374443,260575548,256754900,336378696,279190917,156919491,157055217,159210815,162571478,275938830,273846841,287870883,278688790,168425994,161325865,162147229,165712557,170285200,166852408,169582597,192350478,361803122,357689116,326953217,364449449,183785821,169599497,169614932,169743383,315033819,290490933,246344187,234212210,
183,181271981,192569133,169797175,181294314,407184421,345388577,397830599,495049123,211166249,206177830,177292630,173471456,567407441,596645199,608191094,578217563,301184056,310852675,300017270,251761771,170916250,174343323,193940929,239484288,311346420,340189455,295958330,310416505,169147063,167166992,160656107,170529684,281649810,263008779,356718067,295713524,155507942,154341939,155855301,157795167,297114198,289586002,315814587,302621069,161661721,158874029,156904959,161667556,165993722,163884904,166304638,197862004,337881326,357740682,334531444,339730211,155554600,166136325,164960014,166371257,304239406,292369662,231038215,208139514,
184,188718437,197312035,170175590,172596013,410041246,343953945,403573679,487426880,218742079,202758227,179283349,171972307,556436659,584152156,615310832,573165444,332124987,351042747,337396215,288689435,163686507,167689527,187746458,227831660,359473129,374451448,319259888,333708104,160683787,159423773,156966468,166293724,239983835,269536930,379238503,314145040,153739654,153644227,154567853,156896264,310256115,292803192,342355814,320826711,156646928,159855869,155752468,159899871,160815796,161173439,163135212,201038962,323883554,345360612,325001285,317546606,163385780,168566640,161703965,161614026,288802995,280732029,220385196,207759148,
185,187578416,202400115,152454885,170441727,392654755,355957962,431637789,491035209,205586040,225760154,181127510,170600289,547633537,540788435,608933565,576195894,366856403,387705637,384215583,318988906,160957292,165356384,182565085,218487048,395172502,398887228,332178294,345436558,158676067,156054815,155218505,163878666,302882225,260519346,385168392,323411008,153547157,152936969,153676570,154833107,317204577,311340927,359035379,333150286,156096973,161941561,154365670,158799743,159270575,160507727,161313813,192896986,320712653,335248133,339415117,318939398,166201141,154738279,159842013,192591933,281405881,268503731,216308237,206120418,
186,188015843,207706393,170711650,160171106,401345002,390594558,468307651,492777688,209040302,203888970,185299154,169861738,543283221,574044430,601777105,594552221,395725689,418609866,427814180,352757312,159651306,164129829,174616199,217271500,430499606,415332710,336255630,345464319,159052141,157512463,154191320,163237320,289697835,278790726,394145415,327948100,152661281,152410676,153102156,153698547,320332596,322514852,367163690,345077571,154933035,165775085,152986152,157571169,158643752,160865676,160062890,186536763,324483084,331944638,320671047,317157843,151865316,164702812,190214987,159456871,269127541,259722625,213788168,208587296,
187,188360609,231468563,176784837,172602698,451923257,433145829,465805692,480533878,215073207,189035997,152546580,170448575,535203613,559198380,576664751,585643896,441998387,438168388,452314313,379934739,156413594,161944112,171312024,200405517,455406585,426778079,343407637,347566152,155736462,155932724,152747957,161643618,294582206,261650654,390907657,330346565,151754253,151228409,151425592,151998441,322741412,305548992,363841161,346643973,153711230,166251542,152498489,155124732,157935601,159362679,157690593,185883081,338110152,337907361,325047259,327045976,159023132,157137179,157704164,156461104,264064361,250224485,213057570,209629690,
188,184446921,206646591,175369572,173480871,437961696,424594198,418015826,439992926,211172477,183517575,197415649,169302932,479166544,492281563,507645607,522397038,460214365,454963487,471075042,413542920,142367660,145112984,154461280,191046350,457444545,436432641,358128015,356702143,143766662,143533564,140959733,149782437,324896941,267070772,505868243,326517153,135840962,139288387,139420123,139701142,324570540,325723079,360576600,352169838,142279150,151474160,140886476,142082126,157156338,158733964,160416820,182332696,331974201,354816797,312781659,315715739,155352728,156260659,156904692,156163231,232836129,227032574,195188295,214853454,
189,176742455,205494780,174961312,170167464,311650597,253321379,257200181,286064307,201253057,204748202,178063694,174025725,272744064,274648064,284358377,296813096,473408859,466791362,468897894,432589338,83646168,82602549,89906041,108959688,482754154,450028194,363766537,368599333,84928136,84170310,82983898,87464925,294416568,261758850,396322360,330108407,82113084,81997860,82066884,81987675,326066055,327316593,396564148,358559207,83678881,87964646,82816764,83369373,156401260,158338680,159541910,179923155,207974761,194851302,161224074,190272973,156465105,154860419,156357406,114294147,142481239,131792333,111944771,110513820,
190,179314585,203559906,171212512,166885172,37449520,44839462,43398575,41750658,184273950,220423665,152597438,160078235,44173873,44057525,45593304,47756324,466975575,459133700,475332701,438275805,15013644,15353484,15885554,18433552,475597920,448599069,375934688,370123590,15362738,14986055,14953071,15865785,278981678,414117126,371827578,300513469,15006630,14805541,14407682,14399656,319603558,318677433,346182941,353055280,14999287,15680770,14951314,14936133,153999649,153936642,154523688,177592794,36994394,34977514,32424828,32853764,152325486,151552205,151828706,151185692,24911509,22759981,19365976,18737808,
191,113406902,148084146,124742530,122783800,3401959,6005898,6011719,3029396,121919694,122908967,117254316,118802121,3494848,3267465,2990668,3296013,395038427,334822319,341172623,319900244,2345952,2559048,2506913,2277237,342525917,325733764,287846946,276471512,2497678,2221417,2366540,2179088,196227208,185584538,224991966,217563766,2558796,2359052,2178196,1849637,235698131,233976541,257457543,259290524,2435682,2307887,2409049,2264865,110823638,111331641,112753702,129047625,3187946,3027544,3252170,2704060,111669392,109770053,110602418,110722358,2743330,2717582,2429452,2168729,
192,13895281,15765934,13334668,13077596,1891459,4729286,4698864,1761027,14339321,13838464,12816716,12673867,2166308,1940198,1601768,1834612,25801480,33513913,33240666,32520958,1976744,2120339,2049123,1736993,33288972,32624502,29434145,28629545,2064172,1788246,1936174,1730020,19700874,17535714,26888501,22584398,2117910,1932018,1744612,1422191,24830351,24344431,25837592,27167913,2005312,1857333,1977217,1833287,12632276,11985511,12288938,14022140,1998592,1898212,2293526,1633323,12033105,12080001,12278737,12065365,1929219,2025818,1861797,1618797,
193,2811191,2905305,2653755,2819927,1884842,4697405,4663501,1758368,2878102,2543834,2741262,2469116,2163439,1932780,1602034,1832399,4132345,3821761,3735564,3950530,1968530,2114142,2044638,1735003,3973625,3989247,3835285,3707850,2056662,1782770,1931829,1725051,3176963,2841782,3703128,3203201,2110548,1924528,1738628,1417019,3515993,3381036,3557700,3892065,1998677,1846658,1968931,1828006,3073379,2448669,2591355,2853380,1995466,1892444,2285189,1628040,2490356,2543080,2721317,2515151,1925199,2022770,1857821,1613281,
194,2058052,2065315,1945368,2132689,1880570,4648377,4614318,1757188,2100953,1825599,2072744,1795308,2160438,1928848,1597080,1820696,2008744,1790884,1742245,2018951,1962331,2109140,2041844,1730063,2010071,2035829,2011901,1960789,2054501,1777400,1924903,1721248,2077296,1902246,2105027,1835316,2104197,1922195,1734453,1414536,1990734,1914173,1980223,2229655,1996124,1841810,1963536,1823708,2428262,1797063,1938597,2103063,1992148,1890143,2280797,1624039,1839098,1903134,2071944,1867881,1918628,2017458,1852416,1608857,
195,2038010,2042031,1923374,2106484,1874087,4634951,4601778,1752292,2071774,1796763,2052867,1771778,2151987,1925418,1592093,1819487,1949643,1740506,1694653,1967270,1957693,2097702,2031134,1724170,1959208,1983072,1959338,1910505,2049831,1773627,1921961,1718757,2043679,1871513,2057494,1794866,2101940,1914685,1728191,1412692,1946360,1869488,1931253,2178126,1999120,1838070,1958366,1823534,2405113,1776255,1914092,2076112,1982444,1885930,2277712,1623177,1821243,1884379,2050659,1850590,1917755,2009398,1847882,1604172,
196,2026123,2036435,1917347,2104865,1869080,4613905,4578989,1752225,2064644,1790318,2041821,1770330,2152309,1921388,1590670,1814117,1941906,1732699,1686957,1962933,1954320,2093683,2029478,1720346,1953739,1978423,1952493,1905702,2043682,1768685,1920322,1716032,2035233,1864979,2048860,1787130,2095603,1917967,1729229,1410260,1938620,1865382,1908626,2171072,1995183,1832980,1953733,1819692,2406497,1771956,1905603,2072214,1982827,1880145,2273647,1620337,1811968,1882400,2043823,1843588,1910601,2002733,1844049,1602477,
197,2020582,2031121,1910655,2099430,1866325,4557601,4515399,1743829,2058104,1786070,2033918,1761947,2142543,1916132,1587344,1810822,1939208,1725678,1679311,1958574,1946922,2089634,2020981,1713236,1948788,1974452,1946040,1900615,2036225,1765378,1911923,1707712,2028519,1862043,2042160,1782841,2089968,1909511,1722333,1408797,1934433,1856453,1918599,2167905,1985199,1829944,1949756,1818194,2424999,1772851,1904341,2065472,1978489,1877327,2268732,1617427,1811466,1876997,2041126,1839057,1910451,1998111,1835579,1599124,
198,2012430,2025180,1904130,2093372,1862364,4515655,4449574,1744820,2051575,1779404,2027854,1753623,2135126,1909001,1579793,1807564,1931908,1720559,1674177,1946922,1916180,2082440,2018758,1711307,1942468,1969033,1938496,1895131,2030359,1759817,1904975,1703920,2026846,1853290,2038442,1779147,2080423,1909245,1714600,1406198,1929554,1851904,1914708,2159389,1983196,1822755,1945972,1809192,2419147,1759842,1896299,2062789,1972333,1869944,2258793,1616126,1801766,1869286,2031409,1833653,1904165,1994926,1830940,1593520,
199,2006601,2017836,1899953,2088265,1861394,4437380,4273463,1739350,2046022,1771314,2021246,1749102,2128953,1907421,1574254,1804440,1925470,1718481,1672596,1945327,1861911,2077789,2010236,1708009,1937736,1962299,1939231,1890628,2027174,1755532,1897486,1695342,2017636,1851805,2032863,1775844,2076173,1901241,1710852,1403907,1919125,1848879,1911935,2152384,1974455,1821959,1941638,1807063,2408854,1755115,1888405,2054934,1964543,1863883,2254046,1611310,1794633,1864560,2029513,1832030,1902548,1986503,1829625,1591991,
200,2002320,2014344,1893937,2083810,1854988,4228950,3768579,1736827,2037274,1768783,2013496,1745963,2121180,1898854,1571404,1797474,1919904,1713526,1664577,1939276,1858464,2073554,2006243,1701492,1931059,1958528,1937507,1886092,2022210,1752606,1893529,1695302,2016130,1843843,2023600,1769154,2069970,1896957,1703439,1400872,1917815,1845622,1905190,2147295,1971196,1818711,1930847,1805947,2402248,1749313,1884212,2052778,1959293,1859137,2244384,1608528,1791745,1863170,2022785,1825017,1897037,1977315,1823897,1587123,
201,1996937,2009164,1890515,2071972,1848857,3684267,2808360,1734376,2037658,1759529,2010185,1744646,2116685,1895140,1567491,1793621,1916872,1706852,1660896,1938415,1853406,2064818,2002662,1695747,1930162,1954167,1927260,1880153,2017448,1740904,1890443,1690609,2008435,1842936,2020669,1764570,2066394,1887853,1700896,1396313,1909859,1838660,1898893,2146884,1961955,1810852,1926180,1799870,2395785,1744817,1884840,2050850,1951689,1854559,2241391,1607449,1784121,1855893,2017275,1822208,1888463,1975809,1819072,1587844,
202,1990287,2000258,1884022,2070485,1840039,2664066,1699198,1731977,2026272,1758505,2002486,1733071,2110388,1889231,1559842,1786407,1910280,1702205,1655240,1931759,1852014,2059599,1994201,1689608,1919415,1944036,1920068,1874282,2010182,1737933,1886510,1684975,2006238,1833746,2012140,1758740,2059125,1879436,1692105,1394813,1903077,1835329,1896676,2137652,1955248,1805428,1918691,1798471,2369971,1740739,1874750,2040833,1946243,1851603,2237423,1604859,1781020,1850463,2008820,1816634,1884307,1973320,1810594,1585499,
203,1985463,1992173,1878114,2059796,1834636,1717407,1106443,1728568,2022079,1754019,1999585,1729495,2102053,1882590,1556102,1781133,1902903,1697856,1651799,1926554,1848413,2050266,1990150,1685660,1913315,1940731,1913014,1868576,2003145,1731251,1880824,1678543,1996469,1828290,2009435,1753869,2043998,1874411,1686251,1392563,1897388,1828123,1889737,2130690,1948178,1799395,1912416,1794239,2356619,1736744,1869910,2034505,1942745,1844770,2229347,1601599,1775677,1847403,2005913,1810252,1880880,1967433,1806196,1584857,
204,1978734,1989369,1870894,2057723,1830616,1167143,889885,1726238,2015733,1745254,1991646,1726746,2097160,1875767,1553042,1777630,1892701,1686725,1647688,1915886,1837256,2055610,1985837,1682193,1908911,1934489,1910560,1861858,2002441,1730519,1872887,1675033,1993136,1824846,1999405,1748361,2045734,1872125,1683497,1389228,1891809,1822494,1884216,2124352,1944996,1795779,1909229,1791497,2348761,1730941,1866551,2026527,1939036,1839397,2223987,1601061,1768924,1838950,1995739,1802293,1873617,1960349,1802159,1582941,
205,1970994,1982525,1864467,2045683,1819677,906300,812358,1720428,2010312,1734862,1983491,1723091,2089837,1866359,1546909,1773244,1887794,1683328,1640348,1914368,1833260,2043396,1976710,1678986,1902299,1931075,1906155,1859117,1992801,1725838,1864498,1668605,1989112,1818820,1996013,1745169,2036831,1860329,1675428,1388612,1886468,1818681,1880194,2118512,1946994,1789417,1901463,1786527,2353977,1725808,1858404,2021507,1931741,1835268,2220442,1593624,1765989,1833849,1992053,1801142,1870631,1954282,1795034,1580820,
206,1967534,1975253,1857514,2040856,1815303,812532,781744,1717574,2004472,1736322,1978535,1715102,2078633,1862880,1538925,1763126,1882610,1678946,1636173,1907414,1825406,2036979,1967748,1672538,1893941,1924233,1896882,1851795,1985301,1719582,1859666,1664007,1978269,1812573,1988143,1737669,2030201,1850297,1667649,1384923,1877643,1812602,1874457,2112197,1938066,1780786,1895604,1784579,2332218,1719377,1854723,2020071,1925417,1828069,2209815,1592933,1758665,1824464,1984441,1793252,1862206,1943822,1789158,1576606,
207,1962243,1967443,1855663,2037019,1805261,784251,768267,1714154,1998804,1723491,1973222,1709852,2070994,1853468,1538039,1757374,1878024,1674530,1632358,1901680,1818503,2033662,1955048,1665001,1889242,1919191,1890470,1845008,1973980,1710317,1851578,1654668,1976276,1808665,1983760,1731906,2032312,1839602,1657564,1379575,1874362,1811478,1867649,2104756,1929259,1772757,1885451,1779276,2334903,1712520,1849305,2012914,1915000,1819156,2203816,1589106,1752420,1820826,1978998,1785499,1855221,1940656,1779770,1572148,
208,1953359,1960720,1846552,2027167,1794510,763460,751543,1707572,1991581,1701681,1964122,1705298,2060916,1845553,1521988,1747278,1869997,1667557,1625008,1894394,1809044,2020804,1949820,1655244,1879911,1912857,1887896,1838293,1965435,1700967,1843533,1644112,1967537,1801185,1977476,1730196,2016168,1830287,1652733,1375436,1865981,1802290,1862172,2096356,1917209,1758134,1874441,1769906,2310611,1706328,1841502,2003654,1906441,1810757,2189976,1583647,1746050,1814806,1966161,1779453,1844227,1931861,1771166,1568258,
209,1948354,1954851,1840784,2019722,1789731,750571,739253,1705534,1987434,1703905,1960168,1699386,2052292,1838424,1518407,1738138,1867923,1663070,1623218,1888864,1801073,2011829,1941023,1646864,1873211,1905514,1882072,1830542,1951583,1692208,1828756,1635031,1961648,1796976,1976206,1726863,2007947,1819623,1642214,1372197,1862094,1798917,1857373,2093101,1910960,1749999,1867926,1768604,2294241,1699060,1833953,1996449,1898376,1803133,2181231,1580538,1738499,1806445,1962832,1774904,1835634,1920163,1764487,1563111,
210,1943555,1951074,1835832,2015793,1781040,737257,726354,1699332,1981568,1697642,1955356,1697664,2040279,1828303,1513329,1729324,1856279,1655094,1612314,1882322,1790292,2000781,1929380,1640824,1869947,1896398,1874375,1822747,1944110,1683146,1821921,1627166,1957100,1794606,1968778,1719552,1994173,1817918,1636809,1365032,1853468,1790653,1850533,2082179,1898388,1744330,1857512,1758985,2279144,1696664,1826134,1986293,1886260,1792916,2166203,1574969,1732781,1792683,1953702,1762112,1828656,1908781,1753678,1560930,
211,1936988,1946127,1826967,2002571,1777851,725936,715088,1693786,1974423,1696218,1944834,1691662,2035946,1822651,1507917,1729179,1848987,1650941,1604042,1876931,1781201,1989632,1920516,1630880,1860376,1892232,1867386,1815854,1936816,1675712,1813362,1622445,1948856,1783958,1962796,1714769,1976931,1807811,1629838,1365644,1847813,1782615,1848892,2077570,1894718,1734504,1848260,1756915,2269323,1688202,1816745,1983781,1877820,1784751,2158872,1569841,1721860,1788070,1949386,1756188,1818156,1903656,1749771,1555509,
212,1930103,1936832,1817949,1992486,1772042,713815,703054,1688898,1964853,1686345,1935655,1685506,2028306,1813983,1501520,1719763,1841208,1644029,1597095,1866995,1776320,1981757,1911926,1625490,1853567,1885015,1859246,1805808,1928283,1669442,1803516,1615511,1941350,1777880,1954119,1705587,1964726,1804463,1624694,1360433,1837899,1776065,1841016,2067346,1882746,1733084,1844121,1752122,2258931,1679585,1811405,1973289,1869744,1776819,2148793,1565685,1711565,1780903,1934225,1747482,1807953,1890808,1740889,1548237,
213,1923564,1927051,1807645,1981513,1766400,701794,690771,1684581,1954602,1695879,1929083,1671756,2018541,1810950,1495464,1714519,1833088,1638275,1591723,1859474,1767480,1966719,1905393,1619464,1844666,1876460,1854036,1800785,1917669,1662769,1794780,1608287,1931808,1769158,1942049,1700247,1958870,1793594,1615078,1357793,1829522,1766890,1828735,2057956,1879795,1724125,1834928,1748361,2244643,1673106,1801820,1960153,1865835,1769085,2141180,1562225,1704357,1773747,1926393,1740027,1802947,1887498,1733123,1546374,
214,1914023,1920760,1799216,1970279,1757421,689061,677481,1680833,1950100,1686962,1920234,1668222,2010654,1801550,1487056,1704293,1825268,1630835,1583715,1853131,1757323,1962512,1896392,1612328,1836488,1867767,1845530,1791301,1912794,1656567,1788466,1603380,1923752,1759427,1933835,1690468,1952388,1788794,1608749,1354140,1817868,1761787,1820905,2045354,1867022,1715607,1824670,1742820,2233323,1663734,1794186,1952868,1856158,1764540,2134533,1558071,1696809,1764089,1917859,1729764,1795471,1882068,1723426,1543970,
215,1904766,1910038,1789632,1961056,1748373,676387,663655,1678433,1937980,1677679,1906078,1663447,2002487,1796725,1481518,1697891,1818654,1623337,1577802,1844628,1751506,1957899,1886582,1608332,1826531,1858154,1838375,1784101,1904780,1650592,1781478,1595215,1912199,1752491,1923792,1686122,1940509,1782133,1602245,1352869,1811217,1754586,1812163,2036805,1854919,1708571,1819771,1737715,2229107,1656767,1785791,1945150,1851353,1758435,2126633,1555456,1688093,1759006,1911047,1727216,1787424,1872508,1717409,1541509,
216,1895950,1901076,1791083,1955207,1741109,669575,655340,1674695,1932300,1674118,1901340,1651303,1994499,1786993,1475600,1691813,1811799,1618594,1570233,1835295,1744649,1950602,1883300,1599510,1818016,1855465,1830974,1779214,1895733,1641366,1772889,1590879,1905364,1743195,1915786,1678625,1932568,1774726,1593392,1348166,1803507,1747432,1805443,2028602,1849475,1700764,1814179,1730823,2217025,1648897,1780624,1937649,1838530,1750940,2115245,1549151,1685636,1753842,1905049,1717265,1778282,1866103,1710909,1536504,
217,1889718,1892618,1778372,1944938,1730714,648984,633701,1674027,1921725,1668156,1893160,1645584,1983638,1778629,1469849,1687138,1806958,1608044,1564490,1827585,1738200,1942285,1871394,1592327,1810459,1847134,1820126,1770235,1887781,1636853,1764479,1578799,1899065,1738803,1907561,1668822,1926181,1765845,1585076,1348141,1795612,1746158,1797034,2022523,1838253,1619128,1804240,1727877,2208120,1643088,1771059,1927121,1835193,1744057,2108364,1548680,1677954,1745506,1891717,1711920,1774545,1859439,1703190,1529646,
218,1879326,1884066,1768369,1935113,1713282,630956,614843,1667242,1912380,1660028,1882771,1643273,1963516,1770525,1456403,1677243,1796152,1604541,1558269,1821277,1730853,1932587,1860429,1584900,1802049,1840910,1816316,1762992,1860864,1615977,1742080,1548960,1888474,1732256,1895360,1661981,1912157,1742884,1566911,1343344,1786637,1733992,1787352,2011930,1823863,1613017,1794365,1724858,2200723,1633928,1766310,1920500,1827500,1734487,2099122,1544552,1667640,1735277,1885399,1703745,1765192,1849590,1693229,1528648,
219,1869415,1875744,1761203,1929728,1665563,614383,596526,1662695,1906514,1653216,1876428,1638757,1890239,1752082,1413077,1658944,1790082,1594585,1553921,1814556,1724724,1914639,1840430,1563659,1796644,1834427,1806919,1757436,1774749,1554592,1663439,1455238,1881890,1723917,1889218,1655751,1888893,1675621,1500255,1340236,1780796,1728507,1781955,2003951,1795160,1422030,1786481,1724023,2185674,1623022,1756081,1908628,1818258,1724129,2077258,1542865,1661848,1730785,1880639,1697381,1742854,1845141,1672722,1527435,
220,1862269,1866873,1755398,1919945,1532691,596681,575069,1657888,1899213,1645285,1866492,1628630,1714477,1698661,1297828,1613337,1781303,1591863,1544211,1806569,1705282,1866983,1786128,1496806,1788928,1826346,1801671,1749445,1566137,1394600,1477878,1258671,1870059,1716757,1883697,1649827,1833503,1513694,1339975,1338150,1774345,1721389,1776065,1995637,1715080,1109199,1769156,1715736,2175331,1617656,1752150,1902792,1789447,1688828,2031842,1534946,1655435,1719161,1872002,1689016,1683920,1824539,1618652,1522770,
221,1855347,1859177,1745158,1912355,1235128,571356,538043,1651534,1893334,1639477,1860669,1616858,1323398,1525561,1036406,1447888,1766665,1583145,1537830,1797482,1652349,1717438,1617355,1312690,1780200,1819092,1793427,1741696,1181433,1083554,1122934,923466,1867203,1710388,1876158,1643946,1648346,1176594,1027907,1334097,1768360,1715254,1769432,1987100,1481793,726687,1697835,1713659,2162182,1610755,1744560,1893544,1698911,1570053,1887774,1523673,1647313,1706455,1859825,1683978,1497305,1761679,1449528,1518672,
222,1851070,1845191,1736089,1883939,813504,525898,466258,1635218,1884995,1631765,1850271,1610264,830490,1139683,664322,1076330,1712544,1578183,1522508,1793798,1469551,1364045,1245970,956244,1768224,1813545,1784818,1733690,741367,693908,705677,571049,1854632,1700046,1866825,1636231,1241469,743413,645309,1322050,1756264,1708388,1760756,1978270,1065288,453927,1478018,1704131,2098813,1596725,1735938,1885410,1444411,1265263,1517924,1464309,1638597,1670201,1852810,1674347,1121964,1559248,1102912,1511585,
223,1845263,1808623,1726428,1809300,523233,451405,369257,1572449,1875732,1622626,1841143,1591528,537378,732321,413560,684617,1563258,1568558,1483668,1780081,1139725,939666,832948,615853,1741587,1803136,1781578,1717894,493861,451223,464559,380631,1825716,1675195,1857763,1628812,815394,479618,416441,1287577,1739749,1687196,1749400,1965556,680329,347573,1099914,1663128,1946686,1567279,1727775,1867750,1051653,870039,1045326,1297760,1620656,1569041,1840883,1662925,737108,1201633,736441,1485996,
224,1828491,1580110,1620757,1453345,347261,309554,230391,1199104,1852827,1561769,1820228,1488322,383176,402889,274573,370191,1052743,1524123,1252860,1734608,586052,492581,449360,348783,1553113,1752587,1756258,1591966,362875,314847,332649,282793,1663650,1525831,1839099,1584373,473739,337562,297210,1031237,1628920,1571405,1675237,1900567,400749,297396,553982,1381415,1390793,1406237,1686329,1758568,529910,446792,528578,776844,1520915,1174313,1800174,1598547,407769,612810,405935,1290096,
225,1802756,1227757,1405438,1050914,317362,238413,186856,834890,1795063,1411570,1762450,1266671,357071,345910,252331,318290,678068,1400439,940942,1615545,420794,399966,374756,302761,1233442,1620489,1697680,1342015,339976,292620,308709,265578,1379372,1259237,1789680,1475872,412998,314984,277764,734154,1406018,1335563,1493090,1737352,351785,288123,415771,1025514,938084,1134418,1584221,1525988,404793,359343,423590,505879,1309194,806761,1691234,1447325,346744,439190,343142,994220,
226,1683236,748864,972133,636943,303374,189398,166496,532909,1577590,1045106,1556126,866339,346145,317576,242307,292015,421221,1058170,568730,1268303,350751,359251,337534,278679,765375,1263691,1478110,901576,329082,280907,296738,258113,843505,828873,1596191,1163303,378143,303299,268998,461467,977534,905587,1080804,1314892,327920,283768,356912,656348,584665,721106,1261929,1060410,351154,324556,382249,367378,957461,486769,1370328,1080121,319090,365461,314017,641769,
227,1418328,490643,629231,464202,297595,168633,158990,405397,1217630,690919,1212709,562006,341257,304319,238646,279820,345096,702791,385858,868164,319028,341365,319112,270364,503350,868708,1119875,591915,324090,276768,291824,254114,592432,541439,1257974,802601,361695,298685,266047,341205,642561,589134,709629,886577,318925,280763,326832,468322,467852,473071,887815,689613,327986,308585,366778,317775,568536,368906,967462,727139,307740,332970,302648,432733,
228,963748,371865,420835,389252,296282,160490,155321,356512,766204,430510,772311,381894,337660,300241,235360,274784,314999,432131,303787,525391,300803,334026,310893,266063,382211,541698,688203,418928,321212,274581,288885,251793,411121,381607,799418,488066,354314,295807,263329,296682,432238,403227,451417,555111,317014,279678,311663,394364,416628,346850,551990,466063,315134,301982,361595,290329,382242,322003,592136,465736,303655,318839,297810,344490,
229,625956,336322,352600,361282,293745,155041,151436,324381,528411,338095,525122,322662,335499,296367,232935,272092,305580,339563,276936,392553,290356,328518,306426,261409,342520,419489,464013,363355,318955,271865,286690,250008,357676,330744,533441,362863,350638,292224,261521,269223,363513,343511,364540,431822,313519,277018,302603,355791,398176,306480,418367,392436,309227,299820,357197,266286,322968,307046,434930,375428,300539,309657,294777,301842,
230,434723,320190,317783,347683,290162,150950,147865,296758,415777,297597,402322,295106,332284,292943,231490,268760,301841,297128,263497,337724,285000,324337,304245,260352,320458,363779,364023,327341,316142,269862,283164,248390,333303,303757,405290,310293,347769,290114,259392,243774,329784,309865,326931,375383,307948,274677,298089,324486,388930,286063,355109,358875,304400,295720,353591,247254,289919,299056,366532,330854,297026,305170,291528,273507,
231,373745,313910,303539,342537,288482,147465,144555,277741,376624,279900,359847,285879,328452,291009,230540,266205,299108,279788,257317,315376,281021,322200,300708,257358,314130,337243,330296,310284,314669,267679,281951,245342,323752,293078,362598,290386,344133,289817,257319,228139,316558,292353,312545,350217,305807,271730,294328,298386,385840,280125,327097,344602,301308,293407,351073,238685,275550,296757,342346,309942,294735,302531,289392,251860,
232,341763,310466,296021,338283,284922,145034,142132,265996,345741,271688,333984,281269,327745,289756,227438,264098,295692,271554,255765,306912,279672,320594,297523,256058,309958,319636,313221,301241,312235,266178,279473,243687,320274,286883,339278,280154,341602,285412,255450,217965,311440,285718,305144,335286,303845,270437,292639,283898,384151,276328,309379,339147,298677,290540,348742,233814,269295,293805,328823,300794,292137,299954,286475,237456,
233,325585,308431,292688,335720,283547,141403,138555,262389,329755,269354,319563,278786,324683,287143,225662,261415,293652,268680,253877,303427,277401,318506,295878,253896,307037,310381,306629,297494,309091,264003,276568,243028,316857,284427,326244,276576,337644,283856,253228,214655,306909,283076,302525,331645,302176,268985,290210,276393,375269,272164,300669,336709,297409,287452,345685,232576,266453,291229,324337,296522,289956,299137,285384,230318,
234,316267,305632,289245,332056,281723,138216,135214,258758,320156,265993,312704,276048,321579,285193,224330,260036,291112,265973,251181,300577,274391,315208,293480,251808,304105,307405,302468,294849,306503,260969,274828,240107,313128,282891,320487,274863,334497,281184,249791,212072,304692,279090,298962,325283,299524,266991,287676,272668,374717,270417,296046,333515,294274,285904,341900,230471,263140,288198,321038,293456,288530,294946,281914,226942,
235,312616,303580,287280,329026,278877,134987,131965,257250,316282,264037,309272,274758,318997,282282,222123,258363,289863,262484,248477,298066,272193,314431,291495,249934,301403,303658,299108,291990,304261,259988,272110,238637,311504,279892,316577,273320,331984,280170,248628,210261,301855,276804,296911,323056,297111,265029,285650,269716,371593,268145,293809,329816,291639,283888,340070,229073,260637,287047,317487,290692,286750,293391,280845,225827,
236,309758,301103,284449,327664,277061,131396,128246,254986,312702,261413,306489,272101,317501,279054,220704,255764,286230,259870,246624,294984,269792,310432,289809,248208,298735,300932,296300,287402,302650,257426,271006,236959,308279,277324,312806,269365,329929,276696,246658,209060,299243,274803,294544,320213,295427,262339,282268,268339,368325,264860,290219,326097,290143,282853,338357,227692,258453,283860,315394,287220,283216,290892,278486,223072,
237,307279,297403,282056,324002,275663,127826,124357,252736,308794,259208,304041,268556,315302,278687,219275,254535,284695,256922,244780,292283,268097,308692,287195,246425,296904,298082,293916,286583,300773,256019,268978,234797,307778,274344,311025,268028,326567,276303,245780,208791,294938,272094,292151,318993,292994,261011,280525,266278,365812,263519,287931,324926,287201,280471,336557,226628,255507,282274,312303,285985,281719,288955,276043,222585,
238,304423,296326,278770,320966,273894,124050,120586,251792,307300,255742,300203,266310,312073,275906,217283,252803,281329,255339,242288,290459,266739,305155,285213,244544,292646,296768,290967,284555,297637,253458,266230,232951,304286,272459,306174,265809,324338,272966,243180,205708,293938,269043,290187,314386,291000,257406,277700,264485,363201,260225,284855,321435,285421,277405,332617,224393,252936,280343,308777,282505,280594,286054,273587,220443,
239,302248,293646,276861,317669,271416,120761,117082,250472,306030,253427,297911,264711,308705,273961,215593,248991,279600,252931,240146,287609,264012,303687,281947,242178,290616,293886,288975,280240,295718,252400,264497,232214,301917,270424,305003,264065,321314,270886,240917,205240,290768,267998,287067,312991,288681,255754,275425,262820,360891,259438,282142,319011,282307,275894,329705,223114,250938,278478,305945,280809,278525,284400,271879,218841,
240,298649,290710,274287,317418,268723,115376,111240,248136,302031,251254,294809,263223,306338,271160,214267,248178,278290,250524,239923,284317,262459,300922,279700,241166,289415,290868,286686,278914,293435,249801,262526,228746,300331,268989,302040,260805,318782,268540,238770,203819,288130,265605,284956,308746,285797,252953,272481,260353,357729,256858,280543,315713,280817,273337,327931,221480,248118,277200,304319,277369,275788,283051,268790,217328,
241,296837,290048,271400,313437,268091,111140,106282,247201,300879,247929,292165,261338,305133,268626,212526,246542,274825,248394,237444,282760,259794,298209,278047,237989,285809,290195,284671,276345,290210,247159,260026,227393,297327,266671,300896,258001,317680,266387,236821,202465,287502,263377,282786,306481,283267,252232,269963,258792,353135,254108,277824,314089,277940,270982,325306,219904,247172,273550,302018,275787,273945,280195,267297,214744,
242,293745,286799,270405,311304,265298,104207,97154,244841,297456,247349,289624,258668,301811,267065,209454,244596,272782,247711,235573,280561,256977,294757,275179,236402,285318,286891,282975,274102,288391,246391,257397,225646,294543,265187,298539,257313,314232,264280,236455,201553,283963,261827,282006,305137,280183,248719,268578,257551,350069,252647,275606,311050,274941,270518,322677,219191,244296,271132,299708,273944,271563,278497,266099,214474,
243,291745,284770,268979,308288,263739,94287,84637,243228,294139,245881,288381,257305,299345,265034,208217,242375,271251,246126,231693,277879,254944,293280,273157,234477,281997,284496,280588,272682,285992,243844,255983,223850,293530,261607,294851,255760,311824,263151,233990,200100,282147,259489,278472,302342,280123,246650,265796,254883,348093,250434,272991,309409,275093,266922,319692,216227,242948,268984,296185,272139,268852,277592,263357,213171,
244,289894,282761,265337,305224,261223,82561,71443,242495,292186,243581,284850,254893,297434,263400,206086,241028,268264,243293,230906,276435,253378,291296,271346,233096,280523,282054,276553,270202,282797,242364,253987,221775,289980,260357,292449,252791,308467,260143,231793,198486,280045,257991,277876,299023,276885,246568,264514,254141,344366,247863,271200,306099,272178,265387,318330,215698,240100,267258,294314,268972,266918,274487,262046,212152,
245,286623,281206,264515,304318,259635,70340,58570,240284,289461,242535,282746,252458,295753,261041,204206,238020,266543,241351,229054,274628,251945,288678,269418,230683,278663,279137,276783,267685,282336,239714,250275,220242,288999,258079,290754,251080,307781,258009,229836,197519,278330,256702,273759,297914,275635,243351,261545,253852,342467,247571,268963,304564,268626,264410,315904,214264,238712,265219,292297,267600,264687,272077,260260,210002,
246,284563,277998,262323,301657,257436,58377,47108,239663,286850,240432,280800,251565,292079,259027,203335,237344,265197,239825,226888,271674,249289,287116,266887,230084,275530,277665,273585,266152,278979,238069,249023,218084,285917,254859,288298,248845,305364,255595,227482,196539,275369,254440,273182,294385,272641,241909,259587,251555,338671,245061,266596,301529,269945,262299,312425,213000,235401,263273,289682,265255,263093,270824,257088,209048,
247,284553,276029,259278,299212,254887,49599,41003,237678,285173,237970,278791,249019,290541,256618,201022,234378,262018,236718,225332,269800,246445,283544,264218,227425,272310,275843,271388,263795,276145,235465,246693,215242,283698,254809,286089,248202,301241,254119,225430,194479,273156,253159,270328,291744,270559,238266,257779,248860,335430,243318,264949,299153,265078,258556,310093,211478,233955,260122,288618,263672,260612,266606,255426,207530,
248,280984,273842,257926,296985,252275,42290,37509,236301,283435,235781,276076,247343,287042,253781,198960,232253,260936,235485,223055,268146,244840,280781,261560,226206,271563,272524,268030,260924,273925,232576,243644,212773,281649,252945,284887,245621,297830,250254,222561,192792,270754,250397,268236,289850,266550,235208,254223,247045,332322,240032,262076,297477,263435,257102,307221,210781,231748,258819,286009,261119,257228,264635,253009,206693,
249,279385,272021,255865,294167,250202,38377,35888,234217,281208,234471,273750,244569,283311,251983,196481,230170,258782,233717,222255,265596,242716,279143,258889,222688,269564,271357,268029,259171,270121,230095,241038,210906,279557,249898,281454,244197,293417,248720,219885,192254,269782,248101,266440,286820,264089,232889,251651,244576,329662,237900,260216,296136,260813,255062,304882,208893,230925,256571,283252,259978,255282,263594,249979,205541,
250,276438,268942,252915,290771,246497,35714,34424,232100,278605,230955,271816,242660,279854,249046,193673,227740,255384,231201,219258,262830,239181,275580,255348,219693,265890,269781,264979,256911,267118,227256,237675,207667,277654,247675,280481,240708,291904,245245,216505,190698,265387,246130,264547,283852,261849,229559,249784,244054,324655,235356,258625,292505,257599,251312,300421,207221,227931,253105,280816,257573,252409,259589,246866,203428,
251,274006,266438,250995,288652,243638,34424,33538,231156,276794,230364,269435,240956,276951,246144,191472,224992,252905,230111,217642,261492,236197,273141,253608,217916,264576,268232,263814,254350,262767,224639,234023,204846,274252,245984,277730,240387,288698,241311,213758,189357,264678,244195,261941,281583,260858,226208,247248,242289,323287,233747,255788,289127,255232,249050,297070,205521,227284,251120,277840,254125,248934,257781,245241,201705,
252,271635,264024,248434,286504,240034,33840,32960,229649,274046,228038,267691,238754,273624,243923,189391,222193,249352,227214,215102,260181,235677,269436,250532,215186,260941,265042,260324,252451,261349,221486,231396,202592,271754,243091,275749,236602,284007,239149,211327,188366,262426,241690,258952,279577,257053,223075,244468,240946,319066,230939,253551,285358,253081,246454,293624,204199,223620,248871,276642,253174,246597,254437,241968,199971,
253,270256,259936,246424,282198,237074,33016,32210,227696,271911,225154,265254,236052,269002,240187,187282,219311,247262,224847,211593,256729,232055,265688,246580,213153,258995,263053,258542,249486,257379,218836,227129,198898,269644,240728,273330,235160,280342,236306,208885,187093,260111,239848,257241,276687,253484,220244,241539,239178,315661,229170,251282,283846,249318,244385,290559,201659,220989,244994,273806,251526,243155,251871,239203,198914,
254,266352,257875,242668,278101,235124,32151,31356,224780,268712,223575,262320,233302,265712,236317,182837,216186,243267,223614,209959,254003,229382,261165,244081,208666,254524,260335,256640,245946,252942,215400,224232,196585,265507,238034,269545,232390,274552,232850,205004,185006,256669,237367,255281,273638,249020,216613,239053,237152,311279,225723,248760,279768,245313,239508,285699,201290,218322,242636,270836,247593,240694,248821,236244,196217,
255,264616,254480,240118,275583,231879,31062,30288,223007,266354,220396,259339,231789,261773,233648,180624,213442,239537,220720,207507,251154,226411,258548,240083,206834,252206,257794,254504,242849,249924,212188,222384,194944,262619,235152,267983,230514,270916,228711,202914,182940,254057,234111,251899,270853,246318,212306,235232,234613,305386,222731,246941,276448,242779,236857,282528,197667,216214,239214,267508,245841,238559,245143,232621,195428,
256,262062,250833,237423,272845,226200,29577,28754,220236,263994,217831,257568,229032,255224,228970,176546,208139,236735,218075,205093,248439,222311,253664,234752,200897,250039,254823,251482,240906,243635,206425,214880,188467,260054,233108,265527,228296,265032,222531,197053,180706,251404,232966,248837,268132,240609,205546,230608,231611,303167,221531,245024,274604,237339,231319,275936,194818,214270,236734,264604,242328,231966,239996,227053,191942,
257,259459,248409,234072,269036,221484,28971,28147,218639,261192,215652,255196,225725,250801,224702,172386,205792,233877,216011,202772,245666,228818,249313,230904,198878,246729,252315,248773,237920,238237,201384,210582,183576,257519,230797,262920,224577,260943,217855,191844,179233,248266,229662,247093,265096,236305,196889,228210,229138,299931,218653,241526,270840,234077,228373,271215,194377,210396,233132,262733,239888,228784,235318,224283,190925,
258,255936,244526,231808,264655,216593,27743,26919,214994,256745,212506,251402,224829,244172,220134,166403,201379,228663,213095,199167,241677,225327,244518,226327,195663,242230,249163,245655,235484,230135,193809,201987,174662,252616,226704,259569,222545,255585,209532,183377,177488,243938,226484,243236,259509,231318,178319,223743,226467,293674,215902,237677,267663,230747,224566,265910,192038,207000,230523,259471,236748,223649,232287,219269,187478,
259,251766,241539,228851,260677,207623,26587,25670,212996,254466,210830,248211,219715,232692,215658,153410,196419,226489,210503,197301,239601,221914,240598,221552,189478,240494,245734,241417,231636,213423,180238,184976,158391,249416,224486,255961,219568,250244,193938,165931,176276,240505,223428,239815,256781,225320,148392,219236,223870,290122,211934,235162,264730,226153,221525,259940,188335,205313,226554,255955,235105,219730,229733,216297,186833,
260,249532,237772,225407,258003,194747,25915,24979,211745,252257,207397,244504,216512,209364,211225,133855,189491,220839,207058,192464,235830,217927,233102,215466,182556,236204,243100,238717,228430,189149,158456,160385,136207,245361,220853,251830,215996,241899,168872,141125,173931,238041,220613,236049,254239,213123,117057,215578,221688,284461,209741,232507,260186,222178,216827,250314,186755,201689,222977,252062,230563,213042,225272,210385,184486,
261,246987,233414,221123,254011,167872,25018,23993,209660,248702,204887,242734,214115,171241,198466,104483,173956,215069,204666,189276,233273,211507,221272,202399,165905,232818,239635,236358,225192,150858,126391,124831,104335,241410,217046,249366,214014,226786,131267,108207,171791,234055,217968,233491,249736,191873,88108,210171,219218,277345,205886,229204,255104,215939,205255,232152,184155,197824,218770,247867,228492,197560,219666,198251,182384,
262,244023,227901,218530,246797,129673,23534,22237,206374,245431,200238,237430,209964,125306,172377,75108,143071,198965,201882,185953,228461,201698,194604,175844,134965,227882,235699,233003,221857,111486,92987,91716,76636,237690,212597,245476,210813,193504,95547,79770,169238,229968,214713,228462,246483,154041,69846,197319,216735,266618,201283,225123,250910,201385,184390,197111,180510,193879,210044,242918,224193,168587,208184,172806,179996,
263,240632,222408,214396,240901,97748,21730,20051,202504,241565,196348,233698,206875,95888,137711,59415,108002,173157,198659,180474,225281,181440,158845,139414,102930,223952,233037,230475,218599,87161,73737,74064,61826,231916,209371,242168,206305,151875,75914,64991,167342,225818,211365,225459,241383,117568,62557,175413,213389,245640,196641,221867,245844,176847,152243,152773,178186,190021,195069,239522,220565,132831,186209,138040,177440,
264,238013,212901,209823,225690,77994,18979,17058,200149,238158,193299,231795,200232,80588,103921,51308,81006,135575,193662,168733,220052,149243,121269,106300,78309,215846,229935,225580,213930,75515,63212,65158,54803,221630,204535,239088,203411,116302,67071,57930,163860,219544,206323,220895,237111,90849,59234,140988,210105,207701,188234,217895,238564,142772,115712,115159,173697,182612,169089,235549,216522,100968,153049,105208,174267,
265,233861,192303,202051,201074,68355,16672,14820,195278,234774,187342,228142,191425,74433,80851,48160,66263,100153,190757,148558,215496,115308,94935,84162,64727,199772,225817,221489,208010,70588,58865,60258,51168,204571,195864,234048,199324,95405,62567,55331,161325,211057,201099,214202,232867,76274,57405,108547,206786,164115,172181,214227,225698,109119,88698,91909,163935,167874,135275,229114,212081,80523,117686,83155,171528,
266,228953,151447,181812,157552,63338,14725,12589,189158,230523,170023,222657,167937,71078,69461,46815,58889,75065,178378,114867,203512,88011,79410,71736,57918,163953,218609,217621,191616,67913,56812,58449,49972,169098,174463,229200,189034,85043,60843,53730,153216,189277,185801,198171,221067,69181,56886,84156,200743,119602,139048,207855,196119,84899,73548,80573,145020,137052,97160,214842,200547,70425,89643,71330,165478,
267,221566,114705,152749,121316,61538,13248,11139,174934,224812,143730,216491,137671,69576,63989,45751,55464,66534,158584,86816,181850,74451,72250,65249,54622,126482,206734,209145,166885,66323,55808,57016,49306,132329,143739,223215,170132,79258,59669,53191,139390,158451,163313,171325,199413,66492,55506,72079,188639,97688,105924,196561,158072,72630,66599,75730,117995,104106,77767,188651,180545,65477,74749,65257,154790,
268,209076,85062,113898,94010,60666,11857,10073,154757,214476,107355,200993,101705,69074,61307,45219,53819,62635,123124,67473,145595,68400,69220,62621,52946,93642,180219,190674,129750,64878,54942,56811,48740,97529,106412,208254,136385,77222,59060,52332,118891,119846,125396,130624,161514,64747,55473,66791,169660,86990,78750,171953,116140,67263,63766,73755,93680,76878,67222,147066,143870,63217,68114,62594,137149,
269,187634,72744,88174,82155,60098,10180,8961,125760,197196,82112,178569,79946,68058,60475,45018,53333,61250,94055,58958,110595,63377,67466,60918,52217,77666,148412,162823,100610,64641,54107,56124,48041,81107,83440,183468,106643,75519,58165,52075,93350,94953,97620,99846,125512,63882,55041,62809,140039,83407,66828,141141,93548,63906,61646,72201,73984,64184,63436,113256,111771,62239,64401,61761,111324,
270,147207,66381,71499,75238,58771,9186,8627,96305,160194,65650,139142,66403,67491,59728,44187,52221,59836,71427,53788,82565,60441,66216,59555,51635,68755,109688,121687,79604,63711,53786,55630,47700,71072,68643,141386,78357,75388,58007,50673,71875,76600,75119,78309,94000,62856,54354,60193,108748,80560,59559,103718,79503,62090,61236,71540,61927,57008,61501,86682,85648,61081,61873,60577,85365,
271,113970,64574,64895,72752,58194,8746,8395,78276,126320,58980,107711,61520,66929,58624,43670,51640,59511,62555,52351,70912,59053,66176,59336,51009,66237,89323,94032,70789,63155,53322,54982,47249,67269,62443,108940,66701,75027,57375,50751,60850,69811,66357,69298,80483,62458,53430,59062,87968,79153,57536,84412,73920,60933,60512,71163,55607,54092,60868,76387,73650,60655,61365,59922,67613,
272,86584,62930,61023,70349,57532,8274,8035,67369,95331,55396,83373,58896,65705,57731,43339,51389,58621,57705,51017,64950,58200,64946,58305,49948,63565,75293,74763,64976,62007,52302,53917,46618,65700,59796,84643,60500,74010,56571,50192,53766,65938,60652,65027,71914,61496,53076,57802,73990,77903,55872,71393,72175,59766,59139,69793,50841,51889,60026,70434,67452,60203,59640,58738,57353,
273,75396,62262,58836,69614,57255,8158,7913,61319,82195,53976,73381,57546,65491,57480,42384,50356,57811,55268,50526,62535,57504,64129,57330,49651,62981,69602,68107,62109,61785,52159,53305,45918,64831,58627,75386,58116,73527,55359,49627,49538,64010,58542,63143,67877,61017,52491,57582,66952,76504,54749,66575,70618,59372,58313,68481,47817,51299,59837,68021,64547,59267,59239,58449,52090,
274,68753,61588,58471,68549,56124,7929,7692,56883,72858,53417,67043,56668,64065,56503,42407,49606,57294,53668,49815,61223,56828,63222,56442,48965,62209,65652,63616,60540,61499,51270,52583,45602,63592,56900,69096,56324,71657,55281,48590,46111,62749,56892,61589,65675,60240,52159,56593,61481,76765,54554,62897,69583,58206,57809,68242,46667,50626,58478,66650,62537,58214,58509,57588,47835,
275,66021,60748,57542,68129,56219,7626,7411,54016,69029,52343,63538,55989,63814,56091,41747,49705,56962,53092,48850,60695,55515,62696,56766,48241,61423,63678,62523,59641,60517,50801,52284,44749,63054,56572,66187,55180,70125,54740,48076,44367,62055,55914,61399,65065,59728,51059,55973,58078,75843,53737,61005,68654,57529,57726,67241,45425,49989,58142,65849,61457,57597,57917,56835,45324,
276,63873,60381,56477,67044,55349,7426,7206,53174,65807,51842,61781,55540,62952,55574,41055,48628,55962,52840,48117,59697,55181,61678,55408,48546,61140,62832,60812,58716,59478,50391,51766,44704,62961,55646,64898,54774,70144,54090,48143,43248,60688,55365,59905,63599,59483,50864,55279,56478,74347,53328,59798,67336,57224,56906,66920,45391,49072,57181,64619,60314,56977,57401,56827,44043,
277,62916,59700,55868,67115,54786,7105,6897,52194,64602,51775,61264,55475,62026,54927,40989,48154,55700,52253,47863,58884,55007,61244,55196,47601,59745,61829,59987,57918,59357,49804,51077,44553,61840,55159,63718,54336,68846,53439,47934,42754,60794,54727,60283,63023,58572,49919,54963,55444,73811,52778,59530,66999,55953,56257,66105,44719,48441,56675,64181,60044,56900,56763,56168,43713,
278,61985,58866,55400,65740,53931,6948,6735,51233,62947,50752,59781,54510,61458,54010,40783,47843,54531,51484,47477,58194,53804,60961,54554,46953,59023,61066,59323,57003,58518,49020,50391,43340,61210,54791,63261,53380,68719,52764,47126,41878,59687,53718,59163,62430,57628,49414,54496,54189,73407,51845,58676,66397,55893,55766,65541,43984,47940,55924,63280,59204,56133,56385,54902,43271,
279,61389,58067,54794,65540,53050,6562,6327,50805,62572,49995,59679,53938,60745,53774,39542,47289,53820,50882,46990,57461,53422,59889,53770,46529,58406,59860,58388,56775,58087,48665,49626,43015,60378,53936,61916,52926,68090,52143,46125,41639,59608,53560,58485,61088,57227,49004,53737,53147,73299,51181,57682,65671,55487,55050,64831,43455,47252,55019,62614,58746,55366,55562,54996,42206,
280,60708,57663,53748,64499,52865,6349,6122,49594,61925,49828,58501,53509,59961,53494,39592,46521,53583,50382,45974,57121,53532,59489,53151,46004,58513,59640,57810,55968,57317,48047,49664,42905,60038,53563,61677,52679,67358,51622,45892,41087,58414,53296,57787,61166,56965,49218,52611,52620,72034,50841,57165,65130,54155,54277,64526,42926,46532,55006,62377,58477,54709,55133,54094,41973,
281,60211,56923,53748,63589,52895,5893,5637,49552,60807,49144,58209,52703,59337,52066,38877,46186,52942,50193,45630,56526,52255,58132,52692,45411,57809,59660,57543,55004,56361,47343,48583,42205,59014,52805,61263,51834,65750,51014,45582,41018,58354,52417,57338,60516,55783,47812,52280,51643,70715,50480,56816,64586,54048,54200,63147,42500,46584,54545,61604,57436,53916,54584,53770,41473,
282,59037,56258,52579,63205,51715,5682,5433,48865,60183,48004,57532,52552,59002,51881,38755,45806,52741,49605,45674,55339,51975,58366,52133,45049,56302,58177,56867,54913,55704,46860,48288,41394,58542,52029,60369,51471,64734,50379,44779,40485,57568,51969,56584,60138,55270,47396,51917,51739,69747,49374,56055,63427,53632,53423,62814,42540,45689,52941,60797,57225,53515,53717,52846,41138,
283,58814,55723,52436,62416,50923,5312,4961,48375,59092,48043,56910,51938,58265,51028,37945,45290,51797,48777,44858,55568,51316,57526,51377,44534,56264,57948,55803,54105,55016,46519,47587,41514,57861,51603,59626,50750,63176,49190,43831,40060,56711,51365,56105,59092,54796,46777,50958,51454,69253,49486,55255,62738,52893,52673,61927,42005,45361,53461,59508,56081,52924,53127,52587,40676,
284,58047,54577,51491,61528,50611,4869,4483,48581,59071,47432,56294,51101,57328,50451,37726,44575,51099,48154,44418,54073,50298,57076,51162,44260,55085,57273,55761,53469,54955,45768,47290,40877,57270,50937,58876,50525,62687,49617,43616,39407,55986,50392,55774,58155,54537,46291,50263,50842,67809,48566,54766,62242,52238,52176,61276,41394,44572,52376,58883,55600,52147,52520,51413,40050,
285,57149,54425,51547,61035,49672,4364,3993,47348,58380,46870,55980,49992,57136,50214,37142,44590,50468,47891,43791,53832,50230,56304,49664,43555,55091,56660,55455,52607,54316,45406,46402,40273,56656,50269,58208,49808,62109,48654,43198,39356,55237,49902,54901,57894,53524,45979,49895,50013,67872,47827,54020,61809,51815,51583,60782,41146,44579,51573,58565,54577,51546,52145,51630,39829,
286,57108,54110,50736,60291,49310,3922,3530,47185,57621,46424,54824,49950,56280,49127,36474,43154,49706,46968,43395,53333,49418,55097,49817,43319,53908,55765,54385,51640,52901,44631,45733,39705,56115,49838,57330,49149,60810,48081,42360,38914,54815,49135,53866,56859,52672,44997,49518,49709,66614,47370,53532,60500,51322,50776,59912,40563,43680,51139,58275,54169,51092,51664,50344,39255,
287,56191,53206,49905,59445,48661,3537,3075,46784,56626,45517,54264,49173,55421,48654,36047,42843,48783,46424,42858,52769,48961,54690,49057,42352,53339,55088,53581,51590,52253,43860,44753,39092,55356,48931,56568,48927,60283,46977,41768,38918,54321,49155,53338,56021,51944,43629,48796,49640,65641,46904,52801,60162,50172,50515,58939,40365,42951,50841,57156,53602,50402,50708,50374,39123,
288,55346,51944,49190,58912,47557,3073,2632,46231,56394,44912,53773,48497,53968,47877,35412,42347,48268,45798,41602,51678,47886,53218,48181,41483,52458,54338,53042,50617,50759,42969,43715,37683,54763,48483,55928,47992,59241,45940,40347,38346,53359,48510,53013,55577,51314,42810,48079,48766,65282,46446,52010,59144,49148,49235,57613,39411,42222,49752,56546,52752,49562,49908,49088,38564,
289,54854,52085,48676,57773,47059,2719,2370,45769,55954,44376,53062,47870,52992,46604,34472,41310,47882,45508,41425,51351,47235,52969,47358,40792,51656,53929,52340,50591,50448,41858,42979,37321,54082,47768,55094,47613,58934,44864,39945,37756,52725,47912,52387,55289,50493,41803,47089,47982,63664,45461,51401,59115,48966,48815,56866,39420,42132,49052,55944,53011,48982,48900,48004,38130,
290,54124,51047,47905,56959,45884,2457,2229,44836,54971,43954,52232,47519,52237,46187,33656,40394,46837,44668,41028,50595,46856,51548,46481,40162,51470,53200,51550,49753,49546,41329,42630,36235,53199,47163,54838,47055,57369,44088,38787,36980,51991,47245,51446,54200,49330,41436,46507,47512,62085,44774,50469,57667,48023,47589,55791,38760,41502,48286,54904,51649,48044,48587,47267,37570,
291,53374,50456,47082,56885,45140,2219,2105,44766,53743,43366,51301,47559,51469,45650,33234,40029,46134,44285,40124,49778,45749,50658,45804,39398,50616,52685,50919,48825,48152,40872,41727,35528,52430,46766,53854,46667,56881,43395,38372,36832,51264,46878,50924,53345,48122,40650,46194,46905,62036,44153,50233,56485,47667,47180,55320,38479,40854,47999,54298,51029,47378,47235,46560,37391,
292,52467,49839,46701,55288,44427,2085,1989,44751,53855,42587,50302,46599,49961,45195,32575,39345,45352,43528,39411,49435,45430,50059,45255,38666,49821,51948,50648,48343,47727,39766,40652,35160,51731,46196,53281,45680,55719,42542,37869,36155,50553,46291,50439,52162,47491,39583,45420,46643,60964,43468,49506,55864,46508,46421,54061,37788,40039,46999,53414,50375,46475,47159,46199,37018,
293,52461,48600,46386,54387,43550,2134,2070,43793,52861,42137,50091,45623,49027,43975,31864,38523,44589,43107,38932,48623,44520,49240,44100,37747,49289,51313,49915,47983,46436,39293,39802,34427,50894,45829,53216,44980,54688,41984,36970,36093,49671,45787,49525,52082,47063,38793,44386,45734,58911,42981,48270,55204,46135,45843,53445,37485,39153,46119,52759,49534,45371,46549,44926,36671,
294,50874,48084,45311,53520,42751,1954,1901,43124,52085,41287,49321,44984,48673,43234,31133,38135,43564,42604,38521,47854,43998,48342,43254,37275,48375,50534,49164,47008,46025,37876,39165,34011,49714,44512,52368,44397,53249,41147,35872,35810,49320,45027,49446,51130,46075,37795,43727,45421,57919,42391,48168,54658,45320,44951,52316,36894,38588,45424,52245,48941,45025,45640,44572,36055,
295,50666,47139,44696,52873,42091,1889,1828,42149,51616,40627,49217,43876,47491,42265,30189,37185,42901,41417,37484,47430,42935,47382,42220,36870,47752,49474,48654,46377,44414,37399,37814,33185,49353,44023,51980,43887,52400,40021,34887,35347,48509,44296,48278,50287,45050,36024,43102,44661,57329,41344,47165,53357,44330,43664,50888,36252,38190,44226,51274,48636,44231,44842,43988,35727,
296,50174,46294,43688,51796,40978,1839,1764,42288,51020,40484,48603,43853,46079,41930,29540,36479,41816,41506,37012,46384,42049,46674,41642,35828,46814,49290,48579,44928,43502,36033,36631,32020,48831,43572,50821,43105,51378,38795,33885,35150,47610,43468,47395,49575,44099,33500,41823,44126,56049,40631,47065,53016,43813,43004,50351,36259,37418,44239,50905,47636,43039,44313,43004,35277,
297,49667,45181,43270,50957,39834,1796,1733,41486,50376,39414,47677,42710,45085,40986,27704,35577,40721,40248,36269,45940,41623,45574,40633,35245,46232,48668,47101,44971,41914,34467,34950,29795,47867,42477,50456,42279,50015,36884,31340,34326,46527,42875,46428,48882,43148,30702,41299,43515,55310,39977,46475,51655,42789,42362,48943,35879,36719,42490,49445,46904,42372,43205,41994,35097,
298,48516,44452,42102,49828,38465,1674,1620,41237,49481,38965,46609,42345,41931,40189,24780,34552,39882,39611,35055,44792,40682,44957,39701,34160,44950,47408,46600,44021,38085,31275,31236,26661,46510,41616,49476,41741,48747,33291,27126,34064,45597,42307,45742,48020,41831,25080,40040,43185,54076,39183,45767,50589,41787,41773,47075,35023,35879,41815,48619,45847,41101,42313,40852,34400,
299,47811,43246,41111,49353,35840,1673,1617,40538,48139,37935,45966,40727,38096,38707,20867,33237,37857,38883,34484,43736,39584,43016,38212,32660,44164,47045,45615,43012,33631,27181,25992,22162,45564,41056,48065,41030,47059,27483,22754,33783,44749,41454,45361,46635,39558,20036,39245,42674,52661,38670,44926,49886,40914,40206,44950,34301,34977,40486,48052,45141,39868,41498,39777,33741,
