165,416754,409758,401720,475979,792834,449807,581969,1610040,486812,342144,442593,358402,805849,796686,413409,599196,396160,366525,357658,407641,845792,689003,959654,624124,436690,472575,422181,451206,743832,520940,646524,550064,406921,400199,452794,366058,882798,532652,440694,1092813,424422,403372,408664,470638,684033,650846,754792,1557496,526455,358098,419476,431685,813638,636010,604519,1479811,342762,382140,409279,407329,743047,697137,815142,915558,
166,439959,436230,425206,506594,1296862,626861,856451,2098514,560769,360097,474241,380083,1328186,1325030,547320,946499,417596,385838,378083,429939,1303978,1039054,1474743,993769,460875,532446,449024,504856,1188677,771883,1022944,882014,430386,427762,482863,387064,1340892,768302,584075,1335165,447787,436635,432831,502701,1080190,1055862,1153284,1800941,558376,379301,458133,455797,1294419,990123,781868,1792734,362301,403056,433188,432218,1183958,1074364,1278479,1310865,
167,466094,458917,454771,551209,1855685,900648,1157121,2286735,680605,379494,525274,398273,2028117,1988923,881155,1502676,437582,405955,401920,450476,1734800,1552492,1879854,1420308,488491,642286,476110,593445,1716585,1201800,1517892,1332142,452924,465388,530767,406860,1827452,1208028,903256,1405080,477481,492153,455411,542563,1584236,1548821,1630652,1845842,590214,398456,516550,478577,1833098,1494083,1184727,1891799,379033,421421,453456,470717,1688218,1578581,1712885,1560313,
168,512146,490274,516016,658141,2411836,1223507,1397160,1989933,920508,405450,629161,429369,2783139,2659368,1428839,2152750,467617,438956,450534,480494,1974348,1993614,2056949,1692458,541123,888693,536238,793821,2092777,1644617,1900577,1687419,481383,555863,629308,441248,2103168,1683855,1358963,1419328,532469,617304,493845,626463,1960477,1817870,1954685,1834440,660535,429621,633491,508423,2323339,1961537,1835047,1749179,407774,450012,476817,553717,2092775,2012835,1986481,1660401,
169,606048,564989,648001,899735,2488663,1423712,1528490,1831231,1332420,459107,842248,493803,2976147,2631698,2039072,2492176,517339,510297,558864,541252,2036512,2190495,2091247,1774696,666596,1345990,682210,1180141,2176868,1877159,2034364,1824698,533726,762241,850104,507946,2157119,1919418,1669622,1422042,658031,881517,577149,805836,2076975,1933528,2026748,1837905,825761,494867,867072,562802,2489356,2312202,2435823,1680923,465976,515761,524964,734692,2213502,2236306,2014137,1652077,
170,863296,828559,1015140,1460889,2139979,1573956,1693945,1819710,1833526,621421,1330443,707026,2504127,2191040,2194040,2135072,699045,736335,917945,741925,2016133,2191154,2095041,1788334,1052009,2046811,1107274,1804770,2131899,1877221,2003463,1800372,717252,1249480,1369280,725106,2154845,1963791,1763681,1432925,1026395,1436599,847023,1300385,2047060,1907814,2002711,1849762,1290588,693426,1360981,737276,2212817,2230861,2870836,1680638,624484,740704,668126,1161462,2067713,2172675,1952727,1639130,
171,1287067,1298010,1493373,1964201,2025470,1736231,2111719,1852976,2046751,935952,1780679,1084636,2316090,2061553,1860548,1943798,1119002,1157465,1455730,1148302,2022887,2181774,2118282,1806048,1654651,2655903,1682719,2347296,2135711,1845352,1997005,1794628,1089557,1718776,1878032,1123905,2182038,1973703,1784169,1446945,1538227,1933516,1324504,1782141,2048309,1923665,2008929,1865391,1902173,1050216,1774903,1079144,2097385,2036005,2678097,1702814,919826,1136333,954817,1590572,2023950,2113011,1953637,1653137,
172,1833515,1917272,1953498,2250225,2059015,2173892,3224568,1913896,2098432,1437137,2096012,1573929,2341087,2099568,1733087,1952528,1933280,1858846,2175595,1878162,2045184,2208373,2140186,1830376,2503914,2653107,2405397,2532339,2174085,1864630,2021741,1820480,1697030,2087498,2343349,1700738,2218425,2003066,1811551,1465578,2139040,2374350,2006743,2636692,2071257,1966080,2033346,1896738,2409698,1556702,1990489,1655360,2118208,2012665,2483798,1738407,1399973,1646039,1488805,1853802,2049439,2124118,1992228,1669305,
173,2145668,2242837,2061241,2212692,2189657,3732806,5861744,2036865,2105393,1749184,2128250,1818082,2489168,2249307,1775085,2051161,2673561,2400704,2329460,2562645,2083621,2259659,2201340,1886625,2819549,2278044,2697358,2203447,2257654,1923603,2077752,1884396,2105857,2073207,2402534,2145403,2325593,2068021,1889165,1520728,2423979,2245236,2538871,2946325,2120732,2073639,2094836,1974667,2495494,1818990,1957837,2068134,2194337,2079966,2479246,1809557,1694780,1867956,1894939,1870590,2121407,2172046,2066801,1698756,
174,2143854,2183922,1984547,2179180,3373307,7617234,9790786,3455140,2127377,1847899,2095533,1832637,3915806,3712844,3483601,3272685,2584864,2233231,1963203,2699499,2966570,3214691,3342879,3144268,2414539,2100757,2319561,2014711,3200039,2699939,2965115,2889157,2203476,1981553,2186087,2161725,3801105,3456346,3447003,3106408,2188972,2003614,2457896,2557863,3132023,3474704,3508136,3597631,2475917,1833803,1936075,2167596,3149799,2934470,3412845,2945635,1806050,1923149,2062319,1878223,3123413,3064149,3191130,2802354,
175,2107186,2167336,2001837,2246134,119645793,118407076,124294428,173251702,2190907,1863732,2143474,1838867,150880933,155385043,219342808,137601842,2253148,1968583,1853048,2307019,122446335,127830418,150502079,167330011,2211210,2144368,2151371,2050061,129840784,102958423,115423361,132164721,2203506,2044728,2213653,2017540,180674576,174541717,190809590,205213531,2143569,2032482,2235264,2409522,139201596,185952118,226080287,206564415,2520817,1828725,1962129,2137188,119199533,106936256,120263435,144259540,1828637,1953159,2075087,1902431,127607070,119018756,137335995,150157523,
176,2150912,2291112,2106738,2478110,229836637,185182153,179932378,269636131,2359640,1919238,2262030,1911356,225645755,236622252,244169150,226476928,2181338,1914601,1898563,2184547,197218675,208828592,231516724,264206731,2232554,2289553,2178400,2171147,209130678,180000553,184653404,195338483,2319362,2216876,2308807,2012096,199629289,198558052,213228943,224499731,2212359,2137610,2198939,2431801,199654786,224219963,234090862,243850555,2708970,1878986,2045732,2156911,220234554,191251043,198018081,241094993,1861993,2063364,2116791,1994103,221172799,207154224,257771228,226973303,
177,2281975,2585142,2350292,2921686,296036297,253214859,246694221,293173005,2678991,2051056,2506829,2129466,276128591,286371016,245186116,256966122,2299879,2016891,2055794,2256042,206055370,224220114,237379703,287258405,2411555,2496759,2322819,2353775,219586278,193656406,186364449,193773133,2562164,2547369,2505396,2112239,175462451,165851047,178641320,177078565,2409944,2344546,2315077,2571391,202112850,180069257,186875865,207887357,3061629,2043205,2242827,2260104,284823395,246670073,244291751,298567602,1952591,2278936,2236859,2178034,274521302,255320915,255225347,241379366,
178,4601396,5174063,4792185,5742023,339509250,294095812,314119705,337083247,6593801,4637362,4894941,4715077,326825398,340666571,285845256,295764874,5258899,5928023,5124028,4634477,206166181,216612467,212831158,295341283,5278706,5894246,4617180,5383545,221588941,190849464,178897938,191151345,6091734,5697844,5201619,4382281,152141825,159023406,163396712,162036004,4913001,4937073,4667772,5263327,349270074,167511447,179716526,198852263,7514777,5024095,4992176,4366411,331365076,285858569,284179117,326558649,5659820,6257624,4670561,6274599,292124616,271514044,267070266,246276572,
179,135897897,134640155,134568578,137829071,376632506,324073692,392265225,382659425,206164950,159554064,124884539,145744569,394374885,396904697,338551284,300657511,186352647,236946050,181576881,139792079,208422402,228718507,209573463,295215925,171430234,265707998,131202788,316579960,217932051,193251777,182533418,192758296,194067819,169605725,152100447,133293933,160216858,157566307,159372459,165269612,137463811,142032841,137261479,164989963,180465955,164469444,174516009,185755872,252970381,173518585,158394976,117802729,360938420,305507785,296142260,334662598,229985893,235602469,181164182,262746523,284073071,279143456,268948877,273329526,
180,176913079,178950886,175926228,177502611,399168260,333472993,379339694,431154024,221445231,187565498,164064934,177023383,443889122,451678930,401559608,377626029,251210821,250478363,222888333,172432424,208739525,225025170,211374645,283488127,204479818,214237438,172733054,205868189,214516037,198923508,184656856,194952687,217614082,209767357,216346351,178712362,158548499,158599717,163132740,167368120,180851736,192097034,188164121,214213148,194107155,164777408,172816958,176515624,230675992,192521409,187221522,121474550,378524144,329121360,308371935,360837597,165001508,231355982,206453882,218201347,316630224,286050957,278468280,238071797,
181,180534920,183622277,177807228,182204289,412695579,340365904,385043002,466936075,197080108,206819906,161331008,172372719,504812258,520010949,501943785,426616076,298000764,259015278,237147999,192345391,203571485,206415417,208841344,276928559,226503191,267248872,208320784,232006899,201877469,190279707,180913480,190108392,235948571,231441468,279391777,232802024,162332210,160233860,164658381,169563922,232929709,237412325,244018372,272205336,188446736,167375205,176694388,173564642,188325738,176613054,178147402,186836375,377824426,344895476,317960693,367801446,183227400,189349907,181266508,187323559,322309454,373878535,244962422,219401668,
182,192500093,188087493,173061194,178238923,416912145,345255926,393765517,493291739,215243099,212876931,182410650,172199862,558609080,581296936,599014539,522033324,282203129,277517147,267121444,217235766,154829350,195554771,202593462,257475244,274388517,253247662,260627146,275594945,182406639,176438768,169939073,181797064,263379275,235178905,330087523,278888340,158761653,157166085,158884633,161460565,274198391,273089452,288888272,277934690,171625402,161502119,163062441,166773522,153224519,302230995,169634524,194709997,362656001,357781263,322139440,346448743,172718708,171566861,169531605,171784816,312886960,284281967,228288403,277337373,
183,194346237,192222803,171528750,178906791,407159822,344240305,397193628,490809669,210934416,197486755,171850589,173517640,570147624,596095718,624886615,576068716,300796417,310671975,302869451,253249765,170753259,173680964,194834286,239297336,316469117,365261257,295148572,307556221,167501571,165991332,160625393,168794363,286475620,260411256,358103819,299276827,154935912,154346766,155894944,157998008,296200081,289051060,318169218,302016221,168213623,156508663,156434113,161190768,153247483,163089976,166435670,331436965,339714024,354667848,326014725,347654446,165674276,162829947,164947328,165037151,304611381,289190633,231618123,222352878,
184,171078879,196037623,170219585,176651762,394706412,344298487,390396201,486079572,209964302,199081291,183803473,171245084,582820206,583668154,614572000,573403876,331869230,350993215,341947617,287899678,164441891,165405939,187202930,228857541,358618770,379274681,319033118,336118986,163091420,159411767,156959096,166352610,295097971,272609541,375865807,313926109,154129434,153615887,154487290,155935962,311042104,301075195,345047383,320568448,157766407,159945077,155278272,158117395,161244842,160603211,163342943,200188980,329249663,346122539,332794173,325965054,162532371,160602527,161316707,159601355,292998585,282260010,220986645,209247541,
185,188634921,202521803,168377291,175138717,392581847,356968092,433915525,489126198,205934768,209385855,191769928,170322494,545838827,575232271,607922247,575649223,365381357,387258850,384270486,316367845,161471825,166392309,185320520,220108155,402605427,401744055,331882302,342290383,160943932,158606357,155381311,164280527,300188034,259033586,391346206,244366168,153356043,152998367,152776883,155756201,317251468,310004786,360111221,332878138,156728152,162227946,154690353,159414753,159373355,159745915,161319932,199717670,317373307,335944735,299683670,178585531,161302363,158837766,158490751,159896875,281113905,267752685,214139684,205393155,
186,195684512,207802415,171557200,169949627,406443206,392567026,457875199,491842389,204564853,202022043,108406422,169902830,677866464,572585263,601475047,591513293,403341783,417853497,426524180,350879200,159839947,164882213,175116413,210905510,430844542,415025354,338667210,480215915,157396484,165769575,154120038,162918041,305112583,268182159,417603032,329817762,152815576,152372355,152974382,153686586,320584237,317942816,302555493,340091994,155159677,161748976,153585280,157907454,158269582,159276486,161261438,185798866,323583828,432527234,402544684,321817678,159003943,157687075,157117050,158367968,268394165,257375139,214218856,207033481,
187,189510203,208750726,174503176,170720656,402087426,436101932,460577183,484491506,197707093,201925788,182408095,168103758,534965660,550509583,577380575,583128949,436005017,437386837,453226855,379434372,156293277,162393053,170530401,210996753,455270852,423121314,342982228,347046765,158268505,156437019,152677983,158968907,293810405,257887269,370030793,329355955,151520137,151203754,151653285,152266290,322075097,322116342,366950551,340480680,154290453,166232563,152229796,154583601,158228429,158770791,160584250,184807586,337587900,335681167,204376524,328586354,159578760,157659044,157621872,166085440,265261113,250539626,213088972,209882176,
188,189231344,206928415,172368120,172105452,446723635,423105559,411092548,433522657,203258646,191086382,182699654,169417540,478388788,482107075,505501350,509822412,466509529,455029621,471192381,412323170,141887714,146790545,188225574,183351491,471276415,436673954,352190715,354990601,143629003,143161110,140722673,149454842,282991991,261574449,384500972,327388819,139319992,139114899,139596993,139464923,323350427,325560476,360112853,356930562,142079795,150493613,140825186,141387507,156709942,166692509,160967277,182081903,332048720,317317458,310644404,312923428,158902255,156416224,156873421,159256509,245310080,227801398,195286945,193041041,
189,189566307,205733935,175615520,169096891,234340958,251158862,246460905,251583840,204983217,191404196,175583747,166299080,270665447,271800746,282453091,293150507,411910631,466783573,479973717,432740125,83101488,84603420,88475672,107748171,478442238,450135192,364363521,361492886,82556432,83412709,82243665,86693160,288509795,243408010,361907026,322041371,81637353,81271683,81432353,81099586,326583071,327190667,357028134,357583333,85077663,86005501,81962145,82654956,155591548,158601310,159630859,139653536,205451213,189284702,146722838,188099138,156186930,155603092,155480649,157045237,142222276,131125931,112048463,110253168,
190,180174710,197292955,171820448,165049033,47412183,45257928,43780148,42298441,201494426,174839731,298089179,150960186,44791891,44696413,46116962,48392840,449198632,459368759,481461549,437874903,15208966,15555469,16158983,18532427,475987779,449323524,374961737,371010762,16103462,15167966,15145040,15536631,273265920,250732370,374957752,296671121,15205410,14990140,14856323,14526023,319719650,318885087,352399758,354069275,15321891,15760136,15177608,15091076,152754687,154047217,155720050,178196572,28995149,34989346,31556436,33168685,151470867,150731810,151917706,154831966,25263386,23492753,19610394,18842836,
191,134541652,149949554,125351807,125102911,3528095,6240415,6147961,3135341,142527464,127262321,121288438,120484056,3617059,3381312,3113534,3418194,355045811,339401019,346964863,324287233,2475628,2626426,2570069,2340022,346466241,329466454,285365231,281178047,2569767,2280264,2428720,2239758,199394828,162718606,277626187,214120374,2629102,2418457,2231940,1899362,238892467,237008728,259753076,262311860,2500570,2368652,2467718,2316270,112503957,113012872,114092448,131008705,3239898,3145436,2833482,2763362,107159015,111479442,111688401,112792280,2896921,2786792,2500268,2226487,
192,17811180,20174125,16976278,16707708,1916768,4818308,4787186,1791671,18696280,17965063,16839541,15447127,2206240,1976068,1632870,1865335,42957951,44003130,43404770,42001672,2016010,2159360,2089512,1776950,43414317,42355302,38376393,37429243,2103623,1820705,1972803,1764504,25475639,22485177,35423159,29636582,2160208,1962149,1773841,1443348,32172836,31619515,33794633,35323623,2042612,1887094,2012111,1864957,16004685,15374903,15692364,17978132,2038702,1933078,2331113,1656335,16035634,15265986,15629740,15513402,1964345,2066002,1896865,1645607,
193,2721165,2738804,2579475,2747239,1911508,4790749,4756771,1785405,2766678,2456015,2689271,2378742,2201255,1970145,1624967,1864240,3749125,3515511,3417479,3653439,2010184,2152650,2077159,1767887,3679259,3697171,3557615,3475060,2098296,1814862,1966695,1762943,3027236,2099064,3432319,3007077,2168946,1962782,1771342,1438247,3289257,3165736,3325026,3671938,2042687,1882612,2009024,1857516,3015600,2373192,2514557,2750173,2031581,1928092,2327839,1654176,2413103,2475125,2651023,2439902,1958966,2060814,1893992,1642435,
194,2087889,2087110,1969500,2155307,1910717,4744330,4709042,1784569,2128109,1841017,2104303,1801723,2197822,1963837,1623535,1858900,1995096,1785304,1735695,2018218,2002560,2147460,2075122,1765348,2011547,2033017,2013174,1959174,2091100,1810693,1964783,1756120,2094387,1919805,2112043,1844210,2158484,1955441,1764823,1436830,1994586,1918574,1980482,2241422,2023040,1877589,2001085,1853802,2465405,1820089,1958745,2132479,2025532,1922687,2324861,1651593,1856943,1926444,2097151,1891850,1955518,2050136,1887036,1636515,
195,2072826,2080979,1964062,2153731,1905865,4720143,4685985,1780205,2114014,1835901,2092648,1796387,2192515,1959961,1621998,1855401,1983831,1768530,1725722,2002297,1998397,2143712,2072214,1762516,1998562,2021526,1995798,1948886,2086498,1808028,1960836,1752767,2081279,1910296,2097912,1830583,2171787,1953762,1760343,1434933,1978712,1907708,1966451,2228311,2026107,1876622,1994247,1850552,2456274,1810297,1949395,2122224,2021559,1919711,2319167,1649031,1849007,1922378,2086529,1885111,1951780,2046565,1885004,1631475,
196,2066035,2070131,1954283,2145131,1904791,4685481,4650474,1776634,2105621,1827101,2082036,1790377,2186739,1954404,1617562,1848443,1979504,1762070,1718733,1998142,1997112,2139493,2066305,1753814,1993144,2018927,1993911,1939344,2080427,1805023,1955846,1746589,2074605,1901290,2088107,1819817,2182909,1949562,1755929,1433334,1970989,1901721,1959714,2219854,2020796,1868022,1993549,1846237,2450662,1808118,1945316,2111799,2019156,1911989,2311089,1644456,1846454,1917186,2079787,1879353,1948109,2039701,1877785,1629480,
197,2059744,2071783,1945823,2140343,1898782,4649617,4609956,1773165,2098860,1814621,2076571,1782088,2182727,1950445,1612524,1845064,1975440,1758411,1714923,1992490,1986030,2135128,2066230,1747586,1922046,2008887,1984303,1936630,2076118,1797260,1948837,1738605,2068321,1899313,2079932,1816166,2175099,1947536,1751006,1432623,1967968,1895082,1956487,2211060,2021088,1861787,1985840,1845547,2439692,1801361,1936131,2109886,2013919,1908644,2308784,1645094,1841183,1911098,2072019,1871551,1944760,2043133,1871896,1624955,
198,2053171,2061614,1942377,2132652,1893801,4591409,4535663,1771119,2089120,1816697,2068236,1777290,2180427,1946590,1608648,1841350,1965007,1753184,1707636,1982006,1983559,2124898,2053984,1743421,1977640,2005001,1981953,1929209,2074777,1794465,1940869,1736244,2062425,1890530,2073304,1808698,2166740,1941040,1748704,1428782,1959365,1886731,1948417,2208311,2006010,1857659,1980595,1839087,2434203,1792433,1933127,2099905,2008552,1904407,2300729,1639138,1832345,1908267,2066547,1867843,1937450,2031785,1863318,1623954,
199,2044757,2060389,1937503,2127444,1892359,4541734,4427186,1767489,2081013,1806386,2060896,1776037,2170451,1944519,1604670,1838388,1962215,1748075,1704658,1979667,1975670,2122133,2047828,1742195,1977891,1999016,1974867,1924614,2065780,1788187,1938788,1732212,2058437,1887138,2068751,1806456,2162188,1938177,1745857,1425914,1957861,1879948,1946963,2198481,2003487,1855339,1975063,1835812,2429933,1786851,1928457,2092245,2001673,1901241,2293897,1636527,1829783,1901584,2064238,1863727,1932021,2027160,1857720,1619670,
200,2039114,2057823,1928217,2121759,1886632,4402175,4072040,1763789,2074038,1801338,2055215,1769962,2162455,1934174,1599141,1833469,1957443,1744495,1700013,1976780,1971984,2116042,2041983,1735005,1970457,1994250,1969782,1921791,2059000,1784591,1929812,1727146,2056658,1881124,2063524,1801555,2142386,1929578,1737357,1423557,1950530,1880176,1942298,2196535,2002443,1851131,1971359,1831334,2417125,1783105,1920854,2092998,1994795,1896330,2286782,1636985,1823197,1896859,2058348,1859181,1928116,2014727,1856206,1619347,
201,2033397,2044903,1926744,2116342,1880231,3999796,3258411,1762500,2072481,1793570,2051798,1767533,2160364,1931123,1592049,1824422,1954043,1736977,1697053,1973603,1964913,2109894,2039135,1735084,1963777,1990786,1965830,1917095,2055425,1775698,1924001,1722137,2049879,1879877,2058435,1796130,2154649,1924409,1728953,1423260,1944811,1873792,1933308,2188626,2006996,1847128,1961360,1833047,2411203,1777770,1917844,2083851,1992657,1891649,2280907,1630997,1820431,1890424,2051945,1852041,1922900,2015462,1852693,1613309,
202,2030473,2040980,1918588,2108494,1877636,3092592,2084058,1760328,2065084,1798553,2046874,1759612,2151414,1925612,1590438,1820610,1949360,1731170,1690859,1967403,1960905,2103986,2030453,1728434,1957564,1982323,1959449,1913012,2046611,1768582,1920321,1714880,2043385,1869532,2051389,1789213,2140075,1919749,1721400,1420330,1938440,1866857,1931113,2184390,1990846,1838248,1958314,1828905,2402658,1776346,1909813,2081090,1985493,1886920,2273427,1629546,1813149,1885642,2047053,1847116,1918536,2011388,1850317,1613446,
203,2025227,2032312,1915783,2101212,1873280,2087491,1318899,1755265,2057163,1791624,2040006,1756881,2142964,1919053,1587541,1816230,1942817,1725491,1686599,1959844,1955573,2092979,2029131,1719684,1951720,1977444,1952491,1905841,2041812,1767942,1916724,1712564,2036328,1864186,2045327,1781341,2134985,1913313,1719917,1415911,1933811,1861827,1923559,2169774,1981084,1834440,1950198,1823751,2393585,1769525,1906863,2072981,1979244,1879731,2265543,1627359,1809149,1877037,2039727,1844865,1911399,2004235,1841816,1608292,
204,2017484,2022743,1904925,2096158,1864923,1398140,997295,1752474,2054943,1783763,2028192,1749157,2139099,1912680,1578204,1811356,1933556,1718782,1679870,1954542,1948123,2093194,2019768,1717514,1945401,1970888,1947654,1899109,2037670,1759217,1910280,1706491,2031532,1860544,2035124,1775558,2102386,1908642,1714355,1414075,1925340,1856361,1916177,2167364,1977291,1830812,1946218,1826154,2386644,1765474,1899478,2068119,1973643,1872548,2261922,1625252,1800433,1872244,2033961,1837059,1906876,1999604,1835797,1607595,
205,2010798,2017358,1901924,2087488,1858273,1015852,868777,1753298,2046533,1770357,2027211,1746504,2129739,1905365,1578657,1805716,1928587,1714951,1673612,1949201,1941309,2088528,2016745,1709626,1939146,1969384,1939731,1893281,2030975,1757824,1905078,1700205,2025041,1856367,2032556,1776714,2092941,1897087,1707661,1412746,1919423,1852577,1915078,2163074,1970955,1824713,1938076,1819405,2396314,1760413,1893235,2064466,1967348,1870601,2256396,1622656,1799932,1867653,2026385,1832072,1901408,1991008,1830795,1605702,
206,2004589,2011443,1893668,2082497,1850484,870075,823231,1745962,2039486,1758357,2015949,1742287,2121668,1898390,1570144,1800462,1920193,1708527,1666498,1940373,1938632,2082763,2009128,1703665,1932155,1959212,1934029,1888663,2023745,1749021,1894459,1694397,2018010,1851159,2029766,1770414,2084673,1891013,1699706,1406728,1915901,1846438,1906814,2155136,1970247,1807911,1929747,1813940,2382151,1754432,1887994,2055426,1960807,1863113,2251290,1617460,1791929,1860408,2021198,1823382,1893262,1985184,1825408,1603681,
207,1999301,2009251,1889224,2073024,1842382,825101,804946,1741997,2034582,1761594,2011125,1738923,2111467,1891851,1565690,1789514,1915656,1703644,1665538,1936333,1927705,2073945,2003284,1699715,1926163,1957061,1930027,1883311,2012252,1745237,1887407,1687682,2014761,1844721,2022761,1766697,2075512,1883330,1693765,1403329,1905334,1841223,1899145,2151191,1963040,1806853,1923125,1810178,2353817,1746334,1880063,2051208,1955316,1856874,2240738,1614278,1784739,1854294,2010755,1818815,1888605,1986669,1817492,1601974,
208,1994055,2000590,1885550,2066138,1835514,801564,788454,1737069,2029770,1760166,2002774,1732429,2102738,1882373,1554952,1791373,1911007,1697765,1658854,1927899,1919930,2066388,1989544,1690712,1917526,1949766,1924496,1874867,2003662,1735036,1874883,1676322,2006345,1839858,2013592,1762843,2061550,1868176,1683694,1399789,1900129,1838995,1894532,2145572,1943067,1798381,1910825,1804392,2351363,1740309,1875717,2044450,1945355,1847057,2235098,1609824,1779380,1846571,2005829,1812812,1877817,1973124,1810786,1596922,
209,1988161,1996046,1877045,2065348,1827107,788151,776544,1734244,2023172,1750027,2000118,1731536,2094305,1872042,1549898,1773772,1902672,1694547,1653001,1921627,1911536,2053803,1976711,1681652,1911097,1944975,1914519,1870240,1991610,1726101,1867190,1669564,1998157,1832966,2009033,1755909,2052775,1861536,1675233,1396350,1895014,1834458,1890938,2136756,1943415,1789403,1905248,1798072,2340863,1735901,1869551,2038573,1937344,1838978,2224821,1606773,1771543,1839665,1999144,1810102,1871745,1964030,1800409,1591857,
210,1976675,1989009,1870862,2052542,1817526,775683,764151,1725750,2016259,1735326,1993479,1720797,2085048,1865824,1545320,1768350,1895487,1689399,1647908,1918754,1900156,2041433,1968159,1673072,1903929,1934808,1906437,1861696,1984683,1715743,1857757,1660736,1990889,1828467,2007558,1750624,2041015,1851616,1667189,1389682,1887393,1827046,1884730,2129095,1929418,1784312,1894856,1794124,2328013,1728245,1861417,2028998,1928100,1827234,2209270,1598872,1763594,1832494,1994582,1797497,1857964,1953990,1788206,1587702,
211,1975478,1983504,1862188,2044368,1808032,765916,754692,1725561,2014377,1750760,1984590,1714828,2074161,1860159,1536540,1760801,1889902,1682762,1637975,1912193,1889619,2033927,1961391,1664664,1899058,1929751,1899163,1856696,1973652,1709012,1847358,1655578,1987362,1819905,1997612,1745553,2029265,1846745,1659857,1386566,1882168,1817471,1883267,2121621,1916052,1773213,1885340,1789394,2317464,1722622,1857500,2021119,1919753,1823501,2201585,1597569,1755794,1823821,1983869,1790312,1850648,1940277,1781773,1587260,
212,1967953,1971933,1857430,2035887,1801790,751901,740597,1716648,2002919,1725404,1978306,1704557,2066252,1850673,1530457,1755250,1877805,1676881,1631203,1904962,1880911,2024344,1952960,1660626,1892854,1922117,1894223,1844750,1966164,1703891,1842039,1650169,1980767,1815917,1989893,1739395,2022405,1839116,1657245,1383021,1874147,1810508,1874583,2110514,1911811,1766361,1878627,1784070,2310750,1715418,1847798,2012540,1908251,1814876,2192084,1596178,1744957,1813261,1974314,1785011,1842696,1934960,1774125,1581525,
213,1963072,1964917,1847471,2023678,1795420,741563,730327,1716245,1996072,1719946,1971352,1701909,2059468,1844780,1524509,1748010,1870721,1668817,1621977,1898819,1877867,2013041,1945987,1653928,1881001,1914858,1886563,1835991,1960196,1696082,1834606,1643642,1971745,1808116,1985813,1731520,2012586,1832209,1644842,1382119,1867702,1801775,1865873,2102356,1901999,1757691,1872097,1778164,2295847,1705048,1839602,2002578,1901697,1806146,2181412,1587735,1737564,1811269,1965387,1777223,1835740,1928811,1762940,1578023,
214,1952743,1955175,1838101,2015019,1787718,728062,716188,1712192,1982989,1721430,1957964,1690038,2054469,1840292,1517212,1740440,1862106,1661527,1616409,1887457,1864289,2009021,1933059,1644310,1873385,1904359,1878434,1828573,1949571,1688186,1827432,1633961,1961916,1795513,1972141,1726614,2003968,1827051,1638307,1378875,1856777,1797372,1857240,2094875,1902798,1749826,1864522,1774126,2286915,1693996,1828999,1994120,1895995,1801397,2173535,1587353,1731469,1804031,1956376,1767589,1829569,1919416,1757108,1571036,
215,1944081,1942888,1827348,2003168,1782403,714755,702535,1705858,1973305,1717738,1950344,1684168,2045716,1830945,1511775,1732669,1853823,1655628,1611010,1880319,1855794,2003862,1926419,1639849,1862363,1896433,1871870,1820585,1941795,1684047,1820115,1624364,1950359,1788580,1966458,1715032,1977621,1817058,1631409,1373254,1847763,1788502,1849915,2084424,1894883,1741841,1852197,1768526,2274640,1688779,1821856,1983779,1888716,1793122,2162264,1582400,1723586,1791927,1947408,1759619,1822829,1914924,1749137,1569597,
216,1931853,1933333,1819569,1992442,1774010,703085,689216,1702723,1965260,1696727,1942647,1677641,2032813,1820841,1504982,1727591,1846593,1646927,1604062,1875293,1853024,1995068,1917495,1633878,1854979,1890371,1865741,1814106,1933273,1675409,1812918,1620214,1940875,1781214,1953222,1711270,1970042,1810771,1625918,1370450,1836718,1781583,1838657,2073390,1874555,1733573,1846600,1766864,2266075,1682371,1812433,1975418,1879766,1785003,2156113,1575918,1717061,1787363,1942493,1753254,1813794,1907199,1743176,1563915,
217,1924247,1930010,1813256,1985488,1771756,685957,670986,1696812,1960540,1690737,1934072,1673626,2025797,1818629,1499407,1719193,1837069,1642714,1597448,1868136,1846567,1984869,1909222,1628151,1846834,1884583,1851172,1806628,1929518,1668112,1804323,1614366,1934328,1775162,1950341,1703389,1963618,1803570,1616622,1368238,1828969,1775195,1830476,2065664,1868753,1724319,1842239,1761984,2253371,1674813,1807619,1971563,1874822,1778463,2145331,1575849,1710499,1779234,1931769,1746144,1809452,1898987,1737694,1560499,
218,1915360,1918294,1801389,1978098,1761209,670693,654506,1697419,1948604,1675106,1921516,1671229,2010528,1807521,1491682,1716592,1831689,1633807,1591577,1858985,1840699,1974926,1901981,1621936,1841327,1876599,1842071,1799702,1913408,1658520,1791466,1599982,1922703,1766106,1935649,1694622,1952732,1788734,1604735,1365600,1822823,1768320,1823729,2057132,1860122,1693104,1832349,1758037,2237512,1666988,1800266,1959469,1866674,1768903,2134970,1572427,1700080,1773063,1922084,1739786,1798659,1889061,1727416,1556077,
219,1907275,1911429,1797282,1970617,1736892,653466,636204,1690680,1941643,1680694,1913395,1663475,1980816,1796876,1471752,1701682,1825844,1627499,1582284,1847815,1831595,1963467,1892482,1610347,1831498,1871546,1841450,1793030,1876027,1631001,1757197,1559496,1918718,1760214,1931150,1689905,1944223,1760001,1580326,1364694,1816156,1760321,1821908,2047389,1846910,1593512,1822119,1753571,2238989,1658997,1792404,1949496,1856707,1763072,2122560,1566489,1696241,1765498,1917340,1732302,1787251,1886688,1717321,1553365,
220,1901263,1902048,1787746,1960738,1673180,636964,617856,1687905,1934984,1684277,1908140,1659449,1897789,1773441,1418133,1679751,1817066,1619889,1578145,1841707,1822359,1946631,1868643,1580356,1826360,1863426,1838330,1788607,1767499,1550436,1660417,1445745,1909065,1751512,1921466,1683088,1927577,1675793,1496863,1360184,1808921,1756229,1811117,2039820,1806384,1376461,1815013,1752080,2231314,1653640,1783933,1940731,1842618,1745817,2105153,1564450,1687100,1757856,1909044,1725651,1763892,1874200,1692582,1550798,
221,1893070,1896290,1782754,1953052,1489795,616150,591533,1686200,1931186,1679731,1898580,1645653,1648349,1694460,1255854,1608739,1805555,1617080,1570682,1834712,1799173,1876428,1788046,1485276,1819775,1857762,1830212,1780738,1494036,1337353,1414405,1191991,1904371,1746409,1912491,1676148,1840383,1454556,1289865,1356547,1801270,1751661,1805798,2034754,1696485,1010539,1787380,1745428,2213837,1644546,1777671,1937070,1807812,1697915,2040114,1560365,1681670,1749869,1901127,1720118,1671236,1845296,1609887,1545023,
222,1888336,1885927,1776126,1940595,1109083,583034,540300,1677359,1922010,1670187,1890698,1643113,1165573,1435739,917376,1365963,1780971,1608665,1563561,1827040,1702071,1646378,1539010,1224164,1810913,1852573,1825018,1773030,1036113,955204,987849,804756,1891138,1740261,1906156,1667026,1564540,1037331,902663,1353329,1789809,1743478,1798019,2022866,1378869,625889,1672162,1739480,2189134,1638449,1771723,1925544,1664127,1513928,1810522,1537943,1671205,1727445,1894625,1707454,1406535,1741519,1367487,1544750,
223,1881559,1869712,1765513,1907305,730752,528929,460021,1651591,1914867,1659392,1884480,1630471,742037,1036931,589159,979397,1711095,1603458,1543331,1818535,1470330,1270519,1150305,871298,1794310,1844885,1816549,1763252,670660,620632,638740,515624,1876651,1727519,1897548,1662002,1143414,665270,576267,1339625,1781454,1732172,1789237,2014533,966577,426850,1405984,1725033,2121430,1624183,1764725,1915412,1370513,1178993,1406057,1455735,1662772,1680162,1884384,1703984,1019900,1498754,1012536,1533772,
224,1869862,1760412,1722838,1706221,410115,389624,300267,1444073,1898369,1635505,1870037,1587090,442580,515186,324373,475747,1360341,1579202,1429583,1797735,849300,654011,586094,442015,1711445,1821149,1802760,1709277,415985,366786,386824,323811,1798627,1658382,1883549,1641761,595733,391974,342579,1204982,1732866,1683131,1759026,1983627,499256,325063,768406,1583348,1743613,1541286,1746432,1869348,735598,600792,714795,1049992,1615679,1431979,1859263,1673124,521177,861098,520353,1439642,
225,1854623,1522009,1611810,1382814,352565,303517,228985,1122669,1872923,1550295,1846121,1463529,391708,400999,279436,368398,954440,1526613,1203731,1741143,563919,475845,440827,348257,1511256,1761441,1776919,1568724,370435,323783,342829,289863,1625727,1501312,1862801,1591918,482800,344491,305089,970338,1614441,1555469,1667951,1905430,399161,307878,519231,1317934,1297200,1370949,1696527,1742507,505495,431773,508436,706301,1500538,1097583,1812817,1598501,401449,571244,400482,1243520,
226,1802943,1052862,1286814,897801,326530,232887,190929,737336,1771472,1316915,1743181,1143139,368170,351026,259354,323988,566269,1318224,809112,1539401,427308,401938,378876,307695,1082264,1546024,1671563,1214594,351884,301497,318839,274550,1229504,1131596,1775780,1410375,430938,323790,287239,644595,1282462,1217112,1386238,1638206,360613,299511,410749,912731,800784,1000205,1516790,1390794,403894,361916,424239,461360,1185176,680201,1630345,1358204,352469,426393,348321,895007,
227,1665242,681482,898979,603243,317233,194480,175400,507850,1531330,971041,1514965,792956,359201,328687,252973,302270,411070,986585,527775,1192613,372704,370353,348430,289551,708808,1193224,1427482,835604,342342,293978,310925,269413,833221,768881,1560131,1098574,401836,316288,281172,433283,905849,844729,1004754,1234589,343263,295985,366600,610648,569592,663009,1196437,972430,362171,333425,393697,365605,812072,464766,1298915,1011716,330531,373343,325530,591221,
228,1296049,448975,552471,449767,311614,178614,169763,411434,1072962,590721,1078201,488898,356236,318186,248442,292491,346821,599582,363305,740333,346738,356220,333275,280389,465019,752456,977378,530933,340039,290409,305777,266443,524217,485440,1118340,687799,387700,312428,278227,344446,564645,525869,610358,765439,334669,293172,340600,468509,470108,429314,764909,603033,341181,322061,383281,328377,495002,363630,834245,630688,322413,348282,315554,427798,
229,893699,375640,416580,399763,310119,170199,165273,366317,716915,416001,722855,374327,352695,314111,245967,287547,327487,416913,311266,498425,327437,348286,326165,277021,390198,523894,639825,422213,336238,287219,303197,264546,410979,384788,747282,464268,381896,309108,275236,303988,428156,404432,442243,536830,330937,291620,324310,404019,431216,350445,526924,461623,328207,316066,377158,299621,378490,333206,559620,454127,317197,332983,311610,348925,
230,556316,343771,356614,373438,306972,164329,160821,332771,497259,334940,489767,324639,349224,309789,244346,284192,317408,337211,285117,383646,316576,344889,319883,274269,350575,414995,435076,366867,335507,284319,300561,260942,362988,335888,494930,354995,376249,306465,272566,274982,366524,347110,364779,429552,325952,289140,315713,363418,415786,312939,407361,396060,321643,312462,374075,274307,324923,317468,421457,374733,313087,325361,306424,308906,
231,434841,333940,328836,361939,303875,160749,157565,306530,427431,307029,410984,306046,346394,306974,241941,281826,314122,308028,274284,347252,312042,340994,318975,271801,334669,374789,370371,339753,329835,282720,296987,260140,346178,315346,413551,318897,373480,303887,270544,252706,341559,320919,337956,387398,321503,287991,311801,334721,407987,297956,367077,372328,318958,309110,369817,256385,299413,312568,377175,340585,310555,320304,305048,280200,
232,383886,329370,316076,359124,302185,158165,154938,287335,386776,290476,370843,296067,344429,304598,240007,279077,311434,291029,270478,329673,309819,338639,315718,270076,328317,348811,342694,323601,327401,279220,296369,257522,337963,305741,374091,302267,369408,301509,268442,236276,328984,304954,324953,351733,319372,283967,308555,310465,403481,291140,338444,360692,315505,306610,366207,249228,286437,309255,353549,323232,309188,318325,303143,259969,
233,354305,325893,309219,355118,299362,153864,150859,278240,360031,283943,347211,291379,342012,302313,237603,276933,308828,282791,267006,321664,302480,335397,313633,266864,324580,334559,326053,315123,325211,277454,291790,255458,333516,301921,352247,293963,364548,299409,266469,227429,323822,298773,319562,352853,316637,282872,305244,295602,400250,287432,321703,355349,311938,303909,363097,244110,280352,306437,345343,315383,305606,314843,301044,247474,
234,338154,320352,305755,350193,295547,150263,147157,272684,342206,280382,333539,289726,339468,300394,236359,273894,305934,278983,265391,316784,289372,331028,309449,265080,320660,324622,318737,311314,323477,275868,290564,254220,329995,298463,340126,290372,361798,295940,264071,223740,321438,294766,316888,345220,316709,280230,303869,288196,396524,283882,312969,350870,310654,303026,360903,243898,277411,304886,338008,309788,303944,312084,297086,240354,
235,331755,319188,302627,347142,295135,147327,144122,269813,335045,278098,327816,286796,335875,298474,234110,271003,303883,277597,262493,314504,287188,328892,307856,263960,318904,321651,315127,308155,320888,273159,287511,250997,327263,295887,334474,287460,358590,293102,262722,221210,318580,292538,313228,342711,312408,278512,300271,284564,394593,281057,309551,348433,307046,300595,357633,241131,274581,302593,335539,306374,300943,309016,294213,236306,
236,327701,317331,300143,344959,291949,144241,141092,268574,329315,275982,323408,283280,333890,295572,231921,270177,301467,274283,260293,311593,284939,328650,305501,262219,314819,318387,310997,305051,319486,271155,286636,250223,325491,292761,330203,285554,357030,292468,259793,219754,314913,288114,310769,338102,309904,276056,298030,283095,389139,279121,306007,345428,305037,298018,356228,239536,271865,297809,331786,303426,298740,307300,292890,235239,
237,324137,313716,296709,342028,290206,140565,137231,266283,327312,272509,320134,281677,331680,292817,230481,268424,300028,271289,258440,308405,282278,324884,303279,260008,312605,315857,308576,301885,316622,269911,283907,248258,322562,290988,328017,282032,352887,289351,259504,218007,313095,288020,309166,336070,309515,273552,295945,280230,386351,276613,303601,341951,303575,295037,353475,237557,269205,297619,329190,301136,297083,304899,291284,233380,
238,320761,311314,294088,339104,288758,136009,132525,264881,323963,270876,316236,278681,328476,290476,229471,266940,296426,270225,256453,305414,280090,322039,298897,258699,310070,312028,305783,299866,313906,267278,281262,245838,321032,287826,325586,280142,349545,286738,256680,216399,309534,284763,304794,332501,305910,270739,293272,278508,381632,274607,301000,338807,300449,292702,350495,235612,266178,294576,327023,297984,294655,301913,288585,231374,
239,318607,309051,292090,336713,287823,132492,128752,263535,321137,269017,314869,276501,325654,289386,226950,264124,294141,266691,253494,302791,277655,319384,298960,255204,306998,309709,301869,296064,311214,264407,280137,244426,317095,285855,322471,278153,347537,285429,254823,215257,307194,282315,303883,329714,301385,269345,290462,276680,380412,271011,298065,336510,298603,289433,347441,233694,265005,292141,323558,296501,291776,299114,286426,229881,
240,315738,306797,289471,333959,283720,128864,124910,261195,318330,266319,311265,274660,324103,286414,225168,262176,291774,264650,251040,300732,276275,317519,296508,253683,304154,307000,300944,294745,309483,263663,276452,241583,315233,282993,320244,275084,345700,284029,252700,214046,304862,281969,300827,327335,300463,265638,287898,274311,376465,270374,294948,333258,295648,289033,344048,232579,262259,289896,320820,294184,290897,299189,284465,228308,
241,313525,304437,288087,331089,282925,123729,119376,258111,315458,263125,307920,272707,322190,283419,222880,259505,289395,262355,250258,298104,274124,314510,292518,251195,302084,304492,299759,290964,306873,261071,274159,239754,312397,281684,317014,273071,334554,279928,250709,213403,301219,279385,297991,323955,298673,265286,285858,272568,373407,268395,292723,330624,293047,286725,341977,230632,259930,287637,317971,291173,287947,295598,281958,227771,
242,309935,302258,283901,327671,280400,118351,113168,256900,312509,262534,305876,270840,319018,281573,220367,258640,287464,261148,247513,295845,271881,311753,290171,249048,299264,301170,297357,289628,303677,259370,272338,237817,310763,279243,315243,270846,333462,278548,247465,211126,299526,275846,296028,320895,294957,263804,283899,269896,369347,265469,290414,327942,290421,284548,339731,229740,257673,286114,315148,288718,285108,293553,279673,225524,
243,308255,299855,283233,326053,278546,110904,103738,255276,311633,258653,304546,269229,316228,279557,219177,255410,284275,257584,245991,293054,269305,310387,288565,247687,297264,299672,295745,287164,301429,256602,269700,235980,307969,276534,311953,268820,328992,275699,245887,209781,297450,274271,293194,319402,292797,260777,280265,270221,368492,263523,288027,325289,289383,283108,337299,227829,255514,283302,312928,286629,283271,291179,278116,222734,
244,305146,297427,280436,323358,276318,103210,93287,254363,308676,257191,300519,266936,314414,276732,218384,254305,282812,256816,244305,290943,267622,308347,286528,244791,294775,297466,290944,284743,300098,254314,268597,234340,306543,274612,309364,267582,327615,273226,244401,208336,294956,271702,290724,316135,293726,259049,279012,266946,365232,261610,285513,322932,285670,280148,335538,225915,253917,282099,310947,285092,281513,288900,276087,222637,
245,304236,292732,277860,320379,273994,89951,78563,253220,306145,256124,299826,264910,312680,276050,215910,252051,280605,255148,242382,289419,265167,306718,283678,244349,293556,294870,291220,282650,297701,252593,266334,232541,303696,271897,307523,264624,325450,272267,243862,207103,292632,270334,289851,315122,288959,256297,277746,266147,365231,260389,284235,319478,284658,278417,330789,225901,251090,278938,308080,282402,279323,286545,273471,220697,
246,301312,292710,275932,318536,270973,75993,63951,252492,302474,254323,296767,263325,308983,273200,214788,249830,277613,251952,239210,287263,262273,302654,281842,242170,290841,293603,288374,280575,294226,250077,263405,229888,301653,270162,304438,263161,321519,268816,239914,206621,288334,266761,287088,310814,286026,254182,273767,263564,361558,257581,280466,316763,282862,275520,329676,223387,249096,277610,305467,279705,277014,284005,272259,220057,
247,298169,289949,273277,315213,268494,64511,52425,249697,300750,252283,294836,261405,306289,270819,212281,248113,278003,250878,237952,284964,260103,300406,279295,240827,288336,291739,286666,278283,291291,247980,261033,227758,299282,267931,302163,261275,318311,267739,238046,204612,288772,264797,285199,309977,285517,251802,272049,261860,357948,255333,279442,315894,280653,273664,326531,221891,246993,274561,302966,277309,275422,281870,268907,218591,
248,296373,287849,272244,312329,267402,54316,45121,247156,298239,250116,292089,258984,303589,268608,210822,245632,273636,248732,236185,281530,257818,296157,277396,237481,286456,288228,284200,274999,288258,245956,258113,225577,296632,265489,299003,259118,315525,264941,235602,204345,285520,263046,282997,306321,282380,249337,269679,261654,355218,253358,277256,311801,277151,270664,323040,220770,244615,272575,301352,276115,271569,279014,266888,216966,
249,294055,285923,269257,310225,263745,47172,41653,245614,297102,248834,289567,256496,299043,265931,209042,244263,271173,246647,233766,278684,256504,295238,274298,235986,283460,286787,282492,273207,286232,243123,255133,222705,293096,263701,297807,256187,313254,261851,234090,202292,283956,261562,280867,303965,278632,247272,267203,258664,351535,251223,274459,310128,274430,268245,321191,219288,243228,269765,299494,273204,270539,277587,263701,214977,
250,291648,283360,266629,308168,261634,42285,39634,244693,294161,244906,286115,254150,297680,263176,205342,240515,268710,243620,231281,278312,254428,292660,271132,233923,281460,284415,279697,270790,282728,240553,252623,220865,292269,261753,295462,255177,308722,257986,230561,200836,282007,258156,278504,300337,276786,243318,265120,256561,347773,249742,271577,308692,272978,266563,318373,217904,240661,267924,296395,270591,266641,274997,262038,213568,
251,289597,280742,266141,305214,258067,39637,38079,243129,291629,244756,284880,253692,293818,260526,203062,237814,267768,241792,230500,275653,251458,288427,268108,231257,279543,282014,277237,268856,280224,237337,248837,217648,289160,260222,292481,252977,306501,255799,227039,199472,278851,257889,276538,298799,273833,239873,262870,255679,345285,247164,269884,305174,269970,263679,314250,216361,238694,265044,294282,268397,264015,272818,258718,213096,
252,286186,279013,262683,302871,256140,38397,37316,241611,288927,242200,281298,251101,290121,257766,200317,236406,263176,239836,227329,272799,250152,286515,265847,227815,275686,279576,274346,265663,276511,234829,245031,214962,287082,258086,291029,250680,303672,253902,224240,199108,276517,255515,274923,296082,269418,236776,259793,254081,341203,244169,267790,302390,267344,261236,310389,214866,237158,262463,291120,266066,260895,269614,256503,211277,
253,284744,275642,259305,299351,251658,37339,36443,238954,286286,238397,279429,247923,285918,254284,197768,232830,260287,237983,225388,269840,245354,282095,262519,224888,273709,276693,274048,263877,272988,232144,242480,213315,284118,255183,288065,248205,298785,249924,221778,196515,275259,253215,270496,292752,265643,234275,256874,251548,338294,242322,266409,300458,263931,258512,307097,213902,234433,259999,288418,264551,257601,267149,252226,209548,
254,282363,272533,258007,295501,249330,36021,35123,237374,283966,237472,277933,245673,282429,250722,195100,230090,257039,235339,222466,267301,243035,278248,257558,222981,269949,275230,268622,260925,268090,228148,239060,209423,280894,252205,285158,246293,294151,245483,218203,194798,269983,250192,268013,291035,264498,230866,253428,249774,334352,239849,262682,295805,260385,255132,303276,211237,231236,256022,286096,261676,254856,263052,249263,208995,
255,280864,269481,254517,292003,245736,35300,34404,235207,281757,234923,274543,243619,279283,247705,191537,227005,253552,233638,220225,264761,240469,275304,255118,219917,266996,272991,265623,258378,265862,226369,235536,205912,278626,249554,282281,243601,291854,242599,215864,193177,268942,248441,266500,285872,260884,226004,249463,246961,327979,236286,260437,293250,257392,251622,299240,209186,228329,253411,283584,259228,251131,259692,246708,206262,
256,278838,266304,250942,288669,240097,33738,33132,232589,279690,233092,272865,241172,271981,242373,187657,220662,251448,230937,218935,263394,235163,269323,249275,215114,265113,270762,265255,256426,258928,219040,229723,201306,276060,246459,281410,242690,283796,236704,210393,190652,265873,246163,263384,284845,255480,220907,244865,243828,324955,233760,258106,290506,252410,246089,292060,206152,225829,250875,279868,256131,246083,254371,241852,202506,
257,275822,262923,249179,285440,236262,32643,31781,229894,276296,229054,269711,237688,267277,239485,184202,218193,247733,228544,214847,259222,238035,264902,246351,211793,261855,267574,262464,252514,253950,216102,225200,198822,271475,245024,276849,239783,279735,233836,206123,189501,262637,243436,260630,281512,251868,216933,241154,240890,321257,231775,255183,286586,249404,243260,288108,204160,223466,248085,277529,254065,243350,251490,238578,201120,
258,271920,259231,245760,282130,232496,31683,30840,228358,272901,226993,265625,234948,262652,235267,180256,215824,244275,226109,212645,257337,239541,262032,242353,208254,257712,264130,258377,249951,250508,212172,221866,192629,268527,240496,274595,235708,275089,228567,202131,186419,258952,240924,257756,278806,246713,209044,237788,238202,315913,229399,251748,283189,246162,239654,284235,201694,219979,245446,275450,250026,238957,247620,234744,199761,
259,269138,255891,243316,278148,227445,30450,29513,225333,270546,224243,264391,232878,257221,231511,175084,212267,240842,224673,209117,254005,235666,256480,237636,205132,255068,260990,254883,246841,243108,205790,214879,186048,263223,237924,270371,233693,270332,221410,194954,185482,255836,237137,253690,273854,243835,194333,234080,237055,312661,225270,248840,279543,242021,236333,278991,199940,219316,241346,270200,247751,235669,243769,231461,197114,
260,264359,251546,239488,273643,221244,29850,28884,222376,266993,220725,259517,229513,248070,228298,166935,207546,236439,219865,205904,249499,231626,251968,233633,200059,251516,258099,250924,243569,232287,195154,202147,174841,260795,235041,267289,230456,267137,210960,182998,182711,252945,234789,250290,270202,237825,171207,231695,234694,306722,221234,244926,275696,238299,231952,273812,198310,214924,237734,266853,244684,230457,240850,227031,194576,
261,262643,248142,237029,269662,209690,28819,27814,220494,263821,218128,256249,226360,229420,223317,148439,201661,232375,217266,202412,247023,228754,246444,228609,194076,247191,254700,248732,239805,209414,175771,179215,153023,258898,231893,264337,226967,258251,187212,158004,181437,248958,232197,247591,266081,228306,135199,226961,232270,302278,218738,243030,271734,233940,227520,264959,194862,211139,233916,263921,241749,224031,237115,222150,192978,
262,258659,243833,232582,265961,184655,27345,26279,218464,260402,214032,252401,223207,192043,211934,119401,187766,225654,213716,198945,243442,223566,235407,217523,179171,243855,250282,245151,235505,170835,141103,142082,119411,252837,227982,260209,223426,244710,148552,123036,178881,244997,227973,243189,262615,208646,100121,220036,229709,293644,214678,239801,267509,228020,218573,249378,192442,208000,228640,259212,237345,212168,231398,211287,191968,
263,254838,239328,229630,261118,148597,26087,24844,215999,256678,211084,249487,219754,147012,191089,89457,163264,214522,211597,194686,239601,215132,213234,195096,155220,239597,246696,242546,233226,129837,108188,107820,90234,249366,224602,257381,220581,217537,111740,92397,176585,241673,224573,239732,258201,175570,78537,211101,226298,283541,211717,236010,263343,217091,202016,219123,189961,203600,222095,256310,234407,187856,222994,191763,188555,
264,252564,234561,224677,254475,113876,24254,22680,212742,253117,208108,246292,215810,111022,158222,67927,127073,191718,207897,191000,235932,199496,180399,161941,120938,233829,244026,238770,229053,99835,84102,83876,70681,243456,220911,254024,217282,176050,86964,73293,174687,236997,221743,236832,253426,136561,69046,193210,224309,267324,207728,233076,258646,196837,173003,176329,187376,199519,210490,251525,230572,152850,204963,158826,185846,
265,247955,226230,220574,242381,89288,22321,20371,209880,249713,204186,243098,210681,91086,122619,57536,95656,157110,204529,182097,232027,171019,141304,124528,91831,229013,240307,235030,224179,84864,70905,72045,61171,236501,216703,250078,213790,136953,74155,63961,171890,232369,218020,231738,249976,104589,63793,162573,220209,235234,201735,228949,252665,164788,136147,135452,182638,193907,188418,248493,227092,118228,175048,123399,183417,
266,243590,205010,212129,216374,74952,19121,17148,205776,245746,194734,237417,201572,81383,92117,52746,74371,111011,197623,160749,226487,131250,106602,94299,72357,212489,235612,231149,218889,76483,64101,65743,56361,217730,207126,244640,208753,107916,68282,59409,169712,223236,211320,225729,244827,84790,61781,123684,216310,181055,183372,223930,238673,124991,101201,102579,174260,178511,148232,240701,221048,89473,134528,94263,179760,
267,240605,173297,200148,182542,69121,17075,15013,199634,242301,184668,233274,184316,76929,77977,50479,65362,86414,191125,133956,217328,102449,88926,80161,64101,186318,231127,227541,207801,73412,61634,63430,54722,190824,191568,241725,201070,95543,65735,58265,163541,207352,201374,214591,235416,76139,61107,97240,212284,140709,158774,220167,217680,98310,82548,89339,160206,155461,115248,230300,213823,77828,104315,79304,174994,
268,233632,128862,170476,137365,66598,15280,13029,191666,236718,158365,227942,152430,74954,71171,49298,61302,72610,171522,99622,198259,85382,80647,72588,60068,143874,219654,219753,182785,71473,60386,62291,53539,147713,160635,235022,184315,88703,64264,57109,153246,176032,178570,186465,215221,72562,60442,82944,204516,109002,120990,209353,175019,83279,73798,82916,136989,118275,86230,205863,194609,72219,87018,72801,167944,
269,224190,98357,135271,107839,65027,13728,11595,172300,228631,125614,216891,118117,74491,66768,48749,58308,67883,142819,78096,167209,75201,75618,68251,57729,109482,200893,206715,150448,70631,58840,61070,52589,114021,125642,224937,157362,83885,63517,55947,133201,140786,147334,151781,185129,70218,59413,73399,185904,96287,92062,190244,136063,74431,69546,79794,108977,90187,74568,170021,165729,68413,75873,68083,152424,
270,202736,78908,98960,89445,64018,11947,10450,141755,210756,90886,192824,87216,72934,65021,48460,57161,65572,105153,64255,124256,68931,72948,66430,55956,86008,163413,176309,112623,69158,58755,60330,51607,88369,94035,198894,118028,82176,62425,54798,105426,105437,108598,111360,141382,68458,58737,67753,157438,89385,73637,154674,101703,69210,66700,77760,82691,71279,68848,126092,124720,66886,70473,65940,125548,
271,171810,72502,81373,82239,63243,10785,9938,112715,183939,74190,161391,74185,72522,63949,47601,56190,64745,82591,59363,96605,65906,71615,64678,55347,77264,129717,142913,91527,68514,58097,59873,51488,78503,78023,167332,92640,82454,61992,55065,83943,86939,87472,88846,110571,68179,58794,65642,125535,86624,66090,123003,88415,66974,65827,76593,70244,63729,66773,99705,98930,66165,67438,65165,99848,
272,129534,69402,71177,77981,62743,9828,9367,88265,142813,65148,122631,66588,70920,63447,47169,55541,63790,68378,56216,78683,64003,70728,63250,54828,71855,99557,105306,77550,67850,57184,58941,50725,73197,68896,124478,73989,80546,61509,54480,67198,76427,72921,75360,89060,66859,57844,64001,98330,84891,62364,94369,80991,65617,64228,75393,61408,58965,65646,83884,81357,65149,65763,64320,76858,
273,100673,67780,66349,77070,61908,9479,9139,75850,111954,60471,97636,63627,70426,62296,46886,54992,63356,62825,55223,71289,62471,69880,62714,54182,69463,84760,85868,72022,66646,56248,58062,49696,70710,65357,98363,66902,78821,60821,53664,60218,71800,67202,71201,80579,65862,57040,62837,83624,84171,60425,80510,77379,64354,63827,75115,56564,56698,64486,76745,74024,63729,65102,63433,64657,
274,83081,66707,63696,75288,61348,9093,8833,67906,90901,58293,80689,61891,69963,61443,46142,54302,62084,60217,54057,67499,61367,68747,61551,53352,68172,76122,74360,67208,66548,56044,57646,49181,69197,62392,82578,62681,77364,59416,53030,54091,69267,63299,68071,74285,65375,56327,61756,74389,83027,59529,72250,75756,63816,62738,73797,52722,55174,63732,73340,69279,63777,63758,62560,57303,
275,76058,65796,62957,74337,60296,8718,8435,62810,81302,56671,73839,60900,69326,60977,45409,53737,61018,58558,53384,65921,61029,67790,61218,52993,67254,71625,70092,65649,65667,55062,57100,49475,68552,61800,76576,60725,76156,59460,52506,50165,67608,61341,66834,71721,64724,55884,61134,68307,82629,58093,68571,74753,62960,62274,72866,50145,54630,62836,71734,67214,62752,63081,62515,53204,
276,71871,65834,61824,73399,60547,8678,8418,59572,75022,55691,69853,60238,68142,60270,45026,53405,60794,57618,52243,65083,60384,67468,60842,52518,65866,69014,67472,64180,65044,54494,56404,48132,67972,60629,71755,60135,75220,58857,51818,48385,66361,60738,65774,69987,64436,55287,60645,64226,81460,57691,66172,73403,62463,61698,72904,48995,53746,62362,70118,66157,62513,62428,61594,50409,
277,69460,64535,61265,73014,59526,8279,8032,57568,72476,55261,67465,59520,67582,60099,44628,52704,59782,57126,52403,64497,59345,66736,60269,52039,65186,67599,66063,63471,64453,54311,56014,47830,67238,60246,70150,59049,74542,58046,51524,46923,65841,59405,65078,69207,63684,54750,59599,61168,79891,57419,64266,73282,61754,61042,72201,48172,53277,61489,69477,65282,61277,61709,60572,48339,
278,67795,63952,60261,71584,58985,8051,7819,56034,69621,54693,65669,59121,66882,59100,44084,52111,59448,56154,51309,63414,58740,66046,59187,51176,64761,66449,65011,62377,63488,53066,54695,47547,66364,58770,68774,58723,74130,56864,51195,45344,65264,58910,64187,68215,62492,53998,59503,59054,78994,56806,63675,71884,60483,60730,71412,47836,51982,60574,68751,64217,60798,60938,59876,46540,
279,67139,62946,59838,70829,58291,7830,7552,55469,68340,54043,64142,57745,65903,58430,43532,51704,58913,55341,50854,62846,58121,65344,58750,50689,64120,65951,64315,61522,63115,53383,54949,47063,65841,58366,67599,57608,73558,56920,50179,45811,64624,58016,63452,67190,61835,53668,58433,58098,78229,56026,63320,71264,60549,60294,70842,47055,51666,60127,67298,63823,60492,60483,59240,46214,
280,66272,62276,59051,70076,57307,7570,7309,54227,67023,53562,63887,57545,65598,57655,42944,51082,58897,54866,50431,61758,57714,64609,57733,50081,62937,64577,63539,61314,62284,52368,53996,46356,65238,58169,67274,56897,72263,56227,49537,44823,63664,57508,62773,66717,61186,52893,57583,57175,76701,55733,62186,70579,59878,59059,69553,46835,51102,59728,67239,62667,59392,60192,58866,46028,
281,65322,61786,58560,69379,56815,7187,6962,53596,66296,52896,63337,56740,64488,57052,42324,50099,58427,54197,50187,61547,54130,63486,57245,49609,62009,63722,62783,60277,61532,51734,53532,45193,64391,57655,66383,56699,71336,55293,49115,44427,63035,57048,62455,65412,60536,52123,56952,56740,76570,54921,61817,70097,58856,58737,69096,46138,50749,59082,66298,62593,58508,59208,58308,45267,
282,64510,61436,57824,68671,56224,6890,6605,53207,65398,52309,62534,56232,64650,56501,41941,49677,56884,53468,49713,60626,53511,63160,56658,48906,61922,63085,62267,59668,60677,50930,52867,45328,63870,56297,65105,56003,70178,54765,48465,43528,62540,56292,61630,65025,60577,51561,56393,55929,76138,53467,60697,68657,58247,57646,67865,45571,50113,58385,65946,61936,58580,59063,57114,44584,
283,64003,60375,56766,68102,55722,6634,6343,52392,64908,51971,61500,56170,63658,56062,41680,49310,56480,53330,49021,59821,52940,62378,55797,48659,61309,62700,61321,58809,60229,50504,52281,44923,62507,56709,64889,55326,69680,54475,48126,43748,62071,56272,60856,64481,59109,50852,55967,55578,74691,53489,60206,67780,57950,57013,67160,45405,49274,58108,64989,60771,57937,57809,56817,44249,
284,62854,59991,56689,67313,55252,6187,5910,51871,64105,50979,61343,54867,62715,55212,40767,48887,55897,51928,47983,59059,52787,61243,55541,47766,60508,62263,60787,58157,59358,50149,51405,44318,62573,55308,64410,54806,69089,53551,47358,43063,61070,54873,60244,63689,58610,50855,55059,54598,74424,52397,59285,67330,57029,56480,66412,45024,48698,56841,64399,60313,57117,57421,56380,43837,
285,62897,59375,55847,66809,54478,5755,5406,51489,63761,50564,60301,54614,61608,54318,40686,47559,55252,51631,47843,58606,52191,61295,55002,47694,59854,61611,59773,57625,58514,48913,50773,44166,61891,54682,63405,53599,68165,53135,47016,42501,60122,54837,59445,62900,58321,49890,54470,54754,73006,51954,58828,66446,56208,56364,65771,44446,48504,56082,63376,59994,56650,56976,55968,43410,
286,62175,57939,54877,65350,53769,5275,4885,51186,62841,50113,59649,53970,60986,54066,40081,47717,54734,50897,46807,58138,51410,60324,53857,46746,59724,60517,59817,56904,58535,48952,50075,43217,60829,54222,62221,53618,67356,52238,46212,42486,59909,54183,58817,62117,57270,48661,54126,53431,71665,51454,58144,66033,55986,55232,65287,44052,47954,55394,62939,58641,55537,56289,55318,42732,
287,61085,58062,54641,64990,53064,4797,4372,50267,62130,49479,59278,53421,60739,53013,39629,46777,53685,50466,47117,57579,50980,59467,53343,46365,57880,60335,58576,56250,57151,47960,49441,42528,60320,53589,62095,52632,65814,51739,45441,41683,58895,53930,58288,61926,56562,48808,53376,53299,71548,50969,57334,65494,55126,54784,64273,43656,47183,55294,62336,58575,54947,55582,54715,42077,
288,60502,56907,53322,63539,52100,3914,3473,49608,61254,48753,58162,52533,59075,52136,38256,45696,52939,49733,46139,56463,49902,58349,52530,45397,57378,59388,57931,55547,56349,47059,48379,41589,59323,52918,61231,52353,65758,50484,44855,40985,58011,52698,57749,60780,55764,47361,52151,52201,69927,50293,56738,64354,54252,54097,62935,42990,46199,54650,61053,57666,54190,54659,53554,41782,
289,59401,56332,53078,62949,51092,3701,3203,49282,60328,48388,57341,51866,58089,51735,37709,45942,52220,49327,45191,55464,49265,57558,51464,45150,56456,58837,57065,55267,55768,46279,47547,41288,58759,52507,60095,51322,64132,49714,43768,41092,57596,51941,56894,59530,54728,46268,51551,51842,68852,49485,55866,63386,53639,53035,62391,42197,45678,53796,60767,56700,53246,53874,52964,41387,
290,58735,55559,52100,62017,50773,3302,2801,48355,59901,47861,56624,51915,57097,50576,37298,44552,51712,48778,44903,55101,48293,57026,51618,44104,55767,57944,57150,54031,54034,45255,46632,40502,57962,51554,59326,51019,63140,49072,43498,40306,56613,51737,56156,59402,53759,45514,51349,51725,68353,49186,55347,62080,52852,52319,61373,41980,44903,52921,59624,56524,52288,52894,52357,41041,
291,57689,55044,51679,61056,49683,2933,2595,48299,59275,47123,56138,50909,56558,49957,36943,43898,50387,48181,43972,54514,48100,56039,50314,43731,55739,57260,56243,53548,52861,44602,45815,39815,57404,50834,59066,50550,62331,47665,42522,39702,55727,50994,55480,58121,53279,44866,49702,50960,67490,48455,54257,61968,51892,51517,60198,41497,44677,51900,58607,55760,51842,52294,51380,40606,
292,57234,54384,51151,60707,48704,2807,2601,47977,58730,46902,55452,49746,55599,49064,36131,43488,50288,47364,43391,54097,47228,55216,49945,42703,54946,56653,55137,52867,52875,43833,45075,38829,56423,50170,58632,49956,61114,46956,41712,39817,54921,50195,54470,57287,52484,43989,49361,50354,66556,47189,53750,61311,51407,50762,59590,41262,44079,51354,58800,54970,50985,51592,50076,40462,
293,56524,53054,50535,59540,47902,2581,2459,47655,57762,45964,54517,49375,54459,48133,35537,42903,48954,46710,42928,52985,46675,54064,48661,42204,53637,56012,54877,52494,51286,43363,44278,38103,55490,49815,57760,48981,60622,46179,40930,39267,54361,49691,53960,56954,51800,43175,48688,50004,64931,47301,53198,60194,50342,50315,58666,40670,43382,50550,57649,54076,50474,51116,49915,39539,
294,56100,52892,49565,58814,47275,2440,2344,47135,57122,45220,53553,48644,53672,48000,34784,42334,48534,46259,42154,52536,45810,53265,47865,41250,53371,55494,54413,51263,50250,42020,43371,37618,55443,49207,56847,48402,58512,45304,39738,39003,54258,48872,53601,56054,50809,42275,47607,49449,63827,46146,52203,59800,49171,49035,57113,40492,42751,49640,56591,53672,49331,50199,48842,39155,
295,55498,51952,49200,57956,46559,2330,2251,46538,56580,44729,53395,48032,52266,46992,34157,40945,46613,45601,41396,51949,45071,52611,47206,40583,52424,54808,53600,50923,49413,41829,42603,36818,54068,48095,56814,48011,57972,44553,39356,38518,53306,48408,52686,54993,49392,40916,46780,48740,63104,45616,51581,58941,48548,48460,56327,39578,41852,48953,55759,52529,48502,49258,47683,38494,
296,55076,51046,47885,56621,45834,2255,2185,45871,55486,44242,52616,47672,51357,46431,33207,39998,46357,45103,40712,50735,44180,51210,46513,39874,51008,53749,52805,49846,48558,40785,41512,35894,53345,47805,55382,47176,56930,43565,38163,37845,52191,47592,51796,54737,48641,40111,46417,48181,62089,45025,51042,58008,47866,48114,55617,39324,41672,47853,55515,52512,47705,48424,47120,38384,
297,54236,49928,47422,56607,44735,2230,2148,45644,55087,43438,52328,46706,50375,45083,32151,39933,45333,44655,40041,49896,43354,50490,45550,38487,50678,53669,51975,49200,47585,39583,40447,34639,52357,46976,54783,46327,56131,42599,36863,37527,51429,47417,50970,54085,48007,38696,45562,47778,61319,43743,50707,57168,46958,46515,54294,39012,40412,46827,54834,51785,46566,48154,45608,38112,
298,53222,48702,46726,54442,43661,2083,2034,44679,54188,42840,51247,46284,48628,44107,31021,38192,44367,43391,39573,49347,42559,49557,44097,38431,49876,52365,51185,48563,46013,38090,39134,33589,51165,46089,53831,46021,54431,40950,35310,37115,50739,46517,50604,52751,46253,35292,44516,47145,59891,43657,49854,55620,46595,45955,52965,38249,39690,46145,53506,50432,45679,46933,45445,37242,
299,52664,48475,45422,53812,42005,2004,1942,44165,53473,41862,50406,45411,47235,43241,29177,37807,43394,43056,38580,48472,41917,48797,43622,37584,48985,52078,50686,48085,43801,36076,36879,31538,50090,45238,52902,45120,52817,38569,32805,36647,49484,45180,49295,52216,45418,31196,44062,46344,57918,42589,48939,54455,45782,45073,51890,37897,39071,45385,52374,49837,45062,46053,44860,36903,
