165,301009,297973,288241,344616,423964,251476,294542,891970,344070,246888,317316,263692,459859,426714,282566,354164,318263,278830,262430,313812,430928,412522,469759,342321,326333,340511,312761,323038,420788,331282,367493,319824,296721,288851,326795,272132,481442,347500,304093,560191,309551,293761,311903,340840,396611,368499,413305,885797,375519,257604,304637,313380,431182,378454,417716,869095,243261,275442,294593,295922,406402,396119,428408,441442,
166,318504,316789,306844,366011,625725,314554,415407,1419211,368153,263868,337833,280016,627663,614129,317422,449964,312284,283971,275141,317620,635260,525935,736329,474886,336409,361517,327175,343796,579367,398844,489835,422307,314979,305944,345783,283517,665310,406494,337851,919538,326617,309652,317867,357984,523852,511152,570361,1348547,403379,273038,322564,332839,614830,483864,466888,1305630,259445,292180,312503,312788,577388,521987,646571,719158,
167,334056,334398,323416,386753,1062055,437191,624814,1939026,406308,277203,355530,293038,1058977,1058458,412138,719885,322831,295852,288735,328227,1025039,809836,1194981,780045,352317,392765,344628,371264,955682,598585,796381,694225,329098,322719,365026,296815,1054876,584094,442099,1192642,342152,328574,332444,376513,842761,859132,904485,1636075,426938,289107,343093,348498,1009633,765475,594693,1644905,272963,308306,329299,329491,951483,819239,1055634,1097762,
168,353316,354433,341854,418063,1664588,682505,911228,2206700,489819,290996,385795,309296,1788283,1769838,702948,1267448,341676,311736,307346,345298,1492901,1314253,1645921,1216385,371584,464445,367308,429396,1497931,1013883,1292838,1140483,350853,347723,394122,314348,1570261,996711,737185,1296997,364445,364384,351057,402364,1353165,1369836,1396122,1711176,449765,305144,379514,369032,1572686,1260693,951370,1801894,287527,325142,346371,354316,1472709,1319920,1519431,1401983,
169,378758,377103,380162,486766,2275744,970718,1132018,1910711,669624,311625,452362,329134,2618407,2510018,1244833,1978496,360562,332861,336140,366332,1785667,1778187,1875952,1518563,405623,633348,403374,566139,1903437,1469764,1706356,1524038,371460,404688,456244,335383,1889539,1485000,1183603,1316913,398594,444258,376125,451686,1773088,1726412,1767791,1696851,495881,326243,457084,388803,2127051,1768891,1556602,1647530,305855,345489,365177,405885,1924920,1791942,1837564,1544108,
170,458270,446286,500153,735968,2340007,1178951,1286446,1711702,1124692,354206,656069,387466,2789059,2470009,1972041,2363863,407684,393695,439437,418527,1868824,2009282,1923550,1627426,513808,1127024,531401,979662,1999245,1743890,1866271,1680750,417867,603897,661454,393030,1955839,1763960,1534019,1320752,513852,706469,450264,615315,1917333,1773324,1862406,1697704,650118,377970,693824,435576,2338306,2196623,2283019,1561656,350377,404688,404782,575486,2070927,2085517,1867983,1540260,
171,630821,634906,770643,1193025,2002541,1306776,1471681,1697692,1583336,462292,1037776,537606,2328429,2045936,2074037,2005004,531541,544340,695694,545758,1843464,2007986,1924149,1638567,790510,1752840,838692,1529224,1952472,1722765,1834372,1652330,539637,988034,1062569,539178,1953534,1804072,1625418,1328636,783376,1160644,638590,975160,1882240,1750897,1835127,1708724,1007202,514406,1097800,550479,2058874,2091441,2709201,1560971,450835,563860,494691,916502,1915342,2016064,1805415,1523502,
172,1083965,1148564,1314172,1805367,1886803,1494319,1976248,1734464,1875221,788234,1586426,950650,2149693,1912720,1761157,1813796,982700,999135,1310605,963980,1844790,1995908,1945241,1658076,1472906,2540210,1497481,2229330,1959845,1692299,1823825,1649183,932057,1551920,1677678,961462,1979555,1813349,1638944,1345866,1361405,1780591,1147556,1676937,1885201,1766815,1839362,1729667,1688025,902141,1615149,912931,1933771,1890704,2532943,1587910,752760,1002980,788147,1395864,1873506,1949731,1811481,1534259,
173,1588086,1719738,1766024,2070444,1942433,2186374,3609028,1832130,1932834,1229491,1901996,1393253,2189023,1970089,1615660,1823799,1718498,1651572,1994828,1609707,1872323,2026230,1975709,1693990,2289456,2569582,2190650,2427641,2015971,1722553,1855529,1685651,1465838,1919741,2148390,1485077,2032717,1856816,1684770,1380125,1933664,2231876,1772869,2369129,1926138,1838493,1876689,1782610,2177152,1358478,1833394,1435904,1950590,1860542,2307150,1640606,1169223,1456904,1246291,1689781,1899153,1958845,1856828,1555620,
174,1999517,2096383,1908640,2021851,2818764,5174972,7496644,2826370,1942394,1636289,1954660,1707907,3213759,3013411,2837244,2661618,2588662,2302109,2170951,2479978,2490613,2704644,2783876,2583098,2658462,2113024,2552049,2029690,2691342,2275624,2482823,2398830,1987781,1912459,2244393,2062870,3070536,2829134,2775091,2495436,2285478,2091626,2446505,2744341,2623344,2850996,3147545,2895138,2274056,1695326,1794583,1938711,2624101,2472244,2904848,2451423,1554997,1728049,1756779,1721351,2624756,2594380,2709696,2332397,
175,2016951,2059279,1857463,2042229,126099834,120357213,131127096,304643009,1997058,1746817,1963069,1744791,155298451,159575855,226803378,138977158,2451493,2140713,1879848,2506493,124619361,130567549,153616510,172229059,2334413,1995952,2251088,1908536,122167131,105650913,118650588,135933483,2090341,1899950,2113444,2076932,168715656,180266370,197424316,211756082,2130317,1952842,2362727,2450229,137278255,192034181,253171118,212638003,2275534,1705810,1783431,2026188,121573675,109710733,123815832,147253467,1657748,1773338,1899842,1731784,131654144,123051507,153601500,157821183,
176,1976434,2074204,1904501,2230441,230081323,185045612,179169071,240399785,2131866,1768370,2046225,1766133,222453066,236148011,245583045,223868447,2102141,1842528,1740039,2164889,196227421,212288612,231808097,263679305,2111374,2049159,2054258,1944178,211318255,190056986,184642364,197964516,2140641,2024428,2121763,1940080,208989210,201016095,215319339,228208175,2071427,1956519,2143487,2261030,195142655,234889766,242637209,247756588,2407715,1706514,1838309,1981936,219415484,184112123,193632171,236793719,1688735,1842100,1924025,1789685,218388456,205474418,250848351,215806774,
177,2062674,2326228,2122097,2637327,304720282,245784481,249156867,294639006,2426027,1868753,2262095,1928090,277356061,285596888,236278811,256972307,2072948,1821901,1816286,2079734,199901392,219028264,227616639,288670469,2157762,2234920,2097959,2094691,226470985,204032908,183524644,195345606,2336076,2311111,2277824,1959007,168507607,165406225,174184010,178535384,2196834,2124970,2133578,2294703,207249961,178101863,187093493,210850031,2723332,1823531,2005610,2037455,286434831,256082230,249856283,300277002,1753226,2017197,1999747,1942839,268536297,250552351,255059534,233192689,
178,4625979,5115993,4795239,5682259,339449510,293287609,316327590,340733911,6785733,5364481,4733707,4771759,339077710,341896897,286307422,296168369,5786507,6251419,5246574,4721246,208982746,225748882,219745941,296212979,5364889,3318832,4621584,5578557,231948111,191207990,179042631,190270189,6294441,5777082,5238200,4451835,151918963,158757265,162868677,164636533,4944800,4968725,4674300,5278443,204361524,166720723,180143619,199153849,7733004,5242028,5069153,4334516,335661189,272067893,281677679,314989546,5981945,6439652,4668433,6553713,295852957,266859499,252307383,207266768,
179,144623849,140261318,139610631,154055153,377127243,323683995,361991430,385009143,216836972,160810419,131329867,152028926,396033110,397011980,339005066,339851314,201865957,250141670,188814761,145774355,219662633,249681718,226209438,295390267,178825126,319670083,136216233,157089779,217493135,195321160,182898658,300615842,203562317,176307968,159041423,139890870,159758045,157404164,160872898,164084071,144204758,87605616,143444002,172233717,199856077,159373953,173597434,185276278,269385819,184144372,166592693,123044671,359117606,318806611,291588963,338335286,266686223,253020856,196077442,305268841,305471213,280050439,268659816,212987345,
180,177121208,179244056,175787640,171369564,398988138,338107656,373041478,431483936,215508061,188412985,162516116,172788641,445755520,453366275,404941772,381815289,252952574,251550957,222503097,180161118,211074610,205403504,210601285,257151851,200831199,207815252,172149495,194176702,211703855,176000989,184382073,184164741,218664970,210091717,217884843,180508967,161175848,158678033,163343517,169883681,181841987,191475866,191283986,216294348,185550460,164279121,172439643,178514006,234194959,193160825,193102762,162790203,380550045,328856905,300131923,347029145,199875855,235779488,209386306,189101390,317530373,290995049,267536855,256743120,
181,180857752,183863883,177642217,186713085,414381222,340205146,384973335,472631853,209910132,205798599,190119071,174958092,506355826,524619341,507584199,392143584,263915141,259239664,239760820,191389237,200659424,204451985,209354520,281303098,231084490,241179858,207686884,234753601,187554136,192875571,181190877,193002540,233856629,230648327,279460562,233571818,159680853,160298898,163247856,170259043,233366132,239854419,240115166,249509674,181932040,164774992,166954773,174104679,187879268,177338290,177238599,179956110,377356916,352846083,319945430,363495622,326731380,189631098,173340961,190740615,319720115,292594567,260710058,279024700,
182,189076968,188497682,175443445,178996351,421099532,344273774,379435515,494184724,209474622,207609911,185395313,163875794,564138981,586584883,605388445,531532105,284032469,281216506,265961190,217999954,183904279,186358877,201729149,258522155,272538031,297469473,260305018,273316252,177272059,176610612,169639809,180979355,259061636,254383142,332730540,278337485,157218403,157060677,158898637,162390234,278793084,265876569,315516129,283401132,172787222,160722794,162144788,164279633,170052581,166807409,169777125,192909751,361460230,358588349,324024855,359890855,170157744,204831160,168645680,170014308,315750533,292250880,239769793,228136569,
183,195394039,192977062,171703807,181343017,404003667,341882885,404996066,496720058,210927627,210914851,175801223,172357265,575076298,600632713,631105426,573179814,300735994,310731789,302116163,239250156,170132883,174235333,193211352,239984278,313884077,338221980,295343350,308714634,165870745,163667351,160025813,172287884,281317912,263233877,362583660,300663586,154832327,154277677,155592013,157064826,296979209,289265241,319741865,306435485,252417213,158528331,156592523,159824639,164291929,163429818,166138894,198580486,338182742,359565663,326393678,339998717,169578000,164308981,164899468,162567412,304152924,285122836,228443891,218124561,
184,183473337,198660231,167915925,168338045,394370036,342092501,404232184,487954292,200439512,210823408,178153601,179046788,562006790,585173730,618326328,576698550,331661874,351586849,344109529,287677223,162149402,165298631,187742585,226338973,358906574,373769487,318491496,335027995,161946689,158479755,156415166,165850293,293181128,252549314,376350010,315003023,153685629,153462658,154247930,156783038,312231759,301108298,344295325,321697099,157045685,159591689,157300373,157779659,161410845,160607849,163111925,197427445,322452348,346479975,357468162,325800773,163008160,159058760,161356527,157131776,291220911,277983915,218169416,209714299,
185,186539297,219240430,168710667,173750049,390976046,354096152,429677926,487756891,207787158,236896788,173942569,272000954,545171080,575790905,610112689,579126074,366008629,390309911,384803358,318025607,160491573,164550468,186996034,218660871,259895120,383086509,332227178,344970920,158026010,155685859,154915159,122281938,303034791,261168737,377610900,323431018,153330805,152737898,153460052,154742271,315674650,311264775,360188769,329298730,154134352,162347561,154531236,158488142,159263542,158463990,161094875,194226577,320856865,335940051,308288135,313169127,160490983,158454605,160069056,164857345,280092375,268154440,212936058,205895685,
186,188990068,208414562,177119335,170782194,387017282,388814444,457725778,494070383,201734349,200039645,286035599,169243450,542771270,574926822,604129923,579202026,394795076,419317277,428184239,350327876,159011260,163965062,172835033,209825613,431381241,412350509,337963682,345724852,158501014,157062580,153890726,162738037,304895013,257630753,385188426,298022230,152630834,152174454,153993195,153486325,321727196,327049515,368336791,340164449,154308871,166035128,153540262,157545761,158520865,159294420,161058266,185959035,322128954,330707266,357903703,319696255,160481556,157694791,158635774,115112928,270330301,256792368,212015232,206085426,
187,178630951,208369510,175595839,173320706,435966028,428242774,206037541,483113781,139420802,241067311,180831996,170398192,536944248,560731982,579283677,585910806,473863416,437895176,454637648,384489326,156238467,161604280,169607902,209896163,455135894,423471805,343255035,355200591,158113615,155949686,152522484,161934928,295309462,361250688,390207357,330250839,151590268,151253004,151598369,151901437,323236155,322649009,367267533,346095919,153655511,166057099,152335978,140187935,158108256,159193395,161390282,169240078,335635198,334997124,315180334,326418878,157879925,157485074,157943587,156670727,262323955,248752958,211613747,208353149,
188,192182842,207253173,171380240,173129944,484540073,426037488,420554728,439308717,205494125,190482473,177415287,170054696,484471066,495611740,502275677,524830047,462164802,455187565,470999514,414170407,143133541,147112883,155694034,194435413,475623144,436162197,351276117,353170011,143648193,143424359,141258879,150219460,298581325,263595339,388492844,330021747,140657701,139875980,140524675,140027138,326244860,326204371,361604214,336272265,142274555,152144688,141550618,142078433,157258863,158739013,160552619,182515950,333659355,325082899,331646612,322490873,156840298,286105107,182021041,157413653,242234350,226970810,186180888,192164974,
189,187086990,202567061,175313867,170055550,230131663,252480422,248696941,255038973,201732283,190834652,176312952,169215233,272937894,275119333,284604058,297626815,495309446,467009814,485221001,438871056,85180009,84954391,89855384,109455268,484866251,449676700,362379954,360818494,84540984,83865731,82563267,87488437,271044164,190296447,388899410,323452845,81443060,81848468,81986416,81874941,324161851,328703129,355523951,324671270,83593409,88025124,82596365,83187442,156973691,157847308,159784942,182031934,209850451,194803566,216991899,185478557,143823713,151968447,156440653,162729124,141577048,131153772,111797291,110038148,
190,179637685,203626604,169819367,167779070,41520458,43679934,42227582,40974150,184518432,193350049,169498128,163209330,43365155,43245384,44601170,46862139,458461282,457045232,474544134,441188267,14646996,14889761,15528546,17766795,474713703,419422912,370385275,366391113,14875252,14552905,14523371,14919821,272652741,241058652,328226501,291113520,14573297,14411221,14264608,13999855,318525459,320356173,344481102,347361426,14693277,15128969,14560397,14539303,151836232,153196382,155042241,161332330,35722874,34757146,31220201,31890158,149324894,151141158,151303307,151104240,24502212,22237313,18761349,18014090,
191,125173082,145600564,120222028,120614960,3100474,5689390,5621829,2893172,129711434,124704313,131854241,114883940,3306422,3096042,2865307,3204574,330354029,322682966,328529379,307747807,2253357,2382254,2339596,2131110,328598425,316097468,269514815,263226003,2336287,2079508,2211328,2039518,188621831,176602586,240590028,215744938,2373026,2209128,2038603,1752795,229802709,222590757,245169534,249078961,2284754,2161002,2250093,2132738,106767259,107286286,108537375,124334321,3013213,2861680,3125590,2567570,104345702,106227831,106219814,106940329,2591568,2553882,2417247,2046946,
192,13748169,15681938,12938426,13115141,1758002,4379177,4349868,1656585,14604398,13421595,13000462,12599842,2012999,1797456,1489642,1704429,35649761,33931879,33430613,32022908,1757385,1956797,1899896,1612449,33333299,32535355,29358176,28726607,1912306,1658447,1789290,1607286,19653137,19410441,26627593,23063683,1956209,1791040,1617431,1335459,24738563,24277103,25936376,27149156,1856637,1717868,1827275,1711476,12518224,11970424,12202973,13886777,1843311,1755190,2128212,1524671,11963383,11980998,12180213,12016286,1791406,1879503,1736216,1514782,
193,2367847,2440477,2241508,2395527,1753377,4343594,4313311,1650330,2419369,2121962,2339322,2084155,2007654,1796580,1488704,1701620,3177597,2910873,2829996,3049399,1750307,1947329,1891432,1609085,3066628,3089872,2964713,2905387,1907215,1651796,1785451,1601638,2592423,2427439,2916907,2503828,1953499,1790123,1617056,1333787,2777801,2670588,2794798,3051788,1863425,1714344,1825185,1707473,2640133,2068625,2195119,2411170,1841858,1754074,2125229,1521833,2104257,2164377,2323805,2136704,1791673,1871021,1731277,1511489,
194,1895866,1902446,1788824,1961256,1749529,4312744,4283097,1647745,1933477,1674015,1900721,1658604,2004072,1792589,1486312,1698544,1821144,1621536,1578033,1834229,1744693,1947009,1888987,1603751,1824530,1856291,1826613,1782310,1906683,1649943,1780109,1596160,1907748,1742411,1920345,1676614,1948636,1783786,1609223,1328154,1813233,1747467,1802517,2009611,1861209,1709608,1821004,1706885,2234058,1656501,1780256,1939987,1835705,1751128,2120109,1518006,1692473,1755774,1907618,1724217,1782981,1867103,1726236,1507172,
195,1886953,1894282,1784056,1951982,1748939,4291455,4258666,1643428,1920807,1668614,1893440,1648737,2000604,1786778,1480049,1694707,1810046,1610279,1566019,1822672,1743338,1941246,1883933,1601604,1813982,1842934,1815905,1771698,1901909,1645201,1777016,1596392,1900188,1731840,1904209,1664689,1943333,1783105,1604236,1324808,1801129,1736374,1792976,2000871,1853512,1704502,1817893,1702853,2235885,1651245,1775034,1935468,1831217,1747054,2114194,1516449,1685207,1749301,1897610,1718858,1782286,1863558,1720993,1502158,
196,1878973,1888427,1781441,1947173,1740753,4256628,4213173,1640076,1914945,1648437,1883228,1640409,1995383,1782743,1477104,1692239,1801518,1607816,1561138,1821470,1734587,1937948,1882587,1597587,1807345,1838353,1813319,1767177,1895668,1641498,1770321,1588465,1891974,1731436,1901098,1664456,1939300,1778655,1600305,1324839,1795169,1732909,1786595,1995223,1840484,1700593,1809094,1700100,2224228,1645067,1768464,1927476,1831805,1740835,2107566,1512280,1680421,1744951,1892440,1712794,1777856,1861892,1714802,1500482,
197,1875347,1883207,1772608,1941589,1736411,4221216,4139480,1637294,1909801,1663487,1882129,1639028,1986809,1776518,1474044,1687751,1796491,1601257,1558299,1814271,1730341,1932899,1875880,1590268,1805554,1834366,1805170,1761717,1891042,1637241,1767463,1586966,1889402,1723610,1897202,1655776,1931771,1771650,1598199,1323962,1795212,1729436,1781068,1981707,1831256,1695081,1806379,1694136,2218612,1642521,1765846,1923009,1826346,1738878,2105287,1513880,1678947,1739669,1889794,1710627,1772046,1857539,1710360,1497678,
198,1868171,1877038,1767594,1938935,1731981,4142236,3882542,1632791,1904033,1639173,1873958,1638699,1985279,1774456,1469788,1685353,1794250,1598040,1553598,1806358,1729782,1926920,1868110,1588094,1796018,1829985,1799648,1756056,1886465,1631169,1762637,1579659,1883329,1719909,1890821,1653512,1927878,1769916,1595033,1318550,1786299,1722933,1779629,1981219,1830625,1689047,1801468,1692471,2215343,1634638,1757865,1917764,1820486,1730565,2096155,1507492,1673402,1737379,1880595,1703890,1773873,1852908,1704713,1495467,
199,1863892,1875781,1762922,1933397,1727950,3825859,3176549,1632429,1898887,1636731,1871383,1634631,1978417,1769258,1465213,1680474,1789913,1594036,1552340,1804534,1723101,1923208,1861841,1583500,1794138,1826133,1797743,1754638,1881588,1628822,1755777,1577688,1880811,1716826,1886878,1651443,1920676,1767899,1593152,1318004,1782078,1722061,1774189,1976287,1831045,1691926,1797026,1691654,2202970,1630749,1754026,1914302,1816175,1729092,2092716,1506597,1667616,1733364,1877590,1700310,1766917,1849669,1702097,1495794,
200,1858085,1870003,1757590,1927192,1725004,3059970,2083964,1628921,1894016,1630747,1863764,1625381,1975846,1765496,1462214,1675282,1787375,1590164,1546740,1801547,1718001,1919430,1860531,1579344,1789372,1820401,1791233,1749376,1875481,1623624,1754019,1574374,1873248,1711125,1883482,1646361,1913220,1758881,1582886,1314795,1779949,1717308,1772292,1974660,1816733,1687072,1790136,1688543,2200196,1627809,1748567,1910161,1810052,1725129,2090511,1504814,1662239,1727890,1874364,1696929,1758447,1844010,1697638,1493884,
201,1852496,1860706,1756258,1920814,1720566,2061664,1221399,1627417,1890915,1627846,1857864,1620173,1968937,1760648,1460652,1671157,1780857,1584868,1539022,1793779,1715360,1912596,1857623,1572148,1783249,1814811,1787766,1745705,1871278,1620939,1749155,1567157,1869162,1706502,1874257,1636381,1907211,1756917,1575232,1315397,1772204,1710460,1763830,1969066,1841857,1684642,1784886,1684307,2190692,1625146,1745948,1898657,1805395,1721082,2083565,1503671,1660477,1723141,1871651,1692173,1755468,1838431,1693000,1492013,
202,1848570,1855845,1747692,1912230,1716129,1200739,804505,1624304,1883741,1623146,1853215,1616218,1964454,1757829,1455354,1667418,1776723,1578766,1537266,1788314,1710085,1907010,1851093,1572791,1776414,1809991,1780857,1740666,1868186,1614503,1742118,1563917,1864313,1701488,1871293,1633899,1902087,1747254,1570893,1312022,1765753,1705856,1760692,1960464,1814770,1677507,1780325,1680253,2186729,1617840,1743326,1895743,1797027,1717178,2076575,1498740,1655144,1719282,1860435,1686894,1749601,1833395,1685262,1486472,
203,1840155,1852354,1744850,1907610,1710911,823855,691091,1621741,1878463,1618701,1850027,1611743,1953445,1751846,1448947,1658332,1773221,1574691,1531231,1786673,1704155,1898808,1846821,1565889,1775660,1803306,1771351,1734241,1858938,1613057,1739544,1560080,1858599,1697241,1864786,1628582,1893496,1739060,1568204,1307206,1760591,1704964,1756693,1956316,1810294,1667646,1772040,1679616,2184731,1613014,1736220,1896402,1794872,1710571,2071361,1496253,1649930,1712562,1856497,1681244,1748819,1830270,1681081,1485432,
204,1835612,1846199,1739131,1903492,1704088,700791,657571,1619714,1876961,1614853,1844311,1611422,1947451,1742968,1443904,1655430,1768705,1569791,1523469,1779976,1701352,1898622,1837393,1562681,1766603,1801670,1767144,1728825,1852101,1606553,1731882,1552064,1853566,1693287,1858261,1626440,1887486,1729176,1558370,1305641,1757712,1696796,1750595,1950142,1816601,1662965,1767732,1672078,2187034,1607074,1732239,1888183,1790215,1702273,2064485,1494248,1646515,1708520,1853672,1678792,1741828,1826737,1678041,1485000,
205,1830711,1842694,1732428,1897728,1696341,658258,641783,1614667,1870087,1608883,1839267,1608639,1937171,1735979,1436261,1647071,1760519,1565820,1520745,1771449,1693201,1888600,1827005,1556325,1763853,1795787,1758137,1724344,1842873,1599256,1722082,1546246,1850719,1687988,1854667,1621340,1879798,1723678,1553528,1303458,1755354,1695240,1746209,1945062,1791774,1656486,1762800,1668579,2180304,1601892,1725255,1884339,1779308,1698571,2058606,1493257,1641849,1701746,1846206,1674377,1733702,1818715,1671838,1480118,
206,1825175,1833019,1725771,1890589,1689062,639714,628971,1610631,1865958,1605506,1831570,1604092,1930525,1726233,1431808,1637726,1754834,1556831,1515013,1767378,1686004,1883742,1824620,1547482,1754861,1790575,1750885,1717756,1833929,1589827,1713708,1540659,1842527,1682586,1851620,1619764,1870553,1716317,1545732,1299131,1743904,1689980,1741752,1938858,1788876,1647664,1753508,1663222,2169508,1595881,1719628,1878188,1772993,1691647,2048764,1487890,1633914,1694080,1838727,1663758,1726192,1810621,1664002,1477551,
207,1823195,1832458,1721255,1887682,1684736,633710,624201,1606594,1861641,1601928,1831853,1598594,1924749,1720971,1425462,1632225,1747994,1556670,1513972,1762430,1677422,1872815,1813191,1539529,1749656,1783237,1749228,1712878,1823840,1583880,1705096,1531399,1840390,1679052,1844740,1616503,1857147,1708295,1538610,1293780,1739903,1684907,1737227,1933434,1783599,1640329,1744188,1657344,2149616,1591641,1712722,1871798,1766894,1683018,2039155,1482982,1629382,1689678,1833132,1661987,1715594,1802678,1653802,1473263,
208,1815827,1827785,1716884,1875527,1677484,619472,610309,1600082,1852454,1594359,1822302,1590255,1915382,1715898,1420261,1626068,1740084,1550048,1503982,1757635,1666346,1870091,1805255,1532409,1742626,1775872,1744384,1704807,1817039,1575130,1697632,1521426,1834150,1674171,1838723,1610588,1848512,1700643,1532038,1289893,1737473,1680659,1731525,1929174,1773869,1633270,1737295,1652030,2136571,1584553,1707456,1868173,1757723,1673190,2027626,1476670,1619544,1682387,1825320,1649605,1706917,1793773,1644444,1470165,
209,1812320,1819836,1709026,1869185,1669815,607383,598328,1595243,1849512,1592364,1817922,1587488,1905035,1706316,1412725,1619009,1737313,1545886,1499960,1751923,1662741,1858791,1797825,1524460,1737571,1771696,1743660,1698655,1811142,1571002,1689215,1517525,1826371,1668945,1833396,1606179,1840670,1696968,1526979,1287639,1727430,1674713,1725527,1919372,1760418,1621698,1727305,1646883,2128841,1580715,1702020,1858691,1750005,1667964,2021258,1475735,1611428,1674331,1815749,1646413,1699718,1783088,1637432,1465979,
210,1805100,1811758,1700791,1858667,1658355,598423,589222,1594183,1839734,1585374,1807034,1578929,1899649,1700185,1406228,1609331,1730028,1539487,1492869,1744080,1653534,1844386,1787965,1520692,1729521,1759844,1739589,1692199,1802267,1561398,1682447,1511406,1817122,1662119,1824895,1600047,1830705,1687780,1519856,1282443,1721530,1666137,1721329,1911168,1744928,1614015,1722676,1645501,2114982,1570552,1693116,1853176,1742510,1660647,2011534,1471236,1602592,1666480,1808992,1636266,1692297,1770545,1629602,1460750,
211,1799113,1802362,1692690,1848392,1656015,588483,578750,1588149,1833144,1579490,1797090,1579033,1892499,1691964,1402017,1605890,1718533,1533337,1486853,1737280,1647987,1840365,1778280,1512810,1723943,1756103,1730325,1684419,1794375,1556010,1675081,1502392,1811548,1650018,1819262,1593785,1823511,1682214,1515130,1279963,1714975,1656545,1713270,1901884,1744013,1612936,1715080,1642352,2105728,1566777,1685986,1842213,1734987,1655090,2004843,1467135,1597610,1657936,1801373,1630138,1687013,1768463,1623631,1457193,
212,1789107,1793841,1684528,1843484,1649946,578595,568137,1586320,1822327,1570994,1788718,1564179,1884374,1685596,1396863,1600619,1714788,1524807,1480883,1732303,1644064,1834186,1774334,1508020,1711115,1748578,1724321,1678129,1789027,1550267,1666844,1496927,1801097,1643688,1813049,1585536,1815040,1675183,1505772,1282042,1705886,1652741,1703279,1894350,1732043,1602811,1709398,1634938,2096773,1556729,1677549,1832928,1729210,1650309,1997550,1463841,1586584,1650490,1792610,1621355,1680828,1761966,1617101,1455171,
213,1780368,1784094,1676727,1834275,1643306,568093,556601,1582839,1810502,1562899,1779969,1557150,1876248,1680161,1389504,1591837,1709227,1521555,1471905,1723966,1635038,1823932,1764862,1500857,1708067,1744255,1716098,1671366,1780594,1544823,1661240,1490419,1794112,1636658,1801793,1581524,1808865,1671294,1503784,1275833,1697203,1644510,1700815,1886706,1727858,1596091,1701340,1631021,2090827,1550438,1670620,1821810,1722724,1640940,1989501,1459646,1581731,1647716,1786687,1616889,1673185,1754191,1610067,1453525,
214,1771410,1776128,1667364,1824010,1634066,552669,539918,1578946,1805802,1555330,1767736,1550103,1865551,1672438,1385115,1586947,1700038,1512596,1466282,1715769,1627889,1821569,1753753,1496653,1702384,1734684,1707835,1662467,1769658,1536922,1653143,1485850,1787210,1627432,1794242,1572515,1799752,1663994,1492083,1270915,1687806,1639073,1688514,1876815,1722211,1579734,1693812,1629638,2070447,1542577,1662660,1813760,1715892,1635464,1979590,1458586,1574139,1640101,1777425,1608933,1668171,1748119,1606965,1447238,
215,1764950,1770711,1660504,1816430,1624273,541442,527986,1574679,1796684,1549473,1763876,1548048,1855363,1667190,1376045,1579157,1692306,1506738,1461568,1710347,1623495,1811072,1745561,1488652,1691949,1730549,1701874,1657685,1754744,1525828,1640169,1466895,1776844,1621582,1785890,1561390,1792177,1645881,1478905,1271519,1683757,1634614,1683539,1869674,1715731,1544682,1686656,1626671,2064718,1538115,1655604,1806758,1707045,1628444,1969268,1453109,1570914,1635187,1773701,1603778,1658642,1740169,1598461,1443996,
216,1758242,1761112,1656948,1808097,1591917,525342,510445,1572630,1791865,1540855,1759059,1541449,1807564,1652218,1348492,1568376,1687435,1498872,1456065,1701728,1617644,1795235,1736046,1473398,1684798,1725929,1694390,1650238,1696296,1486322,1588099,1400462,1770632,1618132,1782488,1555790,1773665,1602621,1440164,1268362,1674206,1628229,1678224,1863751,1695509,1406027,1677314,1621768,2066498,1532225,1648314,1803891,1701417,1617903,1957384,1452781,1564021,1626608,1766009,1599467,1648530,1732557,1582596,1442480,
217,1750645,1754409,1647552,1803403,1480649,511160,493032,1567440,1784702,1539246,1749474,1539001,1657296,1608658,1254003,1529236,1679590,1494046,1451388,1695934,1601972,1759671,1689102,1418711,1680428,1718107,1689734,1645848,1518045,1354932,1432166,1223331,1764704,1614300,1772528,1552508,1726220,1465122,1307655,1264839,1670340,1621540,1670252,1853829,1635515,1111896,1663546,1618207,2061257,1524633,1645016,1792925,1676253,1591026,1926013,1445970,1558729,1619838,1758709,1592229,1595469,1716271,1538027,1438015,
218,1741542,1745554,1640494,1791671,1186915,486154,456648,1561166,1777793,1533212,1742091,1527521,1270966,1438628,997139,1371395,1667523,1488233,1443875,1688169,1549236,1622631,1526990,1170262,1670140,1714051,1684126,1638214,1129348,1041635,1076208,875108,1756826,1606541,1764344,1544834,1545535,1124335,996956,1258575,1662054,1616270,1663218,1846091,1403397,696315,1599585,1613884,2047381,1519047,1637097,1782173,1592333,1475250,1792933,1433204,1550378,1608753,1752861,1585844,1422176,1656282,1378645,1435532,
219,1738104,1735878,1633789,1777212,793267,448351,395719,1545368,1771262,1525780,1736214,1517631,806380,1097044,651815,1036953,1638475,1483472,1432534,1681366,1390006,1320405,1195215,914410,1664529,1704550,1677327,1631050,709802,676342,682968,539528,1747548,1597258,1756932,1539074,1185272,720229,634844,1252119,1653580,1608041,1659238,1840044,1033131,417333,1406058,1602282,2009514,1507109,1631664,1774528,1362897,1206577,1480005,1380225,1544828,1585994,1742983,1578984,1085391,1481298,1069199,1427161,
220,1732170,1708144,1621031,1718191,504331,390679,316720,1493694,1763462,1515729,1727549,1513281,505667,726540,402272,678412,1526550,1475336,1401182,1670807,1113755,940498,820322,602520,1637076,1696106,1670598,1612421,458888,431032,435891,348458,1723184,1576977,1746609,1530818,796023,453428,400750,1225556,1638993,1591682,1644299,1827150,679084,304246,1087169,1575871,1883804,1486485,1621807,1767112,1029719,862583,1064946,1241964,1528175,1508222,1734576,1568514,731518,1172588,733582,1411166,
221,1722955,1623600,1585581,1558628,339756,309888,228947,1333055,1752295,1499877,1718355,1470713,358520,441105,267403,403849,1270544,1458568,1306481,1654379,739203,582098,505532,371638,1564383,1677470,1660175,1566346,334812,301768,311536,258413,1665136,1516705,1736584,1520056,499572,317801,279996,1130281,1596938,1543957,1620421,1803321,427602,258780,694704,1465776,1600382,1422033,1607243,1727405,652078,527648,652799,955396,1493155,1322486,1716610,1545217,452904,774851,456495,1336071,
222,1705799,1343262,1431157,1162649,277188,224828,162190,985144,1715446,1405794,1683556,1317574,307940,312242,219813,287231,803334,1385114,1028091,1584713,443588,380488,345411,270598,1302125,1591964,1625001,1377109,290289,253028,265591,226414,1452066,1298163,1707713,1451321,367906,270739,239175,875195,1436636,1357492,1504197,1701431,316825,243386,422388,1162978,1040202,1204410,1539735,1576495,400843,342004,414099,594986,1351794,925585,1652410,1444342,318167,464001,319404,1116918,
223,1654597,950857,1137032,765427,258223,168514,133944,635382,1608175,1187734,1579899,1043694,291172,272772,205469,251784,486061,1198268,694674,1394821,322667,315371,292643,239731,925306,1379216,1520593,1054574,276593,238739,249864,216987,1112009,969011,1613576,1275600,323767,254909,226593,577600,1136731,1045454,1244710,1452013,281713,238654,321576,809329,662444,881764,1366817,1271567,312876,282471,338267,380212,1070415,583733,1488433,1222276,276515,336308,273658,792617,
224,1365892,463727,597551,408773,249909,127487,119496,345674,1165753,680417,1163150,545535,284892,253309,198587,231498,294968,692687,347377,854101,260346,281911,263523,223608,457988,825036,1085699,548169,270090,230849,241308,211611,575323,493035,1202767,787168,299045,248391,222723,296390,611591,541762,692725,852831,265087,233173,268693,407691,396371,441617,860722,685013,267120,254750,306234,262039,555075,323035,964203,705560,255780,274127,253011,381973,
225,986819,328576,385245,330476,247798,120820,117308,292412,763812,416294,773667,352948,280507,248569,196473,228212,266212,420807,261774,521481,245219,276002,256066,220050,329614,514571,698804,373142,268481,228643,239614,209985,380281,335606,803346,483810,292159,245835,220274,245944,397117,360120,432111,527655,261114,231468,254515,325599,349944,307217,539928,440763,257586,250937,302103,234602,353539,272056,598925,445524,251927,262593,249628,284609,
226,565241,280525,291496,298819,244973,116303,113655,261000,454696,283990,456807,270182,278828,246275,194468,225793,254891,286132,227799,333269,238232,272836,253637,217253,281945,347399,403530,297555,264701,227209,236752,207583,299141,269876,463211,311333,289017,243514,217108,217451,301661,280035,305480,357838,264073,228973,250039,285257,329387,252309,351982,330798,253807,246858,298450,213882,267205,254528,375320,314018,250539,257032,246651,242688,
227,387340,266960,263326,290083,244840,113947,111604,240343,352894,248687,344200,247617,276597,243277,192421,223053,252398,248570,217942,282710,234088,271745,251658,216035,266794,301071,310165,270207,262518,225330,235180,205323,279332,250273,347272,261693,286805,241778,216120,199589,275069,255757,273670,309526,258299,227340,247024,261639,323490,237906,296202,300944,252275,245575,295334,202739,241022,251462,311152,276431,247781,254219,243943,219949,
228,309074,262778,250298,283957,241155,112269,110004,228551,305429,232400,293464,239174,274820,242854,191755,221136,249011,231394,213840,262290,232467,269384,249082,213970,260866,274905,271672,255013,262416,223056,232941,204675,270680,242043,295910,240247,283747,239279,213821,187842,262188,242655,260333,285423,257459,226390,244658,245054,321686,230670,267038,288370,248181,244737,293874,199069,226784,247744,282526,257266,246153,252738,241174,205864,
229,281377,259491,246196,281907,239697,108833,106582,222171,283234,226814,273350,235880,271884,240779,190304,220613,247844,226242,211155,255786,230202,266830,247949,212370,256730,263368,260136,249270,260073,221198,231823,202542,268783,237604,278551,234133,282656,237321,211871,183414,259122,236705,255551,275991,255132,225413,241963,234564,316260,228124,254826,283428,247054,241837,292171,196760,222970,245194,273832,250438,244735,250372,238940,196590,
230,267101,258007,243152,277924,237857,106083,103787,219736,270492,224861,261346,232624,270986,239691,187379,217535,245116,221908,210277,251716,228539,264367,245866,211023,254708,257092,253666,247551,258040,219850,229845,201164,264278,236140,269674,229903,279053,236092,211561,180593,254814,234923,252562,271659,256195,222987,239894,230840,311780,226723,247979,280642,245247,239394,288845,195021,219173,242870,269338,245713,241859,247075,238303,191494,
231,262224,255173,240659,277027,235988,103535,101193,218583,266545,222125,257923,231881,267703,236375,187407,217159,244107,221144,208219,249035,226197,262131,243850,208909,252841,254929,251766,244354,255670,218217,228134,200127,262928,234220,265448,229890,277537,234459,209134,179668,252712,232598,250748,268891,250014,221404,237422,228521,309973,224244,245136,278634,242340,238071,287000,193849,218287,241547,268312,244000,239985,245988,236555,189606,
232,259717,253614,239205,274431,234435,101438,98855,217438,262860,220796,255705,228495,266918,234537,184911,214783,241761,218929,205906,247263,225052,259684,241689,207817,250045,252658,248976,241745,253533,216841,226573,198038,260244,232383,262514,226412,273841,232536,207947,177852,251482,231574,248305,266816,248738,220300,235457,227204,306682,222332,242506,276853,241373,236073,284724,191613,216234,239186,264693,242381,239100,243970,234339,188217,
233,257487,251825,235766,272649,231631,98616,96034,214740,260768,218256,253651,227183,263860,233228,183580,212453,239311,216596,205475,245401,223739,258986,239610,205551,247874,251133,246741,239369,251861,214506,224614,196754,259538,229478,260096,226278,271826,231300,206343,175769,247943,228732,246768,263880,245053,218949,232606,224345,304672,220782,241193,274615,238871,234561,282434,190872,214355,237042,262493,239626,236271,241124,233880,187786,
234,254739,249805,233910,269896,231088,94700,91933,212914,257636,215832,251332,224513,262236,231520,182782,211893,237651,215542,202411,242910,221122,257649,237965,204724,244928,248402,244596,238090,249293,212762,222371,194601,257315,228352,257904,223873,270665,229778,204330,175278,246907,226685,245913,263027,244351,217192,231203,222594,302479,218403,238591,270767,237386,233159,280438,189016,212189,236034,260573,237774,235693,240149,231239,186275,
235,252664,246648,232463,266897,228204,92044,89094,212460,255942,214231,248643,223579,260006,229640,181007,210288,235702,213504,200985,241222,219800,253642,235681,203184,244903,247000,242410,235113,248091,210979,220040,193863,254829,226701,256473,221954,267908,227670,203647,173899,243645,225177,242420,259673,242224,214456,230486,221866,299830,217142,236201,268688,235475,231310,277944,188256,209337,234494,258810,235892,234228,238896,228751,184781,
236,250911,246778,230152,265282,227990,89139,85838,209518,254034,213241,247019,222797,258628,228383,180094,207976,234612,210779,199723,239445,218139,251769,234056,201533,241871,243887,240519,233720,246194,209974,218852,192916,252915,224611,253864,219891,265650,225406,200926,172814,241411,222647,240782,256144,241025,212244,228366,220506,297520,215671,233864,267244,234296,229354,276061,187046,208602,231817,255972,234898,231797,236368,228446,183118,
237,248210,243441,229045,264104,225881,86164,82111,208342,251875,210591,243936,220040,256914,226073,178204,207639,232608,209532,198178,237320,216404,250724,231516,200428,240396,242666,237466,230727,244639,208369,218155,190723,251514,222263,251453,217744,263599,223630,200217,171608,241516,220867,239946,256347,240191,211122,227222,217844,295641,214001,232709,264043,231926,227769,273813,185535,207274,229739,253516,232434,229820,235314,225802,181903,
238,247289,241515,226435,261370,223543,79625,73570,207954,249338,209410,242966,218099,255462,224660,176848,205676,230370,208613,196659,236056,214690,248066,229154,197758,238136,240129,235751,229678,241914,206178,215764,189070,249198,221078,250937,216870,261019,222243,198066,170599,238875,219158,237548,252995,239206,209564,224774,217256,293599,212147,230020,262606,230472,226413,271184,184665,204848,228864,251039,230514,228216,233918,224303,181982,
239,244657,240232,224496,259263,221172,71650,63153,206950,247274,208216,241021,216522,251853,223097,174906,203719,228523,206708,195688,234681,212407,246408,228814,197605,235821,238752,233718,228909,239125,205091,213799,187823,246960,219463,248450,216247,259755,221011,196689,169569,236912,218081,235734,251620,236373,208327,222666,215219,292809,210041,228788,260131,228009,223936,270678,183104,202966,227801,250392,228138,226010,231565,223387,180774,
240,243440,236575,222758,257322,219434,59476,49674,205191,245968,205678,239807,215949,251053,220333,173148,201996,226121,205065,193331,231406,210332,243825,226413,194737,235013,236366,233826,226070,237643,202805,211434,186264,245422,217740,246182,213275,256503,219155,194976,168062,235089,217228,233053,248329,233252,205791,220717,214374,288694,208513,226962,258006,226033,221776,267509,182052,201773,225871,247595,226735,224341,227663,220382,178483,
241,240896,235648,221957,254333,218220,49302,39301,204048,243487,204749,237221,214427,248117,218867,171799,200540,226256,204010,191944,230311,209433,241979,224316,193679,232551,234605,231098,224500,235956,201226,209891,184028,242991,216022,244293,211751,254656,216032,192795,166863,233508,214354,231823,247408,232136,204654,219895,213300,286738,206220,224504,256572,223890,221179,265051,180435,201003,224037,246028,225195,222659,227235,219022,176921,
242,239233,235203,218906,252295,216631,40018,31187,202070,240130,201908,234367,212909,246495,217000,169653,198062,222588,202038,190594,228545,207726,239968,222630,191047,230307,233285,230686,221205,232806,198885,207828,182270,241669,213512,242215,209999,251930,214579,191249,165646,232203,213259,230241,245115,231917,202559,217739,211295,282321,204616,223435,254477,222841,219006,263415,179080,197748,221384,243629,223339,221082,225361,216637,176259,
243,236664,231915,217579,250138,214156,32560,27030,201126,238663,201278,233113,209948,243917,215275,168876,196688,221319,199469,188993,226740,205336,238386,220144,190293,228982,230779,228105,220564,231296,197137,205694,180265,239082,212701,240779,208674,248414,211676,189023,165469,230145,211268,228063,243537,228877,199799,215199,209974,281163,203372,221419,252426,220872,216754,260478,178843,196802,219910,242388,222563,218354,223718,214748,175391,
244,235681,229515,214902,247928,212043,28292,25481,199519,237362,198658,230226,208480,241677,212617,167698,194605,219457,198603,186973,225205,203468,235824,218114,188119,226511,229619,226811,218937,228892,194717,202293,177478,237156,211230,237883,206549,246926,210377,186866,164907,227499,209765,226477,242064,225382,197928,213137,207868,278840,202391,219480,249598,219105,215158,258330,176555,194269,216671,239424,219448,216618,221327,212891,174131,
245,232539,228004,213446,245605,210014,25414,24112,197971,236159,197151,229671,207433,238489,211219,163899,192206,217249,196048,184626,222563,201497,233174,216284,185843,223852,227130,224419,216497,226788,192568,200916,175977,235144,208940,236818,205225,243475,207361,184174,163386,226041,207609,224291,239217,223956,194512,210641,207722,277686,200322,217950,248064,216521,212674,256230,176075,193075,215476,237930,218090,214621,219539,211333,173324,
246,232050,226343,211064,243826,207421,24349,23572,196861,233869,195894,227184,204918,234595,208229,162308,189827,215472,194966,182321,220386,199920,230034,212525,183877,222484,225889,222270,214159,222671,189356,197398,172763,233882,206816,233465,203493,241293,204887,182377,162166,224136,205695,221359,237452,220648,191863,207873,205690,273722,198559,215920,246392,214247,210420,251900,173720,191309,212927,235994,215527,211839,216443,208264,171840,
247,229613,224310,210297,242088,205001,23584,22968,195419,231245,194503,225800,202521,231852,205332,160381,187407,212970,193114,181243,218579,197902,227534,210138,181446,219866,224185,220897,212873,221021,187275,195642,171910,231217,206281,232389,201866,238433,201954,179751,160234,221497,204634,219783,233979,218132,189248,206465,203722,270344,196307,214104,243863,211833,207304,248807,173504,189635,210204,234409,214222,209370,214283,206005,170542,
248,228310,222794,207546,239135,202341,22962,22381,193590,229144,192171,222209,201793,227213,203333,158518,184999,209851,190925,180056,217070,195091,224562,207560,178707,218080,222510,219340,210913,216887,184978,192810,168862,228595,203713,230338,200234,234387,199729,177048,160153,220284,202838,217919,231757,214869,186559,204568,202217,266791,194252,212059,240895,208934,205193,246219,171533,186905,208236,231331,211621,205825,211995,203023,168921,
249,225546,219064,205758,236496,199522,22135,21583,192252,228013,190264,221099,200065,225588,200331,155549,182752,206612,189090,177724,214367,192664,222135,205504,176587,217148,219960,217014,208950,214277,182192,189202,166338,226686,201099,228383,197976,231419,196024,174426,158388,217237,200976,216342,230986,212061,183069,201329,201654,264624,191455,209765,238245,205779,202719,242497,169684,184492,205701,229343,210833,203357,209662,201545,167906,
250,223328,215609,202586,233129,196023,21495,20941,189936,226327,187895,218134,196314,221353,197707,153189,180957,203268,187325,174129,211329,189696,218428,202203,174255,212525,217008,214690,205234,210106,179886,185953,162764,223738,198186,226050,196140,227706,192998,170983,156626,214389,198561,213547,227029,208269,180207,198486,198474,259830,188244,207206,235213,203894,200253,239741,168823,182289,202821,226697,207485,200389,206066,197681,166130,
251,221642,213507,200910,229526,192981,20848,20291,188769,222988,185860,216491,193128,218392,194866,150074,177451,200437,185012,172744,209655,187426,215575,199845,171181,209676,214649,211865,202163,207353,176402,182696,160726,220658,195513,223551,193507,224446,189078,168103,155590,211066,196562,211130,224304,203866,175810,195441,196037,254605,186986,206015,232483,200667,196047,235229,166132,180257,200331,223958,206399,197470,203940,195303,165075,
252,218449,210073,197132,226694,189871,20328,19753,186715,219522,183252,213122,190910,214923,191638,147232,175405,197328,182731,169494,207934,184953,213566,196517,168917,207395,212800,210057,201081,205148,173504,179232,157922,216661,193220,221476,191132,220798,186374,165636,153362,208293,193850,208183,221030,203067,170976,192709,195605,252629,183677,203074,229805,198546,194801,232294,164829,177109,197245,221238,202666,195734,200658,193066,162849,
253,215711,206956,195076,223319,187233,19803,19165,185200,216618,180441,210545,188675,210076,188875,143149,171558,193820,180158,167800,204409,181057,209701,193360,166875,204341,211629,207478,198120,197974,168810,174569,151007,214657,191025,218166,188361,216653,180952,159406,151540,206224,190948,205384,218736,198782,159633,190354,193362,247342,181389,199564,226275,194835,191474,228730,163392,174744,195063,217921,200166,191755,198153,189654,160986,
254,212752,203599,191508,220397,180817,19174,18517,182943,214916,178693,207397,185893,200703,184710,134702,168355,190538,177356,165152,201274,178576,205101,189433,162559,200798,207368,204383,195095,187365,158511,162617,139855,211793,188470,215770,185362,212180,169598,147429,150715,203630,188194,202040,215611,192396,136300,186785,192457,243453,178791,198574,222719,191752,187039,223379,161154,172156,190132,215191,197717,187978,194334,185719,159626,
255,210930,201384,189619,216085,168910,18488,17796,180909,212049,175758,204554,183636,183387,179771,118601,162018,186183,175732,162695,197934,175465,199287,183956,155705,198811,204760,201311,192516,165175,140338,140223,118774,208035,184902,212189,183042,206335,148975,126391,149726,200420,185890,199060,212486,183609,105462,183701,188767,237957,176076,195395,218900,188004,183435,215206,157885,169354,187944,212167,194869,182482,190903,180145,157569,
256,208851,198423,186619,214418,127159,17062,16129,176711,209241,174263,203439,181758,123616,158471,73423,134684,181988,173400,160181,195855,166768,178354,160921,127257,196144,202876,200190,190240,108007,90965,87833,72565,205509,183496,210117,180407,177344,92282,76990,146196,197052,183403,198098,209476,148489,61706,173356,185254,233325,173628,193505,216037,175993,166257,186152,155325,167617,184056,209617,192600,157613,180615,160465,153961,
257,205228,194646,183332,209011,93934,15879,14668,174820,207419,171002,200407,178413,89211,130678,52997,104221,168539,170804,156397,193161,154186,151523,131534,97927,192298,199992,196887,187862,77824,66603,64447,53245,201801,180029,206976,178611,143593,66780,56921,143551,194445,181195,194540,206105,113497,50847,158652,183745,222624,170242,190466,213046,159858,142403,150882,153208,164371,176815,205819,190446,127683,166824,133851,152336,
258,201663,188599,180543,200945,67042,14185,12662,172057,204216,167621,196780,173636,66227,95013,41227,71680,138516,167573,149148,189048,130088,113399,95819,69030,186033,196955,193358,182514,60738,51318,51350,43060,195023,175918,203579,175522,102632,53145,46352,141721,189714,178236,190359,201759,79913,45902,130030,180418,197708,163817,186814,207869,129921,106139,108607,149993,158508,159976,202442,186140,92375,137586,99029,149551,
259,199511,176753,175444,184138,54659,11989,10475,168279,201049,163890,193719,169311,57459,69569,37032,53724,103347,162756,135857,186202,99231,83508,70500,52532,176283,192666,190922,178363,54572,45346,46402,39648,185651,169426,201132,171861,78706,48326,42212,139529,183445,173646,185718,198335,62383,43902,98010,177752,160334,154769,182509,200572,97169,77280,79190,142215,150961,133368,197787,183376,68582,106040,72856,147355,
260,195483,150073,164429,152747,49631,10753,9168,164519,196333,153935,189791,155014,54653,56379,35824,46531,70443,157529,111489,178467,75127,66113,57323,45426,152974,188096,187178,170021,51462,43898,44607,38521,162679,155493,196800,165768,67170,46483,41190,135153,171597,163718,177016,190716,54600,43322,74583,173405,114808,132460,179867,183393,73550,61175,65689,130801,130244,96377,189059,176931,57058,79650,58741,143954,
261,191005,116873,143175,118013,47558,9270,7621,156461,193043,137267,186196,134286,53312,50008,34766,42765,55327,146906,84500,166389,58737,57539,50983,42208,121896,181739,181766,153108,50749,42280,43501,37510,131920,133929,191821,154420,61172,45361,40781,126508,150484,147689,159981,179049,51430,43287,58949,165619,86041,104465,173485,156345,58765,52172,59200,110614,103403,70543,175445,164177,51313,61822,51321,136672,
262,183168,80293,108252,83298,46727,7945,6531,137635,187427,103849,176387,99317,52770,47047,34549,40792,48661,119873,59090,138889,49418,53248,47473,40401,84220,162915,169861,120849,50003,41745,42832,37282,94106,99671,182161,129865,58272,44640,39984,108387,114067,115813,127353,149634,49674,42068,50781,148842,68874,72546,156128,113840,51252,48531,56800,82792,71546,55134,143055,137319,48280,52617,48520,121662,
263,169055,60897,79690,66987,45740,6880,5922,111970,175028,77058,160341,72223,52090,45772,34102,40007,46880,90618,47485,106488,45349,51515,45556,39055,64329,137581,150347,90901,48877,41132,42063,36670,70978,72929,164633,101703,56987,44342,39044,84304,85543,87176,93785,117651,49046,41738,47787,125264,63736,55824,131069,84245,48413,46903,54981,61898,54379,49517,108579,106254,47468,48987,47102,98729,
264,141338,53098,60157,58905,45053,5888,5375,84216,151233,56890,132373,56107,51249,45244,33890,39660,45818,65720,42108,76440,43244,50587,45221,39124,54917,103439,118947,68690,48279,41299,42077,35762,58267,56426,134232,72800,56087,43711,39442,62855,65697,65122,68694,86307,47940,41248,45806,95191,61675,47697,99332,67455,46763,46240,54779,49322,45884,47471,78851,78158,46307,46914,46632,74234,
265,109108,49746,51424,55285,44312,5573,5292,64258,119388,47755,100455,48575,50475,44195,33268,39204,45558,51632,39854,59561,42048,49652,44250,38591,50563,77821,88222,56452,47938,40916,41115,35551,52614,48687,101148,56485,55088,43118,38237,49463,55429,52478,56350,66976,47600,41000,44502,72799,60189,44238,73858,59052,45737,45412,53763,43454,41703,46373,62918,61297,46101,46221,45416,55440,
266,76729,48036,46655,54488,44065,5190,5015,53437,85414,42995,72522,45399,50171,44090,33226,38238,45001,45056,38405,50708,41609,49227,44275,38251,48472,61021,63637,50281,47488,39957,40772,35424,50690,45737,73005,47202,54113,42809,37903,42302,50920,46971,50591,56265,46814,40879,43676,59178,59504,42340,58108,55576,45061,45044,53636,39351,40000,45808,55274,52914,45763,45404,45092,45071,
267,61631,47953,45006,53559,43723,5168,5023,47655,67411,41499,59300,44667,49337,43587,32628,38533,44463,42841,38069,47912,41002,48803,43540,37598,47467,54446,54145,47667,46728,39797,40390,35325,49678,44524,59986,44796,53593,42495,37942,37997,48948,44954,49001,52134,46245,39687,43217,52012,58797,42177,51987,53723,44899,44628,52904,36651,38504,45548,51701,49340,45156,44721,44650,40295,
268,53553,47052,44104,52324,43258,4922,4755,44176,57522,40140,51758,43624,48884,42801,32320,38025,43742,41282,37068,46425,41163,47887,43241,37721,47061,50480,49330,45917,46655,39315,39991,34105,49085,43395,52935,43089,53177,41639,37654,35579,47779,42955,47165,50224,46698,39861,42694,47121,57989,41508,48289,53167,44109,44043,52350,35443,38346,44608,50811,47619,44468,44348,44100,36927,
269,50553,46917,43395,52224,42907,4742,4600,41975,53236,39858,49182,43792,48430,42697,32015,37540,43713,40665,37468,45972,40221,47813,42645,37121,46375,48304,47661,45346,45891,38501,39313,34362,48546,42872,50609,42254,53059,41345,36709,33822,47123,42707,47031,48978,45347,39334,42192,44685,57573,41096,47072,52872,43352,43885,51794,35192,37875,44370,50163,46819,44038,44257,43929,34955,
270,48909,46112,42791,51349,42425,4587,4444,40426,50467,39212,46659,42527,47812,42185,31444,36818,42838,40081,37044,45661,40128,46752,41985,36269,45587,47938,46308,44644,45380,37994,39374,34130,48080,42241,48832,41569,51736,41385,36455,33178,46773,41937,46170,48264,44833,38701,41989,43013,56378,40211,45346,52323,43146,43124,51152,34313,37265,43875,49429,46400,44070,43511,43265,33847,
271,47665,45861,42633,50792,41677,4467,4331,39643,48709,39175,45881,42625,47534,41490,31114,36666,42535,39880,36289,44845,39635,46806,41982,36071,45149,47141,46207,43897,44610,37668,38628,33271,47497,41586,48798,41416,51179,40489,36066,32691,46392,42037,45623,47366,44705,37955,41395,41983,56227,39902,45204,51385,42834,42837,50384,33829,36547,43062,48635,46127,43103,43026,42643,33102,
272,46940,44673,41694,50009,41366,4335,4170,39207,48566,38439,45379,41641,47233,41221,30839,36366,41857,38905,35990,44272,38559,46358,41379,35714,45103,46291,45475,43096,45088,37154,37753,33026,46579,41616,47746,40921,50551,39882,35397,32232,45636,40867,44737,47156,44260,37917,40666,41121,55276,39151,44474,50659,42198,42428,49460,33245,36577,43315,47925,44975,42447,42640,42071,32474,
273,46239,44554,41595,49323,40700,4048,3878,38557,47344,37922,45078,41025,45805,40701,30339,35896,41454,38644,35417,44081,38085,45831,39938,34966,43954,45872,44754,42880,44107,37226,37718,32679,46808,40626,46974,40652,49868,39582,34950,32036,45288,40289,45127,46546,43823,37296,40503,40760,54603,39434,43880,50269,41798,41838,49697,32824,36089,42096,47689,44950,42293,41692,41776,32503,
274,45632,44346,40638,48505,40675,4060,3896,38101,46621,37466,44466,40687,46149,40290,30074,35252,40999,38486,35164,43323,37741,44944,39675,34853,43509,44834,44538,42484,43234,36374,37382,32318,46181,39893,46378,40078,49178,38907,34870,31811,43951,40203,44433,45567,42896,36970,40130,40147,53646,38786,42782,49260,41394,41273,48674,32727,35457,41650,46608,44181,42112,41059,41286,31934,
275,45537,43460,40222,48410,40114,3711,3523,38109,46143,37252,44128,40050,45309,39640,29876,34434,40502,37586,34748,42801,37241,44049,39795,33915,43722,44514,44007,41661,42851,36084,36709,31808,45262,39935,46417,39553,48826,38929,34305,31719,44191,40017,44095,45193,42441,36450,39271,39580,53138,38060,42638,49066,41018,40781,48219,32443,35296,41370,46138,43466,41170,41058,40961,31367,
276,45007,42888,40315,47956,39386,3480,3282,37382,45893,36998,43015,39741,44737,39187,29321,34509,39817,37641,34259,42162,36863,44151,39287,34139,42775,44593,42950,41258,42390,35546,36430,31662,44797,39430,45564,38944,48448,38233,33956,31273,43766,39176,43367,45005,42715,36100,39200,39238,52536,37608,41876,49028,40117,40503,47981,32604,34464,40916,46223,43236,40892,40561,40085,31108,
277,44232,42488,39716,47476,38887,3187,2926,36927,45196,36331,43062,39358,44096,39157,29158,34118,39508,37150,34079,41946,36428,43556,38984,33702,42385,43548,43029,41016,42044,35230,35774,31145,44262,38812,44918,38663,47866,37654,33590,30962,42715,38566,42738,44419,41427,35327,38763,38808,51412,37315,41596,48242,39618,39886,47262,31877,34290,40628,45912,42331,40169,40203,40174,31153,
278,44381,41963,38915,46972,38291,2767,2453,37256,44999,35983,42489,38931,43832,38335,28420,34031,38940,36362,33667,41103,35957,43169,38605,33205,41604,42985,41992,40469,41156,34577,35594,30742,43725,38442,44711,38431,47274,37025,33171,30825,42468,38456,42488,43946,41214,35223,38118,38545,50907,36750,41196,47656,39453,39574,46634,31562,33945,40039,45481,41907,39880,39817,39314,30557,
279,43757,41733,38693,45969,38027,2369,2111,36386,44526,35448,41811,38739,43196,38032,27983,33385,38332,36528,32976,40650,36011,42510,37652,33028,41777,42631,41541,40175,40227,34296,35074,30072,43024,38145,44108,38218,46607,36566,32444,29995,42100,38260,41901,43319,40136,34484,37563,38088,50644,36413,41457,46897,39115,38691,45895,31315,33642,39570,44480,42170,39366,39739,39157,30470,
280,42854,41358,37935,45372,37486,2160,1857,35795,43437,35329,41330,38015,42513,37375,27729,33112,38024,35940,33129,40175,35526,41664,37805,32327,41261,42122,41128,39024,40464,33747,34527,29924,42962,37718,43627,37261,46221,35778,32196,29607,41858,37579,41181,42755,39740,33820,37100,38160,50137,35710,40458,46619,38469,38379,45391,31214,32895,38887,43804,41563,38901,38618,38006,29865,
281,42775,40814,37591,45229,37343,2021,1691,35880,43359,34578,41026,37861,41863,36878,27167,32503,37419,35403,32210,40266,34958,41339,36907,32242,40325,41642,41171,39044,39842,32888,33826,29292,42205,37001,43180,36984,45028,35519,31442,29672,41223,37295,41172,42336,39371,33111,36813,37565,49357,35308,40280,45870,37607,37709,44814,30405,32831,38408,43837,40895,38565,38442,38084,29900,
282,42177,40198,37427,44183,36075,1752,1457,35489,42479,34210,40371,37174,41245,36401,26733,31626,36869,35059,31996,39667,34382,40430,35859,31607,39924,41125,40241,38493,38702,32397,33317,28710,41843,36639,43061,36535,44719,34542,30931,29570,40424,36785,40308,41939,38814,32573,36122,37137,48740,34938,39781,45503,37262,37159,44341,30184,32132,37760,42872,40455,37824,37374,37161,29329,
283,41515,39336,36634,44188,35705,1540,1352,35030,42080,33815,39701,36735,40246,35699,26112,31324,36289,34314,31358,39090,33542,40131,35847,31211,39172,41088,40397,37854,38213,32051,32545,28229,41541,36433,41991,36031,43556,34023,30313,28911,40024,36314,40158,41240,38034,31888,35968,36700,47795,34643,39112,44938,37046,36885,43397,30124,31804,37244,42587,40059,37398,37123,37020,29346,
284,41179,38669,36093,43283,35384,1468,1349,34946,41443,33258,39244,35905,39745,35362,25702,30770,35667,34165,30757,38575,33450,39229,35027,30399,38778,40331,39698,37309,37565,31492,31663,27134,40681,35431,41479,35672,42973,33764,29628,28765,39407,35779,39580,40450,37197,31274,35352,36285,47069,34028,38721,44212,36128,36473,42619,29438,31179,36868,42066,39120,36966,36512,36345,28927,
285,41012,38731,35928,43266,34272,1333,1288,34382,41199,32982,39017,35749,38726,34860,25094,29994,35136,33637,30471,37984,32700,39014,34630,29912,38185,39929,39174,37202,36902,30901,31578,27100,40011,35213,40878,35277,42264,32842,29050,28479,38773,35485,38794,40545,36951,30425,34583,35747,46242,33589,38145,43544,35586,35409,41862,29409,31020,36240,41239,38644,35911,36333,35989,28911,
286,40119,37814,35668,41660,34031,1245,1201,33804,40320,32496,38313,35249,37630,33833,24641,29552,34278,32688,29707,37607,32116,38077,33960,29410,37416,39266,38633,36245,36084,30002,30385,26193,39880,34436,40688,34648,41388,32123,28640,28042,38337,35000,38848,39197,36460,30035,34041,35639,45222,32903,37565,42661,35170,35260,41123,28765,30512,35294,40538,38529,35110,35585,35104,28376,
287,39518,37328,34325,41282,32989,1103,1063,33410,39844,31661,38004,34840,37550,33404,24293,28991,33756,32449,29342,36859,31931,37398,33029,28516,37172,38889,38362,35895,35094,29142,29802,25639,39108,34502,39909,34220,40404,31741,27868,28210,37972,34131,37553,39292,35172,29244,33718,35089,44839,32585,36907,42047,34585,34437,40246,28597,30044,34849,39991,37848,34880,34625,34732,28079,
288,38726,36131,33889,40008,32265,1102,1065,32637,39633,31473,37569,33868,35870,32296,22595,28177,32913,32036,28938,36146,30980,36212,32391,27903,36437,38150,37637,35159,33635,28235,28631,24646,37702,33420,39376,33548,39450,30161,26324,27159,36635,33769,36632,38098,34194,26857,32377,34344,43303,31326,36151,41053,33593,33479,38973,27961,28915,33843,38957,36999,33910,33930,33281,27572,
289,38241,35957,33646,40124,31039,1011,970,32699,39072,30815,36610,33128,34713,31433,22087,27803,31949,31245,27701,35732,30046,35337,31805,27149,35741,37516,37037,34551,32631,27253,27294,23275,37084,32975,38527,33159,37894,28740,25032,27045,36544,33486,36298,37540,33070,24277,32196,34067,42542,30950,36190,40076,33455,32595,38065,27537,28772,33047,38513,36425,32927,33243,32860,26850,
290,37598,34571,32708,39066,30088,1038,999,31835,38242,30307,36194,32488,33197,30967,19825,26812,31091,31212,27365,34839,29396,34440,30645,26132,34751,36818,36383,33807,30381,24930,24590,20753,36469,32512,38121,32148,37420,25994,21695,26579,35664,32764,35799,36712,32443,20009,31478,33618,41767,30483,34988,39784,32144,31975,36939,27064,27943,32673,38139,36090,32181,32410,32018,26550,
291,37174,34180,31968,38283,27983,995,956,31628,37717,29569,35597,32281,30008,30017,16368,25660,30018,30088,26923,34059,28829,33577,29810,25071,34374,36268,35513,33216,26639,21487,20728,17533,35680,32031,37626,32235,36067,21992,18034,26458,34800,32220,35043,36060,30634,15505,30305,32944,40446,29975,34352,38699,31684,31196,35671,26860,26912,31866,37296,34919,30774,31580,31256,26366,
292,36461,33235,31468,36768,25760,937,890,31357,37001,28911,34622,31221,26189,29197,13305,24264,28284,29866,26260,33496,28594,31980,28424,23415,33208,35940,35194,32467,22389,17856,16800,14068,34747,30994,36942,31435,34516,17561,14835,25827,34205,31473,34194,35223,28658,12570,29465,32377,38686,28866,34148,38294,30534,30249,33316,26426,26671,30799,35906,34517,29680,30853,29823,25889,
293,36050,32523,30585,36355,21417,843,807,30762,36477,28080,34308,30812,20794,27037,10160,20949,24817,29131,25688,32669,27261,30416,26348,20572,32567,35218,34494,31942,17531,13908,13141,10864,33993,30386,36454,30963,31365,13656,11460,25373,33410,30642,33233,34771,24840,10649,28391,31870,36366,28390,33523,37070,29705,27830,29567,25828,25870,29464,35526,34004,27088,29826,27838,25594,
294,35176,31345,29918,34733,16956,825,795,30285,35591,27470,33764,30180,15936,23291,8455,16558,19455,28366,24213,32058,25622,26158,22183,16216,31566,34466,33476,31335,13709,11125,10766,9052,32646,29380,35674,29993,26218,11166,9805,25325,32860,30304,32564,33996,19466,9464,26654,31496,31936,27176,32569,36143,27388,24748,23928,25668,24936,25756,34680,33027,22857,27945,24393,24912,
295,34284,29924,29233,32739,13237,708,668,29932,35190,27036,32730,28783,13110,19172,7735,12585,15042,27956,22093,30934,23282,21419,17781,12866,29971,33596,33098,30557,12038,9950,9652,8154,30820,28567,34712,29291,21052,10223,8984,24675,31550,29175,32199,33071,15334,9157,23474,30912,27106,25844,31885,34728,24172,20403,18843,25229,23362,21990,33844,32397,18603,24993,19811,24546,
296,33845,27110,27985,29274,11451,653,593,29176,34385,25769,32293,28064,11944,15016,7286,10483,12029,27289,19498,30369,19417,17228,14258,10278,27796,32922,32070,29781,11083,9334,9232,7849,28544,27317,34225,28567,16918,9902,8729,24285,30265,28252,31064,32371,12698,9013,19598,30473,20915,23169,31141,32805,20265,15977,15047,24023,20599,17393,32736,31381,14743,20810,15849,24380,
297,33221,22621,25980,24938,10523,595,538,28515,34040,23984,31739,25389,11219,12058,7041,9163,10654,25814,16109,29447,15434,13818,11674,8970,23975,32242,31393,28535,10741,8978,8876,7705,24455,25339,33204,27335,14587,9434,8264,23811,27874,27623,29392,31370,11428,8980,15457,30117,16775,19353,30540,29379,16104,12745,12926,23911,17368,13760,30808,30131,12101,16540,12742,23608,
298,32082,17428,22596,19377,10161,560,509,27755,33114,20347,31103,21399,11019,10518,6860,8520,9790,23252,12199,27079,12150,12122,10273,8563,18489,31420,30716,25705,10392,8726,8769,7429,19479,21305,32451,25242,13409,9288,8124,23170,23856,24731,26285,29063,10616,8915,12374,29305,14198,14828,29465,23640,13085,10942,12027,22860,12915,11426,27254,28336,10936,13181,10856,23468,
299,30899,13850,18347,15970,9696,483,426,27258,32350,16543,29388,17237,10884,10064,6815,8212,9478,20146,10319,22969,10488,11246,9722,8310,14665,29494,29101,22755,10218,8693,8678,7293,15875,17532,31120,22164,12724,8910,8173,22504,19863,21583,21994,25790,10378,8668,10787,28717,13305,11992,27626,18727,11011,10355,11681,20534,10571,10807,23080,25659,10513,11400,10412,22266,
