165,198007,192384,191376,229175,257578,114034,141032,332635,225865,154719,207524,169992,288838,259096,187823,225481,177070,189810,194473,196697,242528,262093,256450,211228,241108,237566,236913,226586,260890,216443,230262,200590,185148,193689,226010,178870,286571,228462,200550,224038,216843,214316,209758,249153,252231,227800,245044,340223,242124,162525,201241,194059,254120,241180,280221,316093,152038,171706,178389,195286,249037,244128,250667,204280,
166,213499,214558,202995,242120,289213,147368,173711,565714,239967,171599,219489,186731,317673,289491,200707,242519,235523,225499,203430,244418,277791,282516,300414,229866,262609,241414,240058,228282,287483,230552,250723,219890,209297,203274,231969,205327,317084,244585,215557,342761,230636,211512,244623,253170,271377,251313,272249,560792,259849,180352,212827,218633,283872,260778,297752,566743,167183,191416,202912,207208,277446,265409,288804,268194,
167,222362,224420,212565,255113,397904,180988,234420,1011016,252429,182808,231679,196403,398692,377271,217471,285138,248575,215766,197862,242675,373103,335020,436525,291864,249042,252028,235194,238810,364842,263393,306341,266598,219967,212277,242185,207820,406093,269596,232831,607503,232781,219243,239292,251330,328762,325920,344355,959528,274529,189740,224139,232793,370134,310209,322236,967592,178243,202636,216560,219274,361359,321887,407606,426239,
168,233966,236422,225866,272023,719736,252574,376696,1599290,270597,193559,246166,208034,690061,679654,265709,436903,239094,213286,203019,237245,648911,517426,793852,492617,248113,268146,244442,254376,628998,383046,501818,440655,233358,224797,255318,211965,678411,366331,287752,953448,241848,229465,238835,260157,534188,575601,571097,1365899,291592,200905,238355,245332,633769,483240,389686,1381721,188003,215339,228784,231157,625643,501068,725152,756589,
169,245596,250560,239257,288888,1281220,418749,609642,2088107,306531,204102,262591,219925,1315111,1314684,443480,855153,242766,221664,213298,244323,1098228,930153,1278189,884489,261447,296115,255031,279540,1124291,707018,924819,819104,246066,239180,269980,221004,1169798,668620,486223,1148176,256168,245759,248303,274662,974923,1042792,1013571,1549799,308629,212849,253869,258965,1139330,886181,617769,1680129,199568,228679,241859,244539,1102358,901959,1196147,1131726,
170,265571,270384,260986,333128,2032181,692570,847837,1877925,428629,219101,299726,235807,2303317,2243565,946638,1649940,260712,237534,233034,261860,1525967,1478351,1635405,1287921,281983,400625,278563,365792,1654398,1215105,1438932,1288945,266256,273333,306127,237443,1631607,1199925,933944,1197294,278875,291965,267563,305447,1502691,1508821,1515662,1544734,339044,229182,300615,277935,1811455,1471129,1182850,1573266,213754,245425,259415,274100,1665450,1470876,1632821,1384664,
171,295469,300932,309696,457698,2245696,878731,999163,1607944,708370,237784,391469,260399,2662270,2391303,1685140,2228069,283413,260912,273754,281727,1684288,1783933,1726610,1445288,324860,673791,334529,587535,1813952,1548188,1678840,1515835,286882,362549,395062,262613,1745324,1540526,1314260,1203522,326333,417110,299704,372154,1729943,1608374,1685837,1537421,406977,252512,416298,299510,2196687,1980482,1891291,1445247,230043,270782,276474,351133,1925707,1858377,1733212,1427048,
172,405528,437412,510257,875358,1939511,1011044,1207909,1555724,1239825,302803,708187,363971,2268686,1998561,1993114,1991592,369007,356491,458208,361268,1663870,1816030,1726362,1470892,518252,1335595,555458,1157872,1771070,1576642,1655504,1499001,368059,684589,714350,358613,1747644,1616051,1451390,1211125,525981,820827,427085,637823,1713993,1576916,1655383,1548060,687394,341209,778415,372649,1985715,2014243,2460968,1430695,287726,384798,329870,629056,1796204,1885180,1658189,1400158,
173,685714,793125,920670,1432284,1754897,1254202,1864156,1609936,1600092,492834,1179578,638759,1989743,1771849,1701936,1696169,644643,639227,896841,601570,1659029,1799518,1750995,1496369,990949,2135275,1029480,1842497,1768629,1531699,1638108,1488751,608221,1166617,1222921,620285,1779817,1641976,1489888,1240576,946275,1368557,759410,1154160,1697686,1612290,1656149,1586047,1232716,588830,1260584,592532,1778128,1765869,2410222,1464674,456853,686043,492076,1070251,1706600,1777996,1651028,1411436,
174,1278261,1476832,1526604,1878353,2217676,2670135,4453095,2233505,1738503,976875,1671702,1169124,2479497,2294341,2157872,2072111,1460395,1382038,1754066,1290231,2010136,2173287,2206175,1998203,1994571,2461196,1902476,2305484,2165232,1833750,1990925,1892851,1191562,1714006,1892385,1210677,2377454,2199732,2114661,1808019,1673675,2036640,1479866,2025169,2077789,2200877,2365962,2167839,1893616,1123194,1653995,1157964,1976254,1999311,2473357,1943563,905004,1239158,966114,1493939,2100111,2105916,2148363,1848355,
175,1733378,1893269,1783726,1885580,123034697,111802926,116955373,160194488,1781876,1402819,1808471,1518404,145150377,149493244,213489412,131031273,2303572,2058573,2049876,2095356,116398157,122556275,146537072,161628209,2474037,2120554,2366504,2022149,115532037,98612374,111625590,127583983,1706575,1820445,2127946,1775501,175829698,169269869,186072749,199480773,2106781,2055376,2144891,2506553,130298427,179719440,237157803,200961225,2045130,1494143,1651351,1668508,113486397,102997656,116327698,141145152,1298589,1530807,1458523,1564390,123124765,114149871,138928335,146454053,
176,1859920,1937174,1743303,1974733,229427627,182593672,178194771,220505705,1822040,1603908,1835477,1633380,221283668,234802711,281074480,218276071,2291391,2021490,1781375,2335281,194705748,207772154,222047750,264809033,2238502,1902100,2150722,1812875,203141921,115015708,184067666,201966710,1946682,1859528,2033548,1936991,216026110,203495307,217027226,231528259,2057540,1905058,2221533,2310695,205262046,229379067,223868158,250259361,2090484,1559613,1626711,1814701,216863307,188047979,193547174,235652817,1483762,1618613,1715992,1577985,216743634,203648431,246133169,233010144,
177,1859658,1994343,1871276,2312234,293909785,245991299,253314922,293332278,2136558,1682914,1994817,1738992,277784922,287128023,244052301,255881319,2023241,1790012,1655662,2115266,206836054,222572119,177783056,291721942,2057179,1947867,2000970,1842947,243509628,192015616,174261667,179235835,2107011,2075558,2080146,1902369,169856268,165902638,171883430,179024285,2068981,1939859,2107882,2164905,158105122,175715201,186036875,211541030,2313173,1595999,1731673,1826578,287548429,241436690,283855101,296688066,1536385,1723372,1755573,1672128,270086339,251714610,254960247,241021871,
178,4609430,4995003,4718493,5548731,338662178,292968740,318726787,341824049,6861736,4889770,4767923,4711424,345708412,341862470,284882773,294733180,5244856,6491639,5259034,4584215,207092568,322433495,241825677,294812066,5301503,5492128,4552217,5259456,225575527,189348693,177908577,189262540,6410468,5774310,5235105,4525122,159805064,158965156,162805918,164096056,4956294,4941357,4695014,5223125,233448784,164862350,181013654,197319360,7844855,5268557,5033202,4229709,335398670,315011386,281599220,327605149,6098642,6640504,4616400,6698414,299946126,271637892,269737379,279912148,
179,150386061,145241723,143918015,150895160,308812819,323781314,361202150,384612505,227238203,172867842,137103002,160326016,393744865,397137128,336024343,339987707,208438870,262012225,193040914,151084085,205675495,217977876,225470477,296897285,183806203,158358726,139929969,117189202,218107071,194006854,181899949,193488319,213780037,185430522,165678521,146305132,158865091,157118595,159813217,162523580,150773032,153876173,148542050,177819882,201164568,163266510,175064255,184797415,280266995,193978638,174563334,128133048,361734239,312553917,295776967,332710454,255492877,397524998,207072023,266979205,305221321,281059380,263149151,250452417,
180,177364519,179804215,178985566,182331808,400662579,337879710,379468207,434558237,221809169,188830243,173850910,177367524,443980978,455046827,403665457,382104620,253237047,253700984,190034702,172300184,211308365,224156736,247138050,286753926,209335840,209189300,171667991,207374744,201729167,191208786,184436920,194973629,219700736,214767710,217340016,178412407,166878824,158443368,161810470,175259317,180610128,191946968,192176952,214523064,202145224,163848254,171704005,177555259,235522091,194688592,188256854,162886485,381995065,335141547,309888804,354842846,238850479,239383002,212109215,236915719,317373435,288830152,258805423,257260782,
181,178862645,176247081,178181539,191857662,450379243,339430857,386099103,471136817,210756881,194323867,180346735,178906050,509209157,526133106,509179789,427393711,269106696,259308428,271050617,196299620,199336187,208965411,209391860,275629526,230334318,240673071,207756880,235071070,200568101,191729167,181054488,190710396,233098887,226606560,279285515,236286554,162468690,159934308,163465909,168377223,234308388,238314873,247556997,249844346,187731077,164735892,168256844,173560849,289235949,177167434,171284769,115829266,378839777,347993653,190420480,371248748,187520115,188456109,181437835,189068264,316272078,292478403,300900844,262315617,
182,184330256,187294784,173405717,169724472,422404079,344298415,392736589,496528096,207576738,212677314,184222258,173455059,568683650,592120416,612390997,523598149,278991889,281375199,268357728,224759648,180681120,218322270,200223795,250128789,271344932,298824998,259872222,276071778,181834573,175017073,169897198,180392201,262240573,250973997,332646102,280509095,158037432,182017227,158563656,162731814,275104394,275542147,290391365,280593709,301212712,160122808,161786790,164483117,169867883,168184393,169475894,193777773,361359731,360585369,326431365,366880584,174109381,170456083,169655035,178876764,316143031,283108869,242700769,232314836,
183,186725804,193474196,180191112,178772502,409486665,341499140,378424864,497172538,207157123,216470857,162801427,172230740,570416371,604205376,638000869,663058016,300871220,311372116,294200043,247708080,168781592,171440233,184853673,237622027,307997709,327672498,295172185,308983999,165817348,162683234,159631734,170413606,281589761,260714011,367611898,299484810,155531441,154139395,155042971,156821633,295963812,298132414,321784915,301571563,158096083,157708781,156042861,159223773,189330344,161442137,166393269,199885362,336268524,361350909,324257390,338312489,167008463,163905281,148234806,164717446,304011852,389673574,217745969,208347977,
184,187265412,196528011,169897588,176504603,393777309,338592332,396758453,488842882,210062515,196925371,169033050,151982094,557978958,586497204,621885168,574540134,331226215,354298799,342873674,286544827,162414870,165710398,189371261,209952960,358850041,373522330,318680644,333938017,159623289,158237075,155941703,165489479,303735692,267160439,378265284,316556288,155258705,153280143,154061192,155905952,310096370,301206291,343596592,320749099,157616438,159149023,154123254,158400969,160859482,160698967,162902695,201189313,321464000,346691946,328927800,318689119,162013727,160398937,161588580,163091861,292133810,282249562,217250255,204972942,
185,191162854,210444346,168224851,179392159,393156123,350661345,432079759,480397261,207423829,205713515,153334619,167650248,547225646,575530785,614127316,578734366,368021981,388097971,384723776,317148043,159736894,165439830,180927120,216272690,394548978,400482927,331308003,346931579,159134370,157630826,154500309,165764829,305134431,267483701,258255964,326226173,152858457,152666271,153298324,154711742,320562606,311815651,360210776,334632865,153812595,161961729,153876715,157282725,159879543,157847837,160865814,194221500,318972417,334899920,306705822,316009500,160013917,157911497,158293409,155189026,280169679,265945286,210974091,201031633,
186,192501866,210097373,170106573,147583437,400838958,385343073,460245650,499923633,192964391,198999675,168741840,168766414,545801535,576390908,609901781,595667363,412971911,419821796,428487185,351006288,157862852,162804499,174342449,209771762,429576284,403414818,337995066,343198686,155704034,156024980,153550164,158502455,300205737,204433286,399562554,327954956,152924964,152206709,152749641,153466230,322307155,318736899,368500947,340633543,153777460,166102302,153204921,156836905,157452460,159289260,160394225,187442106,319195959,330840103,300131669,316641503,160889521,162513201,157497273,159744974,269428173,256716625,207188628,204225940,
187,192053300,206116727,174954791,179327952,444322016,431051826,464760658,487558354,205720447,195857938,165629963,170287869,540626429,564269335,581476274,613548431,438036149,438415361,453293487,377936159,155882523,160873698,171201616,207915855,455726086,422397594,342645636,346261917,156612547,155125506,152575118,162154761,295718168,261042414,388661854,331719671,151715157,151494553,151701661,151965314,323845956,323084995,367453516,336701630,153386902,167342382,152534481,155252782,158045827,159512095,160408316,184894677,335169972,334804744,303367978,281909549,159354193,156492246,157597645,156999980,261489194,247823924,209531055,206718281,
188,191229539,207506352,176999514,160977623,440684884,431033327,431626747,446799889,201688148,192882022,159358065,180213323,491584593,503306479,517650833,532750870,456154585,455434058,469459588,411394178,144458392,148233216,156808108,192806766,474625967,442972172,350299840,351092174,144839518,144779860,142513133,152087820,282195345,258018182,381588144,335191552,141628601,141283326,141665369,141314683,325183893,326091273,364797259,352015716,144024436,135215326,142425845,143976277,157308284,158955467,160429793,182495946,336026506,321534572,305960078,315383081,157479270,156573999,158206834,156624466,242757853,227120484,194782636,193531024,
189,187568096,207619563,173437949,177358639,278958026,260301592,249564277,252540731,201370421,179042305,171504937,167787208,279643978,282504418,292077240,305582776,479037230,467353423,482513043,432269719,85234882,86664383,92108605,110867759,483893992,449232916,362342093,364999020,86087370,85486967,84561813,89983017,278265729,273995965,382909347,325251552,84029334,83737503,83878524,83887285,326970595,327451241,357161587,357166360,85377827,89273976,84429859,85003732,156408624,158212327,159438489,182024019,140486200,198149662,180884212,189935857,139899438,155742598,156410834,157027754,143799131,134108152,113634338,112090844,
190,177820794,201809166,168728574,155364216,51307234,48695584,46913520,45960647,174840663,189357732,165636120,159559061,44611075,48658989,50549791,52901793,465015408,450530981,465523790,430189168,16093742,16365835,17188442,20018112,468522323,439862522,365855191,363007710,16394615,16072050,16015605,16533783,269504458,242737678,363674825,299930039,16172735,15922951,15806140,15559552,314292150,312476501,327784706,344023049,16199671,16517127,15983320,16061657,149907727,151109612,153398785,174946716,40178674,37953720,30017350,41984174,147617499,148381981,149134242,148547330,26760819,24329149,20681148,19654907,
191,115358747,132698588,110585387,108251937,2940528,5090405,5067846,2670329,121934834,113903278,115303164,107093618,3029188,2837432,2626938,2898751,320423874,294781140,300759761,283351954,1961517,2142746,2120412,1928480,301258656,284962858,245422323,238623621,2101596,1872791,1979501,1839004,173558023,25499135,233685290,194689693,2124118,1991346,1840994,1604490,207308236,205083319,220489976,223812782,2060705,1951234,2026682,1938209,97859957,98580271,99476501,114608851,2684937,2624900,2853138,2356161,94876715,96728427,97278176,97480927,2244753,2296894,2059787,1861034,
192,8811754,10017445,8273113,8406747,1571342,3889325,3864909,1494955,9217561,8547547,8446698,8017139,1792811,1606243,1332051,1528225,23409920,20535919,20262500,19609653,1558896,1742006,1684656,1432658,20344533,19914465,17823816,16440921,1703668,1476108,1582167,1427172,12249295,11337186,16480175,14547909,1732143,1598412,1443822,1210317,15279354,14944322,16013664,16530928,1654406,1527837,1629509,1541776,8093940,7667146,7809775,9103480,1636009,1563227,1897824,1375198,7633799,7666533,7806570,7674037,1600580,1666873,1549777,1364371,
193,2102705,2172656,1928370,2130024,1568313,3855964,3829698,1492432,2085009,1874205,2068148,1856401,1789551,1603148,1325800,1527305,2824314,2587118,2508651,2704083,1557971,1733560,1686813,1431350,2714402,2745645,2638744,2576199,1702729,1473922,1580688,1425283,2309986,2080600,2543552,2258220,1725277,1596254,1440642,1206949,2465578,2375291,2483130,2676748,1665474,1527648,1624764,1537791,2335400,1832709,1949079,2095457,1633779,1560763,1898475,1371664,1870531,1926215,2057344,1897230,1597145,1665600,1548309,1362039,
194,1680995,1689132,1592588,1734375,1568705,3836034,3795087,1490687,1715198,1474044,1683859,1476286,1782140,1598293,1327509,1523781,1621568,1440697,1390559,1622585,1556180,1731068,1681541,1429791,1613304,1647683,1617819,1577372,1696195,1467970,1577643,1419695,1696775,1538919,1700476,1489742,1723660,1593523,1439933,1203994,1613896,1555406,1602720,1752750,1652994,1526831,1618985,1537945,1967595,1472200,1577479,1724466,1629233,1556747,1890717,1370715,1504737,1562385,1690556,1532932,1593208,1662094,1543884,1359431,
195,1677429,1688726,1589053,1732265,1567601,3810211,3711943,1488183,1711387,1474207,1676903,1478889,1780340,1597805,1323587,1523509,1619595,1436303,1386905,1622656,1549942,1730426,1680751,1426134,1612097,1644846,1613733,1580256,1692924,1465484,1574463,1418236,1694936,1537159,1696425,1488202,1720258,1591412,1433983,1205133,1609630,1554704,1600432,1749463,1658679,1522994,1618202,1534213,1965279,1469478,1579153,1719678,1630005,1554333,1887457,1370184,1503160,1560310,1692906,1534318,1588616,1657205,1538993,1359790,
196,1671081,1684117,1584382,1729684,1562300,3707965,3431595,1488203,1705641,1477318,1672412,1472454,1776935,1593468,1322068,1519015,1613960,1436919,1383903,1615160,1546690,1723324,1674588,1425776,1606317,1642747,1611384,1572459,1689484,1463125,1567943,1414446,1690751,1531985,1692262,1484871,1716024,1586443,1431196,1206527,1604743,1551555,1594296,1747885,1642629,1520095,1615933,1532642,1961906,1463805,1575342,1716615,1624563,1551667,1882475,1368142,1500720,1555438,1685422,1528491,1585958,1657007,1534369,1357187,
197,1670734,1679695,1583432,1723875,1558468,3374709,2703320,1485093,1700420,1474854,1672240,1468850,1772594,1590247,1320400,1513224,1609236,1430785,1382689,1614856,1544372,1717213,1670923,1421585,1603076,1638160,1610001,1573839,1685062,1458666,1565762,1410242,1685995,1529516,1688007,1481242,1710353,1585053,1428251,1202662,1601828,1547376,1594560,1742926,1636082,1517595,1611222,1530199,1955303,1462940,1572742,1716657,1620439,1547809,1880114,1368232,1495443,1554366,1686264,1525499,1584669,1654400,1535213,1355516,
198,1665222,1675763,1575283,1725513,1554513,2548524,1587637,1483044,1695688,1472586,1662854,1469942,1764413,1586097,1315145,1508902,1607763,1429729,1375554,1609708,1541741,1714242,1663982,1415133,1599494,1635118,1604682,1568390,1679657,1453141,1561508,1407930,1682467,1526485,1686314,1479727,1706628,1580495,1423210,1198791,1596024,1545127,1589020,1741095,1638054,1513468,1606398,1526165,1950499,1459283,1567733,1715522,1615689,1544145,1873296,1364567,1491328,1546557,1677678,1521084,1580893,1645608,1530867,1355123,
199,1660962,1667765,1573964,1720237,1547880,1575723,858797,1480180,1693075,1470214,1662151,1460372,1766513,1585785,1312925,1508027,1603179,1425718,1374283,1606538,1537356,1708554,1665042,1413330,1592147,1630446,1601386,1566701,1676713,1452423,1557798,1404206,1678796,1522253,1683289,1477590,1700725,1575191,1421948,1197853,1594964,1540169,1586770,1734509,1639387,1508234,1600596,1527009,1943564,1455622,1564185,1710994,1613139,1540514,1870926,1365009,1487670,1544750,1676821,1519732,1577735,1643337,1524817,1353928,
200,1656161,1664609,1569136,1714211,1544149,876638,574012,1479065,1689845,1467193,1658199,1458219,1754570,1579013,1309812,1503609,1598827,1418007,1370299,1601708,1534624,1703342,1657793,1410358,1589628,1626175,1598379,1561868,1670861,1446380,1554633,1399219,1673012,1519960,1677652,1469100,1696040,1567900,1413969,1193747,1589227,1537707,1580826,1729098,1630697,1504906,1595532,1522177,1940572,1451966,1560520,1706498,1606857,1537784,1866184,1358579,1485852,1541034,1670578,1515976,1573680,1635984,1522648,1353524,
201,1653811,1661352,1563729,1707818,1542012,588640,501879,1476581,1686291,1463845,1653390,1461654,1750045,1572194,1302178,1497338,1596012,1417164,1368556,1597843,1528248,1699720,1652343,1404014,1586808,1623613,1593371,1557078,1667390,1444426,1547596,1396200,1671306,1516646,1671925,1467926,1689583,1561243,1407183,1194172,1586079,1530449,1577288,1726043,1630687,1497435,1591320,1520395,1933785,1448593,1556466,1702116,1604518,1531975,1863012,1357349,1480759,1536702,1666907,1511738,1570290,1633087,1520663,1348527,
202,1647439,1656164,1559692,1702920,1536659,505237,484778,1471169,1681829,1459362,1646269,1452482,1743059,1564436,1296331,1492989,1591919,1413040,1364478,1595060,1523917,1695237,1645366,1402431,1580157,1616406,1581790,1553538,1660157,1437401,1541919,1387514,1666521,1511162,1670345,1464215,1683484,1490087,1404088,1190204,1583363,1533125,1573090,1720397,1615094,1492160,1587090,1516010,1926654,1440317,1550667,1693985,1595314,1525114,1857638,1356097,1476460,1532896,1659718,1508242,1564809,1629702,1511654,1348991,
203,1642338,1652293,1557175,1698360,1528325,482438,473193,1470707,1676950,1440837,1644932,1448624,1738055,1558267,1293364,1486932,1585666,1408461,1360296,1590646,1516736,1687889,1639489,1394303,1579170,1617712,1574906,1549301,1652092,1432705,1536371,1384564,1663560,1507799,1663943,1461204,1674181,1545222,1396361,1186536,1576817,1524141,1571219,1714581,1604267,1485402,1577683,1511814,1934905,1435789,1547332,1694519,1591135,1519513,1847395,1352539,1472540,1526385,1656208,1502201,1556739,1623262,1506001,1342831,
204,1637079,1647954,1551969,1692603,1525427,473903,466456,1466733,1672571,1433840,1640795,1445438,1733301,1551646,1287015,1481411,1581663,1406141,1357101,1587568,1570680,1681371,1630572,1385957,1571515,1609920,1571361,1543413,1644979,1425948,1529487,1377860,1660794,1503749,1663522,1455871,1668824,1541664,1390889,1183614,1574308,1521551,1566790,1715376,1600203,1479649,1574435,1510330,1930694,1435083,1541904,1690766,1585261,1515061,1842627,1348385,1467491,1521782,1651128,1498561,1551761,1618342,1499703,1340407,
205,1635787,1644380,1550102,1689385,1516718,464874,457666,1462426,1670020,1432522,1635118,1439157,1727974,1545892,1284118,1476018,1576991,1399899,1351206,1583330,1563939,1672962,1624097,1384391,1568998,1606387,1570746,1540684,1638513,1418719,1523962,1371061,1654939,1499464,1658076,1453461,1658347,1536382,1388037,1179908,1570404,1516577,1562943,1707054,1598990,1474229,1566533,1506344,1921758,1428801,1539380,1681944,1578828,1507055,1835119,1346267,1459940,1515053,1644403,1492245,1543472,1612363,1494698,1337999,
206,1631970,1637234,1544175,1679695,1512519,457749,450466,1458927,1661457,1430002,1632154,1433394,1719723,1540627,1279858,1472065,1569365,1395297,1345059,1575737,1556435,1667958,1617754,1378418,1560875,1598261,1564058,1535579,1631661,1413556,1516805,1366814,1650266,1494717,1653933,1452227,1651259,1530240,1382636,1177430,1562368,1513073,1559453,1701189,1583065,1466945,1557292,1499636,1912355,1425242,1529831,1673747,1573216,1503404,1827718,1341267,1453906,1506184,1639427,1485947,1537496,1601235,1485247,1332540,
207,1625073,1631551,1538852,1673023,1503787,450039,442570,1456369,1655523,1423092,1624895,1433371,1710841,1535932,1274995,1468805,1563851,1392469,1342344,1570352,1547824,1660897,1613059,1369616,1555090,1593605,1557078,1526630,1625419,1410216,1512555,1363962,1644252,1486600,1646508,1445800,1645471,1527407,1376257,1173861,1555918,1504474,1552968,1698280,1581427,1463679,1551090,1498447,1897622,1416051,1525102,1669019,1566276,1495553,1818981,1341034,1446429,1500990,1629778,1478295,1530687,1598895,1479094,1330794,
208,1619460,1623825,1529142,1662340,1498771,441410,433578,1452797,1652389,1419209,1616859,1425776,1705449,1530819,1269863,1459538,1556659,1384478,1334910,1565517,1540949,1652484,1602739,1365111,1545724,1587537,1550438,1519448,1616391,1403200,1504467,1355355,1636386,1481383,1639874,1439006,1637251,1520200,1370053,1170915,1552128,1501069,1544369,1685184,1574274,1456685,1546123,1490181,1891747,1407362,1518062,1659490,1559686,1491353,1810494,1337397,1441143,1496075,1621872,1470393,1524788,1590943,1473346,1326735,
209,1612916,1617849,1522221,1659658,1492252,432629,423789,1448310,1642825,1408379,1609658,1422313,1699678,1524459,1263644,1456071,1556132,1379974,1329072,1558135,1537108,1649851,1598150,1361110,1543337,1581524,1547402,1513021,1611042,1399837,1496932,1350365,1630074,1475225,1632959,1433606,1630681,1512880,1363486,1169989,1545528,1494533,1607104,1678878,1565272,1447324,1538258,1490745,1873185,1402287,1513480,1652137,1553430,1486756,1806497,1332750,1433468,1489798,1615872,1469298,1518675,1585401,1469333,1324148,
210,1604391,1609470,1514372,1649651,1485866,422781,413007,1445669,1632960,1407207,1597080,1412642,1692315,1515580,1257957,1447962,1544103,1375246,1322379,1555539,1528825,1643945,1588388,1355106,1535873,1577146,1538039,1508804,1601538,1391256,1492881,1342553,1622388,1470134,1621794,1428989,1621569,1504150,1356468,1165605,1535233,1489354,1534069,1673117,1566117,1436786,1533239,1485701,1860636,1398162,1505206,1648237,1549637,1479000,1797217,1329570,1428584,1485912,1610602,1461391,1513211,1577181,1462456,1320686,
211,1596740,1603466,1509179,1645972,1478008,411233,400523,1438502,1628407,1398809,1593555,1406827,1673913,1510165,1248575,1440489,1539968,1371613,1321296,1549372,1524604,1635021,1581802,1348806,1528166,1569129,1535530,1502922,1584761,1378868,1471026,1318655,1613251,1461534,1616021,1422269,1616209,1487188,1342184,1165989,1530308,1482458,1526693,1666029,1549432,1387723,1528183,1482695,1853861,1392925,1499713,1637655,1541433,1473206,1786329,1325982,1423604,1478792,1604174,1455508,1509357,1570546,1455390,1316275,
212,1593261,1594567,1500872,1638444,1442967,401145,388785,1435163,1620900,1389465,1586875,1399923,1631009,1496983,1220377,1428807,1532674,1366070,1311310,1542457,1515881,1623135,1569184,1331512,1521973,1563247,1525624,1497506,1523122,1337180,1421974,1249849,1606396,1457735,1609453,1417002,1597803,1443391,1303104,1162064,1522899,1476740,1520562,1657909,1532762,1259389,1520390,1476147,1843111,1385584,1494368,1632988,1531930,1463097,1778587,1324490,1419316,1473928,1600688,1450036,1491083,1564636,1440575,1312838,
213,1583610,1590929,1494071,1629801,1321475,388184,372728,1432552,1617030,1382809,1581177,1394892,1464905,1443340,1120216,1378457,1525807,1357796,1310434,1535682,1500212,1585456,1514870,1266177,1517820,1557929,1521915,1490422,1332358,1203290,1256662,1060496,1599337,1451690,1603936,1409801,1541312,1296780,1171828,1158164,1516010,1473153,1514778,1653219,1461759,961118,1501484,1475050,1833888,1378388,1487841,1627135,1505250,1430353,1741701,1317757,1414221,1465223,1592334,1444195,1433424,1545689,1387953,1313149,
214,1578876,1583135,1488594,1619524,1013800,367816,339389,1428843,1610374,1377644,1572283,1390062,1067126,1247830,854580,1192588,1515280,1352934,1302663,1528870,1430909,1430216,1320871,1057081,1509435,1551891,1516276,1485694,937915,887158,896856,712548,1591428,1444658,1599041,1404169,1334317,948536,860236,1153444,1510839,1467077,1509474,1646908,1218422,560696,1425235,1470390,1816885,1373558,1480394,1615149,1398405,1291459,1598797,1299170,1405525,1455539,1585219,1435054,1238756,1467776,1208149,1308454,
215,1571244,1574028,1483370,1605260,640386,331980,281474,1402396,1602637,1380677,1567960,1381485,635325,893296,525990,845070,1487580,1349902,1290950,1524960,1239168,1122287,972875,733978,1502954,1547580,1511066,1476805,554273,546016,534181,410032,1587470,1438449,1593662,1396526,962799,568283,517266,1145572,1503296,1458795,1501383,1640122,843576,315735,1207647,1457676,1784146,1363003,1476097,1610274,1145785,1007835,1279326,1207189,1399613,1434410,1581266,1431865,901294,1263036,896581,1299782,
216,1567956,1550731,1471303,1549328,357286,269989,202079,1309573,1597283,1364379,1561013,1376239,350817,511162,281525,472623,1390548,1342926,1261081,1518895,892977,712406,581547,418368,1477193,1542306,1504518,1461651,318419,306807,301713,238243,1567934,1415873,1587253,1390815,562262,315721,283722,1095261,1491618,1445480,1494164,1629944,481261,213044,831305,1405430,1664165,1344283,1468882,1598762,764025,628215,823950,1021688,1385332,1364547,1571389,1423836,534918,897393,540381,1265690,
217,1562022,1474250,1430411,1382424,235378,199856,134565,1084134,1588421,1346138,1552313,1335520,249382,293411,182867,267372,1152366,1326012,1164324,1498100,534827,407399,335622,246696,1393665,1515979,1502014,1408134,234198,210712,214914,179850,1510133,1347247,1577397,1376109,333379,219264,197583,955816,1446534,1385612,1466293,1606965,287038,186191,479552,1238979,1391445,1277470,1454168,1567254,436721,356445,464412,769918,1353236,1185760,1554781,1398677,310348,533751,315647,1145172,
218,1540002,1199176,1256977,985788,198960,133656,92980,707113,1542998,1252487,1508522,1175053,220504,213043,156160,195287,703348,1245991,876426,1417818,302203,262084,231614,184558,1114487,1409663,1459395,1198226,209536,181914,188335,163132,1303705,1104122,1537215,1300291,249477,193821,173498,661120,1268405,1164202,1341413,1492921,218835,177891,278803,888707,882987,1052301,1376117,1416437,262385,230291,287407,391260,1208821,799168,1490582,1289373,222000,300694,221815,862537,
219,1478807,819695,879404,606509,190265,97062,80255,413099,1408300,1025543,1388857,895463,215514,194498,150533,178047,391342,1045558,556518,1217635,214781,222133,203822,170583,669816,1166538,1337240,864293,204419,173702,182458,158794,963854,772221,1419488,1108587,228028,188266,168311,390033,959632,834436,1075515,1226670,201702,175800,217338,545461,513189,730928,1185216,1118570,212598,198589,241637,246397,923723,470683,1316392,1054497,198511,224882,196681,544404,
220,1253765,428760,535475,334840,188157,82056,75907,274606,1054985,635979,1060714,515062,212517,188715,148087,173089,236375,659527,290083,804578,190279,210241,194069,165547,383177,736131,1003097,477705,202120,173075,179683,156862,543299,418174,1090457,734822,219510,184865,166903,248091,552364,458333,649599,768962,197099,175749,197046,341940,307596,390102,795446,664159,196608,190181,230421,195198,522355,264863,923091,655745,191927,202559,190373,332614,
221,894558,267311,310221,247937,185489,76429,73977,217112,663139,360883,683246,299513,210433,185332,147436,170806,200443,371115,197058,463657,179754,206089,190684,163436,249532,425228,625022,290961,199401,170234,177409,156020,321231,257703,700348,424744,215803,184394,165406,185914,325521,275936,371063,443710,194773,174117,188166,246720,255800,242135,468677,385141,190775,186496,226043,170639,295453,205912,549966,380875,189450,193745,186727,220334,
222,479523,210541,214655,219768,184174,73412,71864,189570,354581,215303,364041,204747,208073,184525,145029,168505,191268,218190,167036,259958,175977,203777,188060,161405,204799,258526,323571,215991,197414,168936,176343,153576,227271,196297,367173,239812,213855,182207,163136,159840,224422,202671,233416,265768,192608,172331,185492,208330,241621,187095,270430,253287,188005,184642,222697,157066,198160,190946,299433,237792,186367,189715,185372,177227,
223,295872,200721,192691,214415,182034,72323,70772,176882,257590,181620,253225,184976,206545,183202,145110,167113,188409,183337,161103,209052,173374,200914,186285,160286,195656,217273,230489,195765,196438,167886,174302,152765,208131,183341,254209,193146,211446,179506,161792,147247,203045,185584,202899,222792,191814,171338,183104,189631,238253,176652,215737,224170,185815,183433,221528,151389,176242,187569,231315,202425,186088,188400,183737,158628,
224,214993,196751,183732,210796,180486,69494,67939,168343,213288,169599,205032,177192,204032,181221,142048,165055,185923,169419,157327,191585,170946,198783,184997,158741,191660,197110,195729,186542,194949,166474,172570,151351,201525,177152,210201,176219,209022,177863,159675,139030,193750,177939,192810,204618,188441,169548,180776,177377,234377,170682,191323,213339,184228,180539,218677,149142,167217,184101,207146,188134,183225,185671,181389,147031,
225,201865,193847,181145,208450,178912,67631,66056,167207,202637,166034,196180,175966,202961,178596,141548,163433,185319,167143,156954,189515,169659,197980,183025,157147,189476,193741,190110,183860,192796,164744,171004,150515,200748,176181,200708,173720,206704,177054,159171,136852,192547,175999,190340,200597,187877,167263,178203,174259,232326,169561,186097,211610,182771,179203,217108,146635,164461,182617,202518,185909,181741,184727,180469,144871,
226,196951,192612,178515,207071,177892,66460,64772,165440,197873,165281,192116,173592,201556,177316,140099,162712,183265,166317,155213,187300,167607,196365,182407,155960,188135,190640,187037,182328,191404,163029,169137,148456,198756,174558,198570,172261,204535,175703,157085,135768,188976,173702,188942,198175,186115,165893,177563,171653,229902,168184,183061,209141,180717,177471,215123,146162,162372,180805,200284,183144,179925,182375,178356,143225,
227,193678,189800,178560,205317,176877,64057,62331,164698,196764,163906,190345,173024,199008,175157,138530,161267,182175,164800,153127,185317,166394,194530,179994,154827,186466,188974,185823,180400,190566,161766,167344,147988,197000,172845,196293,170349,203327,174134,155640,134468,188395,172078,186655,196411,184374,165082,176007,170441,227555,166234,182071,208033,179478,176460,214950,145458,160948,179677,197907,181818,179443,181430,177834,143030,
228,192188,188690,177225,203044,175818,62407,60494,163827,193744,161728,188408,171793,197734,174752,137887,159995,180182,162522,152615,183780,165607,194050,178319,153959,184500,186794,183410,179051,188917,160857,166849,146432,194387,170942,194811,168913,202119,172846,155293,134131,187102,170601,185816,194552,183613,164393,174241,170354,226228,164504,180224,204859,178962,174742,212484,144882,159163,177594,196521,181139,178768,180330,175726,141533,
229,190138,187869,175089,202421,174333,59906,57909,161666,191568,161396,186719,170467,197075,173475,136422,159128,179009,161270,151182,181558,164659,192030,177010,153663,182883,185970,182828,176801,187337,159387,165632,145704,193952,169828,192842,168289,200018,171426,153003,133853,185187,169367,183514,192888,182928,161474,173070,168762,225638,163793,178853,203570,177158,174389,210356,144078,158466,176877,194714,178737,176742,178560,174371,141704,
230,189034,186620,173477,199958,174135,57317,54987,161631,190805,159555,184911,168457,195143,172214,135650,158131,177662,160226,150164,181088,163510,190330,176519,150982,181917,184198,179894,176339,186006,158092,164687,144642,192782,169104,191113,166052,198062,170295,152267,132577,183889,168715,182627,191066,180840,161074,171502,166766,225347,161965,176861,202773,175481,173202,209097,142675,156867,174981,193089,176899,174840,177213,173226,139155,
231,187891,185044,172421,198994,171942,54605,51276,160152,189464,157915,182773,168418,192870,171413,135441,156328,175858,158938,148657,179498,169391,188734,174318,150780,179581,183017,179363,174785,184486,157251,162956,143075,190444,166995,189848,164918,196832,168685,150760,132174,182671,166689,181210,190326,179031,159903,169690,166314,223531,160712,175199,200031,174534,171336,208039,141146,155653,173506,192552,175680,174247,176147,172318,139476,
232,186060,183333,170752,197275,170905,49750,44603,158178,187167,157216,182078,166104,192239,169247,132542,155111,174735,157536,147573,177951,168510,187258,174049,149738,178681,181830,177682,172516,181610,155703,160568,141475,189400,165879,188915,164250,194750,166547,149878,130908,181313,165515,179594,189363,176286,157385,168954,165490,220786,159606,174534,199413,172477,171250,206178,140445,153674,172570,190952,174953,172641,175314,170719,138083,
233,185023,181924,169455,195629,168018,42919,36160,158037,186234,155972,181728,165455,190371,168126,132279,153513,174381,156258,146776,176561,166576,185875,171926,147307,176594,180442,177357,171645,180993,154886,160228,140055,188429,164206,186837,162538,193099,166201,148556,129589,179896,164699,178846,186469,176861,156644,167257,164400,219431,158737,174048,197736,169878,168247,204495,140331,152533,170575,189506,174093,171264,173364,169408,137467,
234,183258,180803,168502,194570,167207,34760,27151,156433,184345,155409,179189,163898,187661,166119,130910,152822,172191,155413,144990,175755,164951,184628,170266,145757,174570,179327,175031,170264,178772,152884,158269,139168,186609,163180,185772,160992,191741,165142,147491,129841,179130,162156,176248,185793,175994,155093,165935,162620,215743,157081,171275,195826,170051,167178,202125,139105,151733,170239,187142,171499,170316,171828,167923,135656,
235,181440,179627,166773,192081,165630,27335,20094,156523,183527,154326,178080,161987,187517,164737,129618,151662,170067,154115,143532,174048,164737,182781,168520,145588,175086,177109,174597,168781,178461,152260,156537,137580,185107,162297,183315,160393,190358,163048,145404,129221,176983,161807,175633,184136,173480,153165,164422,162413,215705,155268,170577,192688,168317,165518,199858,138132,151110,169064,185359,170338,168552,170075,166796,134931,
236,180011,178305,165899,191157,164148,21560,16043,154396,181186,153051,176133,162657,185148,163438,129571,149994,169282,152597,142412,172091,162817,180838,166914,144516,172562,176109,173103,167066,175888,150132,155263,136084,183213,160697,182722,159364,187748,160719,144520,128179,174958,160835,174345,183218,172128,151344,162777,161739,211691,154553,168610,192179,166568,164692,198819,137255,149492,166996,184525,168857,166789,168282,165322,134017,
237,179473,175911,163864,190049,161981,17120,14326,153329,180212,152396,174936,160660,183008,161492,127109,148048,167058,151623,141851,170815,161276,178692,165478,142457,171015,174699,171978,165639,174746,148498,153142,134198,182104,159451,180532,157696,186221,159107,141738,127577,173257,159736,172400,180200,170292,149711,162010,160408,210718,152861,167592,191009,165360,163639,196839,136215,148029,165746,182472,167303,165651,166900,163586,133809,
238,177697,175093,161738,187704,160743,14414,13375,153013,178519,150270,173075,158779,180841,159698,125052,146460,165491,150361,140671,169221,159055,177046,163040,141160,170036,172986,170389,164594,171884,146671,151311,132549,179406,157413,179513,156511,183989,156884,141152,126471,172348,157810,171382,179189,168563,147682,160225,158851,208393,152102,165853,188128,163391,161808,194020,135470,146294,164219,181110,165989,164095,165539,162397,132390,
239,175368,173109,161744,185973,158634,13391,12873,152147,176751,149370,171760,158666,179142,158028,122877,144455,164734,148814,139495,166870,157252,174479,161283,139302,168657,171654,169638,162633,169672,143966,149766,130888,178906,155924,177985,155484,181730,154868,138248,125546,171323,157153,169570,177190,166539,146394,157628,157113,206141,150549,164441,187780,161725,158976,192553,133866,145397,161936,179990,164106,162276,163257,159213,131366,
240,174034,171456,159377,183161,156881,12907,12563,150466,175633,147234,169855,155778,175205,155139,121509,141984,162816,147858,137135,165866,155604,172712,158761,136377,166875,170270,167767,161331,166241,142236,146587,129340,176803,154836,176212,153657,178795,152273,136116,124907,169665,155195,167873,176789,162861,143146,156085,156616,203466,149148,162651,186437,159530,156863,189759,132262,143290,160000,178782,162813,158878,161443,157873,130344,
241,172572,169718,157922,181252,153603,12816,12470,149092,174080,146733,167959,153953,173578,154023,119343,140056,160105,146345,135256,165023,154092,169679,156448,135213,163961,168578,165524,159874,163745,140302,145140,127531,175031,153775,174176,152275,176105,149875,134403,122919,167469,153826,166640,173744,160204,140642,154073,154666,200535,146492,161009,183870,157820,154813,187433,131292,142128,158784,176403,161716,156973,159327,155306,129179,
242,170730,167872,155478,180053,152164,12060,11759,147872,171932,144286,167822,151565,170702,151433,117828,139361,157698,145126,133118,163500,151822,166989,155063,133526,163647,167277,164487,157742,162272,137271,142387,124984,172953,151621,173151,150882,173159,148345,132456,122194,165273,152123,164779,171465,157831,138470,152449,153920,197139,145528,159262,181441,155977,152738,184841,130164,139480,156647,173877,159536,155263,158083,153423,128249,
243,168909,164808,153817,177174,149914,11707,11412,146346,170916,143074,165463,149818,167948,149198,114892,136963,155692,142814,131352,161462,149135,165570,152724,131315,160402,165152,162979,156532,158135,134866,139857,122610,171003,149393,171763,149132,170545,145862,130015,120985,162884,150308,163039,169794,156552,135768,149646,151793,194855,142056,158428,179525,153323,151748,181886,129140,138122,154427,172006,157345,151504,155126,150996,125961,
244,167778,162854,151903,174607,147521,11428,11081,144328,168089,140857,163822,148584,164836,146943,113258,134788,153055,141034,129395,159010,146937,163223,149904,129613,158211,162707,161255,154154,156192,133170,137270,119893,168521,147702,168857,146989,168151,142404,127500,120298,162006,148541,160944,167503,153194,131347,147586,151339,193246,140848,155914,178031,151583,149289,180043,128034,135646,151384,170244,155819,150162,153167,148884,126151,
245,165099,161159,149394,172884,144195,10785,10466,143411,166819,138882,161367,145815,161913,144318,109773,132355,150472,139294,128248,157012,145709,160467,148302,126979,156139,160711,159372,152116,151252,128921,133158,115150,166105,145936,167440,144745,165759,138364,122731,118780,158395,146590,158574,165520,150761,122395,145849,149659,189335,138685,154520,175473,148468,146663,175810,126597,134252,149499,167672,153792,147743,150812,146631,124121,
246,163385,158322,147613,169756,138838,10481,10111,141058,164465,137128,159005,143587,153332,141144,102207,129279,147639,136910,125680,154695,142866,157130,144283,123049,153815,158973,157341,149481,141713,120532,121495,103732,163455,143139,164120,143220,160733,128427,112924,116978,156149,145409,156265,162573,147684,101574,142892,147347,185253,136608,151459,171809,146318,144203,171591,125210,131766,146722,165796,151442,144569,148275,143265,123018,
247,161626,156007,144596,166373,129123,10183,9781,139834,162643,134614,156949,142133,137769,136888,87521,123686,144598,134949,124237,152735,139631,152740,138582,116591,151568,157051,155236,148241,122373,105195,103401,84474,161053,142164,162664,141475,154968,108735,94503,115980,154634,143018,154803,161090,138849,75728,140049,146534,180804,135339,149796,169827,142719,140165,165084,123174,130582,144389,163362,150002,139300,145322,138241,121610,
248,159323,152462,142600,164405,108495,9685,9189,138711,160082,133090,154857,140201,108507,127012,64954,109976,139151,133196,121447,150281,135395,143479,127939,103243,148766,155334,153009,145869,92239,80115,75249,60721,158295,139434,161102,139675,142508,79652,69307,114755,151821,140334,151752,158403,121572,50974,135530,144538,176219,132668,147284,167707,137558,131160,152707,121506,128145,141165,160975,147850,127907,141161,129415,120280,
249,158050,149793,140808,159745,80999,9123,8447,136530,158820,131325,153296,137802,75380,109120,43076,86794,128863,131097,118622,148371,126920,126454,107566,80700,146218,153180,150417,142884,63805,55586,51741,41292,155892,136129,158304,137441,117737,53792,46346,112600,149230,138250,150326,156005,94768,36293,127155,143148,166272,130625,145604,164606,126335,115680,129430,119964,124985,135363,158845,145993,107547,130679,112953,118706,
250,154807,144708,137276,150800,53504,8224,7354,133984,156509,128022,150111,134090,49552,78949,29675,57453,102073,129132,111346,144677,108141,96489,76863,53885,140266,150192,148529,140201,43280,37998,35553,29599,150050,133057,155299,134222,82271,36742,32560,111410,144803,135190,146265,152487,63973,29943,106104,140240,141844,124494,143280,160392,103872,87924,92632,116439,120699,118622,154745,143167,77130,110488,83992,116802,
251,152663,134170,132142,134752,38992,6944,5976,131939,153304,124174,147113,128638,38587,52969,24469,38446,72224,125531,98754,141671,82448,66759,52208,37064,129416,146890,145582,135253,35909,30401,30538,25538,139930,125551,152081,131504,57092,31083,28158,109613,139682,130346,142180,147799,44646,28548,78937,138521,109052,114495,139606,153784,75937,60588,63650,112596,113101,94990,151728,139394,53329,83365,58527,114684,
252,149102,110373,118491,104312,33050,5673,4711,128737,149831,113680,144266,115156,35356,39313,22856,30091,44969,118833,73738,134068,59661,48628,39073,29729,104210,141842,141861,124606,33169,28418,28565,24433,118251,109062,149485,123917,44013,29678,26435,106975,124546,118061,132749,141883,36164,27553,56384,134458,71722,91661,136284,137558,53878,43561,46757,103242,93601,63423,143579,132239,39647,59144,42398,112019,
253,144710,80976,97312,75279,30689,4879,3819,122240,146010,95810,139284,93796,34165,32385,22316,27147,34752,107188,51941,121206,42004,37777,32546,26509,75693,133666,136385,106226,32327,27341,27714,23669,90873,86352,143532,112305,38780,28959,25845,100169,103128,98932,114435,128095,32762,27621,39890,129484,51231,66594,128033,111969,39035,33908,38657,85972,68268,43949,127509,119620,33179,41738,34486,105825,
254,134388,51342,65600,49758,29966,4056,3146,107218,137286,66357,128368,63093,33740,30100,22072,25883,30818,80445,34300,93060,33146,34407,29963,25325,47959,111557,122202,75149,31899,26927,27247,23106,59728,56831,131029,86464,36653,28488,25505,85933,71094,68872,82111,98360,31385,26933,32694,116924,41331,42391,109198,75183,32353,31028,36541,62508,42934,33349,96661,91156,31121,33326,31359,93738,
255,116578,38016,44300,39923,29123,3284,2736,84789,123436,44925,108352,43493,32945,28941,21652,25406,29671,55236,28055,65331,29530,32560,28956,24698,36618,84834,100174,52796,31099,26267,26883,23371,42794,40225,109924,61325,35777,28130,25292,66035,50116,47080,56430,69940,31071,26362,29946,95580,38950,32215,84182,52180,30021,29951,35480,43490,31663,30498,67867,64765,30403,30803,30342,74196,
256,95771,33984,35664,36627,29021,2664,2514,48746,103316,34850,87525,35101,32188,28373,21215,25070,29574,41375,25662,48181,28348,32149,28315,24480,32769,63713,78680,41060,30778,25595,26249,22608,36398,32798,87442,45528,34671,27832,24627,36937,40153,37496,42927,52106,30138,26043,28293,56342,38504,29142,63630,42324,28984,28926,34469,28592,27790,30147,50925,48522,29446,29473,29871,41724,
257,68627,31654,30782,34892,28403,2519,2426,36639,75968,28991,61978,30445,31922,28173,20987,24559,29354,31719,24815,36499,27521,32058,28173,24441,31162,45851,54544,33896,30420,25601,25601,22572,33565,29624,61127,34137,34186,27176,24294,28930,34356,31183,34826,39678,29709,25980,27847,42092,37730,27553,45327,37131,28687,28741,34399,25582,25921,29463,39071,37146,29326,28845,29192,31146,
258,45233,31141,28679,34098,27991,2301,2218,30903,49818,26455,42278,28787,31852,27803,20713,24231,28477,27898,24078,31257,27145,31378,27613,23903,30452,35572,37802,30546,29986,25384,25532,22217,31997,27862,42264,29292,34365,27083,24339,25209,31534,28440,31700,33817,29377,25633,27581,33822,36783,26636,34777,35257,28480,28312,33734,23524,24616,28807,33646,32350,28982,28588,28931,25862,
259,36467,30362,27981,33579,27429,2399,2319,28252,39597,25781,34867,28418,31502,27370,20149,23950,28378,26416,23628,30169,26822,30823,27593,23453,29728,32509,32681,29339,29518,24831,25340,21910,31462,27590,35154,27752,33506,26530,23873,23217,30648,27555,31026,31934,28841,25424,27234,30497,36455,26465,31376,34400,28061,28314,33417,22949,24497,28524,32578,30872,28155,28216,28680,23548,
260,32302,30212,27517,33301,27355,2273,2192,26771,34032,25515,30993,27826,30866,27293,20340,23690,27973,26067,23383,29379,26710,30543,26913,23231,29367,31177,30509,28733,29279,24678,24932,22007,31340,26746,32270,27384,33249,26160,23858,22393,30522,27256,30286,30724,28523,25086,26395,28520,35885,26071,29901,33744,27626,27764,33185,22223,23990,28537,31919,30098,28205,27712,28320,22203,
261,30851,30176,27223,32899,26885,2131,2050,26251,31569,25200,29714,27545,30896,27085,20045,23531,27672,25819,23243,28891,26359,29720,26921,23269,28936,30595,30132,28468,28980,24335,24621,21686,31330,26702,31216,27105,32771,26071,23494,21782,30071,26734,29788,30531,28479,24647,26254,27514,35585,25368,29278,33520,26954,27731,32754,22413,23805,27767,31833,30164,27815,27640,27870,21715,
262,30631,29460,27138,32390,26812,2038,1964,25730,30883,24804,29467,27219,30506,26487,19757,23590,27318,25768,23052,28598,25935,29769,26438,22944,28709,29922,29712,28007,28820,23941,24648,20919,30508,26431,30451,26384,32626,25790,23323,21822,29210,26471,29301,29737,28108,24726,26118,26565,35179,25190,28674,32759,26716,27220,32274,21691,23249,27597,31105,29520,27611,27404,27548,21323,
263,30461,29066,26705,31979,26813,1976,1907,25244,30625,24760,28896,26974,30124,26051,19366,22836,27118,25175,22928,28241,25541,29104,26304,22536,28619,29240,29305,27755,28219,23979,24165,20782,30211,25878,30212,26311,31868,25518,22984,21356,29496,26061,29190,29891,27864,23685,25980,26343,34742,25122,28317,32705,26682,26937,31979,21836,23073,27347,30798,28796,27302,26756,27330,21233,
264,29496,29107,26419,31842,26324,1893,1845,25191,30581,24539,28522,26540,29757,25922,19125,22940,26917,24877,22483,27736,25420,29392,25726,22225,28127,29247,28895,27373,27868,23138,23700,20821,29975,25833,30123,26039,31657,25221,22357,20949,29076,25911,28862,29340,27570,23804,25748,26305,34137,24923,28285,32615,26234,26642,31445,21234,22937,27231,30751,28422,27084,26782,27050,20807,
265,29170,28537,25859,31709,25992,1802,1675,24921,29777,24184,28092,26352,29038,25334,18979,22480,26664,24524,22475,27719,25144,28855,25603,21924,28085,29290,28288,26763,27908,23227,23339,20293,29653,25351,29679,25495,31407,24773,22389,20540,28428,25547,28516,29349,27629,23409,25629,25652,34172,24420,28100,32243,26002,26064,31056,21301,22590,26893,30354,28485,26762,26090,26564,20541,
266,28987,28140,25816,31052,25653,1642,1509,24593,29747,23856,27799,26117,28925,25363,18873,22270,26264,24431,21983,27753,24828,28630,25140,21853,27509,28814,28228,26887,27066,22854,23294,20087,29141,25115,29506,25288,31063,24543,21710,20433,28512,25356,28099,28755,26707,22947,24952,25853,33249,23905,27542,31929,25456,26169,31118,21134,22448,26496,29824,28181,26305,25965,26246,20339,
267,28756,27825,25053,30415,25110,1453,1276,24289,29346,23566,27515,26251,28823,25109,18569,21787,25906,24334,21758,27330,24661,28375,24800,21486,26907,28197,27978,26239,26736,22569,22993,19803,29094,24921,29027,25142,30480,24161,21891,20379,27941,25032,27772,28243,26651,22597,25064,25308,33572,23973,27020,31244,25225,25622,30545,21132,22031,26224,29610,27581,26110,25432,25997,20316,
268,28447,27501,24989,30094,24863,1243,1087,24185,28727,23200,27120,25573,28165,24512,18476,21685,25438,23980,21534,26932,24472,27851,24378,21238,26725,27674,27739,26098,26635,22219,22574,19425,28573,24595,28996,24642,30094,23789,21067,20094,27305,24654,27711,27907,26163,22511,24310,25058,32852,23360,26692,30891,25010,25194,30315,20620,21679,25931,29301,27300,26170,25455,25833,19952,
269,27937,27079,24775,29885,24851,1100,940,24062,28386,23240,26984,24980,27376,24489,18101,21343,25313,23534,21459,26527,23649,27472,24424,20963,26190,27263,27041,25908,26079,22069,22164,19048,28607,24349,28243,24682,29514,23247,20924,20050,27134,24057,27262,27728,25600,22079,24271,25047,32432,23333,26307,30329,24607,24989,29928,20631,21704,25613,28932,27196,25374,25105,25523,19748,
270,27723,26703,24313,29494,24260,946,780,23565,27747,22684,26632,24863,27343,24038,17464,20919,24581,23346,20882,25859,23579,27029,23783,20275,26027,27478,26705,25267,25856,21843,21605,18600,28027,24170,28259,24215,28883,22905,20377,19727,26851,23998,27036,27456,25641,21647,24071,24605,31967,22953,26127,30320,24729,24961,29021,20182,21304,25281,28882,26624,24947,24942,25106,19563,
271,27311,26131,24090,29460,23831,838,676,23291,27585,22321,26224,24275,26978,23794,17464,20766,24503,23055,20808,25617,23166,26815,23593,20612,25885,26606,26942,25141,25409,21042,21322,18506,27443,23688,27660,23872,28754,22728,20203,19725,26345,23824,26773,27094,24966,20973,23526,24177,31339,22923,25755,29934,23924,24238,28760,20147,20898,24819,27710,26282,24906,24405,24651,19267,
272,26991,26186,23945,28603,23590,674,554,23208,27491,21818,25786,24281,26201,23206,16875,20123,23884,22734,20295,25535,22807,26395,22995,20016,25670,26358,26227,24937,24696,20813,20683,18197,27262,23194,27370,23442,28131,22275,19602,19349,26139,23492,26131,26585,24859,20990,23173,24095,30814,22615,25702,29410,23667,23724,28172,19519,20700,24396,27896,26161,24421,24095,24159,19054,
273,26622,25807,23695,28211,22968,574,506,22626,26898,21714,25826,24192,25996,22935,16541,20177,23441,22159,20142,25159,22798,25544,22875,19734,24958,26520,25943,24591,24265,20442,20676,17574,26728,22947,27092,23201,27587,21939,19447,19165,25933,23304,25781,26483,23990,20208,22519,23685,30824,22266,25272,28759,23200,23762,27751,19275,20449,23951,27810,25685,23814,23727,24120,18802,
274,26177,25471,23445,27708,22477,517,482,22540,26711,21490,25273,23491,25425,22371,16245,19726,23118,21957,19695,24628,22278,25031,22002,19174,24940,25999,25621,23922,23654,19733,20118,17554,26320,22924,26523,23098,26842,21154,19084,18857,25489,23014,25764,25953,23477,19731,22378,23319,29972,21701,25044,28653,22773,23218,27171,19252,20152,23565,27127,25026,23331,23034,23429,18688,
275,26103,25397,22864,27380,22195,493,483,22507,26609,21328,24957,23258,24621,22200,16034,18929,22994,21816,19280,24583,21931,24360,21592,18671,24535,25654,25383,23643,23287,19459,19444,17043,25942,22393,26465,22774,26471,20655,18318,18689,25118,22775,25391,25517,23273,19068,21754,23263,29713,21374,24527,28114,22584,22843,26883,18915,19465,23154,26429,24916,23094,22488,23043,18593,
276,25598,24542,22408,26980,21402,496,480,22284,26168,20874,24528,23009,24134,21709,15487,18636,22171,21481,18978,24216,21423,24307,21317,18353,24174,25521,24809,23047,22662,19003,19362,16627,25478,22217,25942,22174,26058,20397,17936,18566,24829,22219,24727,25078,22745,18733,21528,23018,28606,21063,23986,27712,22415,22333,26111,18464,19379,22691,26088,24949,22181,22305,22697,18280,
277,25170,23983,22249,26497,21312,455,445,21906,25839,20493,24269,22246,23468,21075,14823,18256,21789,21165,18668,23906,20931,23761,20888,17895,23439,24677,24746,23184,21914,18331,18552,15940,25399,21826,25811,22008,25291,19683,17370,18542,24299,21979,24286,24466,22265,17523,21121,22938,28111,20683,23853,27461,21710,21871,25597,18470,18974,22242,25722,24462,22000,21754,22303,18150,
278,24845,23565,21695,25892,20410,442,421,21658,25353,20050,23945,21875,22905,20453,14177,17695,21091,20819,17741,23146,20631,23331,20556,17447,22983,24175,24000,22310,21134,17494,17201,14700,24413,21174,24870,21643,24701,18510,16159,17909,23731,21637,23968,24410,21673,15365,20706,22432,27624,20195,22959,26710,21284,21063,24990,18183,18398,21614,25326,23666,21481,21552,21463,17736,
279,24328,23084,21321,25442,19837,417,405,21182,25052,19494,23487,21737,21600,20076,12478,17386,20607,20159,17688,23124,20252,22764,19774,16889,22571,24153,23795,22233,19560,16210,15394,12888,24121,21204,24851,21016,24054,16196,14133,17952,22936,21254,23325,24082,20699,12346,20140,22161,27005,20011,23282,26109,20556,20900,24329,17965,17968,21315,24796,23675,20834,21001,20971,17672,
280,24111,22838,20852,24650,18105,360,334,21012,24515,19090,23155,21211,19178,19428,10028,16592,19680,19930,17519,22377,19467,21915,18948,15985,22074,23388,23344,21730,16636,13645,12718,10292,23402,20620,24498,20902,22895,13243,11420,17597,22919,20625,23031,23271,19803,9340,19425,21773,26175,19375,22496,25667,20357,20150,23137,17788,17807,20655,24438,22934,20348,20441,20292,17326,
281,23677,22115,20539,24156,16054,378,361,20876,24476,18862,22600,20774,15382,18336,7433,14721,18615,19519,16913,21887,17982,20814,17734,14372,21641,23460,22877,21383,12945,10507,9381,7725,23005,19992,23780,20494,21489,9825,8517,17037,22308,20255,22943,23084,17661,6884,19173,21357,24880,18961,22084,25383,19464,19039,21194,17377,17333,19994,23740,22624,18787,19767,19454,17017,
282,23311,21554,19682,23243,12297,336,310,20521,23820,18489,22359,20255,11400,16489,5420,11520,16040,19243,16431,21305,17342,18530,15354,11456,20766,22734,22451,20938,9390,7704,6922,5530,22091,19910,23234,20012,18298,6948,6226,17049,21732,20106,22183,22648,14133,5765,18281,21086,23000,18315,21693,24514,18174,17145,17797,17059,16814,18628,23234,22047,16664,18630,17299,16811,
283,22746,20842,19545,22630,9233,325,306,19845,23406,17636,21791,19725,8239,13755,4295,8756,12759,18585,15485,21073,15829,15712,12458,8738,20155,22301,22225,20093,7267,6006,5641,4775,21609,18840,23004,19747,14559,5914,5224,16591,21214,19258,21465,21717,10573,5236,16360,20764,20281,17667,21473,24168,16461,14519,14048,16509,15861,16473,22626,21768,13488,17055,14801,16388,
284,22293,19309,18528,20580,7307,309,274,19562,22886,17570,21198,19093,6871,10679,4056,6567,9031,18332,13785,20319,13651,12856,9537,6509,19045,21846,21817,19669,6337,5322,5061,4389,20250,18203,22496,19015,11196,5374,4813,16456,20319,18898,20810,21387,8154,5006,14054,20387,15374,16412,20855,22728,14034,11303,10624,16222,14859,13136,22045,21193,10303,14559,11485,16197,
285,21796,17414,17694,18251,6138,268,243,19307,22444,16104,20927,18312,6090,7718,3988,5262,6740,17604,11450,19626,10781,9401,7239,5314,16569,21382,21157,19130,5927,4985,5012,4153,18124,16929,22029,18386,8616,5233,4669,16096,19467,18255,20208,20990,6582,4877,10864,20300,11950,14150,20366,21099,10852,8465,8079,15868,12817,10026,21239,20496,8014,11315,8840,15895,
286,21159,13687,15595,13899,5615,233,205,19040,21938,14722,20168,15831,6198,6334,3819,4626,5551,16502,8469,18541,7743,7367,5986,4668,12962,20426,20739,17617,5721,4936,4739,3973,14691,14727,21366,17043,7321,5097,4504,15814,16512,16814,18571,19507,5969,4918,8072,19615,8647,10756,19623,18279,8155,6516,6923,15197,9469,7495,19807,19184,6320,8433,6854,15369,
287,20859,10323,12871,10929,5708,220,187,18388,21385,11891,19717,12783,5954,5548,3756,4431,5182,14778,6321,16572,6169,6478,5333,4614,9551,19812,19855,15630,5607,4826,4588,4036,11514,11931,20675,15473,7084,4995,4488,15102,14097,14516,16043,17879,5605,4765,6567,19009,7692,7963,18988,14539,6461,5839,6534,14258,6921,6137,16670,17678,5873,6500,6003,15045,
288,18948,6846,8363,7513,5271,134,104,17138,20396,7720,18176,8532,5882,5227,3586,4341,5091,10693,4879,11912,4794,5906,5043,4268,6676,16812,17977,10966,5538,4745,4522,3915,7674,7645,18684,11418,6655,4882,4310,13750,9501,9982,11015,13169,5473,4786,5329,17707,7025,5601,16404,9444,5456,5253,6151,11075,4908,5510,11780,13381,5535,5486,5668,13715,
289,16790,6076,6611,6858,5224,127,105,15564,19064,6028,16266,6696,5845,5118,3708,4238,4987,7795,4485,9050,4749,5812,4920,4262,5787,13970,15769,8473,5385,4595,4527,3866,6577,6153,16599,8567,6582,4810,4330,11946,7461,7677,8420,10284,5521,4601,4893,16638,6873,5171,13508,7653,5329,5274,6028,8433,4549,5196,8971,10391,5309,5155,5455,12089,
290,13303,5762,5393,6364,5111,131,112,13029,16633,4902,12829,5462,5853,5097,3576,4233,5096,6051,4248,6703,4623,5718,4762,4251,5748,10139,11669,6435,5379,4418,4529,3855,5982,5327,12723,6523,6413,4715,4383,9437,6164,5862,6391,7642,5353,4470,4912,14208,6829,4884,9744,6762,5057,5355,6117,6515,4273,5220,7064,7651,5218,5116,5332,9593,
291,10203,5652,5093,6220,5073,114,105,10411,13518,4635,10089,5359,5643,5012,3527,4160,4824,5149,4208,5800,4519,5641,4719,4027,5409,7867,8972,5745,5269,4359,4518,3785,5942,5049,9875,5539,6329,4681,4278,7380,5804,5534,5862,6378,5312,4502,4792,11153,6782,4721,7418,6520,4998,5085,6108,5172,4190,5183,6262,6401,5227,5087,5378,7193,
292,7608,5432,4845,6161,4960,98,94,8243,10114,4622,7374,5164,5590,4820,3403,4074,5017,4814,4148,5463,4399,5478,4708,4118,5323,6399,6839,5276,5313,4323,4446,3763,5769,4957,7397,5067,6203,4648,4077,5805,5656,5050,5822,5837,5243,4442,4759,8936,6660,4570,6309,6483,5061,5134,5954,4652,4114,5053,6017,5896,5231,5000,5160,5729,
293,6376,5447,4864,6033,4946,89,82,6747,7915,4422,6126,5100,5374,4746,3378,4036,5043,4696,4038,5265,4377,5438,4610,4056,5262,5985,5960,5169,5033,4340,4305,3493,5527,4812,6362,4913,6181,4646,4149,4855,5565,4827,5443,5661,5056,4246,4739,7248,6499,4490,5678,6186,4822,4895,5801,4081,4063,4911,5822,5719,5215,4800,5201,4709,
294,5731,5366,4651,5910,4884,81,78,5649,6405,4334,5520,4965,5491,4660,3306,4089,4675,4520,4024,5235,4249,5414,4584,3996,5135,5497,5726,5170,5091,4212,4235,3542,5380,4805,5920,4764,6110,4469,4085,4461,5271,4737,5375,5301,5219,4175,4591,5828,6381,4661,5325,6100,4810,4828,5740,3967,3908,4972,5799,5573,4911,4771,4951,4107,
295,5529,5233,4592,5948,4725,76,76,5141,5994,4418,5246,4971,5380,4567,3272,3925,4617,4501,3941,5032,4218,5191,4514,3891,4992,5469,5428,4981,5017,4147,4105,3558,5499,4770,5741,4749,6144,4456,4054,4170,5408,4682,5288,5366,5074,4108,4499,5271,6334,4562,5338,6112,4632,4810,5614,3898,3901,4813,5668,5401,4946,4714,5034,3919,
296,5382,5206,4635,5917,4771,62,60,4769,5740,4315,5209,4898,5158,4647,3220,3940,4561,4599,3974,5062,4215,5271,4351,3797,5066,5487,5342,4889,4974,4068,4031,3529,5276,4675,5632,4716,5846,4301,3947,3931,5191,4729,5322,5243,4936,4063,4347,5126,6024,4472,5167,6040,4751,4645,5645,3817,3826,4810,5524,5422,5004,4549,4852,3710,
297,5418,5138,4593,5659,4638,79,72,4667,5495,4236,5166,4912,5184,4480,3208,3828,4513,4511,3900,4985,4163,5079,4377,3926,4825,5141,5382,4792,4877,4086,4050,3423,5231,4611,5449,4685,5743,4310,3918,3827,5223,4574,5108,5187,4841,4081,4589,4879,6222,4381,5117,5780,4600,4742,5405,3756,3855,4645,5489,5250,4852,4494,4836,3603,
298,5172,5075,4558,5603,4587,76,69,4640,5429,4127,5016,4698,5104,4393,3037,3741,4503,4323,3730,4821,3978,5078,4105,3721,4995,5350,5161,4682,4834,4038,3885,3424,5386,4460,5262,4595,5692,4105,3759,3819,4917,4503,5108,4988,4813,3869,4366,4815,5886,4323,5087,5726,4601,4617,5457,3694,3775,4736,5389,5208,4747,4496,4801,3663,
299,5260,4957,4384,5527,4508,59,53,4495,5364,4005,4949,4576,5054,4455,3052,3647,4449,4261,3724,4985,4003,5052,4299,3598,4677,5183,4942,4834,4697,3900,3944,3271,5185,4416,5207,4514,5574,4040,3689,3716,5028,4415,5139,4977,4744,3872,4304,4633,5842,4401,4998,5677,4413,4698,5241,3557,3720,4653,5449,5274,4767,4419,4707,3598,
