165,2153,1912,2139,3726,9492,169,290,41312,4580,1096,3279,1882,8153,7751,4221,5049,1006,1518,1575,1385,7125,6690,8914,4990,1735,5227,2891,4255,7076,4728,5213,4409,1492,2438,3249,1528,7703,4493,4027,28749,2288,3010,2097,2849,6353,6168,6375,40490,2603,1110,3677,1624,7110,6040,6501,35418,852,1239,1115,3431,7985,5660,10538,14428,
166,3390,3560,3285,4820,21566,389,724,64340,5295,2310,4165,3123,17604,17725,4662,8165,2285,2897,2895,2829,16652,13247,21231,10799,3332,6142,4412,5378,15294,7944,10469,8647,2935,3376,4159,2855,17229,6463,5184,38966,3578,4119,3466,4119,13402,13840,13945,51290,4125,2184,4444,3184,16127,11733,8051,49389,1769,2645,2367,4316,18223,10799,23559,27858,
167,4152,4554,4124,5572,39874,761,1334,73661,6073,3123,4583,4017,37096,36324,8093,19048,3527,4397,4121,4025,30764,28115,36801,22939,4863,6361,5682,5525,31992,18318,23370,19353,4124,4078,4941,3854,35256,14975,10433,43724,4942,4977,5010,5557,28511,28955,29561,55208,4980,3241,4752,4370,32111,24977,15176,56783,2567,3576,3525,4798,34868,23647,40784,38496,
168,4829,5346,4522,6362,64272,1536,2666,66663,10599,3772,5164,4527,65592,65839,19529,38838,5186,5396,4577,5706,42982,46476,48733,36244,6126,8668,6249,7199,50004,34491,39287,33227,4917,4621,5576,4829,53174,31346,23612,46090,5731,5367,6241,5856,46110,45764,45550,57562,5986,3842,5786,5348,51559,42147,32324,54947,3190,4080,4442,5331,52100,40109,55723,44388,
169,5433,5959,5480,9741,81323,2998,5783,66028,21777,4326,7880,5054,90939,84145,39294,65643,5900,5419,4871,5916,50652,59107,55303,44681,6152,17592,6870,14280,61107,48616,50897,44495,5581,6219,7515,5027,61713,46668,38974,48507,6546,7736,6565,6854,56527,54412,54930,61940,7010,4124,9537,5771,69798,60344,54951,58481,3585,4743,4994,7602,64839,54842,64135,46930,
170,8292,9954,10069,23607,77549,6975,12646,90801,42071,5510,19120,8441,87154,76137,62928,69476,6678,7202,8427,7078,54295,65319,60706,49905,9063,39270,14107,33182,65720,55161,55612,49830,7435,14569,17620,7300,67527,54363,48562,56477,11558,19008,9630,14236,61929,58278,58444,84037,13535,5999,23678,7576,71049,71738,82486,95848,4445,7116,5966,18504,67526,62032,68365,50627,
171,17228,21480,22191,44667,94321,14354,23266,221354,54619,10441,35797,17861,90984,81495,61198,64968,13032,14856,19188,13248,62925,73641,78309,58302,19797,67627,29427,54624,80306,60266,63262,56511,15023,29937,33598,14873,78330,60328,53276,102104,24578,35560,20181,29669,70594,74859,66476,191002,30019,11768,41312,14702,74071,72711,89913,250913,7982,15345,9970,34678,78789,65450,92349,65340,
172,37389,44915,43692,64526,193945,24772,46908,596036,62002,24798,53386,37470,159425,144298,60992,81967,32599,36615,42794,31631,102839,108930,153040,96498,46851,88851,56297,78462,150607,85569,102432,95379,34223,49197,55777,33016,128343,75401,63380,262451,48169,59629,42419,55040,105224,154375,101920,465596,56495,28264,56337,34716,116699,100541,93474,573328,20550,33986,24863,51145,144365,88554,193668,131456,
173,55335,64598,57743,71607,554061,58578,121845,1326703,68413,40869,61464,53084,488477,470736,103034,204661,64399,66431,64454,59388,271508,275944,412331,262802,78808,81028,80672,76477,419116,218332,280938,266044,54406,60640,70077,53604,357393,171542,128240,570597,70724,73024,69494,79259,281628,447627,277032,877065,70613,45767,60274,55776,316153,253725,152861,1080766,34318,48261,44085,57247,389933,206689,501260,345399,
174,65577,72312,62648,79436,1370130,174209,290083,1596457,83109,53173,67308,60932,1438430,1383050,385071,784286,84818,77060,65291,84575,674303,722841,871930,644570,85022,81271,80475,76280,959897,621420,732417,688092,68366,63701,71021,70683,873236,545004,421046,808485,77444,69345,84671,81030,754278,952645,757754,1071116,78674,54430,66592,69630,907362,721757,450714,1276088,45144,57454,58975,63068,953609,595463,1038269,747039,
175,69507,81409,71864,120998,43885339,29475142,13099978,41067181,161490,58316,84304,67940,40359126,41433688,58464512,36626685,79507,70008,64478,78082,32519061,34050183,40617436,45035367,80990,136765,80956,128010,30615831,27345518,31655192,35179452,75856,86691,82611,70931,49458175,46692596,51915254,55194101,83874,92007,82608,84055,36074616,49503378,70015267,56781669,94570,59753,86111,74010,31527102,29069754,32162197,37799209,49640,64657,64710,75549,33408084,32573206,40188691,41644647,
176,119084,221654,196444,494406,202507577,172106476,166837380,237927092,590824,106328,289115,171057,213225858,225864385,251701575,211010971,114545,99118,148868,104716,189004612,200003580,229984683,257005723,166084,542023,191174,489420,191865980,175345822,179429454,194127758,189204,368320,268918,141019,220966922,214179364,228635379,245202470,245070,347525,172935,212866,201879288,238800685,261553077,261383620,257445,96780,259388,108536,236247118,173770445,165649768,223189037,60887,115296,78572,181275,203370454,191746452,228739882,210361516,
177,313018,618744,562899,1116211,292801001,243177933,248263015,292810809,1054908,300835,697457,485708,273886661,285869499,241197564,252820696,313230,266027,445893,255010,204189596,227000859,188394545,289544881,489234,1215844,502320,1069438,227155598,201432268,181438592,190549198,528907,859049,649067,367609,170816504,165599641,167466092,176223429,621368,804435,439048,539615,219647659,176585241,188312091,214926174,718888,264789,638537,263194,290460877,259272605,250085464,297266500,111810,318333,145867,479322,269147300,251329904,256465545,253172958,
178,2195423,2690248,2560420,3266556,339551980,292065281,318134163,336969821,3972782,2399351,2599358,2544974,335322423,342439699,282221343,291375176,2949144,3461666,3066448,2231425,203584991,218238282,209289808,312471997,3073613,3478870,2559635,3446184,219611640,186492936,175053743,187353391,3310479,3334991,2870852,2289036,156123994,158037250,161511923,163447256,2767988,2992935,2443325,2865042,202976195,164793380,183591444,202196527,4341781,2705619,2828681,1955834,338661252,280118459,280381004,328637791,2963096,3386798,1958230,3684206,295170716,279689326,265011782,259921926,
179,159901139,152778786,149488799,156271745,376222014,325470425,365680195,383722212,238281794,183578571,143376940,170094924,397770885,399247315,337443199,339937520,216178529,279467282,202986281,155954035,211546000,216144137,211624310,293360253,194957179,190631252,144556431,174030259,221675457,193006167,181452006,192968373,228588524,196458815,174498934,155375383,158043765,156906914,159502602,160844479,159892395,161685641,153329633,185810161,194100121,162159931,172851901,185327928,314395398,209616981,185438159,134110978,359288265,315274210,291083625,338375507,273107497,286164681,224341453,307541806,306716401,281990590,269130143,248390765,
180,180139073,181219271,177915987,174403594,408207856,339757487,391317432,440086601,228038337,192326680,155855294,184070004,456436369,460540721,406646364,379413242,267168943,258291850,248131837,162863424,206250765,207259387,211540173,287581797,201395012,203930547,304659464,238665020,198732122,190974161,184526757,198830971,223370930,168518551,217145437,180009161,156618383,157483286,141878246,164440847,182676754,192566317,192814924,214518873,195987435,162144756,169853627,175719959,244276811,200855872,216400231,167110763,387296423,337279825,308725017,355725568,247208868,228913281,227351383,241289576,318927640,294326370,266768284,259850684,
181,182159413,183828436,178346026,184755079,420290129,371619251,390662264,473385477,245758699,206025140,174469812,174702640,517536657,499660002,517323898,422969208,263707889,259101257,237823082,181349981,197291073,202196854,213771158,279116339,229091567,241909682,204987206,224971033,203783914,197945155,182410645,191492488,233401446,232293703,282446695,235751058,261772590,160023181,163696939,169394777,235697713,239766130,244050019,252041311,187475743,164193105,168710777,172242405,188477225,177211401,178233092,184234072,376936394,351700082,319545590,372149137,197326871,187524108,182826849,177306618,319651882,291586565,251363030,250087989,
182,197310013,190932766,172980315,166023737,429167615,343368615,393782769,509982679,200255678,218003435,169443787,179132661,582187824,604604085,631449989,540282504,274297651,281056769,266067380,214778767,206659700,186250134,203226613,258126658,202583732,292455817,258099761,276050610,176599775,176343977,169427443,179175524,356960152,250849541,332865156,282189207,157086642,156626876,158100934,161158374,277786451,275282784,276698687,281209851,171272782,158776653,159351668,162115423,169989506,167975946,169952204,200384592,357850286,365068206,325039239,362276816,175772902,170171074,172300303,176613048,315123370,294068147,243634040,223055368,
183,187387188,195652925,157153101,163662707,414340402,338551897,389950805,502181545,212249450,216652629,185391791,172973178,587217893,616753785,663342107,588710057,282935487,311400292,301856731,247202512,166982700,168428870,196591862,244622589,305507118,337955240,290824303,307936282,160849420,160264169,158232045,168962832,284668511,225095293,358193779,302138078,153982995,153666900,154289567,156365790,299080011,289224740,321704537,301879564,159359889,156152516,154979775,156967600,164356352,163667123,166276087,202043403,328350076,366020189,322531957,338715006,167123626,164193308,172564287,163195741,303951434,291689141,223641779,212580798,
184,188958255,200321414,169927465,152828768,392143146,333073952,392287902,485561909,204915499,202886374,187837461,173829486,560429088,590370009,633435564,578215661,329571664,352892386,352176256,284463439,160134430,161792844,186337169,220389859,359120932,373476859,317519862,335469026,155202983,155435070,154931261,164406356,299475469,268871265,321213813,318189216,153061426,152841980,153351309,155507989,314088279,302157377,347873149,320206826,145731231,158235118,153805025,156715294,149982831,160747587,162518108,200992883,315999368,348248300,317388905,314036744,163235404,160145330,161664973,159644017,292720380,265571991,213366639,200331228,
185,222950170,206389325,169995514,180350454,386036989,341927816,428381016,488984257,207119579,244196785,182937587,169746688,546925252,609600816,619975555,579381958,364025536,390210828,384169006,315017774,157968359,160027713,182248431,211722488,395224589,408602474,330770706,448867309,154683326,155217355,153577834,162715566,306453985,264657947,393625285,325296279,152612076,152355681,152629766,154104586,321958413,312637352,365020560,333511782,153686032,161800506,153000178,157430362,158838034,159062301,160106916,195324384,311650922,333814787,307727539,307838392,159832466,158115274,159280905,157603375,280364583,270269738,205532218,197372544,
186,186106598,213442128,168878005,204541906,394819656,376226651,461458919,492812999,201114807,178216321,175770915,168567092,546212528,577743482,614469549,598264193,402108153,421311891,429984956,346725341,156781008,160495182,174510502,203689642,431291575,415367521,336719484,348821207,153991887,154754434,153029430,162444607,303944056,261489714,377798044,333281429,152395277,152054780,152224553,153137477,323485878,451078597,371398234,340483344,154727888,166839851,152869705,156653775,157967188,158917895,159695605,185745793,313070565,328907905,327695671,312532171,157756053,157836597,156482256,158603200,266204811,256178112,204307043,205476858,
187,192629914,212279638,175784370,113232064,467235491,424974169,467179726,489056339,205026385,216643535,214559233,170377105,540337322,567717962,589351875,595042041,432044947,438496649,455586870,376260074,154376347,158667744,155547525,204105256,456301581,419243555,339843091,347435001,152752363,153328901,151806110,161602915,279274817,231765855,378820628,329242145,151214372,150928169,151079455,151201773,325748834,322607608,369313015,345267806,152050156,168004722,151912672,154281429,157561025,158988429,160905208,184112957,325560939,332410019,313941777,316907445,158510363,154774462,157407721,157653137,256575460,245122662,203812039,201868376,
188,180006523,198307814,181427324,174333965,391408242,374087046,381006974,393607818,206132961,231846631,181912809,169297091,428698315,444261351,458101691,471112107,466239800,456408008,474463027,410000880,127111126,127729832,138320558,172722490,477219961,430777185,346646796,350851068,124890868,125051212,123978836,132536292,287666690,253467838,415263670,328254972,123514035,123344402,123350061,123516292,324813406,325844906,361869689,350484696,124285436,134780013,124007546,125241830,157083806,157481055,160355332,183125564,284608360,277570624,341469346,267849123,155355901,156565711,156949913,259103704,206513466,196352968,165282297,164522495,
189,186887879,217040603,177253850,197669211,143065845,125905067,123694258,127530883,184304257,188403828,145092584,167637139,137987471,139761774,144155547,151045786,481366525,467215889,485546840,431315877,41404059,41860562,45642915,54426939,485450728,445078817,357246501,360941955,41572009,41358606,41198634,43136593,283728496,280698081,413989926,317720151,41103206,40978249,40922889,40882932,325931858,324466219,374021100,335363108,41362763,43631029,41234833,41410165,152475486,157736297,159956132,184122317,100199041,93607541,80208566,89145131,157141373,156226071,156586652,157433270,67091178,63170656,53368985,52779406,
190,202034163,194944149,161177698,164619159,11656733,11965024,11789073,10688405,187997230,294668649,144055125,153135207,11326004,11298981,11531730,12218376,433901867,426458435,443314146,406776637,4088887,4210668,4442862,4943011,444645280,413500627,342967305,339941628,4204935,4050294,4085736,4131665,256039990,225719123,358267682,150142170,4166738,4104918,4010689,3918842,297368294,294921318,318895433,319422452,4164118,4253706,4131800,4126854,141958616,144030933,144622533,166625033,9598311,8560590,8224456,7852463,142331458,140081123,141302857,141979808,6241012,5849344,5014924,4863828,
191,94467972,110325415,87252132,89271474,1702406,2529871,1935870,1541880,98972519,91108963,52210153,86033936,1692285,1563169,1460470,1624778,226766278,240536906,246908593,229739552,1142201,1252881,1247318,1130288,247503444,233322187,198054429,194831773,1246269,1107510,1155504,1081494,141996823,164601422,195241293,160087948,1250194,1158306,1096069,998751,169094335,166895483,176916887,184730509,1221293,1156752,1204217,1185690,80065136,80622793,81536340,95388734,1538173,1464325,1618724,1348934,79726242,79574838,79560133,76671638,1331219,1315810,1230028,1112781,
192,4841068,5601190,4670850,4622155,1005733,596903,235807,991204,5004449,4681612,4452754,4438491,1109901,1006440,845313,974497,11291716,11016004,10869726,10672989,959839,1072010,1055720,900882,10966071,10854455,9533840,9385745,1062355,921943,971577,890695,6623833,6282382,8847078,7533302,1066332,1007300,910177,819845,8232796,8028351,8622188,8822068,1038017,961143,1019344,1003963,4460225,4202608,4293445,4907888,1018475,975137,1197731,904252,4197583,4213830,4311646,4231659,1008761,1031730,1002247,896980,
193,1130395,1151632,1080101,1149769,1001721,245826,145564,988751,1159820,1013638,1114093,1028409,1109322,1004473,842434,973930,1253841,1138508,1073512,1216664,957589,1067849,1054601,896898,1201291,1255681,1210136,1184711,1060205,920087,968792,888775,1186329,1056089,1181627,1084299,1066688,1005101,909391,819401,1174048,1138718,1177088,1207601,1037601,958442,1016491,1003257,1280356,989301,1065137,1160466,1015071,971892,1196401,906473,1008309,1043727,1127936,1044253,1007077,1029681,1000119,896449,
194,1058936,1071547,1011782,1085910,1000430,145850,130552,987178,1098051,939307,1049081,967997,1106180,1003482,840571,970573,1054289,950199,891436,1037348,957476,1066929,1048593,894798,1022513,1074655,1045284,1021072,1060840,918502,967188,887395,1088788,965253,1037867,962367,1063406,1001872,907309,818732,1039433,1003627,1036948,1062308,1034234,958950,1014210,1000355,1212168,930437,1003256,1091706,1014519,972842,1194019,903847,948407,981463,1065022,983043,1004119,1028939,998537,896704,
195,1047869,1059766,1001124,1074483,998541,131983,127925,988087,1084118,934282,1037490,954940,1103872,1001880,838942,968381,1022044,919087,860482,1010534,953403,1063889,1045569,891754,990793,1045527,1016187,995683,1055605,916768,964150,883924,1072175,948450,1011742,939332,1060570,1002805,905775,815041,1011398,982647,1012407,1036643,1030601,956413,1013059,1000729,1199945,916100,991203,1080331,1012370,968521,1189190,901201,940013,971005,1056115,973891,1000636,1026619,995911,894884,
196,1045297,1057209,997645,1071912,997486,127641,124595,987102,1082005,929503,1038371,953772,1100376,997822,836583,967701,1019205,917875,859805,1008559,952070,1058033,1043664,889497,989941,1042802,1014899,993837,1053909,915892,962382,881995,1071016,950206,1013216,940479,1058271,999884,902515,815249,1009137,979863,1008691,1034565,1031059,953359,1011422,997244,1199806,916940,989862,1077999,1008534,968652,1186722,900193,936816,971305,1053428,969381,1002016,1026287,992790,892994,
197,1047009,1056693,997521,1066950,993724,124523,121327,985290,1082250,931017,1033172,950465,1095605,996876,832747,965274,1014649,916083,857249,1005481,949533,1055978,1041504,887557,988269,1040194,1011826,990194,1043524,908101,953068,871138,1068375,944805,1009718,939131,1053681,993519,898070,814311,1009333,977006,1009417,1031903,1024300,935865,1008764,996590,1193723,913523,988466,1076581,1004777,964705,1186773,899236,934448,965399,1050856,966441,997615,1021273,989995,891605,
198,1042885,1051770,995031,1066356,969456,120071,115945,980267,1078329,928676,1033088,948514,1060387,983451,814027,951680,1013073,915786,853925,1004926,943539,1048795,1025008,867988,984935,1038009,1009635,987671,998621,883976,922600,809531,1064805,942986,1006556,936233,1039382,961211,874762,812022,1007781,975535,1008536,1030528,1011274,850684,1002385,997859,1191033,911650,983418,1073013,998755,955208,1177216,896593,931907,961586,1047280,963425,985966,1014360,978282,889767,
199,1040324,1050267,990065,1062958,874405,115695,108931,978466,1074747,923210,1027627,944131,943470,931015,742179,898394,1011434,911283,856061,1002386,926735,1022087,965350,798769,981035,1037614,1008336,988033,851328,793616,800187,652987,1061344,941112,1007362,933834,986385,852244,795196,809757,1001755,972732,1004699,1028628,949217,645361,985633,992854,1188338,910295,982506,1071198,968531,919814,1152160,889112,928084,962266,1045633,960585,937750,991513,930981,885812,
200,1035043,1045535,988438,1056992,646008,107580,93269,964335,1072333,919597,1026232,942369,656494,757263,551977,721453,1007370,909365,851516,1002785,856699,908907,784533,610875,977306,1035253,1007857,984491,562575,580298,546896,398042,1060016,937858,1001393,933885,804975,594348,588846,806934,1000616,968556,1002854,1025229,769358,351301,905821,987767,1179080,908445,979036,1065821,853556,793459,1055219,850318,924749,959860,1041466,959894,781870,904398,783388,882607,
201,1031977,1042650,984396,1050794,348223,90684,65804,914214,1068141,914223,1022334,941263,324464,459412,294453,426027,1001336,907593,846204,997757,672506,667839,489441,350088,974994,1032427,1002035,981177,269102,310880,271894,179832,1055235,935308,999452,930572,493659,296565,314658,787993,997961,965514,998310,1022956,464461,144022,698178,960610,1164954,903177,976457,1062687,608917,538955,813446,729934,924839,951387,1040884,957396,511010,692797,519293,862532,
202,1030325,1032509,974470,1016251,131626,59913,32966,733046,1063403,908502,1018479,932837,115844,177677,103348,156822,966332,903141,829258,993702,369809,332324,201182,133688,957405,1024490,997612,966141,101922,116631,99367,68907,1049041,914577,997218,925572,193433,105082,113510,702725,985996,946454,992854,1017420,186051,63424,362379,846224,1111799,888794,970697,1059703,289602,242298,430128,467939,916744,918841,1035300,951536,222110,368195,231724,772147,
203,1024032,1000780,939260,908141,66820,32776,15680,457141,1054623,895173,1010440,916238,66423,75118,50161,65667,851223,896044,761987,983021,158993,137981,85176,61523,888797,1001687,994505,919811,62708,59913,56364,46376,1020279,845641,987276,913868,84193,58740,56846,505553,953920,877082,977489,998913,80699,50952,148071,609991,941907,846101,959423,1042613,116952,99061,181602,226850,900526,822426,1026345,934357,94149,155476,99332,574215,
204,1009534,849999,794938,624819,55633,17610,10840,226861,999579,831382,967963,817624,59487,54572,41586,48936,551376,842143,552570,926039,74472,73968,57793,47162,660593,882699,955366,734647,56466,49592,49399,42874,905031,628384,939330,855962,62136,52108,47700,282245,811698,657754,895686,907924,58861,49170,71611,347139,576199,687878,895935,975415,64504,59924,90835,101253,812731,564540,989687,854270,60570,75512,63304,340425,
205,945813,584912,539272,329076,53612,10953,9455,95698,845278,662236,840566,613135,58039,51558,40165,47137,268061,690010,306022,772645,51663,58946,52067,44663,371642,647121,837096,460462,55801,48102,47794,42174,671441,366023,806353,699444,59147,50659,45778,116278,562313,384228,691127,701357,54724,48260,53749,147439,272341,441116,730054,789005,52661,52153,66944,55515,616128,295990,871268,670302,54453,54670,55497,148624,
206,716388,247074,224330,118715,53277,9442,9083,56800,499372,347104,530014,293883,57275,51278,40297,46185,91335,372460,106184,438089,47399,56527,51658,43796,127232,293530,529457,175128,54747,47195,47586,41762,319642,133507,491657,386166,57768,50020,45768,54885,245961,140075,346146,346310,54075,47978,51046,69305,99414,172184,398762,426142,51200,50895,63386,46318,288884,103445,557810,336523,52963,51438,54587,64020,
207,419985,103823,93160,69410,52401,9150,8853,51744,229857,147699,261257,123752,57060,50741,39655,46150,57576,157361,53658,194210,46645,55394,50547,43157,64291,120330,255054,77363,54764,46898,47049,41317,135715,64722,234395,170823,57085,49794,45612,44851,104743,65894,146054,145685,53753,47839,50317,54378,68381,74882,175792,186642,50336,50187,63040,44565,114666,59689,271853,143122,52652,50226,53821,46107,
208,154082,61338,54521,59421,52131,8864,8562,50354,86349,60867,95475,60595,56473,49753,39116,45390,52691,62169,43319,73827,46036,55469,50530,42927,51830,61317,90933,53247,53749,46079,46615,41275,66824,48569,86402,67863,57016,49353,45082,43081,59122,49563,66047,64935,52452,46960,49592,51813,63559,49128,70496,77754,49984,50131,61815,43913,52482,51824,96875,64619,51822,49991,52958,43292,
209,73530,56692,50509,57582,51584,8255,7893,50231,60297,48292,60249,52601,56114,49577,38839,45279,51873,49263,42256,54726,45726,54766,50065,42942,50519,55071,57737,51177,53444,46135,46020,40494,58182,47366,57215,50913,55961,48481,44540,42622,54269,47995,55159,53836,52336,46724,48877,51532,62297,46802,54355,62239,49713,49435,61076,43635,45290,51156,61539,53723,52036,49697,52667,42281,
210,55879,55442,49235,57477,51064,7735,7197,49625,56192,46285,52873,50791,55318,48943,38549,44154,51763,47292,41881,51734,44805,53675,49148,42268,50168,53694,52678,50449,53009,45274,46108,40256,56317,46792,52446,48222,55761,48070,44009,42174,52767,47576,53965,52598,52032,46321,48721,51018,61543,45918,51375,59749,48882,49275,60624,43254,44318,50067,56470,51230,50548,49119,52129,41826,
211,53650,54759,48732,56786,50312,7060,5955,49389,55251,45727,52515,50763,54751,48507,38224,43675,50774,46929,41512,51215,44404,53250,48824,41840,49514,53430,52472,50036,52404,44520,45472,39422,56067,46395,51255,47977,54415,48002,43613,41948,51941,47287,53053,51985,51850,45604,47941,50708,61132,45612,51095,58741,48409,48313,59928,42815,43348,50104,55697,51298,50479,48522,51561,41750,
212,52853,54573,48385,56453,50187,5872,4337,48716,54416,45144,51385,49766,54038,47704,37584,43467,50760,46288,41329,50860,44376,52824,48492,41757,49305,52801,51695,49875,51464,44184,44483,39508,55370,45601,50907,47593,54492,47280,42931,41455,51534,46617,52761,51446,50739,45310,47792,50711,60286,44933,50270,57956,48051,48052,58960,42890,43342,49761,54410,50798,49850,47868,51256,41453,
213,52477,53772,47901,55775,49950,4101,2475,47958,53894,44888,51350,49372,53663,47694,37082,42754,50126,45718,41151,50391,43908,52414,47693,41348,48332,52455,51595,48934,50748,43727,44021,38568,54800,45232,50882,47004,53497,47092,42488,41235,51103,46385,52533,50715,50313,44370,47089,49717,59607,44532,50213,58065,47399,47595,58544,42150,42453,48826,54312,50424,49631,47214,50800,41271,
214,51980,53244,47426,55177,48950,2437,1335,48074,53567,44164,50296,49305,52794,46936,36529,42490,49370,45538,40455,49853,43414,51799,47098,40948,48097,51878,50610,48264,50255,42729,43585,37763,54242,44903,49912,46520,52926,46251,41520,41344,50675,45890,51927,50532,49333,43671,46861,49116,59348,44138,49617,57156,47298,46983,58391,41972,42162,47852,54020,50111,48567,46406,49707,40893,
215,51826,52971,47043,54616,48533,1396,859,47985,53092,43970,50569,48309,52261,46241,36087,41776,49109,45262,39916,49014,42662,51044,46333,39525,47037,51135,50343,47909,49827,42611,42404,37336,53599,44344,49533,46470,52636,45028,41263,40938,49809,44980,51445,50044,48584,43177,45814,49028,58464,44002,49106,56377,46232,46211,57596,41781,41638,48135,53214,49653,48397,45768,48890,40384,
216,50765,52363,46401,54249,47304,949,791,47365,52651,43534,49780,47709,51198,45910,35316,41668,48518,44499,39601,48990,42416,51001,45868,39211,46931,50356,50117,47433,48330,41920,41894,36439,53081,44281,48782,45708,51080,44395,40443,40196,49623,44826,50340,49044,48399,42452,45601,48972,58274,42870,48408,56517,45621,45907,56486,41240,41170,46993,52863,49103,47250,45491,48454,39691,
217,50961,51635,45866,53513,46424,772,731,46645,52326,43028,49245,46938,49984,44887,34095,40490,47795,44470,39056,48451,41527,49279,44704,38704,46747,50284,49280,46895,47807,40836,40959,35621,53077,43639,48925,45478,50157,43677,39631,39999,49379,44799,50578,48942,47131,41070,44622,48124,57079,42945,47936,55465,45169,45348,55184,40971,40955,47013,52343,48860,46713,45192,47932,39291,
218,50341,50891,45228,52565,45462,724,696,46481,51302,42921,49007,46522,49267,43521,33370,39850,46869,43741,38432,47979,40853,48392,44075,37974,45850,49440,48945,46427,46037,39837,39489,33420,52040,42693,48092,44685,49315,41786,38503,39705,48768,43515,49943,48693,46102,38416,44000,47917,56617,42248,47573,54713,44387,44127,54457,40480,39993,46185,51449,47827,46012,44270,46837,39056,
219,49632,50476,45035,51878,43632,683,668,45752,50895,42031,48280,46424,46533,42632,30546,37864,45915,43185,37872,47206,40007,47879,42455,36038,45176,49129,48462,45490,42458,37489,35937,29223,51387,42039,47542,44183,47433,38170,35828,38848,48126,43038,49004,48079,44232,32831,42976,47121,55428,41520,47110,54323,43411,43295,52824,39757,40099,45384,50792,47319,44904,43329,45594,38408,
220,49009,49464,44037,51167,40146,677,642,45486,50139,41286,47329,45546,40864,40640,25703,35199,45508,43020,36976,46746,39132,46185,39883,32526,44570,48113,47460,44873,35672,32533,29502,22066,50485,41424,46713,43176,44843,31603,30554,38836,47139,42398,48359,47246,41036,23541,42113,46376,54360,41049,46410,53173,42043,41294,51470,39074,39042,44607,50101,46413,42298,41685,44326,37735,
221,48249,48835,43377,50056,32033,580,513,44552,49555,40846,46591,45147,29734,35318,16754,27552,44802,41800,36695,46044,37090,42564,33275,24924,44026,47445,46850,44471,23797,23279,18990,12911,49619,40768,45903,43185,38069,19904,21317,38008,46415,41773,47715,46648,34245,13111,39539,45458,52420,40332,45813,52520,38381,36646,47029,38214,38791,43505,50023,46156,37517,38630,40117,37635,
222,47342,47892,42371,48795,19856,585,496,43734,49165,39924,46069,43499,15851,25149,8130,16139,41820,41225,35064,44876,30845,34571,22307,14719,42374,46558,46186,43538,12108,12976,9016,6082,48483,39477,45245,41885,25485,9291,10889,37630,45202,40605,46587,45368,21877,6379,33656,45216,49579,38756,44539,51134,30384,27221,36050,37611,37478,41654,48934,45234,27577,31516,31109,37282,
223,46887,46317,41121,45505,10158,454,350,42959,47979,38735,45067,42839,7596,14234,4054,7882,36516,40308,32999,44072,21880,23090,12083,7060,40222,45889,45427,42410,6352,6317,4990,3584,47369,37700,44669,40986,13505,4897,5333,36761,44104,39217,45975,44317,11463,4122,23705,44606,42773,37301,43900,50559,19735,16326,22793,35180,36597,38233,47864,44267,16445,21048,19713,35668,
224,45750,42151,36166,36097,4596,237,158,38973,46724,36409,43631,39936,4490,5001,2869,3523,21156,38708,23970,41970,8003,8373,4617,3406,30620,43127,44283,38073,4011,3566,3438,2797,42679,30506,42987,38821,5344,3657,3407,34122,39209,33183,43354,41947,4678,3546,8514,41320,25429,30043,42404,47796,6808,5459,7908,25410,31638,25335,45819,41713,5954,7507,6964,32623,
225,43847,34629,28407,24511,4063,165,103,32527,45105,31523,41933,34062,4281,3852,2693,3241,10974,35960,15237,38550,4559,5132,3758,3142,19722,39664,42263,31397,4088,3376,3332,2834,34864,21324,40788,35259,4691,3512,3359,29532,31284,24062,38251,37308,4089,3573,4861,36130,13553,21530,40143,42120,4376,4098,5299,16087,24225,14822,42252,37961,4257,4444,4702,26725,
226,39906,20692,16084,12070,3935,84,67,21763,40982,20924,36876,22648,4288,3711,2584,3158,5173,27366,6909,29078,3461,4322,3476,3093,8930,29580,37015,19178,4079,3402,3271,2792,21950,10584,34671,26300,4357,3488,3234,20594,19338,12958,26938,26977,3965,3401,3735,26624,6694,10418,33434,30384,3700,3701,4678,8107,12713,6687,33195,28812,3967,3632,4197,17452,
227,32650,10980,8078,6585,3856,79,75,12422,33629,11518,28469,12735,4288,3627,2626,3046,3951,17236,4082,18484,3284,4156,3463,3100,4950,18772,28030,10110,3888,3324,3260,2711,12181,5592,25016,15959,4434,3481,3216,11763,10561,6413,15955,16301,3828,3370,3735,16308,4935,5419,23900,18207,3566,3656,4523,4520,6314,4349,21238,18120,3890,3538,4079,9720,
228,20137,5563,4418,4686,3847,69,66,7004,21343,5286,16515,5978,4065,3505,2607,2968,3807,7872,3040,8533,3167,4116,3517,2876,3705,8771,15689,5244,3854,3378,3212,2712,6038,3554,13659,7487,4259,3456,3061,6485,5612,4039,7374,7715,3743,3329,3541,9391,4685,3736,12132,8521,3662,3644,4420,3438,3490,3855,10274,8550,3822,3568,4192,5444,
229,10913,4303,3610,4345,3862,79,77,4473,11270,3687,8677,4178,4115,3503,2591,2910,3812,4459,2980,4908,3248,3889,3462,3039,3671,5130,7980,3963,3891,3262,3049,2632,4550,3367,6867,4442,4111,3426,3015,3979,4278,3515,4718,4726,3701,3259,3406,5448,4549,3410,6430,5336,3585,3617,4441,3225,3120,3783,5834,5000,3826,3462,4002,3595,
230,5255,4179,3510,4354,3633,57,55,3919,5740,3425,4815,3873,4029,3458,2510,2806,3696,3510,2930,3840,2963,3888,3351,2933,3595,4207,4537,3595,3703,3071,3172,2591,4203,3289,4291,3541,4197,3288,3138,3317,3894,3322,4101,3852,3671,3354,3433,4168,4543,3314,4212,4617,3521,3573,4441,3083,2971,3570,4295,4133,3794,3412,3883,3160,
231,4239,4026,3359,4122,3585,65,60,3626,4312,3269,3821,3803,3911,3334,2459,2830,3557,3599,2922,3803,3153,3855,3291,2757,3530,3926,4075,3683,3628,3052,2979,2614,4216,3200,3830,3497,4015,3274,3006,3213,3862,3337,4147,3863,3688,3086,3355,3819,4338,3222,3967,4559,3558,3469,4432,3082,2871,3610,4207,3898,3676,3360,3792,2965,
232,3927,4086,3327,4178,3708,65,57,3706,4087,3168,3834,3732,3792,3355,2495,2777,3649,3391,2796,3694,3055,3863,3093,2789,3440,3840,3862,3643,3605,3183,2995,2496,3909,3173,3706,3398,4136,3192,2979,3209,3689,3312,3995,3741,3734,3194,3240,3722,4244,3218,3693,4517,3351,3533,4116,3054,2780,3469,4024,3972,3682,3150,3833,2948,
233,3852,4038,3303,4063,3511,49,39,3674,4043,3090,3685,3630,3822,3283,2493,2823,3568,3284,2742,3480,2913,3755,3121,2725,3416,3794,3846,3636,3567,3085,3025,2442,4134,3275,3596,3309,3842,3167,2817,3152,3659,3224,3954,3660,3578,2944,3274,3746,4332,3196,3775,4352,3333,3413,4206,3069,2751,3557,4069,3858,3540,3188,3664,2766,
234,3671,4004,3280,4080,3352,26,17,3531,4011,3060,3582,3620,3850,3251,2319,2747,3376,3254,2864,3573,2847,3795,3122,2764,3418,3716,3823,3549,3436,2924,2808,2441,4051,3007,3761,3329,3889,3054,2853,3129,3693,3217,3892,3592,3384,2964,3197,3717,4146,3091,3609,4390,3209,3278,4141,3085,2772,3505,3954,3648,3434,3179,3659,2694,
235,3684,3858,3154,4121,3386,18,12,3472,3918,3122,3647,3447,3666,3216,2207,2731,3408,3321,2804,3438,2899,3540,3094,2664,3213,3657,3754,3436,3319,3002,2812,2394,3897,3131,3604,3320,3773,3012,2804,3030,3660,2952,3838,3606,3472,2800,3094,3650,4059,3030,3727,4148,3237,3183,3948,3034,2695,3345,3881,3744,3442,3206,3552,2797,
236,3687,3822,3185,3956,3246,15,10,3575,3831,3039,3435,3474,3478,3076,2236,2660,3311,3160,2675,3418,2808,3574,2935,2543,3268,3604,3655,3284,3317,2914,2849,2261,3843,2986,3530,3249,3689,2912,2806,3016,3552,3007,3791,3410,3350,2793,3087,3653,4024,3002,3583,4151,3194,3183,3920,2914,2710,3437,3884,3671,3439,3072,3506,2734,
237,3540,3705,3132,3902,3247,8,5,3370,3841,2986,3436,3386,3519,3025,2259,2619,3282,3122,2656,3394,2723,3580,2940,2405,3326,3601,3553,3272,3304,2837,2597,2232,3714,2837,3534,3228,3517,2803,2658,3024,3408,3003,3591,3432,3282,2652,3000,3544,3963,2935,3454,4115,3065,3115,3778,2932,2694,3260,3777,3612,3259,3025,3434,2655,
238,3567,3707,3087,3675,3225,9,5,3448,3615,2919,3410,3439,3369,3039,2127,2557,3181,3076,2572,3367,2825,3529,2911,2416,3140,3518,3623,3319,3113,2638,2585,2050,3715,2876,3417,3177,3511,2615,2488,2939,3502,2974,3630,3277,3191,2476,2975,3669,3865,2909,3570,4088,2921,3110,3766,2872,2593,3115,3701,3507,3230,2887,3350,2739,
239,3523,3655,2922,3726,2977,7,6,3367,3682,2880,3364,3299,3146,2867,1822,2314,3150,3077,2451,3330,2596,3252,2628,2358,3092,3441,3547,3222,2826,2500,2193,1722,3572,2846,3330,3121,3492,2275,2249,2900,3285,2895,3670,3335,3051,2002,2843,3529,3825,2795,3396,3896,2907,3005,3703,2730,2511,3083,3636,3384,3031,2854,3180,2488,
240,3525,3605,2905,3539,2735,5,5,3221,3485,2792,3307,3311,2654,2797,1348,2086,2976,3029,2329,3260,2595,3187,2576,1934,3039,3374,3286,3088,2137,2129,1592,1162,3604,2686,3262,3089,3186,1677,1768,2943,3238,2800,3483,3165,2784,1322,2739,3530,3617,2684,3374,3972,2847,2741,3339,2701,2503,2977,3615,3371,3009,2729,3073,2591,
241,3393,3485,2866,3504,2296,4,3,3277,3663,2672,3340,3129,2025,2483,834,1568,2936,2933,2319,3200,2395,3010,2073,1603,2911,3397,3422,3027,1523,1425,998,681,3439,2700,3274,2922,2768,1003,1156,2820,2981,2845,3455,3165,2191,743,2671,3320,3479,2591,3249,3823,2524,2583,3048,2662,2399,2858,3526,3348,2632,2573,2895,2546,
242,3259,3319,2711,3320,1572,5,5,3203,3474,2630,3084,3202,1237,1979,403,987,2581,2910,2296,3056,2114,2586,1512,988,2766,3179,3389,2919,858,914,560,379,3399,2596,3197,2877,2040,548,643,2790,3195,2678,3202,3107,1558,422,2264,3260,3053,2481,3287,3753,2277,2016,2472,2652,2272,2763,3414,3299,2192,2102,2526,2440,
243,3147,3261,2582,3087,958,2,1,3223,3449,2543,3139,2964,665,1320,269,543,2013,2846,2038,2964,1617,1952,945,548,2602,3207,3249,2917,510,480,366,255,3198,2421,3095,2764,1186,374,354,2730,2926,2510,3261,3020,913,357,1892,3187,2537,2374,3125,3573,1620,1329,1668,2576,2301,2383,3364,3111,1553,1589,1941,2543,
244,3050,3078,2432,2844,608,0,1,3027,3261,2471,3139,2934,428,782,231,330,1282,2711,1536,2908,1118,1338,578,331,2071,3133,3183,2781,407,335,303,262,3004,2085,2955,2775,673,297,331,2721,2776,2350,3021,2849,595,284,1393,3152,1741,2002,3107,3515,1079,844,947,2409,1963,1670,3125,3028,922,1051,1283,2447,
245,3031,2828,2103,2097,371,2,2,3070,3248,2160,2901,2540,358,447,196,272,717,2557,1064,2725,634,737,367,278,1453,3037,2970,2401,371,300,279,205,2522,1650,2939,2483,456,305,288,2627,2372,1960,2819,2639,375,312,766,3030,1009,1499,2944,3199,623,478,563,2332,1445,1099,3037,2987,515,575,704,2318,
246,2911,2084,1369,1372,335,1,1,2870,3164,1619,2709,1957,354,345,244,254,372,2321,550,2439,368,442,300,260,766,2582,2887,1860,330,267,272,224,1889,921,2701,2172,413,293,259,2420,1782,1206,2390,2203,343,290,419,2949,542,857,2826,2630,396,333,416,1850,835,558,2544,2517,419,337,437,2164,
247,2633,1293,843,783,320,1,0,2704,2960,1051,2457,1419,370,309,235,226,332,1813,366,1825,292,395,284,250,470,2183,2593,1327,331,276,278,215,1174,536,2388,1653,378,309,274,2353,1126,783,1706,1727,327,297,316,2809,434,481,2426,1914,310,316,369,1557,478,403,1891,1983,347,334,397,1899,
248,2184,716,455,483,341,0,0,2299,2730,575,2076,796,359,320,226,219,339,1185,256,1179,283,359,271,243,281,1486,2141,785,350,275,238,204,689,365,1756,1023,404,287,271,1972,634,440,970,1055,320,303,288,2437,426,315,1797,1059,296,289,424,1006,332,290,1178,1297,343,260,375,1588,
249,1565,446,333,419,321,1,1,1690,2174,394,1490,466,370,298,216,226,325,632,241,595,289,365,288,223,317,879,1454,451,350,269,246,194,443,293,1201,533,354,276,262,1405,437,326,633,643,301,250,299,1986,384,317,1179,653,290,301,401,567,273,289,707,774,345,250,360,993,
250,819,383,313,379,334,1,0,1093,1396,266,804,333,343,271,179,218,275,353,232,400,277,339,249,247,303,488,792,347,345,281,257,227,410,285,640,355,355,279,253,878,332,288,396,358,310,271,254,1284,373,299,628,431,273,321,364,322,248,340,426,479,320,242,372,549,
251,503,350,271,374,274,1,1,607,810,272,467,316,345,259,189,223,293,324,229,350,253,316,244,217,255,410,453,327,313,233,244,190,385,277,436,309,387,272,227,527,311,258,362,322,314,271,261,770,336,299,403,404,281,302,383,278,224,315,420,372,307,285,330,317,
252,366,359,288,376,324,3,3,457,460,249,336,324,304,288,198,212,295,278,213,307,248,332,272,225,275,351,375,267,316,255,233,192,335,269,326,276,355,274,229,362,339,269,330,321,310,268,250,515,327,268,330,408,291,273,382,243,226,331,351,371,291,276,319,281,
253,314,372,290,370,304,0,0,347,387,245,357,298,358,284,180,194,312,293,230,331,223,343,261,201,262,322,331,278,306,246,238,194,322,250,326,264,364,239,234,303,299,251,325,321,295,226,255,380,339,256,290,378,247,287,356,293,238,277,345,367,309,259,356,279,
254,327,336,254,350,277,0,0,327,384,238,281,321,286,244,187,218,299,278,202,312,243,327,239,212,256,299,350,305,293,262,192,224,328,243,325,272,342,233,239,264,365,257,325,272,292,221,244,350,325,252,334,386,238,296,321,261,229,314,325,356,290,266,319,264,
255,322,351,246,313,295,0,0,335,349,270,302,343,291,267,174,206,266,283,229,332,249,313,263,215,277,320,357,318,305,269,236,174,335,272,320,282,345,264,227,268,313,268,323,293,273,221,269,348,346,242,326,404,249,284,360,245,209,294,353,312,286,279,312,229,
256,291,354,269,342,286,0,0,326,365,263,312,296,287,239,175,207,279,310,211,295,223,296,260,207,278,305,317,298,261,189,247,158,305,232,331,284,294,236,197,285,270,276,310,284,244,207,249,332,341,199,292,351,241,267,333,247,191,295,333,316,307,277,273,212,
257,297,324,266,347,255,0,0,294,358,234,271,342,294,265,153,192,246,294,178,331,247,302,213,178,285,319,298,259,220,222,230,141,318,230,292,280,334,200,206,261,274,246,299,288,251,181,214,311,331,225,299,378,225,268,320,265,201,259,326,345,279,252,310,214,
258,321,320,241,286,244,0,0,299,323,249,269,301,269,259,135,204,245,248,190,297,233,254,232,175,252,295,281,267,243,182,163,135,293,227,307,252,281,185,188,260,289,218,318,295,238,153,227,300,291,226,292,328,240,253,290,204,209,239,327,317,249,218,301,241,
259,279,310,241,299,233,0,0,286,323,228,276,292,225,228,92,158,221,226,194,283,199,251,203,172,233,308,297,245,193,157,124,102,297,218,292,258,257,121,155,298,242,239,293,288,257,125,197,302,291,209,290,352,209,230,302,246,189,273,314,304,243,221,260,200,
260,278,279,231,312,205,0,0,312,307,236,267,248,183,208,59,130,245,238,201,297,196,254,193,127,218,286,290,266,151,157,91,56,293,236,303,264,266,98,105,256,270,223,292,250,212,77,226,319,262,220,299,360,213,184,286,216,186,217,325,312,227,208,265,214,
261,291,335,233,282,188,0,0,303,318,238,278,295,165,207,40,97,199,250,176,262,186,246,131,102,206,300,304,290,112,100,61,44,326,198,245,235,258,64,73,254,309,199,302,265,190,58,191,286,245,178,297,352,198,183,242,242,171,252,297,265,224,184,266,214,
262,284,285,198,295,126,0,0,288,297,214,247,233,77,157,34,47,184,224,174,264,171,192,128,53,235,231,274,285,76,51,38,25,256,208,258,220,153,25,33,241,237,221,275,274,110,35,219,272,216,206,276,334,162,172,158,232,153,212,291,273,192,161,229,244,
263,272,293,230,292,81,0,0,271,318,182,260,244,50,120,23,36,135,215,149,235,140,158,65,35,200,263,280,230,46,36,30,17,250,185,273,211,84,23,40,257,249,203,270,246,77,24,179,275,201,196,265,320,125,99,133,244,162,210,278,284,137,126,172,204,
264,263,282,213,242,50,1,1,293,302,174,275,220,37,90,21,22,89,200,129,226,102,89,44,26,191,277,282,213,28,23,26,20,257,186,258,251,51,22,26,219,220,206,262,263,48,29,117,272,121,173,265,286,96,81,79,215,149,146,279,265,82,84,108,167,
265,228,250,171,221,44,0,0,277,306,191,259,201,43,45,23,18,46,223,103,232,65,85,36,23,130,255,256,226,31,22,30,22,232,149,217,202,44,26,31,217,191,173,247,231,42,27,84,283,80,120,260,262,44,31,50,193,118,94,250,254,51,51,73,197,
266,227,194,154,141,37,0,0,248,294,137,256,170,30,32,18,14,28,235,64,230,42,41,29,18,82,199,252,224,31,21,24,16,175,102,229,205,34,31,21,212,153,136,180,213,32,26,45,245,51,64,265,272,34,34,51,189,79,64,236,257,33,33,49,206,
267,224,145,92,103,27,0,0,251,279,112,209,157,34,34,15,16,42,174,28,169,23,47,28,21,48,229,220,185,31,21,16,10,146,65,207,142,42,26,30,220,127,110,221,193,29,24,24,266,35,50,249,205,29,24,37,151,34,40,196,216,36,37,31,140,
268,229,86,53,61,23,0,0,220,259,52,194,104,31,32,20,16,25,124,23,163,26,35,24,19,28,192,222,103,34,19,20,19,84,38,197,98,39,18,25,202,76,63,116,124,24,28,23,248,29,31,213,150,29,34,40,139,24,27,135,155,32,26,31,143,
269,176,54,28,43,32,0,0,217,235,43,170,62,19,30,20,28,26,97,25,95,16,32,23,16,25,151,193,64,35,19,26,22,55,24,137,76,34,32,18,180,42,31,90,80,28,26,23,226,40,24,166,88,29,27,51,82,18,35,86,123,33,12,31,148,
270,97,38,28,43,22,0,0,215,212,27,146,43,26,20,24,18,21,54,20,44,23,30,25,16,25,110,135,37,29,27,14,21,36,17,111,31,26,27,27,174,26,31,44,40,31,18,21,184,32,32,132,46,31,23,37,63,13,33,43,68,29,20,36,81,
271,59,35,28,33,29,0,0,133,156,27,72,38,35,28,13,22,26,28,22,27,20,32,21,19,26,41,101,35,26,34,15,15,28,17,49,36,42,24,16,97,31,25,37,27,35,20,26,171,28,23,77,54,19,22,30,30,15,25,46,54,36,23,36,69,
272,47,34,26,29,26,0,0,101,102,21,44,36,28,12,12,14,30,32,16,22,32,29,28,18,19,38,52,33,37,30,19,21,24,23,49,30,21,23,27,80,44,23,34,23,26,19,24,108,33,25,48,45,29,26,30,28,26,26,44,34,16,15,34,43,
273,41,36,17,36,19,0,0,70,54,20,34,29,24,16,16,24,24,36,28,23,23,28,18,18,23,26,46,28,21,20,21,17,42,19,26,30,35,21,18,45,32,20,33,27,29,20,24,84,36,20,37,44,29,24,30,17,15,22,36,29,26,21,30,33,
274,29,26,25,29,24,0,0,47,51,30,33,30,33,18,8,23,35,23,20,28,12,27,16,18,19,33,34,23,27,20,22,13,28,28,29,21,40,16,20,34,30,26,34,27,25,27,36,36,27,26,43,35,26,26,24,19,17,23,35,23,22,17,30,17,
275,30,26,26,23,18,0,0,35,39,21,27,27,19,26,10,12,25,25,15,25,21,27,28,12,23,28,28,21,34,22,13,13,33,14,32,26,27,16,14,28,31,11,28,27,24,23,19,37,26,18,35,25,21,32,33,20,15,30,33,41,32,19,33,12,
276,38,24,24,29,26,0,0,39,28,21,30,28,22,20,16,21,23,21,14,27,12,27,24,16,24,22,37,21,18,11,12,14,32,22,29,23,28,24,14,37,31,32,41,25,30,17,31,31,21,26,33,38,20,24,37,26,17,24,27,25,32,29,30,21,
277,30,31,18,32,16,0,0,33,36,19,27,25,28,25,11,13,14,31,16,25,23,29,16,11,11,37,34,29,22,17,14,12,29,23,38,26,35,23,9,19,32,26,16,29,27,13,24,36,42,16,25,34,20,19,22,21,14,28,38,27,26,24,36,14,
278,27,27,28,31,17,0,0,26,27,22,21,22,26,24,4,13,18,21,18,23,14,30,17,18,18,25,35,17,20,20,10,10,43,22,32,24,27,10,14,27,21,12,29,16,19,15,21,28,30,17,23,39,18,14,27,21,19,26,31,29,25,25,19,24,
279,32,35,22,30,15,0,0,22,25,20,22,23,27,23,10,10,23,20,11,16,23,33,22,13,23,30,37,33,12,15,14,10,14,33,34,19,36,8,13,28,30,14,17,26,28,10,22,35,22,13,22,33,17,18,26,17,15,23,25,29,22,20,27,27,
280,26,31,21,21,22,0,0,32,21,27,19,31,26,16,2,10,23,23,13,28,15,22,22,11,20,35,23,26,15,11,4,6,36,19,26,23,17,5,9,27,24,15,26,27,22,4,27,23,27,11,27,18,17,20,28,25,20,22,29,27,22,22,30,15,
281,39,21,18,26,15,0,0,18,24,26,23,24,16,14,3,8,19,25,10,24,15,27,14,6,19,24,21,22,10,7,7,1,27,28,18,20,10,5,3,27,25,19,22,24,10,4,25,33,27,17,20,31,16,18,25,19,23,21,18,30,18,13,26,17,
282,21,25,13,25,14,0,0,30,27,13,22,30,10,9,0,3,19,21,13,22,15,19,9,4,25,24,21,27,1,3,1,4,19,11,20,20,20,5,3,24,18,16,22,19,10,5,21,31,10,15,25,26,20,16,19,16,10,13,34,23,24,11,24,20,
283,27,19,20,18,11,0,0,32,33,17,20,23,7,14,2,1,8,15,10,20,12,20,7,6,11,17,26,16,4,4,0,0,22,13,20,19,12,6,2,22,29,15,27,16,7,3,14,21,20,7,20,28,12,17,14,20,8,14,26,28,10,8,26,22,
284,21,19,18,18,3,0,0,30,21,21,17,20,4,8,0,3,7,17,4,17,13,17,2,2,6,29,26,16,4,4,2,0,16,12,30,22,6,4,2,22,19,15,29,24,7,2,7,26,8,10,33,24,6,9,2,23,13,6,20,24,12,12,17,14,
285,26,24,14,16,4,0,0,25,22,19,23,23,4,3,0,1,3,22,3,23,8,11,3,1,9,18,31,18,1,1,2,3,13,19,26,21,6,3,0,19,21,10,21,11,4,0,9,28,3,14,21,16,5,7,6,18,4,2,14,16,6,6,14,21,
286,21,24,7,14,1,0,0,32,21,9,19,22,2,2,2,2,4,20,7,18,0,9,1,3,2,23,23,19,2,2,1,1,15,9,32,13,4,1,4,27,17,6,22,16,3,3,9,17,4,4,18,21,7,1,2,13,3,3,16,26,7,4,5,13,
287,24,13,6,12,3,0,0,35,23,7,21,14,2,5,2,3,1,14,5,13,5,1,1,2,5,15,23,11,3,3,1,1,16,3,23,17,6,2,4,27,10,8,13,14,4,2,2,23,4,5,24,20,4,3,6,17,1,9,16,11,3,3,4,11,
288,26,9,4,9,4,0,0,31,23,6,23,4,6,4,1,0,2,15,2,12,1,3,2,2,0,19,24,8,2,2,1,2,4,8,11,12,4,3,5,14,5,6,3,7,3,2,3,23,2,0,19,13,4,1,2,13,2,3,8,10,2,1,3,13,
289,9,6,4,5,1,0,0,24,25,2,15,4,2,4,4,4,2,7,1,9,6,4,4,0,4,10,13,6,5,2,1,2,2,4,16,4,1,0,3,25,6,4,14,5,1,1,2,19,7,4,16,6,4,2,6,14,0,3,5,17,2,2,2,9,
290,11,4,2,4,3,0,0,26,20,2,13,1,3,2,4,1,3,6,0,3,1,3,2,0,2,5,8,3,3,2,3,1,6,1,7,4,3,2,2,18,4,5,2,3,2,0,2,23,1,4,6,5,1,2,2,7,1,3,2,7,3,2,1,15,
291,3,4,2,4,1,0,0,21,22,0,6,3,0,1,1,0,0,3,2,4,2,0,2,2,4,6,8,6,3,2,1,3,1,0,4,1,3,2,0,16,3,1,4,6,2,1,3,25,4,3,6,6,3,4,3,5,2,1,1,3,7,4,5,3,
292,5,2,2,2,2,0,0,16,12,4,3,1,1,4,1,3,3,3,2,4,1,5,3,2,6,2,4,5,1,2,1,2,3,0,2,3,8,1,2,9,2,3,3,3,2,3,7,14,4,2,2,3,2,2,1,3,0,4,2,5,5,0,4,7,
293,3,7,2,2,0,0,0,10,2,2,2,1,5,2,1,1,2,2,1,7,2,5,2,0,1,1,7,4,4,2,1,2,5,2,4,2,2,3,2,10,1,4,1,1,2,0,0,11,2,4,6,7,0,0,4,0,1,2,1,2,3,3,3,4,
294,3,3,2,3,1,0,0,4,6,2,3,4,3,2,0,1,1,1,4,2,2,2,1,0,3,2,3,2,1,3,1,1,0,0,2,3,1,1,2,7,3,3,3,3,0,2,3,13,3,4,2,1,2,1,2,1,1,5,3,8,2,2,4,2,
295,3,1,4,4,5,0,0,6,6,2,6,0,2,2,0,3,4,3,6,3,7,3,2,2,1,3,2,4,3,2,0,1,3,2,5,0,3,1,0,1,3,4,8,5,4,2,0,8,0,2,7,4,0,0,3,3,3,2,1,3,3,2,3,2,
296,2,1,1,2,4,0,0,2,3,0,7,5,3,3,0,1,1,1,2,1,1,0,0,3,5,3,5,1,3,2,1,2,4,4,3,1,0,1,3,3,3,3,3,2,3,3,1,6,1,1,4,5,2,1,3,5,3,1,3,2,0,3,2,0,
297,3,1,1,4,3,0,0,3,3,3,2,5,2,2,0,1,1,1,1,1,1,2,1,1,2,2,6,2,1,1,0,0,2,2,2,0,4,0,1,3,3,1,2,0,1,2,2,5,2,3,0,2,0,0,5,2,0,4,2,3,4,1,4,2,
298,4,5,0,4,2,0,0,4,3,0,3,3,3,2,0,3,0,5,3,3,1,0,1,5,2,0,0,3,1,2,0,0,3,2,1,1,2,1,1,2,2,1,2,3,3,1,1,2,1,2,5,3,2,1,1,0,1,1,7,3,2,3,4,0,
299,4,3,1,2,6,0,0,0,3,0,3,4,3,1,1,1,1,4,0,2,0,3,1,1,2,3,2,3,1,3,1,0,4,1,4,2,4,1,1,4,2,2,4,3,3,0,2,6,1,2,4,2,2,1,3,1,1,0,1,5,2,0,2,1,
