165,1626,3055,4847,14946,140188,3299,6729,241914,17312,1995,4972,2973,147781,139163,51462,77929,3574,2584,5579,2133,58988,62266,98747,75232,5957,17201,3562,19845,110617,56667,80849,84055,2221,11654,5770,2561,88541,53534,41566,77828,4940,15838,3317,4275,68248,115681,61548,136625,9221,3072,6948,2178,84511,65394,46418,291308,1469,3912,1397,5208,92430,56033,108608,129200,
166,2606,5822,11189,26865,287851,7798,14780,430619,26957,3356,11344,6051,307950,293391,73406,154870,6974,4163,12318,3575,121387,112424,211868,158725,12870,28704,7848,31559,234932,104571,167387,179257,4092,21672,12398,4933,184636,92335,61743,178278,10734,26456,6428,9331,137591,246144,119755,272145,20043,6128,14729,3526,175356,123149,67889,450578,2288,8622,2199,11842,193734,103584,228670,257730,
167,5080,11814,19313,37090,493441,16884,31543,637962,35048,6833,18417,12125,550071,532965,146225,316743,13843,8364,21239,7086,241982,231980,365711,300287,22673,42220,14656,44161,414575,217937,324879,329734,8238,30948,20540,9926,357822,196636,124355,299124,18899,37493,12627,16655,278018,427726,248028,401876,31299,12306,23006,6590,333123,250036,118769,589118,4440,16267,3510,19820,355824,213661,396016,391000,
168,10914,21376,28835,50817,753724,36200,69686,732601,47684,13878,26707,21284,859978,830906,306182,570154,24827,16412,34176,14035,385669,411198,505207,447967,37580,55375,24305,58977,588616,389477,502289,485400,16215,42213,30088,18117,542081,369356,262230,392263,29971,51531,22691,26642,449499,591884,419980,498573,43352,21432,31616,14301,539040,427188,246374,682877,9620,26265,7925,28316,542391,373650,566530,498892,
169,18264,32563,38962,77825,924871,80753,152557,835265,80535,21367,35938,29931,1028382,956770,558067,793604,40687,28220,46220,24050,505960,577362,621738,565146,52703,84951,36957,98497,727561,548315,650731,609394,25442,60339,40457,27606,678859,528623,425340,471921,42579,76492,34449,39124,587519,728321,560089,597912,59409,30302,42009,24305,734082,632351,439523,884578,16228,35881,15289,36903,701852,536062,708463,586497,
170,28524,49744,65810,181931,1206846,193363,343955,1396899,193367,31418,63208,45200,1298058,1191806,773022,907100,60579,43452,75603,39762,647676,747734,839236,745484,80378,197787,55510,229191,997706,705629,842785,824579,38294,133018,68568,42206,882251,686151,580087,627918,68389,173279,53713,61296,743816,1058018,711037,885179,118046,44756,82550,37578,884411,820307,705784,1797405,24192,57674,25442,64419,897151,686171,981528,758484,
171,41133,92383,138760,347957,2369872,409750,785434,3385880,344326,48634,134786,80909,2458943,2257936,959921,1367034,102776,63970,158401,56716,984353,1110407,1553327,1304441,161643,385996,100149,421955,1920679,1079419,1432399,1540539,62197,269185,146550,68266,1488457,1009156,813311,1198235,136958,332068,89193,119435,1168822,2209778,1079397,1921020,250626,80752,179704,55995,1385900,1172493,933309,4217294,35418,114934,35978,137965,1574132,963483,1921072,1316103,
172,89521,221902,305887,555564,5511038,973390,1893916,7833153,504785,115337,289353,196278,5857738,5527146,1812082,3107972,245786,149409,367919,120924,2133200,2335816,3545416,2999031,380418,686262,236389,698860,4362209,2379466,3257366,3547684,147045,471745,311368,161794,3400969,2144653,1642653,2933292,306260,578104,206506,272030,2612873,5004721,2407467,4370796,473221,198888,357696,121929,3120022,2461748,1450437,8063208,76519,265702,67741,295883,3578923,1934343,4333523,2942251,
173,197514,407092,481484,706498,13057920,3899799,6210421,14888786,638890,239321,442273,354738,14369056,14153066,7588511,9644479,506286,331211,613510,264240,6282745,6833088,8709320,8295148,674029,830615,445277,827251,9698692,6817698,8279680,8606029,296156,632784,499294,317885,9323686,7383220,6500694,8511787,522394,751140,402841,488895,7577219,11045996,7792005,9918406,644567,362730,506639,264740,8823164,7097931,4691723,13107428,172170,428277,153186,442884,9102373,5942364,10200490,7765110,
174,398287,667488,690304,1216379,139674091,121644708,133486877,170051133,1155434,437838,658017,573902,161536111,166241409,218067010,149149003,832844,638741,800515,559161,118100078,123180761,150007111,173244262,910510,1201671,723251,1364982,120152229,107262083,114325760,137925882,544079,1031561,749920,578038,174102812,173259839,175982010,187241774,805841,1141335,723499,758889,140182040,197827835,226766969,181017603,938766,557306,692009,509285,127081217,113684771,113653726,153214801,330886,619557,334688,611083,127148681,109269449,159279807,146121628,
175,594598,1127212,1200776,2845485,215935118,183348256,186396343,241734352,2742302,667049,1205824,934411,233514796,241663584,269970182,205196242,1148414,850082,1315315,794323,192420943,201036186,228434440,241797323,1415507,2681187,1051097,2999963,212325695,184406676,184517542,194888750,924914,2325554,1332578,877860,198797207,212481627,220730676,219235430,1427953,2512588,1087583,1173465,213705866,255698508,258734419,229562255,1853501,814877,1241186,728797,197786802,164365561,173821691,228148716,467732,1004505,506167,990184,200295084,179602740,234309363,208977975,
176,1327572,3249829,3497019,7053040,297078870,254487180,287630366,323035893,6526612,1739532,3454031,2572420,310528748,315450393,280267669,294137098,3020138,1958550,4065698,1663992,209600063,245727358,231765811,260743835,4180370,7760086,2819854,8055046,193802892,206294206,192366090,201704257,2608289,5826165,3723734,2269172,206832385,168835010,173264844,179946344,3950697,6466636,2796261,3270283,253383987,186598793,181334900,184523679,5374605,2208755,3732242,1557021,275635926,232279005,230290613,279894330,964909,3005172,988033,2966179,256945489,234328301,260181568,234686762,
177,4913344,9284753,9459493,13938089,335996679,295349656,318509015,364866276,13457499,6188994,8183707,7495788,365425935,368093371,325604912,342783121,10311206,7551624,11484074,5675468,208811093,238278400,233487580,293876320,11390581,15701969,8405391,15626905,221696104,220397568,187086306,161459178,7968273,12300589,9424570,6654599,163630581,157357397,161756686,199126003,9492951,12978791,8147273,9406932,188829601,170975559,165848873,166768949,13292864,7556225,9914982,5809374,316033108,274780250,258375932,324248146,5610276,10098926,4772435,9765876,291862040,261088028,247139171,231720532,
178,144500087,145507991,143433029,143072774,360457787,320035234,358574008,403422866,214754838,174028900,128101671,149284236,404605487,410637396,367795015,377166109,209988140,231847911,192731567,138447935,238911518,253978974,226609426,290016694,182045721,182084729,138619207,181752716,235963895,174202028,187393763,197175117,187330678,164636946,147792547,133102893,162397686,158071081,162902919,175708272,139660519,143824047,139225487,165653244,209350917,170731262,174628258,167735396,271148173,204858115,178270877,131065633,364452289,304289994,291896439,347166630,198411583,243860791,189369022,254112360,300233893,266142618,277674708,257390846,
179,172413785,170499758,172513854,176094596,391165469,335813829,390563259,427406615,212447979,181558146,184105835,170845933,450313995,460953797,422916302,414525629,247802871,245988803,229504259,157508322,186845657,227900973,227406333,262353572,216655715,218744743,174541982,221445641,201206524,191779970,178534906,185233584,198964924,192421646,191180329,166013231,157321071,157827419,160590729,163685263,173050482,182436423,179229711,204148090,194546486,165922674,164442459,164308710,213454301,193801979,185232867,159772844,403682763,320627821,312950509,363026550,229524191,211646469,191612535,222205398,322922209,288438877,279055755,257170359,
180,184729680,189594861,176552617,181704538,404437432,353156701,419386938,460973993,207629506,234729048,176329583,183793521,487980305,502076417,478040417,468526522,286843961,282906632,271094208,222887138,191454530,205726536,246309393,290357991,269975506,310460029,232686771,246562169,163611420,175079527,171727086,162839412,227202725,215152027,278973915,212415222,157340416,155371722,154960940,165651423,217964900,227368882,231372986,244549759,183090108,161904611,160277744,160508092,178487723,169599288,173361644,178738700,401480414,334649403,309369827,362912089,180522521,182573938,171637837,181984607,319998671,328883967,266057773,250932613,
181,187597454,181467848,167987900,189236753,429639139,377386516,452972393,469031797,200734178,223186678,190660680,165001556,514955027,532113037,514890489,487883896,316298794,312617089,314385878,256814518,182107548,218276219,203375547,291761196,314723612,352862633,273689324,282973981,197805622,182082860,165795921,175617972,249827749,240933127,297336467,244766828,154082689,153741874,155856879,156521774,249027758,256826460,284977960,277275462,173091456,158769557,157009630,156577385,164852360,164118640,163424347,186829961,408082651,346550883,323040158,370561470,160910535,165324788,165272050,155747199,321512695,290508137,267527831,376511571,
182,206508402,184300372,182816617,210255542,447618117,406538299,474060235,477510034,222451955,242830452,172108882,186036166,531657812,538424825,539628079,530507022,352937614,351425302,346797160,300965920,171336688,198535259,196929050,217460750,358264743,345550572,306675793,317273447,178594465,176439733,169953277,273830752,288908251,259234793,338611555,278183279,155206446,152757517,154554930,155485147,281547977,286586396,277019941,305710607,165977443,159025282,155634219,155867154,164840786,170194621,165216302,189368601,405686219,360806443,314860361,368370789,166041393,162024377,161422400,159825006,314447567,286355450,258032046,237437794,
183,211024544,170033986,178063753,223392612,464202674,433718570,479058360,484010312,231565029,238226293,203180682,179126917,544896899,567800245,557748359,552478892,388112733,384695953,385074832,338242076,175774767,204963697,193140343,94427639,392791527,386275996,323749414,333363002,176437370,172120012,159494968,169960895,270133386,273295428,367136315,294424730,153452714,152525979,153133484,152643367,299495621,306601384,336586361,322880007,162389237,158963275,156077204,155203467,161112839,162610913,146558890,186043876,404529074,373221749,339573282,369334015,160589741,158461369,159008730,164995570,308914096,287381490,262519688,254435695,
184,208772862,185538119,177372416,184079098,483664989,456010095,471044530,481275389,223026081,219905528,186946439,185293964,546270935,565084962,561332741,564495666,421119125,414521307,421611841,375389287,173026200,227293563,189403348,260458148,433502846,411118815,336336074,351801187,172572045,195219396,158372438,167740618,322195350,275648282,428425384,322277496,152130947,150548233,152071064,152348077,314002178,317765119,354548188,329470699,166206165,157835676,153279600,154105381,159176845,166770928,163693690,181314462,417904573,388770488,349216893,380710233,293046949,148124225,157359688,159711992,312719790,290793282,289158488,253300942,
185,212079780,188407524,174687824,183414275,509432316,467911116,461772443,472143945,168833109,224529287,180623440,172670367,531418429,539280178,548826630,564963815,446374029,434133706,449057252,394332697,167660454,190938206,177430889,248762524,445309077,438016606,350042431,361525434,166078188,167056104,156995717,259127641,315130356,275507368,451714556,329695490,150737696,150627579,153723572,151438870,315812773,318860300,361342042,344856739,157569948,157149663,152313516,152935027,163115086,156721785,160114964,177654811,431984807,403024791,370654462,396442577,167571953,154694235,155260028,188796789,321783323,291013147,267789959,254478485,
186,200976255,189514171,172780397,174568594,472247570,436198692,427658646,428386173,210367921,196966883,157561949,171120340,470475560,479772152,484246228,507696403,463248855,455771033,468438368,433163501,153084346,168173391,159256740,209483680,464578521,460499664,373489730,372637671,157588891,152261232,146358063,154009998,305311422,264626988,408852043,317492589,140106469,139471878,139621014,140045913,315430354,324934953,360859212,353476937,151816869,146875974,142109466,141936069,155440713,156053384,159104960,168095128,409197295,388699754,364985178,401976277,154218622,151286117,153699353,144363161,306322545,267331841,243389405,236603970,
187,187981465,191371229,171547392,172799850,254806148,250895467,235412454,243976795,199164339,191049803,171122657,164822709,262696826,268666785,267000650,279916181,474076914,456154687,476545903,444128551,88803123,94421911,91208156,110983934,472838213,492135452,396976872,392059823,93173161,89650440,86989367,88781023,296441552,248560232,407431051,301918080,82597803,82503921,88817062,82326640,316798465,322506024,358041659,366718802,85313867,88591286,84493404,84202920,154011131,154817660,157887750,170829919,235736333,228257851,228180049,228008528,155557788,152516682,152878843,153124578,177926670,158034411,137062924,132455450,
188,192589342,192634863,171448223,176769635,62829668,63148484,57687718,56933318,230762931,181876867,165196268,163998651,61036395,61784901,60322605,63031502,473477473,461447672,471456132,447858577,24866531,25993011,25907593,28104894,473001879,416598730,419373509,412709048,26569237,25029001,25159207,25191839,277712488,256599681,390677879,316156315,24325838,23942168,23417953,23011154,322609105,330103113,367954121,392403704,25404021,25635652,24310925,23944162,153240722,152504917,156199706,175467111,55132957,54157357,53552929,61425002,151343951,150547659,150888094,150981567,43956507,38835392,34335636,32924292,
189,182586756,183459053,161878787,156112525,10569427,13075789,8846689,9917293,186062486,170086318,159262054,154794352,11062594,10531325,9768261,10442090,463899184,444798820,438357082,426487552,8908018,9568435,9323859,8924876,446024162,436228556,416405077,409676652,9514627,8874232,9480737,8828090,274449472,207506718,372396278,283950113,9533068,9138173,8722757,8050896,319728511,326991129,362426213,394123557,9178227,9219889,9068350,8704247,144084002,144836520,148435869,155362472,10243340,10028325,10681027,9793229,145384075,142493896,143287367,134401786,9821794,9613094,9532930,9154185,
190,121973702,135455795,120131634,117756009,8715749,7187990,3789970,8228593,135243647,124910170,117419089,113234905,9270264,8772826,7982629,8595754,339374728,325407524,314185946,309940522,8298217,8942722,8693908,8222868,321803906,311973784,308954116,303392467,8814622,8254171,8873372,8206878,198805090,172606918,268893095,229735912,8961522,8559863,8125183,7469177,248640829,254145375,381071558,302188693,8540754,8555845,8535616,8121887,106326211,106460381,108924931,110283703,8620933,8402362,9022524,8167002,102871730,105951725,105806651,105566104,8531686,8551969,8589696,8294729,
191,51613597,54671507,48876136,48345805,8673327,3720525,2062602,8195791,54549218,49127916,48647779,46850447,9217649,8729449,7941322,8554193,128149866,121983993,116820279,116439288,8252748,8900253,8650926,8176349,120955805,118149110,116824034,115097291,8766725,8203450,8810397,8161586,76022504,67599595,100839562,89096106,8893337,8504201,8074141,7439816,98877122,100703154,110573683,115478589,8487605,8511346,8484476,8086352,43803581,43567297,44572752,47368019,8577364,8361347,8984274,8126408,43128407,42240032,43275128,42551503,8487923,8504946,8537464,8269669,
192,8763939,9200118,8989598,9207029,8531381,1556091,1364784,8099235,9575858,8693544,8957685,8804054,9071415,8616748,7822995,8441497,11140823,10165743,10040940,10198007,8115998,8707827,8487981,8032653,10563350,10659669,10260683,10570140,8592536,8025748,8622094,7987949,9692325,9733853,10249462,9653025,8694273,8310414,7854334,7322366,10280959,10426019,10514926,10381763,8330191,8266191,8340894,7957059,9534895,8636294,8776055,9630241,8457091,8228388,8835045,8014838,8449414,8774171,8797422,8668509,8340772,8377684,8377064,8192104,
193,7786998,8109840,8066112,8310644,8359284,1374323,1260656,7999773,8417629,7627076,7994809,7869284,8892681,8492622,7671972,8328004,8519697,7663784,7636545,7813397,7980496,8515404,8308672,7875567,8095528,8307734,7880292,8219555,8380007,7781026,8376849,7772320,8087586,8086083,8114441,7678853,8449332,8039509,7558916,7157551,8082866,8211443,8172493,7950648,8143433,7951124,8170873,7803508,8706898,7780670,7930832,8681118,8330864,8098802,8680757,7919400,7615786,7955113,7947583,7852732,8177533,8256431,8194677,8148735,
194,7706114,8002882,7982375,8209934,7901072,1255453,1144153,7781402,8318690,7546960,7918316,7785196,8443556,8196680,7269741,8046012,8387023,7572170,7544409,7724022,7613992,7964910,7833997,7453286,8000561,8211882,7790463,8124789,7787932,7116243,7721577,7190390,7985643,7986723,8024058,7595357,7894910,7384575,6865625,6759502,7984895,8108194,8068323,7849808,7625901,7131998,7759336,7431533,8579194,7685561,7842957,8586807,8012333,7709918,8263157,7640412,7522059,7832575,7849624,7751748,7735925,7953038,7668207,8057057,
195,7634695,7840607,7898686,8066510,6876981,1147094,1010104,7271398,8223950,7480018,7832970,7686118,7469702,7525684,6390135,7440756,8242665,7480149,7449608,7651095,6779512,6805143,6791694,6554857,7914466,8118555,7719520,8048757,6542810,5838676,6373432,5997761,7862366,7911717,7945503,7529730,6804422,6177111,5607033,5961092,7889858,8036633,7985437,7765485,6516728,5639401,6908285,6683797,8385531,7568748,7738083,8457713,7252601,6786434,7273864,6957202,7401190,7649592,7725038,7616936,6713821,7224901,6552588,7933756,
196,7429320,7374581,7647251,7695627,5104967,1018557,836643,6193475,7995656,7278720,7625151,7417327,5674102,6179009,4800803,6188546,7818376,7236068,7190256,7447519,5282060,4939231,5045306,4992729,7673005,7876584,7520755,7831295,4601953,3855001,4370604,4189363,7520141,7704779,7780526,7353250,5018420,4336408,3804763,4585415,7649792,7855717,7749082,7517239,4693115,3641930,5383679,5331600,7904238,7271782,7453433,8066852,5780934,5131979,5503456,5606939,7098829,7208779,7435413,7284176,4964232,5799345,4757524,7651572,
197,7003054,6365236,7126320,6911513,2793448,832453,590560,4197633,7533363,6842627,7196062,6832485,3163424,3872826,2607138,3944766,6976968,6719394,6632677,7006685,3111962,2650347,2779743,2837516,7164001,7356404,7074711,7352007,2379696,1864387,2181763,2149409,6799811,7249702,7410840,6949218,2669829,2174579,1893055,2595015,7099948,7459052,7207697,6950300,2473822,1703959,3145711,3267859,7044805,6714392,6893219,7257134,3511900,2894446,3105662,3496649,6530241,6424537,6884725,6656098,2733233,3588480,2572545,6914418,
198,5795861,4397425,5738289,5076507,1134588,561522,317398,1940364,6265659,5591566,5992017,5300081,1266232,1631883,987217,1650957,4988118,5300755,5155590,5728610,1291566,1080733,1131317,1148469,5730500,5859990,5787425,5962158,984064,773111,901686,879226,5078964,5977971,6294548,5716858,1073202,874925,739886,1009990,5576925,6254854,5672299,5380209,994576,751549,1276119,1386272,5180025,5339669,5475975,5328931,1479131,1171068,1264623,1524514,5165695,4743153,5565707,5191283,1125369,1549174,1064864,5167893,
199,3928508,2326992,3730429,2945277,640058,315995,167492,827078,4295626,3716044,4132101,3291705,699787,752015,528963,724616,2732705,3266751,3156555,3765183,626659,618117,613222,596203,3626354,3724222,3829416,3888350,614850,521519,584281,542923,2996456,4043545,4442799,3821065,639187,560423,503545,499804,3522391,4324512,3538539,3288095,583389,556264,634031,643266,2996483,3418439,3490119,3045130,697452,609806,653055,698428,3246933,2732208,3649349,3229847,620728,710541,610738,2961636,
200,1858217,939526,1699602,1264536,549150,171400,117392,513960,2071682,1710757,2018005,1437946,598638,563068,453342,527192,1080935,1359065,1347470,1695908,477625,531972,510510,485772,1581154,1644480,1749673,1778513,548895,477893,527657,481723,1267110,1945578,2235479,1787523,562114,505408,462043,395947,1577895,2122831,1610033,1406141,511805,523741,498492,460689,1269126,1531431,1549109,1253254,521731,498827,531480,490484,1382753,1135997,1644522,1399500,520763,508703,524079,1316805,
201,765383,513530,729085,635831,530720,119353,103147,459732,876820,708050,850930,643484,578384,533358,440395,497639,557246,574317,595077,693445,451944,511415,492136,466607,678271,712360,725234,761012,533065,467562,513140,467653,589296,834651,937334,741494,543803,489890,448324,375849,697277,900865,667944,610768,494562,513060,474321,425911,657958,673766,676748,611536,494191,479318,509084,452142,587101,574285,697802,636511,499564,473069,505843,656938,
202,415957,425593,452142,484969,518707,102847,94753,446153,497834,412840,456850,434368,566851,521273,430446,484591,456928,392860,412999,412752,437317,500357,478695,454090,451958,464718,428368,476650,522445,455808,502010,457871,428524,482211,479261,423119,531747,477836,440691,367038,450838,496332,443316,414577,482411,501574,462253,414001,516414,437722,439823,469877,480499,468562,495957,440239,385210,445996,432453,435691,489515,460709,493580,486507,
203,369039,411732,415357,462352,510249,94265,86330,438934,445723,374216,402389,406251,557298,512892,422745,474476,443824,371152,393066,382947,428347,488924,468624,445182,427119,437219,393792,443075,512019,448088,490554,447737,406041,437278,417160,383796,520261,469167,429550,360189,419768,443538,418343,391857,474356,491581,453827,407355,489144,403046,406675,448575,471272,458661,485913,434225,355803,425173,393130,407184,482479,450233,485055,456694,
204,355479,398875,401992,451906,500447,86550,77926,430988,431103,361367,386564,393306,546116,503111,414142,466908,430508,361336,382383,373535,419718,480249,459193,438139,415275,426153,382710,432650,501385,438237,481442,439583,393865,420765,400146,370654,510683,459686,422359,353778,408032,430411,406387,380298,464152,482368,444024,398741,477999,389716,393774,434555,463124,451050,476054,425265,343236,412752,378434,394511,472426,441740,474202,445714,
205,346321,390736,393965,442708,489549,77279,67493,422933,421891,353474,376827,385088,536974,494073,404403,456569,422915,354235,373881,363233,409682,469663,448097,429005,408244,417301,375709,425111,491671,428468,470294,430931,384834,413556,392790,364301,499451,450521,413283,346591,398997,422826,398029,373785,454529,471348,436273,391113,466335,381093,385128,425094,453554,441648,466084,416260,336575,404743,370269,387503,463102,431773,466275,437203,
206,337085,380817,383348,431236,479150,65210,52171,415323,411595,344264,367716,375753,520152,482026,395870,447621,410703,344683,365242,354543,399945,456598,437288,418300,397840,406005,365013,415157,479752,417421,458395,420110,374962,403886,382308,353537,485420,437900,401262,338672,389656,412888,388091,363840,443418,460146,422537,381999,454800,372129,374637,412668,442178,430994,453617,408298,326605,393821,359564,377593,451281,421881,453706,429559,
207,328407,370634,374246,422202,467905,51081,35633,407387,401936,335000,358101,365660,509661,471698,384622,436692,400493,335619,356455,345568,388605,443171,426447,408495,390085,398418,356531,405036,466802,405937,446045,408287,365850,393152,373879,345866,472489,426117,389803,330435,380415,402626,377755,354717,431984,447748,412600,372960,442769,362950,365788,400673,432213,420626,439120,399723,317544,385508,350850,368077,439894,410782,442197,421030,
208,317910,358052,362748,409812,454411,33162,19657,396216,391069,325811,349911,356087,496399,459253,372262,423133,388377,326677,346383,335822,377624,428090,412358,396461,378764,385852,347920,394071,453296,391312,429363,396963,353232,384083,362098,334998,456774,409460,376706,320565,369865,393714,368769,345385,416676,433611,397864,361709,431215,350677,355906,387259,417982,408486,423238,390264,307152,374598,338477,356355,426055,398316,430338,413720,
209,307475,345250,353267,398493,440134,19691,11463,387054,381578,315170,338882,345424,479368,445710,357865,410260,374369,316159,337009,324712,362287,412425,397188,381505,367818,375324,337230,384879,437497,376000,412599,381901,341257,375141,353827,327319,439924,394021,360149,308432,358102,383327,356343,333259,402246,417335,384215,349687,416148,342423,344728,373025,404398,393722,407942,379606,296383,363169,328836,346249,412123,384586,415078,403511,
210,294055,328929,339327,383761,422988,11735,8711,373892,366450,302507,326445,329452,460364,430975,341048,395178,355672,303535,323374,310218,348059,393421,380034,367567,354932,361340,323389,371279,419775,357627,391624,365080,326255,362272,339855,314076,420817,374603,340472,297299,344879,371105,340315,319960,384303,398530,369276,337041,398603,328509,332529,354463,388964,377998,386784,366281,281653,347375,312932,333020,395013,367467,397730,394837,
211,280455,313538,326521,369763,404060,8781,7681,361440,354995,289158,313722,317334,441617,414131,323585,377849,339599,289586,310767,298283,330356,369515,361225,350043,341116,348894,311220,358968,397029,333496,368818,348258,309163,350159,326497,301592,398159,350217,313749,283885,330710,358618,326438,306788,363559,375361,350704,322506,381814,314591,319016,335503,372487,359493,362300,354255,268406,332396,297818,318487,376716,351607,378722,384314,
212,260810,285587,308248,349354,381879,7828,7094,349469,339089,270471,296668,296418,418492,395964,297103,360102,311730,272251,293081,279395,307201,337322,334459,328705,322617,331174,292301,341264,372199,296216,333488,320783,282893,333715,311312,283783,370725,315677,271016,265249,311779,343260,307671,287260,334235,341911,328829,305426,358073,295091,302030,304273,351776,335556,326188,340471,243488,309178,272640,299460,351704,331582,354903,372784,
213,233762,242852,286659,326504,345837,7040,6318,332310,320937,245810,278410,267609,381628,371753,247118,334163,273026,247086,272011,253402,262338,280009,289801,290327,301571,312598,271963,325015,323307,231430,267259,273490,244256,316751,292552,263132,317966,248485,196347,229917,287728,326077,279802,261495,279292,280204,287303,277677,328615,270750,281365,256973,319046,293406,263163,321506,208743,279210,238498,273667,309720,292671,311348,360282,
214,177020,162752,242277,278292,272472,6223,5488,304067,293912,192009,241538,210055,309983,327026,162031,280888,190767,190966,223891,200912,187315,186056,207771,218109,259784,277534,226503,295346,235388,138428,170327,193908,171534,285994,256590,215637,223583,151093,107377,166204,236082,299355,223065,207548,189637,182583,212794,224257,264592,217906,236747,169897,255721,215882,167646,288579,139068,212097,167353,218889,229770,222743,230692,344950,
215,111825,90912,178574,211822,178270,5512,4612,260058,251876,126495,188352,139357,209424,254661,85471,199356,109777,122428,159875,133261,108006,102501,123565,134426,195426,221564,166852,247565,140492,72102,90562,112655,100563,237882,204955,153637,127014,76638,53986,97569,171147,262042,150054,140430,105900,98881,129179,153726,183091,150474,175700,92964,173507,129314,89286,235100,76049,135307,98309,148911,141204,141344,142545,326086,
216,55298,43857,102604,129548,94716,4508,3473,186615,181184,64618,115002,70919,112553,156630,43106,108862,52017,59618,88937,67603,54439,53172,62133,67918,114307,141926,94233,173320,72511,40338,48784,57264,49617,162898,130988,84531,63947,42066,33571,48370,97942,194880,78122,74090,53916,52445,65684,85029,99481,79181,101123,44602,94428,65081,47489,159215,35258,68293,46495,78380,73272,72351,74002,295757,
217,28403,27693,50980,68299,52597,3336,2295,110645,104958,32496,60031,36512,60142,80527,30459,53975,31310,30230,45161,33690,32947,37018,37961,38930,57382,74666,46402,99319,44921,31820,36479,36400,28912,91909,69334,42016,42432,33074,29306,27622,50703,119366,39230,37197,37068,38772,38048,44644,51646,40137,50495,28870,49654,38934,34669,87717,21241,36552,26526,39278,43073,40246,43692,241390,
218,19404,23581,27783,37073,39248,2163,1353,55145,47224,21301,29476,24739,43553,45114,27903,35192,25948,21094,26221,22468,27420,33071,31492,30991,30111,36209,25473,45794,37418,30003,33355,31361,22672,42566,32756,24359,37442,31568,28035,21700,28900,54605,25700,23597,32647,35361,30428,28889,33356,25214,27587,25378,34468,31623,31617,46007,18030,26517,21241,25534,34413,30350,35012,161388,
219,17920,22676,23604,30143,36447,1434,925,34453,29946,19528,22521,22575,40691,37446,26825,31948,25095,19838,22560,20538,26206,32091,29917,29553,25615,27434,21956,30274,35985,28877,32013,30012,21736,29189,24283,21104,35844,30294,27380,20850,24305,32684,23536,21407,31507,34240,28494,24806,30105,22985,23098,24110,30742,29799,30682,31610,17177,24947,20186,23008,33156,28337,33014,90218,
220,17432,21481,21919,28058,35210,936,670,29175,25395,18664,20650,21819,39275,35783,25844,30750,24248,19127,21828,19560,25396,30719,28813,28518,24306,25015,20791,26354,34689,28190,31391,28855,21067,25354,21969,19702,34742,29862,26514,20427,22974,26681,22755,20278,30634,33247,28015,23295,29067,22029,21853,23255,30142,29501,29450,28085,16592,24135,19234,22104,32164,27654,32279,50056,
221,16840,21090,21631,26858,34174,752,640,27383,24246,18309,20017,20987,38145,34514,25309,29957,23297,18371,21340,18916,24868,29915,28804,27565,23553,23863,19963,25247,33607,27353,30463,28258,20320,24708,21280,19345,34090,28689,25934,19937,22276,25197,21857,19678,29569,32552,27052,22907,28392,21147,21093,22520,29379,28246,28821,26826,16023,23435,18591,21304,31005,26791,31479,33554,
222,16099,20284,20745,26454,33255,599,537,26567,23298,17610,19388,20388,37428,33441,24344,29049,22461,18016,20297,18259,23680,28569,27674,26780,22616,23141,19552,24522,32841,26818,29300,27336,19671,23586,20432,18645,32986,27740,24719,19210,21489,24123,20983,19080,29015,31786,25973,21999,26658,20309,20232,21410,28336,27445,27428,26131,15680,22719,18259,20855,29967,25949,30566,28514,
223,15638,19561,20167,25407,32656,575,508,26050,22567,17088,18763,19412,35823,32643,23813,28309,21627,17362,19835,17837,23594,27884,26451,26210,22097,22142,18934,23670,32019,25559,28312,26943,18810,22885,19977,18233,31814,26951,24078,18540,20704,23782,20372,18188,28122,30721,25253,21791,26047,19654,19705,20601,27757,26950,26447,25404,14907,21679,17287,20225,29033,25318,29550,27266,
224,14653,18288,19386,24275,30747,460,396,24674,21751,16034,17681,18691,34422,31281,22329,26967,20246,16326,18758,16809,21781,26380,25184,24827,20959,21247,17953,22724,30133,24241,26854,25322,17889,21962,19409,17247,30204,25169,22837,17706,20071,22429,19127,17280,26173,29182,23900,20536,24951,18453,18824,19376,25912,25378,25105,24213,13838,20625,16071,19000,27949,23611,28118,26553,
225,13995,17449,18666,22950,29831,396,316,24163,20926,15100,17313,17617,32810,30431,21584,25852,19390,15706,17986,16054,20296,25372,24086,23979,20056,20420,17069,21907,29140,23278,25303,24149,17014,21124,18222,16541,28992,24287,21279,17008,19075,22137,18187,16789,25197,28023,23237,19935,23772,18041,18153,18333,25325,24340,24048,23842,13336,19725,15446,18372,26890,22654,27178,25555,
226,12987,16402,17395,22241,28665,265,202,23382,20129,14673,16382,16671,31625,29160,20653,25167,18422,14945,17303,15046,19962,23938,22942,22868,19073,19575,16519,21163,28109,22322,24482,23434,15609,20532,17293,15632,27666,23057,20570,16495,18081,21029,17663,15933,24116,26516,21748,19107,22838,16929,17190,16882,24258,23398,22554,22866,12108,18976,14452,17397,25945,21875,25663,25231,
227,12190,15292,16705,21630,27143,197,133,22873,19344,13778,15667,16108,30453,28199,19137,23853,17201,13896,16296,14163,18835,22739,21531,21818,18430,18649,15476,20325,26487,20904,23020,21773,14663,19396,16390,14866,26156,21553,18741,15732,17341,20350,16556,14861,22895,25490,20779,18148,21390,16112,16554,15614,23206,22472,21278,22224,10999,17569,13247,16074,24401,20836,24550,24204,
228,10790,13306,15429,20170,26504,131,77,21948,18173,12526,14327,14579,29098,27025,18072,22568,15370,12698,15151,13141,17906,20992,20671,20474,17329,17784,14399,19147,25200,19283,21435,20956,12536,18369,15647,14014,24736,20027,17120,14782,15767,19227,15141,13387,21713,23805,19763,17326,19712,14847,15288,13089,22175,21514,19594,21352,9199,16123,11487,15016,23033,19610,23580,23606,
229,8974,10812,14242,18543,24936,84,58,20646,17308,10645,13229,12829,27610,25662,16316,21756,12803,11116,13881,11380,16097,19179,19259,19589,16052,16775,13181,18065,23875,16728,19407,19564,10100,17284,14328,12378,22605,17769,14312,13748,14231,18154,13320,12264,19738,21926,18186,16576,18141,13247,14256,9895,21083,19721,17138,20695,6947,14546,8620,13660,21778,18410,22158,22842,
230,5830,6813,11841,16470,22532,71,57,19934,15843,7757,11526,9789,25864,24298,13403,19914,8307,8136,11661,8205,14089,15986,16945,17377,13677,15229,11025,16536,21291,13171,15657,16982,6676,15946,12848,9712,20066,13892,9710,11832,11992,17057,10639,9345,16500,18843,16108,15090,15017,10377,12203,5576,19194,17515,12953,19471,3712,10608,5132,10715,19349,16246,19861,21842,
231,3452,3876,9248,13615,19962,46,40,19052,14309,4695,9272,6324,22625,22630,9288,18191,5034,5170,8805,5385,10569,11543,13423,14511,11155,16050,8214,15067,17601,8875,11041,13643,3920,13978,10347,6882,15591,9095,5836,9542,8559,15559,7166,6478,12705,14713,13203,13223,11059,7234,9304,3135,16549,14095,8685,18228,1994,7001,2869,7385,15865,13370,16408,21190,
232,1797,2135,5568,9999,15701,43,40,17303,11763,2552,6208,3385,18573,19960,5338,14630,2713,2664,5452,2828,6738,7065,8923,10190,7389,9693,4926,12183,12326,5159,6532,9321,2049,11023,7072,3899,9967,5108,3285,6193,5530,13263,3957,3583,7819,9126,8899,10270,6667,4086,5941,1853,12844,9189,4870,16801,1195,4038,1696,4360,11402,9163,11952,19863,
233,1169,1603,3113,6381,10477,38,34,15649,8753,1540,3469,1982,12936,16048,3021,9906,1884,1567,2888,1660,3812,4003,4994,6029,4071,6054,2720,8643,7447,3047,3653,5480,1504,7558,4184,2234,5811,3077,2300,3606,3272,10202,2201,2036,4456,5125,5191,6984,3909,2300,3251,1638,8608,5567,2873,14222,1019,2382,1310,2393,6811,5332,7259,18855,
234,980,1423,1725,3299,5756,42,31,12273,4619,1200,1963,1503,7155,10503,2032,5563,1589,1192,1802,1282,2310,2646,2871,3418,2224,3233,1541,4813,4222,2362,2645,3091,1281,3956,2176,1372,3491,2331,1915,1981,1994,5895,1500,1293,2702,3375,2859,3934,2332,1536,1833,1482,4758,3042,2223,10519,931,1721,1178,1609,3819,2964,4062,17407,
235,1006,1366,1546,2312,3704,34,26,8573,2604,1158,1373,1400,4433,6257,1910,3109,1479,1134,1466,1098,1869,2287,2311,2382,1834,1996,1350,2827,3026,2161,2312,2365,1297,2365,1526,1245,2904,2244,1894,1513,1577,3420,1461,1263,2445,2851,2072,2497,2019,1366,1395,1446,2970,2322,2042,7150,950,1578,1107,1404,2866,2169,2785,15295,
236,932,1327,1338,1909,2997,12,8,5370,1778,1069,1293,1329,3342,3834,1862,2452,1498,1085,1385,1093,1735,2147,2037,2164,1578,1638,1239,1877,2753,2017,2308,2194,1192,1736,1351,1190,2682,2091,1935,1279,1425,2060,1390,1216,2285,2592,2019,1798,1916,1335,1367,1380,2337,2135,2080,4422,911,1562,1089,1390,2410,1899,2531,12468,
237,864,1238,1314,1854,2784,18,10,3275,1504,1025,1196,1261,3087,2908,1739,2180,1455,1046,1251,1070,1650,2053,1863,2081,1548,1504,1212,1658,2709,1975,2253,2034,1184,1577,1279,1153,2604,2053,1825,1248,1396,1713,1375,1127,2223,2533,1862,1580,1844,1282,1227,1304,2203,2037,1945,2657,815,1453,1011,1316,2343,1879,2427,8765,
238,808,1215,1226,1861,2581,16,10,2240,1444,1003,1086,1159,2957,2646,1758,2091,1290,969,1300,1042,1650,2066,1982,1924,1443,1435,1118,1582,2546,1794,2133,1954,1167,1499,1174,1137,2566,1942,1696,1166,1336,1634,1222,1133,2154,2376,1776,1455,1851,1290,1208,1237,2102,1961,1895,2096,785,1444,990,1318,2275,1798,2215,4922,
239,794,1160,1189,1634,2448,9,5,1860,1431,941,1059,1125,2848,2660,1659,2112,1333,1015,1152,950,1585,1861,1859,1867,1376,1369,1106,1526,2474,1805,1942,1983,1056,1546,1172,993,2363,1852,1648,1138,1273,1539,1194,1032,1942,2342,1725,1465,1640,1175,1161,1142,2001,1836,1726,1855,734,1356,886,1236,2192,1643,2166,3005,
240,805,1059,1181,1661,2447,7,4,1802,1292,863,1055,1041,2802,2497,1523,2020,1247,938,1124,926,1528,1903,1744,1832,1360,1391,1071,1469,2336,1789,1930,1845,1028,1392,1139,946,2334,1804,1598,1132,1185,1507,1173,963,2005,2189,1674,1290,1644,1016,1168,1103,1864,1875,1731,1764,701,1281,891,1190,2078,1699,2150,2093,
241,713,1018,1062,1587,2406,3,3,1750,1271,829,940,1058,2712,2546,1524,1938,1183,876,1116,872,1506,1730,1696,1792,1210,1300,995,1474,2283,1774,1956,1826,912,1357,1073,927,2212,1703,1499,1126,1135,1419,1105,969,1887,2167,1665,1285,1503,1083,1124,990,1932,1825,1561,1661,663,1220,807,1072,2104,1516,2080,1917,
242,642,895,1036,1486,2190,3,3,1667,1287,786,900,973,2541,2362,1371,1844,1079,838,1035,839,1304,1716,1677,1676,1193,1258,952,1365,2202,1644,1810,1788,835,1334,1054,877,2104,1617,1526,1073,1081,1395,1008,868,1794,2110,1474,1298,1469,997,1019,898,1713,1744,1532,1721,625,1142,738,1006,1926,1463,2038,1833,
243,594,819,938,1406,2168,2,1,1695,1171,748,843,936,2485,2176,1346,1743,973,755,975,765,1282,1609,1502,1733,1169,1126,928,1305,2160,1505,1708,1668,732,1240,955,790,2071,1553,1383,999,1007,1442,942,894,1698,2015,1449,1201,1353,1004,955,790,1637,1616,1458,1608,532,1092,674,972,1859,1513,1844,1905,
244,492,692,880,1361,2019,3,2,1565,1161,619,767,866,2360,2267,1356,1606,889,652,945,690,1239,1507,1490,1499,1062,1159,837,1252,1986,1419,1609,1509,642,1152,908,718,1922,1466,1217,939,956,1235,879,794,1607,1843,1455,1204,1187,896,921,598,1611,1528,1413,1504,392,997,499,875,1772,1357,1800,1763,
245,336,609,820,1203,1947,3,3,1502,1026,537,799,711,2287,2086,1207,1620,684,657,837,609,1143,1465,1325,1488,985,977,787,1149,1774,1348,1512,1525,518,1158,823,691,1775,1318,1086,875,815,1201,736,644,1516,1853,1284,1097,1217,798,863,455,1529,1425,1282,1515,249,853,343,811,1672,1374,1750,1667,
246,235,335,684,1144,1918,2,2,1475,1045,362,637,492,2136,1960,1085,1482,433,436,711,404,1021,1316,1304,1370,850,940,641,1080,1675,1169,1263,1442,317,993,755,527,1653,1237,862,861,693,1084,589,470,1419,1619,1214,1049,964,615,665,231,1483,1362,1037,1385,131,650,182,629,1588,1220,1558,1630,
247,146,206,567,966,1771,0,0,1484,945,216,498,351,1963,1805,957,1406,258,274,559,292,919,1124,1221,1221,732,882,437,1017,1599,972,1122,1197,190,903,597,345,1505,1047,612,749,524,1088,377,369,1267,1424,1090,920,743,394,568,162,1297,1227,827,1381,76,463,124,428,1389,1091,1432,1487,
248,79,114,375,832,1645,1,1,1341,835,134,362,197,1803,1768,709,1331,163,136,363,150,743,875,963,1117,513,711,307,894,1375,706,858,1144,114,790,371,249,1339,659,402,639,343,947,233,220,1009,1208,896,823,513,242,421,94,1222,1065,570,1238,64,267,86,251,1264,1013,1357,1477,
249,55,107,236,545,1365,0,0,1300,659,87,236,142,1675,1726,451,1175,103,102,212,84,530,621,716,916,346,513,166,685,1195,425,562,902,103,596,303,134,1019,479,240,514,227,822,141,125,733,966,699,767,320,165,234,89,1042,798,367,1201,61,177,87,151,1036,728,1039,1456,
250,56,81,111,303,1145,1,1,1196,455,64,129,123,1370,1442,263,937,131,69,119,62,307,357,482,592,189,259,117,477,793,283,378,581,79,370,152,95,631,260,158,299,143,563,110,97,437,558,453,638,189,103,140,89,789,539,201,1107,49,116,67,118,714,454,773,1345,
251,51,78,103,221,721,0,0,1082,278,75,90,82,973,1232,186,616,105,80,112,72,203,236,310,377,121,166,85,273,518,182,214,338,76,222,114,83,342,203,148,186,86,431,98,63,292,373,262,394,157,97,88,88,518,299,174,992,56,120,71,92,425,282,466,1306,
252,45,79,89,172,448,0,0,931,157,57,67,79,620,931,133,371,96,69,81,80,141,187,206,231,124,119,87,162,350,156,178,252,73,169,87,73,281,166,151,108,88,228,93,76,192,272,206,262,130,89,89,72,323,180,142,863,47,86,53,95,289,193,371,1295,
253,65,66,102,168,329,0,0,740,124,74,75,78,362,630,116,249,72,54,86,71,107,170,153,177,113,101,79,139,275,158,173,196,77,118,83,77,204,158,132,83,98,138,93,74,184,224,146,171,126,80,85,93,235,170,137,638,46,92,62,82,235,130,223,1121,
254,40,80,62,123,225,0,0,511,114,47,77,76,267,386,107,186,86,70,88,73,120,170,155,151,99,102,62,98,217,128,173,161,77,98,69,72,217,142,145,103,69,109,76,67,181,210,138,124,143,83,96,83,153,128,146,423,49,92,65,89,178,143,194,961,
255,41,64,88,130,202,0,0,294,92,52,46,76,265,246,121,162,73,63,83,53,123,150,133,142,82,88,80,109,226,141,152,184,58,131,75,68,220,149,121,78,79,122,90,77,151,210,127,111,127,71,64,68,146,161,132,263,46,98,41,98,183,144,159,760,
256,41,71,72,127,224,0,0,191,93,58,75,71,251,214,94,165,90,46,65,59,100,141,132,157,79,104,72,92,196,122,145,156,81,110,77,52,192,139,124,78,91,115,79,66,154,185,107,83,111,72,59,64,133,153,128,136,42,92,55,63,166,130,169,400,
257,38,70,75,113,204,0,0,148,112,41,77,69,222,215,121,146,62,50,79,54,113,144,131,128,78,108,55,113,175,132,138,147,68,99,76,63,179,136,112,56,87,116,69,59,145,200,121,91,93,61,62,59,143,126,136,145,32,83,57,51,178,106,188,255,
258,39,53,74,103,166,0,0,137,89,40,48,58,206,206,97,150,65,58,77,51,93,129,119,121,79,80,64,104,165,124,140,157,63,84,58,52,149,127,124,70,61,99,62,52,135,151,115,80,115,76,46,55,125,141,110,136,28,77,33,56,155,133,144,180,
259,33,48,54,82,180,0,0,127,69,47,68,62,201,186,93,140,55,51,55,53,91,140,98,94,77,74,77,92,165,105,124,139,47,79,61,67,173,126,115,63,85,103,70,46,139,165,110,84,85,46,72,43,126,130,103,129,26,78,21,67,138,104,159,124,
260,27,39,52,101,169,0,0,117,100,33,64,64,224,204,93,126,58,35,43,25,75,129,102,108,78,88,62,104,142,99,93,118,43,92,51,52,164,100,96,66,66,96,52,57,99,162,103,98,70,54,68,34,126,119,123,132,16,67,23,46,129,88,131,151,
261,21,34,52,89,175,0,0,118,83,28,39,48,201,166,92,135,43,36,62,33,76,112,110,122,67,69,64,84,161,102,117,101,33,74,55,44,160,93,69,59,73,93,36,36,123,149,92,73,68,41,59,17,108,125,77,111,11,65,11,53,135,97,126,112,
262,8,29,61,67,172,0,0,118,66,28,35,41,187,182,89,122,19,25,27,33,73,108,102,103,63,67,45,81,131,72,110,127,12,66,44,28,136,75,61,65,43,83,52,29,112,147,89,57,61,43,33,13,120,91,68,115,5,50,12,48,126,73,133,140,
263,5,12,30,75,145,0,0,104,84,16,43,31,184,171,71,102,18,19,37,7,77,99,109,98,53,58,26,60,140,72,95,109,10,57,37,26,111,75,49,47,35,85,19,29,97,105,91,63,48,32,41,8,127,93,66,97,3,23,2,22,115,74,123,139,
264,6,10,22,72,134,0,0,109,53,13,17,11,158,170,48,112,10,9,25,8,52,69,82,77,48,51,17,76,125,67,73,99,5,52,26,9,116,57,37,34,29,65,14,14,91,121,64,62,37,15,32,9,88,95,40,111,3,14,4,17,124,54,103,105,
265,2,10,11,56,121,0,0,91,55,6,13,11,161,130,37,86,9,8,17,6,40,53,58,95,25,29,12,68,133,46,44,92,4,52,29,5,85,44,22,46,13,67,10,13,55,104,56,58,35,9,27,7,103,78,25,83,6,16,6,13,109,53,104,137,
266,5,8,13,28,97,0,0,99,36,4,8,4,128,135,26,88,10,5,15,6,31,20,50,65,17,27,5,38,81,32,31,51,4,37,13,4,62,30,21,28,11,54,2,7,41,77,48,52,16,7,14,5,71,30,16,82,3,8,4,11,71,40,82,123,
267,3,8,4,19,80,0,0,86,21,3,3,5,104,111,23,56,6,5,6,5,15,30,30,56,10,15,3,32,63,19,26,46,3,16,6,9,38,23,19,15,11,39,5,9,25,47,26,26,8,7,1,3,53,39,17,85,0,9,5,7,51,30,47,96,
268,2,7,3,16,72,0,0,95,14,8,3,5,87,96,18,45,6,4,6,4,9,13,19,30,10,12,8,16,55,11,17,32,3,10,2,4,31,14,13,15,7,24,2,4,25,31,21,28,9,6,9,3,41,24,10,69,4,7,7,5,28,12,36,82,
269,5,6,5,11,27,0,0,85,12,3,4,6,79,72,17,32,5,5,3,8,7,8,12,26,11,9,7,18,27,12,16,16,2,7,5,4,15,11,12,5,5,19,2,5,12,18,9,14,9,3,7,5,25,20,12,62,2,10,2,6,25,9,27,105,
270,3,1,10,12,32,0,0,62,5,2,5,6,52,63,8,20,7,5,6,3,11,13,17,13,10,5,5,14,26,11,17,16,1,9,5,4,22,13,7,9,7,10,2,4,15,18,15,12,10,6,6,2,14,16,12,44,2,12,3,5,22,10,19,82,
271,3,4,5,17,29,0,0,62,4,4,6,4,39,33,18,20,11,2,5,7,4,9,13,14,8,5,6,11,19,13,11,13,4,5,5,3,17,15,11,9,1,10,3,5,13,20,7,6,10,7,6,4,16,17,13,42,0,7,2,6,18,14,15,93,
272,4,2,5,7,22,0,0,36,8,1,5,4,13,21,10,10,3,3,5,7,8,4,11,9,11,7,1,10,31,13,16,13,5,7,5,8,16,14,7,3,6,7,6,4,13,20,10,10,5,3,7,6,14,19,8,31,2,7,2,3,15,8,21,70,
273,1,5,5,7,20,0,0,18,6,3,6,4,21,18,10,14,5,0,4,2,8,11,11,12,3,8,2,6,19,9,14,16,1,4,4,4,19,12,9,6,5,7,4,4,9,19,14,12,7,7,4,5,12,16,9,23,3,8,2,4,12,7,14,56,
274,2,1,5,6,19,0,0,15,5,3,1,1,29,25,6,10,5,5,7,0,11,13,17,11,8,6,4,6,11,9,8,17,6,7,8,1,18,14,8,7,4,8,2,4,11,13,9,9,9,8,1,3,10,8,8,5,1,8,1,4,12,9,14,34,
275,2,6,4,10,18,0,0,13,9,1,8,2,30,18,4,10,5,0,4,2,5,13,19,10,5,6,4,4,12,8,7,11,3,3,2,3,9,13,4,10,5,12,1,3,14,15,16,6,5,5,7,3,11,10,3,10,0,3,3,6,19,13,14,20,
276,1,1,1,4,11,0,0,17,2,4,6,3,12,12,8,12,4,1,3,2,11,13,5,7,4,5,1,6,16,10,12,12,3,9,3,2,16,16,7,3,2,7,3,2,6,10,11,7,7,2,4,1,7,8,15,13,0,7,1,5,11,6,11,19,
277,0,3,3,11,14,0,0,9,8,1,3,2,16,19,10,7,2,4,3,2,5,10,3,6,8,7,4,6,10,7,11,8,0,9,4,3,13,7,7,2,4,7,2,1,8,15,11,5,6,3,4,0,9,7,5,11,0,3,1,3,15,2,9,13,
278,0,0,3,9,14,0,0,8,5,0,3,1,12,13,9,12,3,1,4,0,4,12,8,5,6,2,3,4,8,6,4,6,1,7,4,2,11,8,4,3,4,7,0,1,9,15,5,2,3,1,1,0,15,9,7,11,0,3,0,1,8,11,15,9,
279,1,0,2,5,11,0,0,3,9,0,2,0,19,13,7,12,1,0,1,0,2,3,4,9,1,2,3,7,14,4,13,12,0,3,3,6,15,9,4,3,4,4,2,2,10,10,5,5,4,1,1,0,5,9,9,8,0,0,1,2,7,10,8,7,
280,1,1,2,4,20,0,0,10,5,0,1,0,20,10,6,7,1,0,2,0,1,4,7,5,3,4,1,6,5,5,6,9,0,1,1,0,10,10,2,2,1,6,0,2,8,16,8,4,2,0,1,1,5,8,5,5,0,1,0,0,7,8,11,7,
281,0,0,0,4,13,0,0,7,5,0,1,0,10,15,4,12,0,1,0,0,6,4,7,2,1,2,1,4,9,5,5,9,0,1,0,1,11,2,3,3,2,5,1,0,9,3,10,4,2,0,0,1,5,6,1,10,0,0,0,1,13,5,13,12,
282,0,1,1,2,8,0,0,8,2,0,1,1,9,16,2,11,1,0,0,0,3,3,7,6,1,0,0,4,6,2,4,3,0,3,0,0,5,3,2,1,0,2,0,0,6,6,4,3,2,0,0,1,9,2,0,7,0,0,3,1,10,7,2,12,
283,0,0,0,3,6,0,0,8,0,0,2,2,8,16,4,9,0,1,1,0,1,0,4,6,2,1,0,4,6,2,2,6,0,2,0,0,4,1,0,2,1,5,2,2,6,4,0,4,0,0,0,0,9,7,2,4,0,2,0,0,11,4,11,12,
284,0,2,2,1,10,0,0,11,0,0,0,0,9,13,1,6,0,0,0,1,1,1,1,1,1,1,0,1,2,2,3,1,0,4,0,1,1,1,2,0,0,4,0,0,2,3,1,7,1,0,0,0,6,2,0,14,0,0,0,0,4,2,7,5,
285,0,1,0,3,10,0,0,8,0,1,1,0,15,11,1,3,0,0,1,0,1,3,0,3,0,2,0,0,7,0,0,2,0,0,0,0,1,0,2,0,0,0,3,0,3,2,0,2,0,0,3,0,3,1,4,9,0,0,1,0,4,0,4,9,
286,1,0,0,1,3,0,0,10,2,1,1,0,10,13,2,4,1,0,3,0,0,0,0,3,0,0,0,0,3,0,3,4,0,0,1,0,4,1,2,1,0,1,0,1,3,0,3,2,0,0,0,0,0,1,1,9,0,0,0,1,1,2,2,12,
287,0,2,0,3,3,0,0,7,2,1,1,0,4,5,1,1,1,2,0,0,0,0,1,0,0,0,0,1,2,4,1,0,0,1,0,0,2,0,0,0,0,1,2,0,1,1,1,2,0,0,0,2,3,2,0,3,0,1,0,0,2,1,3,12,
288,0,0,0,0,1,0,0,3,1,0,1,1,0,4,0,0,0,0,0,0,0,2,1,0,0,0,0,1,3,0,2,1,0,0,1,1,1,3,0,1,0,0,1,0,2,1,1,1,3,0,0,0,2,1,0,3,0,2,0,0,2,0,1,3,
289,0,1,0,0,1,0,0,2,0,0,0,1,2,3,0,3,1,1,1,0,1,1,1,2,1,0,1,3,2,0,1,1,0,0,0,1,0,1,0,1,0,0,0,1,4,0,2,0,0,1,0,0,1,1,0,2,0,0,0,0,0,1,1,1,
290,0,0,1,1,0,0,0,7,1,0,0,2,4,0,0,1,0,0,1,0,0,1,1,1,1,0,0,0,3,1,1,2,0,0,0,0,4,0,0,1,0,1,1,0,1,3,1,0,1,0,0,0,2,0,3,0,0,0,0,0,0,0,0,6,
291,0,1,0,2,0,0,0,0,1,0,1,0,3,4,0,1,0,0,0,0,0,1,3,0,0,0,0,1,2,1,2,1,0,0,0,0,0,0,0,1,0,0,0,0,0,0,0,2,0,0,0,0,0,1,1,0,0,1,0,0,1,0,1,7,
292,0,0,0,2,3,0,0,7,0,0,0,0,4,1,0,1,0,0,0,0,0,1,2,0,1,1,0,0,1,0,2,2,0,0,0,0,0,0,1,0,3,2,1,0,0,1,0,0,2,0,0,0,1,2,0,1,0,0,0,0,1,0,0,1,
293,0,0,0,0,0,0,0,0,0,0,0,0,1,3,1,0,0,1,0,0,0,1,1,0,0,0,0,1,0,0,0,0,1,1,0,1,0,2,1,1,0,0,0,0,0,0,1,0,0,0,0,0,1,1,0,1,0,0,0,0,0,0,1,2,
294,0,0,0,2,1,0,0,0,1,0,0,0,2,0,0,0,0,0,0,0,2,0,0,0,1,0,1,1,0,0,1,0,0,0,0,0,1,0,0,0,1,0,0,0,0,1,3,1,1,0,0,0,2,0,0,0,0,0,0,0,2,1,1,1,
295,0,0,0,1,1,0,0,0,1,0,0,0,1,0,1,1,0,0,1,0,0,3,1,1,0,0,0,0,1,1,0,2,0,0,0,0,2,1,0,1,0,2,0,0,1,2,2,1,0,0,0,0,1,0,0,0,0,0,0,0,1,0,1,0,
296,0,0,0,0,0,0,0,0,0,0,0,0,0,1,0,1,0,0,0,0,1,0,0,0,0,0,0,0,2,0,1,0,0,0,0,0,1,0,0,1,0,0,0,0,4,0,0,1,2,0,0,0,0,0,1,1,0,0,0,0,2,0,0,1,
297,0,0,0,0,2,0,0,0,0,0,0,0,1,0,1,1,0,0,0,0,0,0,0,0,0,1,0,1,1,1,0,0,0,0,0,0,0,0,0,0,0,1,0,0,0,0,0,0,0,0,0,0,1,1,0,0,0,0,0,0,1,1,0,1,
298,0,0,0,0,1,0,0,1,1,0,0,0,2,0,0,1,0,0,0,0,0,2,1,1,0,0,0,0,0,0,0,0,0,0,0,0,0,0,0,0,0,0,0,0,0,1,0,0,0,0,0,0,0,0,1,0,0,0,0,0,0,0,1,1,
299,0,0,0,0,2,0,0,1,0,0,0,0,1,2,0,0,0,0,0,0,0,0,0,0,0,0,0,0,3,1,0,3,0,1,0,0,0,0,0,0,0,0,0,0,0,1,0,0,0,0,0,0,1,0,0,1,0,0,0,0,0,0,0,0,
