165,601,612,594,1452,4980,59,106,19360,2799,320,1352,557,5258,4526,2524,3558,390,499,438,461,3257,3922,3841,2749,501,2384,1022,2035,3834,2983,3036,2465,460,795,1215,447,4162,2850,2615,12399,726,1075,628,963,3668,3350,3493,20589,672,342,1728,486,3988,3794,3903,17498,263,378,336,1488,4272,3368,4804,5027,
166,1329,1281,1365,2619,8432,115,241,36777,3502,636,2263,1154,6881,6585,3288,3897,711,973,1062,896,5790,5243,7501,4058,1123,3799,2011,2914,5903,3798,4097,3404,971,1681,2197,1008,6267,3334,3008,24798,1547,2038,1349,1883,5111,5188,5153,35027,1649,693,2731,1008,5917,4961,5081,30833,512,822,680,2398,6904,4455,9343,12051,
167,2350,2366,2230,3353,18873,274,501,57176,3803,1386,2941,2165,15292,15173,3635,6526,1391,1908,1860,1684,13665,11228,17673,8976,2085,4687,3029,3823,13247,6864,8926,7228,1873,2414,2977,1804,14104,5384,4091,33659,2428,2907,2387,2691,11086,12370,11825,43537,2780,1431,3383,2007,13100,9693,6698,43643,1047,1666,1412,3079,15646,8890,20711,22665,
168,3037,3277,2902,4201,36617,537,966,63425,4584,2144,3319,2915,33703,33371,7291,16717,2467,3085,2884,2712,26049,24865,31424,20448,3333,4844,4138,4493,28290,16399,20797,17080,2809,3068,3772,2573,30684,13027,9328,37200,3457,3697,3377,3838,24860,26400,25592,47413,3784,2170,3683,3158,27641,21872,13387,49322,1735,2489,2437,3498,30655,20255,36350,32874,
169,3672,4059,3405,4846,59072,1127,2220,57196,8049,2625,4103,3440,61391,60793,17443,35369,3840,4206,3711,4047,36540,39971,41432,31500,4469,6524,4850,5645,43908,30791,34276,29050,3625,3431,4075,3434,45551,27500,21527,39284,4238,4051,4571,4569,39917,40243,40165,49568,4205,2839,4366,3890,46114,37152,28917,47418,2266,3095,3226,4148,46823,34615,49526,38293,
170,4296,4999,4325,9164,71091,2724,5587,61734,20724,3311,6983,4172,79260,71046,39337,60121,4540,4393,3947,4757,43088,51413,47788,38995,4790,16524,5978,13326,52771,43298,43729,39058,4394,5380,6517,4089,53159,41499,35384,42642,5247,6854,5277,5826,49599,46887,47210,57379,5608,3251,8972,4448,61874,56423,51966,59619,2626,3816,3787,6769,57133,48517,56137,40428,
171,6506,8517,8065,20857,71059,7057,12367,115135,36155,4227,15714,6829,75152,65659,55014,58678,5449,5907,7287,5484,46960,56499,54571,43891,7180,33411,11686,27436,58407,47655,48630,43230,6138,12249,14230,5876,58494,46847,41542,58325,9421,15507,7874,11448,53353,53336,50753,100782,11573,4657,19819,6149,61172,62257,74027,133526,3313,5891,4620,15062,59851,53239,64003,45863,
172,16303,22136,21690,42230,111207,13555,24361,321452,48021,10034,32767,17771,96282,84736,52303,58410,13036,14806,18773,12900,61332,70600,85118,58732,19608,64638,27988,53326,87613,57300,62971,58013,14834,27580,30676,14294,76827,53442,47027,135497,23736,33259,19818,27693,67169,87188,63883,259440,29689,11388,38148,14641,73061,68763,78959,343609,7151,15569,9342,32231,85707,60237,110655,71647,
173,32320,41331,38431,57143,319032,28560,64198,914285,54336,21980,46435,33462,261169,239916,62906,105528,30312,33806,39640,28854,145239,153144,232653,143597,43612,75703,51282,69045,238898,121340,152667,147084,30836,43349,47966,29014,191434,93841,73132,376897,43044,52973,37725,49049,151748,261332,145837,631987,50115,24947,49014,31234,169159,140713,97912,791577,17039,30184,21759,44334,222988,111842,303469,190753,
174,51115,59558,51804,63451,972996,95837,182928,1534010,62442,38170,53919,48986,953575,922472,195399,423115,64950,63916,57997,59266,434877,470141,620157,433719,71376,69036,72642,64199,684424,397466,481558,458706,52496,53508,60965,52101,591362,322766,243521,688831,65814,61484,66970,71540,482447,722158,483154,978736,62295,42112,53066,52428,558669,445703,256677,1219273,31646,43731,41180,49998,643415,353525,769169,513925,
175,57716,64868,55804,80861,19735963,16729512,19102364,28728571,93133,46054,61224,54850,23547039,24205868,33278644,21140762,72208,65290,55125,71447,18652076,19616182,23568153,25880233,72024,83455,69521,77921,19133820,15600647,17949824,20292969,61180,60977,63393,61784,28488347,26658050,29770190,31696788,68709,65342,74081,70587,20233523,28397047,35262983,32822590,71079,47841,60615,60417,18208950,16755775,18408308,21909683,38263,49672,50708,55757,19997141,18678542,23415184,23666856,
176,79172,146854,125169,336704,201843604,170832261,165557714,232187410,404179,72299,184237,115631,211611476,224322596,251195680,210788944,79665,69545,86977,76151,190115664,196908075,218988772,255720523,102730,305668,117379,286432,190231021,173835685,177982086,295975751,130408,252480,168774,93144,219303547,213470373,229644012,244982536,158628,215035,113429,128116,190091439,234917074,262976626,262453436,152308,64244,147400,75449,200452506,174241410,180765220,220377484,44464,71445,58783,102496,201620453,187517647,226547785,228256469,
177,200999,458074,404296,888546,292718323,243088664,247041963,292699657,864347,205780,527029,362848,267547230,293954813,240750696,252465277,177401,151608,261039,153600,202107667,226791731,216442486,291150431,289705,834621,319886,744798,212504359,192120060,180751740,192182900,399885,685923,473016,249391,170292458,165299870,171667633,177580879,455696,581304,292149,350609,222907875,177365167,190488507,215276844,484758,160860,427236,161020,286813252,249116148,246211709,299681800,65671,184402,88449,293083,268640030,250898701,255231559,243044956,
178,1916574,2384625,2264864,3014558,339497573,291717577,351850121,336842495,3684103,2154422,2333901,2280675,334977852,342023058,281907383,291103679,2345152,3060231,2649682,1875333,202617519,217473782,212445393,229598420,2603753,3181525,2153502,3127904,211450370,186333539,175310966,187082841,3004951,3034689,2539599,2004907,166248087,153968353,160833267,155278838,2448193,2675102,2090177,2447437,203034652,164220853,182086588,203268504,3924894,2394594,2542319,1663162,336387122,282363259,281603925,328095362,2663543,3012377,1687949,3323000,283465646,272066127,301275624,249211482,
179,160120967,152394653,149978982,158387672,378897546,326128701,366256898,381881570,245361476,183683359,143684290,169758919,397182470,400281869,337782593,339349290,217912629,279641217,206505284,157905698,211715245,226819188,210065982,295330503,194677948,310171557,143838357,192012177,217695158,187710010,179532033,189265317,226669920,195884223,173826748,155293255,157956125,156445148,161103202,161442114,159721704,161342874,153562900,185562029,201736125,161632346,175578459,183832999,315123750,209232146,185432291,133913592,366996870,300232808,290835362,336060592,274178472,280219853,225297610,316229665,306085577,289408862,289613772,265471250,
180,176982235,180474587,102817162,174476382,407240934,339515824,391944660,433696240,227268828,194832996,165097755,181806654,457136073,460006806,405794797,381557673,251166554,258528601,221624523,175700055,207322109,226316878,206321568,293951064,201427446,200860192,170517434,191350226,202690271,197340444,182944418,197771595,222812213,209566665,213944336,179838789,161486704,157575751,160418833,165747237,182099441,193025720,190628690,214784343,178593938,161878022,171717748,175519775,247072787,198914371,192184521,162688627,382294598,334870288,310216191,355118875,245276032,247719468,321234628,252174492,324238223,293573883,273896802,224749510,
181,190078933,185518766,178921976,185976097,420805511,337909474,389829646,477234166,209082594,193719649,188030921,177800908,517869761,533397976,518021586,423811964,259020924,259840139,237656424,188986965,198769105,206558704,211297110,285597183,229199347,244866183,206210613,175924904,195544424,189308502,180742157,192642950,232125093,229527305,283258018,236129611,162116058,161142670,163398701,169809605,235647823,240322062,252945583,249227973,188987964,163669716,169076669,171927007,189149413,177557377,178391992,184172547,378700572,348347904,317374918,365188883,192934555,189434019,181814396,196397372,320988581,290078670,214687145,230915329,
182,183803296,189885484,170381635,184912130,428490481,343588445,402706083,502410090,213194133,212722049,179064246,172731081,583496676,606151293,633108433,540515867,278223346,281126504,266688775,211082230,181998815,183898806,229799139,258419336,268959717,294580707,260010119,273969002,177922311,172625496,169069307,180479709,260991876,252757535,334625522,282251070,157279437,156382945,157935038,162167194,278571978,275721653,292188703,280795225,166532486,158966095,160059011,162833560,170283269,150909392,169686358,195087541,360494641,365608692,323159523,364124039,173341215,172394165,170224828,173238023,316451098,294195925,239830978,200502747,
183,221272715,193842577,172816317,183788757,417343445,337945124,384633024,500798921,192533692,248466388,187394607,173241162,592648288,618017036,660408765,589887950,300651516,312057706,297105930,243465164,167152343,167983380,196014340,234941276,314173547,337212162,293170728,308027305,161469765,161101614,158071810,169480395,284613875,199244886,351457873,304044689,152958975,153613901,154274923,156155209,299397649,290980156,320385378,301031045,157129204,156291211,155067400,156607316,163869415,164295849,166198711,204381717,331736624,366571719,327009252,340312854,170514700,163822646,165404110,166742146,304961779,284445163,211697074,202554189,
184,186633629,201116956,169998203,174082319,393661043,332484859,390334631,484833996,245518186,192567540,281818423,171704574,561947805,590884401,634260654,580505192,328881831,352991596,352183222,284828835,159942544,161873340,189219360,225754298,358347574,374354752,317249736,343832565,155359097,155619144,154689534,167894042,301770605,265225319,367166142,303675151,153618453,152863951,153209165,155857630,313740939,302254401,348117798,321114925,154438433,158063015,153732360,156608632,161024308,159969728,162367053,201845453,317020218,347744265,319513770,314884391,163218832,159716565,161404721,161119387,292787064,283275189,214824396,209327972,
185,186459654,206127899,174475118,146522717,386753260,341082672,428127384,488926970,203911038,205194158,188707738,171651536,548248083,575807587,620967187,578593225,346925227,390468435,385944195,314599743,157730312,159946445,182369259,210422711,395101647,409421844,331235929,348615484,154605457,155004645,153657451,163787185,309281684,205523566,420723473,327206668,152559474,152318769,153006337,154352326,319145833,312643235,366384576,333668971,153518004,161169419,153103223,76113385,158896958,159102908,160308024,195314151,309031799,333862440,359140751,312254685,155435009,154463670,159436393,168346596,280116092,257045995,201814807,202809783,
186,189704720,213185276,169776826,174674258,394687898,377360002,460960019,495692926,201331243,195024754,179125973,166186048,546105261,578495377,616374699,601703348,399578984,421584531,434160785,347208910,156731920,160147023,163059414,211457795,432870531,415758229,336641388,343293013,153958102,154637543,152903163,162286418,301133220,250074131,381502568,260659553,152406132,151927719,152055214,152848641,322843865,319731925,374529509,340961512,153422372,167136286,152752185,156585483,158200744,158704315,160452334,187939157,312582714,328210096,315382723,310490896,157085199,157051436,158218381,157955639,266888915,255567337,203769664,199437635,
187,194361087,212466897,176822131,169169401,430975696,426499253,466296822,488219680,213325654,192212159,177327933,169148702,539821107,569130179,588744711,594877846,546332624,438960758,448153469,376939536,154271929,157860957,177245593,203791510,457091916,418046989,340895285,346857169,150351896,153175566,151588111,161636037,296649198,255532010,406740167,328329549,150989754,150754218,150892043,151108446,323496196,323458573,370155127,347219287,152014335,167331940,151467708,153952107,157828580,158974028,161139381,180859542,322776532,329951873,313192038,318776077,150869412,158534559,157788317,158852950,255951082,245022831,203476975,201804463,
188,194362035,212128058,178020232,169470835,354682860,370048658,376064828,388292960,208947360,193605530,174428455,171085010,442022071,439714142,452703234,466060288,438292645,456586055,475102467,409860802,123546960,126217537,137092511,171692242,485282849,432109527,347564102,350871336,123138696,123466298,122516866,130728699,289229007,386491281,408635210,328115346,122050975,121823171,121948767,122119567,324878471,325370188,365260678,350386375,122781447,133024000,122536145,123726373,156919948,158884152,160504607,182941350,286510722,276411777,248627788,265087428,158492012,164744382,158936687,151475438,202496148,192710061,163126988,164503893,
189,189268378,211981587,167173891,172065969,132184331,120805844,118295910,121807602,199925156,193090293,183145212,152775918,131069860,133415132,137481591,143356082,472435185,468007447,485440546,433029921,39527654,39885251,43514154,52004761,487080515,445205464,357117212,360612370,39575716,39409038,39329083,41075729,278488456,253622075,380946631,318867766,39185246,39080159,39044241,38988349,325380964,324615193,354333512,352202722,39425168,41619972,39298961,39444797,155770654,158576975,160039282,186099368,94711588,89198048,78405797,84188272,158855287,156060876,156475259,159013084,63969704,60211779,50842069,50398126,
190,168616937,194119580,161655372,156948634,10822665,10760520,9625252,9425433,178296913,161118350,137674802,160566568,9982679,9947832,10129275,10758615,397567827,424612459,440871358,404517021,3627876,3740651,3952521,4335284,441675459,415258781,340554592,338272670,3734684,3595256,3627735,3729517,246901102,229959363,344413920,286350637,3728136,3648972,3560668,3481116,295982141,293122124,319988971,346897695,3701616,3779117,3670883,3671739,141493136,143253216,144385610,166766608,8430704,7560482,7058065,7144032,138825664,140314266,142794246,140858403,5425702,5164138,4395234,4297157,
191,97801007,113839674,93795173,91926871,1108497,1577274,942582,1071104,104056103,82088642,88602952,88222269,1187597,1087116,940545,1074486,247633489,248216387,254439268,236994003,944755,1049628,1036105,903632,255807318,241412607,204367846,202536015,1045110,914513,955896,884082,145986877,135931361,200640196,161511677,1073914,996247,902527,822061,174533083,180527905,185281265,197125337,1023056,957030,1003911,993963,82678843,83307444,84120850,94081577,1062369,1036034,1230445,963833,82290371,81719554,82175248,82202236,1029479,1041267,1004428,899427,
192,4723594,5356602,4564684,4505746,949176,269271,131938,936785,4911848,4628659,4469798,4323121,1043297,945945,793212,916629,11497915,10795358,10665381,10303260,897512,1007757,988550,843602,10753321,10478603,9332975,9535992,998149,865775,909868,835883,6480860,5692257,8863069,6657096,1024304,946506,857112,777460,8046281,7845132,8364205,8630130,973188,907251,956887,948734,4329664,4140342,4184779,4903136,955258,915950,1123869,855909,4086050,4109333,4199078,4082259,947149,966061,944457,846714,
193,1097901,1127761,1046462,1106462,947759,136661,111352,935411,1139546,982474,1074008,997186,1042310,944049,792720,912529,1245863,1164919,1096979,1228954,895428,1002136,984827,841906,1213306,1270342,684361,1193487,996445,865529,908650,834302,1166439,1045191,1174979,1081603,1023077,945363,854765,775630,1171216,1133763,1180344,1199326,976105,905061,956185,947256,1218678,955468,1029578,1128721,953451,914649,1124293,854879,977158,1004866,1086041,1011216,947295,965223,942836,845374,
194,986226,999329,939670,1006834,944982,111569,107041,931871,1023582,877659,974736,895183,1037439,940293,789173,913696,959200,868088,808031,948624,892780,999576,985372,840755,928181,985590,956467,935330,992425,863813,907883,829624,1007627,891472,946600,885521,1022426,942887,852620,773314,951275,920914,954446,972786,973950,900277,952127,945910,1123341,861174,935346,1015804,953265,909880,1121791,853786,881887,911970,993644,917276,943687,964039,939578,843944,
195,984718,997684,939247,1004760,942833,107020,104203,930994,1023610,876293,971706,897609,1036628,939927,787106,908160,957084,865963,807064,948131,889267,999055,982225,836741,925587,985888,949734,935291,988549,859041,901998,824840,1006646,888994,945217,884202,1015886,939347,851413,773674,950758,920816,954401,970547,966867,893095,951372,943003,1120743,861466,933251,1016933,949388,909441,1117907,851923,880193,909954,990265,915259,939058,959104,937327,839594,
196,982004,995189,938695,1002293,933187,104074,100966,930693,1019520,878427,971999,896589,1025398,934587,781418,905817,956868,865415,805642,946382,888286,993727,974556,831307,923956,980781,947077,931791,975931,853020,891335,804628,1005181,887787,944918,883829,994465,928706,843715,773047,948375,918087,951672,970024,966617,865689,946430,941681,1118852,857841,931050,1012124,945558,904661,1114882,848458,876787,908393,988204,911363,935804,958118,934553,840367,
197,982114,991129,934490,1000009,894797,100212,96036,929173,1018835,873275,970107,894987,978956,915657,753893,885452,953610,862899,804151,944257,882615,983485,953796,802222,923311,981396,945651,932237,906877,816205,838130,724351,1001688,885045,943051,884570,974380,883367,811170,773718,946965,917847,948736,966274,939515,754956,941100,942128,1118228,856215,927683,1010959,935296,891921,1105875,847929,874773,906354,985450,907918,920436,950781,916875,839053,
198,979208,989531,933314,996188,748058,96243,88034,923033,1015188,871375,968511,890804,791391,820583,638183,787867,950772,862315,801022,941664,846589,929450,846524,686795,919837,977834,946399,927412,693780,678602,660470,512253,1000057,883810,939362,880811,870563,711735,684294,770209,945318,913870,949201,963794,834869,492139,904288,937717,1116219,852649,924385,1007726,876975,825038,1063451,830765,872305,902656,982309,907539,835681,904710,835124,835983,
199,975921,987617,931275,992804,482258,85893,68749,895856,1013316,864937,962962,891272,471559,588337,412618,555431,945970,858238,798319,939298,734321,768622,614216,460630,916748,974985,942469,927086,395050,434091,392745,265494,995636,882495,936092,878913,632701,428372,444379,761882,940901,910134,943160,958154,597696,229931,777414,926512,1106138,849648,923127,1007577,706224,642117,914595,760552,869953,898876,980586,905288,630941,768690,638587,826791,
200,974816,982606,926970,982054,218962,66159,41696,800117,1009480,862509,960437,888014,194923,293708,181008,264497,936112,855983,793218,937765,504694,489902,320536,218995,909252,972555,938859,918850,161330,195550,164537,103923,993406,874975,933911,873692,318987,177392,197747,725449,937814,904850,942313,957988,305763,86836,516237,873870,1089350,844127,919489,1002843,428949,370287,617838,583942,867359,887826,978601,900644,350881,510322,360333,786958,
201,972092,969096,912199,933644,85283,39988,19189,581525,1002464,860875,955091,879835,76272,108462,65103,93961,892679,853075,767519,932479,247098,223113,125078,83339,885613,963460,936509,900819,68915,75860,66052,47127,983795,844675,929777,871973,119856,68388,73275,599439,925321,875941,935931,951636,118503,47499,240601,716447,1009320,829452,916231,999062,185063,153721,296269,331876,860139,846839,974110,895261,143849,242520,150507,656435,
202,963925,901534,842058,749454,50084,18166,9161,291228,982013,830945,940113,837636,51334,50876,36880,44779,701472,832708,643900,912851,90362,83651,56318,43138,754970,908671,927814,805275,49082,44467,42975,36641,934141,714004,910780,848767,57638,44850,42737,355387,853823,745075,899544,912704,55402,41661,84281,428212,746131,746508,887489,969689,69860,61795,109693,129327,824809,687637,958242,859332,61798,89402,64773,411037,
203,935434,729283,664687,474076,45250,9612,7305,116990,898203,739343,875775,715413,49019,43687,33898,39782,423326,756392,429313,831608,47785,52523,44668,37208,513039,752979,870072,593744,46660,40425,40368,35402,788345,487957,837326,764507,50794,42268,38763,153947,682717,508809,786062,791538,46794,40965,48449,190614,423765,565411,798245,876414,46175,45191,61679,57285,711222,438285,904548,752180,46635,49626,48583,191151,
204,812366,402157,354356,191843,44780,7537,6932,58446,651206,495596,668351,446589,48342,42767,33708,38949,153277,526155,179812,594992,41068,48201,43318,36731,214843,438261,670326,285082,45998,39705,39833,34562,484510,214986,623208,529971,49291,42336,38589,66494,378199,224444,505532,499009,45407,40546,43072,84292,153966,282777,548526,608060,43129,42926,54341,41159,440215,175121,707228,487553,44517,43290,45793,82931,
205,564401,168247,143180,80334,44203,6913,6638,45043,350172,241735,385825,203648,48122,42419,33463,38280,64163,260849,69086,311021,40676,47304,42512,36095,80717,188254,386013,110455,45798,39024,39390,34221,222239,84264,346048,272111,48791,41401,37938,40728,161076,86685,239017,232441,45197,39776,41638,49833,71530,111857,277425,307831,42051,42676,52787,38427,194590,71113,418057,231037,43454,42142,45294,44292,
206,244384,65590,56165,52170,43622,6552,6312,42798,120682,81165,139795,72966,47767,42129,32762,37927,44856,84576,38768,104509,39990,46583,42053,35993,45269,67079,137500,50996,44978,38696,39026,34284,80312,44541,123882,92307,48565,41085,37690,37005,62802,45246,82520,79445,44436,39671,41385,44531,54608,48229,94622,105535,42034,42066,51995,37514,63381,44779,151429,79717,43590,42049,45278,37124,
207,97592,49664,43752,49041,43365,6286,5959,42650,60768,45441,64519,47504,47331,41483,32496,37354,43992,45647,35530,52805,38222,46122,41842,35778,42345,48420,61607,43479,44959,38704,38572,33985,52204,39521,58839,49264,48217,40456,37469,36178,46702,40554,50637,48507,43990,39171,41339,43780,52762,39980,51821,59238,41464,41459,51793,37251,40279,42857,67209,49164,43305,41244,44672,35955,
208,50692,46868,41608,47688,43071,5834,5339,42557,47933,39331,46035,43024,47110,41013,32037,36922,43082,40515,35115,43900,37907,45426,41161,35311,41974,45143,45590,42575,44290,37523,37981,33370,47465,38955,44400,41095,47640,40222,36890,35859,44609,39672,45403,43897,43368,38880,40777,43246,51800,38558,43995,50630,41324,41261,50704,36687,36948,42202,48228,44126,42682,40937,43966,35194,
209,45730,46788,40683,47846,42454,5210,4310,42306,46546,38485,43876,41772,46377,40473,31575,36563,42942,39291,35098,42530,37184,45039,40877,35306,41631,44944,44593,41715,43628,37534,37704,33151,46855,38160,42907,40099,47001,39617,36618,35446,43571,39463,44583,43218,43132,38356,40124,43260,51220,38247,42820,49867,40682,40996,50496,36505,36282,41655,46211,43446,42287,40314,43547,34894,
210,44291,45909,40425,47070,42134,4059,2832,41978,46243,38030,43488,41768,45123,40326,31251,36617,42150,39541,34338,42597,37047,44148,40500,34653,40976,44154,43886,41149,43201,36838,37402,32409,46855,38330,42741,39772,46333,39309,35872,35408,43465,38778,44438,43073,42628,37864,39679,42819,50921,37290,42833,49126,40115,40251,50035,36175,36265,41428,45968,43113,42004,40039,43273,35085,
211,44077,45428,40264,47362,41689,2704,1525,41124,45897,37654,43005,41881,44947,39644,30723,35699,41995,38837,33924,42270,36176,43951,39621,34028,40558,43820,43732,40956,42433,36591,37073,32140,46191,37991,42060,39714,45781,38725,35681,34883,42422,38548,44347,42749,42182,37286,39458,42069,50582,36924,42294,48664,39617,40184,49317,35794,35664,41125,45399,42173,41328,39638,42423,34567,
212,43994,45172,39978,46197,40982,1666,871,40954,45140,37081,42554,41055,44235,38732,30387,35386,41436,38563,33758,41720,36143,43529,39166,33759,40281,43365,42446,40391,41694,36068,36207,31687,45536,37228,42009,39185,45449,38601,35029,34848,42714,37939,43518,42475,41502,36976,39260,42326,49432,36645,41812,47852,39194,39337,48996,35718,35304,40476,45116,42499,41181,39118,42148,34422,
213,43267,44671,39285,45875,39711,898,586,40833,45099,37036,41798,40733,43344,38755,29754,35107,41171,38394,33282,41766,35686,42909,38863,33341,39867,42353,42313,40350,41241,35643,35343,30982,45192,37402,41288,38903,44302,37602,34372,34863,42376,38041,43106,41638,40951,36138,38630,41172,49431,36330,40859,47627,38889,38459,48155,34966,35013,40030,44855,41645,40500,38411,41589,34252,
214,43049,44006,38826,45198,39284,616,537,39830,44522,36635,41751,40598,43057,37789,29493,34301,40155,37664,32921,40486,34995,42296,37922,32772,39442,42419,41750,39563,40485,34834,34566,30372,44672,36594,40837,38276,43376,36699,33490,34324,41424,37494,42872,41461,40240,34650,37882,41110,48146,35945,40899,47323,37766,38206,47016,34455,34418,39302,44428,40982,39782,38279,40916,33857,
215,42681,43613,38678,44174,38805,534,504,40055,43943,36013,41028,39758,41556,37081,28219,33593,39864,37424,32658,40127,34332,41519,37642,31921,38841,42216,41564,39639,39126,33779,33620,28437,44134,36522,40737,38077,41913,35638,32686,33795,41040,36773,42420,41025,39003,33532,37088,40803,47574,35693,40319,46618,37326,37204,46943,34078,34186,38845,44028,40597,39002,37109,40051,33397,
216,41902,43013,37811,43831,37218,493,482,39049,43089,35381,40552,39373,40317,36534,26637,32552,39312,36910,31678,39796,33815,40691,36032,30473,38120,41444,41369,38699,36746,32400,31829,25212,43754,35680,40024,37600,40671,33145,30875,33559,40735,36778,42194,40219,38189,29284,36574,40277,46765,34914,40452,46425,36564,36441,45457,33879,33699,38478,43023,40354,37843,36494,39272,32977,
217,41314,42640,37345,43156,34447,459,429,38614,42964,35289,40106,38772,35858,34645,22385,29500,38655,36785,31358,39478,33041,39046,33941,27631,37455,41125,40812,38468,31261,28629,25531,19076,42998,34821,39670,36786,38398,27509,27128,33377,39801,36021,40880,39609,35417,21509,35774,39741,45723,34697,39548,45711,35299,34834,43944,33027,33012,37753,42875,40168,35801,35110,37777,32762,
218,41084,41431,36686,42069,27917,362,330,38029,42223,34989,39687,38513,25993,30221,14646,23323,38425,35783,30984,38756,30791,36696,28107,21235,37037,40581,40329,37560,20719,20446,16679,11169,42186,34638,38881,36311,32564,17204,18619,32973,39221,35203,40523,39265,29285,11526,33484,39438,44717,33752,38956,45111,32240,31155,39795,32843,32546,36738,41611,39213,32102,32336,34381,31866,
219,40750,40994,35904,41306,18119,382,325,37559,41905,34074,39241,37583,14527,21846,7440,14326,36510,35363,30288,38299,26370,30390,19297,12629,35853,39915,39610,36807,10979,11764,8516,5264,41400,33580,38179,36321,22146,8526,10162,32135,38346,34778,40072,38508,19413,5568,29191,38920,42592,32911,38576,44362,26153,23763,32189,31780,32124,35814,41107,38721,24593,26836,27480,31389,
220,39439,40013,34764,39528,9851,325,243,36677,40905,33378,38230,36774,7253,13391,3585,7281,32484,34694,28108,37336,19448,21685,11201,6465,34090,39155,38749,36160,5544,5999,4355,2955,40341,32132,37437,35002,12480,4508,5117,31723,37237,32921,39135,37798,10725,3313,21626,38414,37909,31483,37718,43577,17804,14998,21690,30532,30978,33089,40665,38004,15513,18838,18972,30977,
221,39242,38122,32739,35053,4952,225,140,35554,40204,32322,37767,34919,4111,6359,2369,3469,24969,33477,24206,36597,10994,12077,5393,3311,29931,37768,38091,34373,3583,3434,2864,2240,38494,28672,36930,33696,5966,2920,3035,30653,35316,30704,37679,36529,5292,2764,12407,36976,28846,29283,36709,42109,9379,7412,11384,26440,29261,27533,39769,36910,7903,10098,9947,29373,
222,37752,33376,27249,25494,3333,141,83,31421,38762,28438,35890,31603,3386,3353,2013,2429,13391,32001,16229,34211,5055,5630,3162,2435,20387,34934,36889,29213,3075,2609,2494,2140,33327,21197,35363,31867,3623,2684,2569,28227,29982,23568,34638,33329,3295,2638,5551,33953,15743,21564,35227,38827,4575,3824,5291,18917,23599,17066,37850,34570,4064,4654,4760,26404,
223,35932,24958,18973,15244,3063,81,46,25113,37071,22427,33884,25087,3253,2858,2021,2364,6507,27543,8813,29812,2891,3584,2770,2229,11384,29855,34587,21373,2983,2501,2434,2131,25408,12476,31996,26754,3309,2594,2494,22760,21766,14906,28763,27505,2999,2638,3304,28418,7768,13470,31969,32809,2965,2968,3799,10813,15812,8813,32991,29347,3134,3060,3466,20266,
224,28558,10163,7050,5616,2913,58,51,10571,29207,10402,24575,11700,3106,2726,1962,2381,3214,15729,3268,16655,2427,3147,2595,2216,3907,15998,24789,9073,2871,2437,2350,2119,11223,4457,21561,14263,3155,2498,2392,10345,9323,5381,14244,14358,2986,2483,2648,14382,3886,4793,20599,16999,2613,2768,3444,3680,5497,3741,19877,16128,2890,2602,3070,8312,
225,18965,5281,3845,3796,2878,43,40,5540,20191,5142,15272,5853,3050,2724,1993,2287,2895,8208,2320,8577,2415,2995,2571,2245,2886,8335,15430,4530,2887,2433,2385,1994,5692,2972,12869,7433,3252,2451,2397,5164,4943,3134,7031,7344,2820,2451,2674,7546,3408,2973,11971,8639,2624,2706,3517,2666,3005,2849,10642,8544,2933,2630,3007,4216,
226,9033,3446,2722,3287,2866,49,47,3452,9588,2959,7215,3328,3038,2638,1991,2192,2751,3696,2212,3835,2254,2952,2511,2147,2697,4025,6843,3091,2848,2417,2246,1971,3530,2486,5642,3703,3049,2532,2263,3004,3142,2466,3648,3638,2845,2500,2501,4123,3346,2528,5265,4385,2578,2663,3248,2438,2318,2697,4800,4103,2860,2578,2875,2606,
227,4674,3215,2612,3232,2829,25,21,2951,4855,2485,3913,2981,3000,2746,1904,2205,2711,2725,2194,3042,2304,2948,2528,2187,2643,3216,3905,2757,2789,2291,2333,1899,3232,2427,3368,2812,3107,2405,2262,2544,2969,2527,3125,2979,2748,2464,2481,3052,3476,2441,3370,3545,2615,2611,3261,2321,2166,2807,3401,3153,2892,2503,2955,2271,
228,3146,2991,2644,3183,2758,26,25,2951,3305,2419,3002,2865,3005,2488,1807,2174,2697,2509,2129,2653,2221,2984,2406,2155,2668,2994,3136,2700,2755,2302,2213,1963,3077,2347,2935,2624,3028,2399,2290,2548,2889,2480,2951,2808,2731,2320,2507,2988,3204,2368,2886,3509,2546,2539,3227,2337,2174,2704,3186,2942,2720,2404,2924,2225,
229,2985,3051,2533,3063,2634,19,21,2879,3098,2333,2802,2801,2880,2434,1768,2140,2748,2589,2065,2769,2255,2911,2387,2064,2549,2902,2883,2687,2741,2240,2141,1727,3062,2335,2793,2621,2924,2390,2152,2417,2812,2416,2875,2683,2717,2207,2475,2965,3224,2402,2875,3360,2539,2603,3269,2325,2234,2770,3115,2900,2673,2459,2944,2198,
230,2814,3061,2488,3073,2692,22,17,2802,3095,2391,2739,2773,2859,2463,1823,2078,2582,2549,2152,2698,2158,2822,2358,1992,2488,2833,2895,2682,2536,2250,2121,1865,3040,2427,2658,2482,2982,2365,2173,2431,2733,2376,2860,2738,2570,2240,2367,2921,3186,2322,2727,3293,2426,2485,3057,2224,2132,2617,2990,2899,2591,2425,2806,2126,
231,2771,3003,2415,3077,2597,22,14,2678,3045,2235,2611,2677,2889,2400,1694,2023,2556,2480,2138,2668,2196,2713,2276,1936,2463,2858,2939,2689,2440,2137,2128,1737,2944,2299,2723,2500,2802,2156,2062,2326,2837,2371,2889,2629,2616,2151,2379,2712,3037,2199,2678,3289,2299,2401,3081,2194,2059,2620,2940,2820,2656,2332,2763,2106,
232,2711,2885,2457,2945,2456,9,8,2678,2995,2203,2667,2627,2749,2368,1685,1913,2483,2465,2009,2602,2134,2668,2239,1946,2412,2764,2776,2543,2433,2156,1923,1711,2861,2229,2696,2471,2805,2155,2097,2376,2701,2268,2838,2615,2598,2108,2335,2841,3042,2297,2673,3235,2381,2414,3040,2301,2102,2483,2960,2842,2643,2345,2712,2163,
233,2723,2800,2397,2929,2462,4,5,2654,2892,2255,2626,2619,2577,2248,1601,1897,2531,2446,1997,2623,2089,2555,2193,1904,2390,2666,2782,2468,2400,2151,1969,1623,2947,2241,2543,2456,2702,2002,1947,2250,2543,2219,2804,2560,2418,2071,2264,2872,2891,2219,2703,3159,2313,2394,2851,2193,2015,2499,2798,2722,2519,2176,2628,2021,
234,2710,2793,2256,2808,2439,4,3,2620,2875,2218,2635,2607,2478,2261,1549,1805,2474,2399,1901,2652,1972,2577,2124,1769,2429,2664,2697,2433,2237,2109,1807,1466,2827,2151,2540,2352,2535,1914,1903,2377,2569,2228,2749,2597,2381,1828,2225,2676,2909,2125,2669,3073,2255,2276,2936,2198,1891,2394,2913,2671,2373,2133,2582,2051,
235,2702,2813,2216,2748,2230,5,5,2589,2860,2286,2459,2518,2287,2147,1321,1728,2329,2284,2000,2505,1981,2479,1990,1662,2240,2742,2673,2405,2117,1847,1621,1214,2769,2233,2449,2367,2440,1624,1643,2279,2508,2103,2664,2486,2226,1489,2149,2627,2866,2158,2650,3031,2092,2250,2753,2073,1879,2315,2713,2702,2435,2110,2497,1981,
236,2529,2766,2188,2780,2086,1,1,2629,2760,2223,2432,2489,2088,2114,933,1530,2233,2343,1759,2409,1912,2460,1895,1465,2191,2590,2606,2405,1701,1596,1259,807,2643,2077,2458,2357,2304,1203,1399,2280,2561,2213,2538,2386,2076,1051,2125,2511,2731,2116,2553,2969,2143,2196,2592,2035,1841,2332,2802,2603,2266,2053,2469,1944,
237,2531,2658,2195,2607,1741,6,5,2339,2827,2011,2387,2514,1565,1832,616,1211,2142,2281,1739,2454,1810,2290,1544,1118,2187,2640,2636,2278,1168,1070,774,489,2634,2075,2366,2238,2017,835,952,2204,2356,2056,2641,2272,1804,597,1997,2521,2711,2040,2450,2945,1963,1901,2428,2077,1816,2240,2575,2480,2070,1903,2280,2024,
238,2474,2510,2050,2469,1259,2,2,2499,2709,2022,2316,2347,887,1505,301,759,1954,2163,1627,2377,1582,1925,1134,641,2051,2517,2462,2181,631,599,408,236,2581,1919,2337,2230,1451,362,489,2147,2301,2064,2650,2323,1203,336,1753,2567,2330,1932,2451,2814,1591,1483,1909,2013,1785,2059,2553,2545,1602,1568,1854,1913,
239,2424,2434,2056,2380,660,1,1,2444,2634,1915,2333,2294,487,927,167,347,1607,2104,1493,2296,1216,1546,629,368,1862,2487,2359,2113,361,341,260,195,2435,1882,2373,2054,812,263,268,2119,2305,1871,2414,2304,674,222,1416,2519,1954,1809,2417,2776,1166,1013,1276,1968,1590,1763,2581,2422,1055,1109,1367,1881,
240,2403,2262,1735,2044,342,2,1,2333,2504,1820,2290,2228,272,444,126,162,905,2036,1114,2148,702,906,333,193,1446,2268,2416,1990,251,223,196,146,2268,1577,2247,2020,394,211,207,1972,2000,1666,2348,2034,331,230,887,2451,1197,1502,2316,2675,699,486,691,1849,1455,1279,2437,2324,613,627,842,1833,
241,2367,2020,1515,1555,260,2,1,2237,2576,1560,2139,1939,237,328,161,160,497,1994,719,2047,386,481,221,204,1016,2131,2302,1770,272,194,185,155,1896,1199,2245,1871,272,218,204,2017,1748,1363,2218,2075,258,185,464,2376,745,1067,2152,2349,375,308,364,1747,1046,783,2222,2272,309,321,421,1732,
242,2116,1528,925,946,234,3,1,2157,2323,1228,2091,1491,267,202,150,170,276,1706,400,1668,229,281,202,168,503,1894,2180,1465,206,195,180,159,1357,620,2024,1570,281,176,185,1823,1262,850,1656,1594,225,191,280,2208,377,598,2181,1976,231,227,290,1342,584,383,1940,1912,280,200,293,1588,
243,1908,941,542,526,237,0,0,1925,2222,840,1732,1013,250,210,127,150,229,1353,241,1258,185,280,158,143,310,1618,1874,848,209,182,164,138,906,364,1660,1133,263,241,204,1716,776,461,1232,1196,209,190,226,2062,289,346,1716,1372,189,214,239,935,327,299,1361,1490,236,191,263,1298,
244,1507,499,308,303,216,0,0,1736,1922,355,1393,523,223,197,131,152,178,760,176,712,200,255,189,149,208,880,1377,465,215,189,166,155,439,200,1130,548,219,164,169,1375,404,266,625,672,223,184,227,1774,287,187,1232,713,181,219,239,576,186,220,799,790,226,219,242,978,
245,1026,280,231,281,200,1,1,1170,1493,242,977,307,239,187,120,164,194,400,161,421,169,228,189,175,222,524,929,268,186,174,171,139,277,180,691,359,225,195,167,940,293,203,378,336,198,193,186,1313,269,207,726,454,202,199,252,337,157,228,416,463,201,203,232,630,
246,507,271,188,260,239,2,1,694,941,173,467,235,214,216,144,139,197,214,140,273,127,231,153,167,176,294,492,211,215,201,161,139,276,158,353,237,248,178,174,535,222,181,273,240,213,206,182,818,230,183,410,294,215,200,222,210,122,198,267,281,191,165,226,342,
247,281,252,197,262,212,0,0,395,481,189,307,226,214,171,138,152,186,187,146,239,156,203,176,153,163,229,278,198,191,195,173,130,241,182,241,196,221,172,159,316,224,187,256,231,181,172,194,502,216,195,264,261,183,207,248,175,167,199,227,260,217,180,221,212,
248,232,237,172,242,205,0,0,255,289,182,233,228,241,183,136,142,174,179,150,195,138,254,163,143,177,218,259,193,199,147,118,125,213,181,178,177,229,169,150,233,219,187,251,187,226,165,174,314,225,174,242,258,161,201,236,175,132,199,215,238,209,139,220,170,
249,209,229,171,270,189,2,2,261,253,186,197,221,211,170,143,136,211,214,136,205,156,216,177,148,196,221,237,203,183,160,160,115,221,165,201,185,214,172,164,217,193,170,232,224,189,165,163,263,192,177,215,279,192,183,254,186,168,189,211,253,183,168,198,166,
250,208,241,196,223,203,0,0,230,232,157,200,220,181,170,98,107,177,173,128,245,160,195,172,165,179,202,256,192,195,141,145,122,227,159,177,205,214,144,148,200,200,177,232,199,177,151,165,219,209,159,196,262,176,161,239,178,133,191,245,208,222,186,256,162,
251,199,207,181,214,208,0,0,217,238,160,204,194,198,167,102,133,180,193,126,204,154,201,152,129,204,224,232,216,177,148,123,97,219,178,198,204,194,144,131,209,197,170,227,204,187,161,160,227,229,146,223,251,177,185,207,175,136,176,210,223,194,161,221,170,
252,189,228,183,207,176,1,1,206,237,168,189,202,202,147,91,125,170,192,171,196,153,205,173,117,178,185,235,189,182,142,157,112,204,174,177,182,203,149,139,178,200,163,226,177,174,132,164,223,221,141,209,250,148,162,205,173,137,162,234,234,178,150,211,148,
253,223,203,160,240,175,0,0,217,208,169,193,233,195,161,111,125,174,150,133,179,161,184,139,131,164,202,253,172,141,136,120,104,206,141,221,169,187,138,127,164,183,184,226,175,161,119,163,217,188,145,210,226,165,170,214,172,128,168,217,196,160,160,210,154,
254,204,206,159,203,159,0,0,229,213,173,203,176,162,136,71,117,181,184,136,186,140,170,147,124,147,183,199,179,129,113,90,77,198,165,186,168,195,124,116,185,202,155,209,198,167,92,161,226,209,158,188,235,140,159,184,162,132,169,196,213,166,175,228,152,
255,210,203,156,221,156,0,0,202,216,150,190,194,144,176,41,109,146,190,111,182,149,141,129,102,149,205,201,156,137,105,69,42,188,143,178,163,145,66,85,186,158,145,216,193,161,51,139,240,187,138,161,244,149,169,183,152,126,146,228,187,168,180,177,152,
256,205,189,157,201,86,0,0,203,229,138,188,185,74,130,16,47,136,174,110,176,117,151,100,51,158,173,170,175,64,50,31,21,190,139,194,177,133,25,26,188,172,136,194,172,117,27,145,204,178,152,189,233,144,116,154,142,122,165,183,208,133,118,178,162,
257,181,217,121,193,71,0,0,209,205,168,156,156,42,88,11,30,119,185,96,182,94,149,65,30,135,196,188,181,33,27,19,22,177,131,163,156,93,22,20,173,164,124,181,169,69,20,121,193,187,147,172,201,102,85,101,137,88,133,204,210,97,111,136,142,
258,186,214,148,192,42,0,0,155,231,116,166,142,17,50,14,19,100,168,77,147,82,115,27,23,142,168,171,166,27,24,14,13,196,127,148,167,49,16,25,163,165,132,189,182,29,25,92,219,123,112,221,216,68,48,64,148,101,102,203,181,56,70,96,141,
259,182,164,121,149,29,0,0,184,167,123,177,166,20,37,10,9,56,151,98,157,54,74,25,11,85,179,170,145,16,12,17,7,162,96,189,139,29,19,12,164,164,111,168,165,22,11,62,170,78,114,144,224,42,31,41,136,95,79,198,196,32,34,64,119,
260,171,162,105,116,19,0,0,162,195,133,163,165,28,21,13,8,24,151,48,160,24,40,15,17,50,153,167,147,17,17,15,13,121,71,181,136,20,11,15,145,125,96,153,123,26,9,27,204,47,82,167,179,27,17,35,138,61,52,171,160,23,25,47,122,
261,172,115,62,66,11,0,0,192,187,92,158,117,20,19,9,15,15,135,39,147,17,27,17,11,41,161,169,129,15,14,16,11,121,44,149,133,19,24,14,156,102,65,144,152,18,13,19,178,27,39,186,153,26,32,18,129,43,35,156,161,23,16,20,132,
262,156,73,40,57,17,0,0,161,181,64,151,74,17,14,6,13,22,89,18,78,17,25,18,15,19,131,167,76,13,16,14,15,58,27,132,76,19,20,15,164,57,52,97,105,17,17,20,170,15,22,139,153,16,15,26,91,22,23,118,145,29,17,23,113,
263,142,41,19,41,18,0,0,148,165,29,110,64,26,15,10,12,15,76,9,81,14,21,13,11,17,102,135,62,12,16,10,7,36,11,116,70,24,12,17,131,44,16,67,66,23,20,16,184,22,18,118,76,12,12,22,66,10,18,82,111,20,16,25,87,
264,94,37,14,24,18,0,0,137,156,24,90,36,24,10,7,9,15,53,13,41,13,13,11,11,16,60,94,30,18,11,6,16,29,24,88,39,20,22,13,105,26,17,32,35,18,17,18,141,20,23,86,31,12,15,16,48,14,19,51,70,16,17,19,76,
265,72,22,13,18,13,0,0,103,121,13,62,28,17,15,10,13,17,38,12,24,12,19,11,13,13,36,73,17,13,11,19,11,19,18,52,32,27,27,12,91,18,13,30,30,16,12,11,111,12,11,76,30,15,18,27,19,8,17,23,42,19,17,24,55,
266,34,22,15,30,14,0,0,75,76,15,52,17,26,11,7,13,13,21,10,19,14,23,22,6,14,19,42,14,26,11,15,13,33,18,25,22,27,15,8,61,20,14,25,24,15,16,16,84,30,14,35,28,20,17,22,23,15,12,19,21,15,15,18,32,
267,28,22,13,31,17,0,0,41,57,7,25,17,16,14,14,13,19,14,16,20,10,17,22,10,15,23,24,13,12,13,4,8,25,13,24,18,23,10,15,35,17,16,25,23,17,10,15,63,19,19,17,28,13,13,19,15,13,16,23,18,13,17,19,17,
268,21,25,12,15,20,0,0,30,25,11,17,13,18,15,9,11,17,14,12,17,14,11,12,8,10,18,21,9,15,17,7,10,20,18,14,14,16,9,12,24,11,15,18,19,17,11,13,41,14,8,29,20,22,14,8,14,10,17,27,24,15,11,16,8,
269,14,27,8,22,15,0,0,33,26,11,21,14,17,18,5,12,12,15,11,19,7,20,7,9,18,18,20,18,16,17,8,8,22,10,11,19,18,4,8,18,23,19,13,23,9,5,14,30,14,16,24,25,16,18,14,13,13,6,23,24,15,13,21,15,
270,14,13,14,12,12,0,0,19,22,11,11,15,17,14,8,6,9,15,14,22,11,19,11,9,10,22,16,17,13,16,10,7,21,20,16,25,17,5,6,18,20,12,16,18,20,8,14,26,17,15,29,24,10,12,18,8,13,16,24,25,18,10,16,8,
271,18,23,15,18,10,0,0,24,32,13,12,18,15,15,10,15,11,8,13,15,12,17,10,5,13,16,15,15,9,5,10,5,24,9,8,10,13,12,8,18,14,12,20,23,13,9,9,20,13,9,16,15,11,9,12,16,9,15,20,20,15,4,14,8,
272,7,19,16,15,12,0,0,13,14,7,10,17,11,12,6,8,18,20,13,11,13,15,8,12,12,15,15,13,9,12,8,8,17,11,13,11,13,7,8,13,12,13,21,21,9,9,15,21,21,14,9,19,17,11,11,11,11,13,21,20,11,15,15,12,
273,13,10,9,10,14,0,0,23,23,17,16,15,14,13,5,7,7,12,11,16,12,14,5,7,16,15,23,11,12,3,4,3,17,9,18,11,9,6,7,16,8,6,16,17,15,5,8,17,19,16,18,27,10,12,10,13,13,14,6,19,17,3,13,12,
274,19,18,9,21,11,0,0,19,11,12,8,17,11,11,0,5,8,15,10,12,8,13,10,8,12,22,18,10,5,1,4,0,16,10,11,9,13,5,3,17,9,16,11,6,11,2,13,16,22,11,13,14,8,14,17,20,10,10,15,18,13,10,18,19,
275,8,21,11,14,16,0,0,16,15,9,11,15,7,6,0,2,10,9,9,13,9,9,1,4,10,19,19,15,3,6,1,2,13,7,11,15,8,2,1,13,15,9,20,13,6,2,9,12,11,16,11,15,14,8,12,10,6,12,23,21,9,13,12,15,
276,23,15,3,23,8,0,0,19,21,13,9,17,5,5,2,2,7,18,5,14,3,11,4,2,12,18,9,15,3,0,0,0,15,9,21,6,10,1,3,12,14,5,15,18,2,3,8,30,6,9,14,19,12,4,8,13,8,5,13,12,6,12,10,15,
277,7,12,11,9,3,0,0,23,23,9,15,19,3,3,1,1,6,17,2,14,11,9,1,0,4,17,19,11,3,1,1,0,17,6,13,20,2,0,2,19,7,12,13,14,0,2,4,14,5,12,12,26,3,3,8,7,4,5,19,13,5,4,6,8,
278,13,16,5,9,5,0,0,16,23,11,20,20,2,1,2,0,3,9,5,12,7,7,3,4,4,6,12,16,0,2,0,3,15,6,15,12,4,1,0,12,13,10,13,15,0,2,3,19,3,6,15,14,3,3,2,10,1,2,16,14,4,3,4,9,
279,21,7,7,5,3,0,0,12,9,9,15,9,1,1,1,3,2,9,2,10,3,1,2,3,2,19,14,12,2,2,0,2,5,5,13,11,5,2,0,6,11,13,9,9,2,1,3,12,3,7,11,15,5,3,2,7,7,3,15,15,4,2,4,12,
280,18,15,5,10,2,0,0,14,8,3,3,10,0,2,0,0,3,11,0,12,1,5,4,2,3,14,14,4,4,1,1,2,6,2,13,11,2,1,2,15,3,4,9,7,0,2,2,17,1,2,20,9,2,2,2,11,1,1,8,12,0,1,0,6,
281,10,6,1,6,5,0,0,12,15,1,13,7,1,2,2,0,2,15,0,8,3,2,0,2,2,14,13,9,2,1,1,0,10,1,17,11,3,2,3,14,4,1,8,7,4,2,4,17,2,3,8,9,0,2,1,8,3,1,9,15,3,0,2,11,
282,9,3,3,3,1,0,0,13,14,1,12,3,4,1,1,4,4,5,1,3,2,2,1,0,0,13,14,7,1,2,1,2,2,2,8,3,3,1,0,13,1,1,7,4,1,1,2,18,2,0,8,6,1,2,3,8,1,1,4,10,1,1,2,12,
283,13,5,2,2,2,0,0,11,13,1,11,8,1,2,0,1,0,5,0,5,2,1,2,1,0,6,4,2,0,1,0,1,5,1,3,3,1,0,2,11,0,1,3,4,1,1,1,20,2,4,6,2,2,1,3,7,1,0,3,3,1,3,3,7,
284,8,4,0,1,4,0,0,10,8,5,10,2,0,2,2,2,4,1,2,1,1,3,0,3,2,4,12,0,0,1,0,2,2,1,1,2,3,2,2,8,2,0,4,2,1,0,1,7,4,1,5,1,0,1,3,8,1,1,0,3,1,2,2,5,
285,4,3,0,2,1,0,0,7,6,1,0,0,1,1,0,1,3,2,0,1,1,3,2,1,0,2,3,0,3,1,0,1,1,3,2,2,3,1,0,13,3,0,3,1,1,0,1,10,2,0,1,3,1,1,3,3,0,1,2,0,0,0,0,9,
286,3,1,0,2,0,0,0,7,4,1,3,1,5,0,1,2,2,1,0,2,0,1,0,0,3,6,1,1,3,2,0,0,1,0,0,1,2,1,3,6,0,0,2,3,1,2,3,4,1,1,2,0,0,1,1,0,3,0,6,1,2,1,3,3,
287,4,6,1,2,2,0,0,8,1,0,0,1,1,2,1,0,2,0,3,3,0,0,0,2,2,1,1,0,1,0,0,0,2,0,5,1,2,0,1,4,1,2,1,1,0,1,0,3,4,0,0,3,0,0,3,1,0,1,2,2,1,0,0,1,
288,1,2,1,3,1,0,0,3,3,0,2,1,0,1,0,0,2,1,1,0,1,1,0,1,1,2,0,3,2,0,2,1,0,2,1,2,0,0,0,4,0,0,1,4,1,1,2,6,2,1,2,2,1,2,4,2,2,1,3,3,0,3,1,1,
289,3,1,0,0,2,0,0,3,3,3,1,3,2,1,1,1,2,4,0,1,0,2,0,0,1,1,2,4,0,1,1,1,3,1,1,0,2,0,0,1,0,0,1,1,1,0,1,2,1,1,2,2,0,1,1,5,1,0,0,2,5,1,2,0,
290,1,3,3,1,1,0,0,2,1,2,6,1,1,0,0,1,1,2,3,2,0,1,0,0,1,1,0,1,0,3,1,0,0,1,0,3,1,0,0,2,0,1,5,1,1,0,2,1,3,2,3,0,2,0,1,3,1,1,1,0,1,1,4,3,
291,1,2,1,3,1,0,0,1,2,0,1,0,1,3,0,0,1,3,2,3,0,4,0,0,0,3,0,3,1,0,0,0,2,0,3,0,2,0,1,1,2,2,2,1,0,1,0,0,3,4,1,2,1,0,0,1,0,0,1,1,1,2,0,3,
292,3,0,1,2,0,0,0,2,3,2,1,3,1,0,0,0,0,2,1,1,1,0,2,0,1,2,1,2,1,1,1,0,1,1,2,1,1,0,0,0,1,1,2,1,1,0,1,0,1,0,1,2,1,1,1,0,1,0,0,1,0,2,1,1,
293,4,3,0,2,2,0,0,2,4,0,2,1,0,1,0,0,0,2,1,4,1,1,0,0,0,3,2,2,0,0,1,0,1,0,1,4,1,0,0,4,3,0,2,0,0,0,1,1,0,0,4,1,0,0,0,2,0,1,1,2,1,1,4,2,
294,0,3,0,0,0,0,0,1,4,1,2,1,0,0,0,0,0,0,0,2,0,1,0,1,1,2,1,0,0,1,0,0,1,1,1,2,1,1,0,2,0,0,4,0,1,0,1,3,0,2,4,3,1,2,1,2,0,0,2,1,0,0,1,2,
295,2,0,1,0,0,0,0,2,0,3,1,2,1,0,0,0,1,2,0,2,1,2,0,0,1,0,3,2,0,0,0,0,2,0,2,1,0,1,0,1,1,0,2,1,0,0,0,3,0,0,0,0,0,0,0,2,0,0,1,2,1,0,1,0,
296,0,1,1,0,0,0,0,1,0,1,1,2,1,0,0,0,0,5,0,0,0,0,1,0,0,1,2,2,0,0,0,0,0,0,0,2,0,1,0,2,1,0,1,1,0,0,0,3,0,1,2,0,0,0,0,2,0,0,2,1,1,0,0,0,
297,0,0,0,2,0,0,0,1,1,0,3,2,0,0,0,0,1,1,0,3,0,0,1,0,0,2,2,1,0,0,0,0,2,0,2,0,0,0,0,3,0,0,0,2,0,0,0,1,1,0,2,0,0,0,0,0,0,0,1,3,0,0,0,0,
298,1,0,0,0,0,0,0,0,0,0,1,1,0,0,0,1,0,0,0,0,0,0,0,0,0,0,1,0,0,0,0,0,0,0,1,0,0,1,0,2,1,0,1,1,0,0,0,0,0,1,0,1,0,0,0,0,0,0,2,0,0,0,0,1,
299,0,0,0,1,0,0,0,3,1,1,2,0,0,0,0,0,1,0,0,1,0,0,0,0,0,0,1,1,0,0,0,0,1,0,2,1,0,0,1,2,0,1,1,0,0,1,1,2,0,0,1,0,0,0,0,2,0,2,1,2,0,0,0,0,
